1.000000000000000072e-18
1.431053223773005889e-12
2.940591082701289710e-12
4.532176608369904412e-12
6.209530431098491596e-12
7.976537901059569349e-12
9.837256544278397819e-12
1.179592387003872326e-11
1.385696554707660874e-11
1.602500396685376452e-11
1.830486721315172193e-11
2.070159845824333673e-11
2.322046580695657513e-11
2.586697261106966122e-11
2.864686827766469944e-11
3.156615959631315285e-11
3.463112261129411996e-11
3.784831506643669794e-11
4.122458945165285451e-11
4.476710668178833724e-11
4.848335044005621352e-11
5.238114222006497621e-11
5.646865710228530957e-11
6.075444030274252170e-11
6.524742453377872533e-11
6.995694821889329560e-11
7.489277460597646232e-11
8.006511182567354409e-11
8.548463394418835149e-11
9.116250306255831492e-11
9.711039251730395117e-11
1.033405112404163805e-10
1.098656293398558995e-10
1.166991049651624244e-10
1.238549125263930130e-10
1.313476723384337787e-10
1.391926817667851603e-10
1.474059479552452104e-10
1.560042222204460100e-10
1.650050362030543172e-10
1.744267398705626655e-10
1.842885414720293972e-10
1.946105495509046540e-10
2.054138171281756857e-10
2.167203881745702839e-10
2.285533464974317639e-10
2.409368671751977113e-10
2.538962706801653909e-10
2.674580798384851818e-10
2.816500797850545319e-10
2.965013810803067259e-10
3.120424861657420659e-10
3.283053593455862803e-10
3.453235004930957343e-10
3.631320226919009181e-10
3.817677340354143559e-10
4.012692238207499278e-10
4.216769533878726699e-10
4.430333518699167919e-10
4.653829171367774649e-10
4.887723222313041450e-10
5.132505276157875877e-10
5.388688995659114159e-10
5.656813350702472861e-10
5.937443936154408895e-10
6.231174362609656692e-10
6.538627724324711968e-10
6.860458148896222531e-10
7.197352433530427158e-10
7.550031773054896350e-10
7.919253585150400742e-10
8.305813438629542572e-10
8.710547090959653109e-10
9.134332641625510620e-10
9.578092808351392503e-10
1.004279733365484211e-09
1.052946552968992864e-09
1.103916896985412526e-09
1.157303433618863794e-09
1.213224643219280511e-09
1.271805137130752237e-09
1.333175995200105316e-09
1.397475123111571801e-09
1.464847630791294366e-09
1.535446233208493869e-09
1.609431674989442498e-09
1.686973180356043472e-09
1.768248930003064869e-09
1.853446566638334131e-09
1.942763731027723820e-09
2.036408630513502453e-09
2.134600642110210957e-09
2.237570952428019582e-09
2.345563236830089906e-09
2.458834380398522743e-09
2.577655243464147063e-09
2.702311474649828393e-09
2.833104374585433018e-09
2.970351813677760170e-09
3.114389207560026916e-09
3.265570554105937302e-09
3.424269536173539231e-09
3.590880694545490936e-09
3.765820675858103040e-09
3.949529560661370824e-09
4.142472277130342836e-09
4.345140106355909603e-09
4.558052285582275322e-09
4.781757716233895077e-09
5.016836784086382183e-09
5.263903299490211698e-09
5.523606566153869409e-09
5.796633587640169245e-09
6.083711421428790305e-09
6.385609691154849085e-09
6.703143268452213101e-09
7.037175136717333897e-09
7.388619450069136066e-09
7.758444801822623225e-09
8.147677717920774731e-09
8.557406391994108260e-09
8.988784680044872704e-09
9.443036374193183103e-09
9.921459776489350804e-09
1.042543259549535766e-08
1.095641719018763743e-08
1.151596618774324250e-08
1.210572850395717794e-08
1.272745579742083112e-08
1.338300939117951784e-08
1.407436769841555266e-08
1.480363419177731743e-08
1.557304595933270213e-08
1.638498289379035877e-08
1.724197756562536081e-08
1.814672583511901393e-08
1.910209826309101693e-08
2.011115238532192438e-08
2.117714592137467475e-08
2.230355099476891796e-08
2.349406944831106753e-08
2.475264934587913170e-08
2.608350276018703694e-08
2.749112495507524317e-08
2.898031508077712489e-08
3.055619851149299751e-08
3.222425096655756611e-08
3.399032456963878845e-08
3.586067601487846650e-08
3.784199702481831484e-08
3.994144730251924019e-08
4.216669019964156626e-08
4.452593134361819728e-08
4.702796049064469146e-08
4.968219689726938351e-08
5.249873853219406481e-08
5.548841548177394083e-08
5.866284793802637628e-08
6.203450919708065629e-08
6.561679413939538334e-08
6.942409371123687001e-08
7.347187598039886143e-08
7.777677439861179550e-08
8.235668396924950719e-08
8.723086609259557618e-08
9.242006294303888052e-08
9.794662232411357273e-08
1.038346340495310975e-07
1.101100790125628155e-07
1.168009922338745042e-07
1.239376413209122253e-07
1.315527219321849913e-07
1.396815720195047622e-07
1.483624068230377007e-07
1.576365768208158692e-07
1.675488510894923950e-07
1.781477288205188647e-07
1.894857820599023919e-07
2.016200331054375384e-07
2.146123704085834764e-07
2.285300072956969730e-07
2.434459883529523072e-07
2.594397489198670719e-07
2.765977338183204996e-07
2.950140822193437645e-07
3.147913864326268161e-07
3.360415334099256570e-07
3.588866389022014074e-07
3.834600855233243357e-07
4.099076774763450581e-07
4.383889264216411611e-07
4.690784849449889943e-07
5.021677463592837738e-07
5.378666321947851225e-07
5.764055917571422692e-07
6.180378416276976805e-07
6.630418770272528809e-07
7.117242916580232869e-07
7.644229480921836134e-07
8.215105471247418287e-07
8.833986519147578497e-07
9.505422313957744837e-07
1.023444797576169382e-06
1.102664223252326213e-06
1.188819340659838681e-06
1.282597438098772546e-06
1.384762791083889382e-06
1.496166387693651910e-06
1.617757035258981905e-06
1.750594068247228900e-06
1.895861916267647852e-06
2.054886837919212450e-06
2.229156182412869115e-06
2.420340608629793416e-06
2.630319773145533900e-06
2.861212098038024867e-06
3.115409350126844554e-06
3.395616910867772419e-06
3.704900797048516904e-06
4.046742715105999172e-06
4.425104707077287118e-06
4.844505287753497816e-06
5.310109398452516117e-06
5.827835036276749339e-06
6.404480089296726154e-06
7.047873758000304712e-06
7.767058024859077670e-06
8.572506018143885592e-06
9.476385898846020642e-06
1.049288121041470751e-05
1.163858164720704859e-05
1.293296216332472253e-05
1.439897359871791702e-05
1.606377502154926208e-05
1.795964745280401525e-05
2.012514152457228181e-05
2.260652934226946005e-05
2.545965545660366740e-05
2.875231651367535807e-05
3.256734855525702615e-05
3.700667234789283271e-05
4.219665191473058647e-05
4.829527782573163596e-05
5.550192447144779498e-05
6.407079910555786302e-05
7.432978484781205221e-05
8.670732970874374119e-05
1.017716207869224761e-04
1.202890179836891226e-04
1.433136030622246440e-04
1.723287645736693984e-04
2.094793540467385594e-04
2.579690207170698608e-04
3.227758533987293678e-04
4.120231472374626417e-04
5.398104358815803382e-04
7.326351952136369574e-04
1.045798467632146891e-03
1.612234650715080493e-03
2.818280746607391626e-03
6.026229639691770175e-03
1.257988345717576083e-02
6.111577528102652736e-03
2.021992548615395967e-03
1.234938262435539757e-03
1.421673443473279617e-03
2.260088501141527088e-03
4.084155818465972851e-03
8.070291763467960997e-03
1.809908937676343865e-02
5.642848600709911289e-02
1.320868677508255928e-01
8.216813878887639644e-03
5.943434532733169254e-03
5.227551721341456605e-03
4.450022823859214015e-03
3.778507828076989317e-03
3.248948194633703886e-03
2.841094701927181481e-03
2.526996922418637669e-03
2.283278583054994607e-03
2.092486883258642179e-03
1.941997602544021182e-03
1.822718080869505618e-03
1.728059692987473283e-03
1.653202636900044523e-03
1.594586309379344676e-03
1.549558358323077515e-03
1.516132083690396740e-03
1.492817405000846460e-03
1.478502046208140424e-03
1.472367381153006326e-03
1.473828555618815440e-03
1.482491915662522645e-03
1.498125033744156882e-03
1.520636136977191214e-03
1.550060766177549813e-03
1.586554197418398905e-03
1.630388646234048238e-03
1.681954616117019427e-03
1.741765989366445477e-03
1.810468613600002379e-03
1.888852221463628578e-03
1.977865531742929728e-03
2.078634300381163296e-03
2.192481883972749197e-03
2.320951482668278526e-03
2.465828539792486954e-03
2.629160627808989868e-03
2.813270296127529276e-03
3.020753434812495190e-03
3.254451224802701412e-03
3.517377083310774429e-03
3.812570544320060314e-03
4.142837441505850017e-03
4.510320947874362288e-03
4.915834708358816918e-03
5.357887101603678141e-03
5.831354272749106685e-03
6.325851716257577945e-03
6.824049699286348011e-03
7.300493426462324568e-03
7.721848623747380909e-03
8.049642120222966213e-03
8.246088130624735363e-03
8.282220010056687981e-03
8.145746343052651106e-03
7.845175984097573635e-03
7.408026704609706366e-03
6.873859872955643928e-03
6.285323886722451320e-03
5.680643814979517009e-03
5.089390916519247708e-03
4.531474953427743618e-03
4.018255740923118956e-03
3.554560373184170643e-03
3.140763281982204488e-03
2.774516355802007089e-03
2.452017281407361735e-03
2.168858226072743495e-03
1.920550321287714350e-03
1.702820895549321837e-03
1.511762122615634921e-03
1.343888083595742855e-03
1.196138710816352846e-03
1.065855266883936059e-03
9.507424807822222740e-04
8.488262131134076795e-04
7.584115779543810359e-04
6.780440393562234009e-04
6.064745768163912762e-04
5.426292057428240209e-04
4.855827054373477785e-04
4.345361962514833953e-04
3.887981250089727237e-04
3.477682062022437377e-04
3.109238916528647202e-04
2.778089833455760216e-04
2.480240517385778952e-04
2.212183689462320676e-04
1.970831097625728881e-04
1.753456122732080817e-04
1.557645234884807485e-04
1.381256842286380051e-04
1.222386318482675456e-04
1.079336198368704947e-04
9.505907041499727771e-05
8.347939046578583514e-05
7.307309295129020240e-05
6.373117575457588131e-05
5.535571799826585098e-05
4.785866060246852160e-05
4.116074339836356405e-05
3.519057570761610117e-05
2.988382109811039058e-05
2.518248017107275764e-05
2.103425783775862958e-05
1.739200370013810191e-05
1.421321593773314792e-05
1.145960058669525285e-05
9.096679330820331779e-06
7.093439951665857156e-06
5.422024442642663665e-06
4.057450509933523957e-06
2.977362786052198374e-06
2.161810590126257754e-06
1.593049499309295269e-06
1.255364361837486969e-06
1.134911695461004137e-06
1.219579684599820596e-06
1.498864223255400851e-06
1.963759654777843185e-06
2.606663039268816741e-06
3.421290939042806528e-06
4.402607855803246647e-06
5.546765583079783061e-06
6.851052856618612319e-06
8.313854796069193337e-06
9.934621735434718800e-06
1.171384713910452257e-05
1.365305439647836603e-05
1.575479238271373624e-05
1.802263976743589160e-05
2.046121814876016723e-05
2.307621418813005898e-05
2.587441102377860099e-05
2.886372934863984068e-05
3.205327865400009495e-05
3.545341926495408825e-05
3.907583592989861948e-05
4.293362387620290659e-05
4.704138841049507723e-05
5.141535932770612758e-05
5.607352160160262511e-05
6.103576406501472283e-05
6.632404805493025796e-05
7.196259830149577595e-05
7.797811868693761543e-05
8.440003589783160094e-05
9.126077445051129268e-05
9.859606709469415596e-05
1.064453052063650518e-04
1.148519344813003399e-04
1.238639020515417690e-04
1.335341620876828066e-04
1.439212480423710189e-04
1.550899209614568276e-04
1.671119047697804518e-04
1.800667211654640365e-04
1.940426387730044176e-04
2.091377535624072714e-04
2.254612202991266938e-04
2.431346580181005588e-04
2.622937562975009482e-04
2.830901135406761575e-04
3.056933436707616643e-04
3.302934937325063803e-04
3.571038220301189412e-04
3.863639947804618628e-04
4.183437690210047564e-04
4.533472408962669589e-04
4.917177516873109423e-04
5.338435592883846934e-04
5.801644005122813096e-04
6.311790898332029923e-04
6.874543230999773233e-04
7.496348803955967021e-04
8.184554503857200888e-04
8.947543286378376384e-04
9.794892733884475681e-04
1.073755832104914725e-03
1.178808477639648909e-03
1.296084908575646441e-03
1.427233866456542122e-03
1.574146790865579631e-03
1.738993553929429328e-03
1.924262363022796437e-03
2.132803657809277491e-03
2.367877404886595174e-03
2.633202542402065822e-03
2.933006359974306160e-03
3.272070207174431443e-03
3.655765981866399006e-03
4.090075233079938470e-03
4.581579332609593200e-03
5.137405039336850887e-03
5.765105132807694932e-03
6.472449253922224303e-03
7.267096914246679897e-03
8.156124953555844367e-03
9.145388696013674601e-03
1.023871366360038990e-02
1.143694683823927825e-02
1.273694486133155994e-02
1.413063754915590275e-02
1.560436595491831654e-02
1.713873145675331652e-02
1.870917572117566235e-02
2.028741612408052619e-02
2.184368666031792292e-02
2.334951880863091883e-02
2.478061378397328207e-02
2.611928645141222902e-02
2.735604374797466487e-02
2.849007250941898786e-02
2.952867204472146845e-02
3.048588064170007148e-02
3.138065035370340289e-02
3.223491295731179679e-02
3.307178688251576765e-02
3.391405025916159610e-02
3.478288985571637015e-02
3.569685100498155156e-02
3.667086388811786196e-02
3.771520221010172397e-02
3.883423651820631234e-02
4.002487763059182219e-02
4.127467792761569526e-02
4.255969456671990225e-02
4.384245486653857299e-02
4.507073429598597303e-02
4.617835913675721882e-02
4.708976954461388531e-02
4.773030397996224500e-02
4.804346222082542944e-02
4.801381052024292218e-02
4.768851330328609944e-02
4.718062027367465883e-02
4.662472348400304584e-02
4.605683745313356170e-02
4.525791328377343214e-02
4.375703514563819563e-02
4.117063316621326352e-02
3.757622367963001087e-02
3.344260642752332202e-02
2.927437106201880371e-02
2.539796437934875584e-02
2.195576726550990329e-02
1.897451305419984094e-02
1.642497834385652986e-02
1.425700369622787470e-02
1.241663803604501660e-02
1.085347411547970750e-02
9.523216257859457023e-03
8.388102570325595489e-03
7.416443531902461306e-03
6.581858589130322110e-03
5.862467820797993487e-03
5.240144162762123622e-03
4.699862123015957627e-03
4.229147960622450450e-03
3.817623465995728139e-03
3.456631070492324157e-03
3.138927413739230066e-03
2.858433502936774760e-03
2.610031164928154103e-03
2.389397138066609496e-03
2.192867670435021555e-03
2.017327810065394720e-03
1.860120679979469479e-03
1.718972941840085774e-03
1.591933392442095767e-03
1.477322234605986211e-03
1.373689043776237829e-03
1.279777835987179610e-03
1.194497950497232230e-03
1.116899706625239198e-03
1.046153991555318075e-03
9.815350940646104441e-04
9.224062262152584032e-04
8.682072773566505220e-04
8.184444273203408818e-04
7.726813124362107979e-04
7.305314921094419305e-04
6.916520076777455490e-04
6.557378611080484599e-04
6.225172703749280159e-04
5.917475823530573761e-04
5.632117437617458616e-04
5.367152469292507016e-04
5.120834805465147811e-04
4.891594266755932641e-04
4.678016544880276325e-04
4.478825688725881745e-04
4.292868784455104204e-04
4.119102528434521538e-04
3.956581436619133240e-04
3.804447471685474830e-04
3.661920900934274490e-04
3.528292224765598316e-04
3.402915038190551045e-04
3.285199707058723893e-04
3.174607757009359249e-04
3.070646887059611972e-04
2.972866531609185932e-04
2.880853904787418875e-04
2.794230469762182690e-04
2.712648783093338017e-04
2.635789670632793257e-04
2.563359697005296767e-04
2.495088895480514950e-04
2.430728729178274511e-04
2.370050258129467627e-04
2.312842489823045038e-04
2.258910893573457782e-04
2.208076061398175937e-04
2.160172500151839457e-04
2.115047541461966083e-04
2.072560357587524679e-04
2.032581072705950194e-04
1.994989960351916281e-04
1.959676718805810540e-04
1.926539817179514385e-04
1.895485905789308335e-04
1.866429285154434803e-04
1.839291428628037745e-04
1.814000554265453161e-04
1.790491242073230288e-04
1.768704093268773576e-04
1.748585428623292658e-04
1.730087023365950178e-04
1.713165876501325188e-04
1.697784012740640662e-04
1.683908315575261580e-04
1.671510390333034849e-04
1.660566456359117960e-04
1.651057267757341843e-04
1.642968062420048806e-04
1.636288539368676957e-04
1.631012864728205317e-04
1.627139706971040623e-04
1.624672302395187631e-04
1.623618552153062867e-04
1.623991152527375038e-04
1.625807760566067863e-04
1.629091197647213963e-04
1.633869694055657597e-04
1.640177178226718256e-04
1.648053614959589454e-04
1.657545397638144540e-04
1.668705800335074237e-04
1.681595496634686584e-04
1.696283153111368834e-04
1.712846106668673967e-04
1.731371136405852700e-04
1.751955342366502309e-04
1.774707145473406150e-04
1.799747425205211785e-04
1.827210814168320175e-04
1.857247171708981202e-04
1.890023262144147108e-04
1.925724667111570923e-04
1.964557965986413277e-04
2.006753223301406997e-04
2.052566827620669234e-04
2.102284732269855592e-04
2.156226154525174305e-04
2.214747795939176747e-04
2.278248651774234163e-04
2.347175480906877536e-04
2.422029007213055750e-04
2.503370916356069246e-04
2.591831693286902991e-04
2.688119308026024599e-04
2.793028688420675092e-04
2.907451799695473711e-04
3.032387952220662016e-04
3.168953635048125483e-04
3.318390652297709717e-04
3.482070513405567062e-04
3.661491731849466562e-04
3.858264676975302560e-04
4.074075554059054956e-04
4.310616498912040557e-04
4.569462131749380549e-04
4.851863800143084047e-04
5.158421385563101685e-04
5.488581147079856729e-04
5.839903572703159223e-04
6.207064458302713039e-04
6.580629865827491466e-04
6.945839409363280129e-04
7.282013243033741293e-04
7.563783458113351212e-04
7.765935971454653551e-04
7.873581896136088235e-04
7.897636556917336228e-04
7.891866045441869437e-04
7.964445336245806056e-04
8.279064932431894541e-04
9.050504346267980015e-04
1.055193755749426207e-03
1.315944770691924223e-03
1.746987296426170478e-03
2.456995910592278242e-03
3.668251585512506512e-03
5.893515966130955831e-03
1.051225408920632154e-02
2.209168487301822054e-02
5.891654930405962332e-02
1.250450454128935462e-01
5.909649584203400391e-02
2.322865423018674255e-02
1.158638054609318832e-02
6.794091096574458866e-03
4.410275497192686286e-03
3.061309718368816594e-03
2.225424089278413807e-03
1.671703163615692687e-03
1.285704705736038329e-03
1.005614922033992286e-03
7.957361743686959272e-04
6.343393620435561989e-04
5.076453891753185269e-04
4.066507342943197841e-04
3.253688427247497170e-04
2.598211289285106405e-04
2.074488410524834054e-04
1.667767970639658179e-04
1.372406539966980043e-04
1.191332378712865508e-04
1.136521196914257452e-04
1.230501956574909779e-04
1.509100995744177794e-04
2.025883074409774536e-04
2.859154861429595226e-04
4.123144273103467169e-04
5.986446369607619769e-04
8.703901379138724538e-04
1.267479304882850044e-03
1.855578066299791266e-03
2.749521512930740846e-03
4.165678885721372030e-03
6.548854874959725118e-03
1.090327924579867318e-02
1.963761169443518917e-02
3.724787138634882977e-02
5.505237413849919242e-02
3.926285733922897647e-02
1.947477204212883645e-02
9.919925968829580373e-03
5.487807939827743335e-03
3.233972582963045780e-03
1.982870586454562288e-03
1.240399170758682687e-03
7.789489831751987082e-04
4.856562611684646759e-04
3.035035403755948543e-04
2.093663657416438672e-04
2.146782647036891642e-04
4.061085668153531936e-04
1.152011713425703373e-03
4.036056419707322387e-03
7.431726465370222003e-03
3.621051951534136337e-03
1.746173415378215934e-03
1.012518898746123108e-03
6.619380073112925665e-04
4.665545336917268715e-04
3.456580764150714172e-04
2.652073661104669723e-04
2.087884833308682015e-04
1.676438517412618919e-04
1.367219196445084079e-04
1.129245233978678304e-04
9.425581738678287687e-05
7.937758978253945242e-05
6.736244309858234458e-05
5.754969334473062877e-05
4.945755781558252716e-05
4.272764629444000253e-05
3.708874422234909279e-05
3.233252360046620194e-05
2.829685601877695832e-05
2.485410252334962187e-05
2.190274004844920948e-05
1.936127267578105639e-05
1.716373750053845097e-05
1.525634255942726190e-05
1.359492093211135621e-05
1.214298155076852212e-05
1.087020184297942952e-05
9.751251344600569046e-06
8.764865880923496767e-06
7.893113303022157058e-06
7.120806984353859449e-06
6.435034243703443106e-06
5.824774845195611067e-06
5.280590603934016245e-06
4.794371495156270630e-06
4.359126942423558841e-06
3.968813439978983060e-06
3.618191555239185486e-06
3.302706809980091001e-06
3.018390062502721602e-06
2.761773888098461342e-06
2.529822140716969091e-06
2.319870419031485450e-06
2.129575588231350398e-06
1.956872849897880266e-06
1.799939125307926399e-06
1.657161737052776292e-06
1.527111551212410488e-06
1.408519886200837943e-06
1.300258611586510350e-06
1.201322956013757392e-06
1.110816621988158233e-06
1.027938870051843825e-06
9.519732883914322781e-07
8.822780082863933373e-07
8.182771627002716986e-07
7.594534160886166843e-07
7.053414192369847315e-07
6.555220645317812660e-07
6.096174352226765858e-07
5.672863575441262490e-07
5.282204775024768164e-07
4.921407950977724674e-07
4.587945980591117798e-07
4.279527450953337390e-07
3.994072554211657946e-07
3.729691670949096511e-07
3.484666316508082402e-07
3.257432167544559221e-07
3.046563922592838437e-07
2.850761781860954298e-07
2.668839358603069580e-07
2.499712857864798956e-07
2.342391378702516602e-07
2.195968213586232051e-07
2.059613033994492114e-07
1.932564864518843048e-07
1.814125759393245767e-07
1.703655105485728689e-07
1.600564484633731833e-07
1.504313035946885903e-07
1.414403265483944808e-07
1.330377256665080560e-07
1.251813240011234553e-07
1.178322485405243399e-07
1.109546484124253285e-07
1.045154391468609919e-07
9.848407039711237823e-08
9.283231479621391639e-08
8.753407587371779607e-08
8.256521317639229870e-08
7.790338293074521559e-08
7.352789275778589022e-08
6.941956910377086051e-08
6.556063618712338568e-08
6.193460538329442744e-08
5.852617407767249773e-08
5.532113311341832266e-08
5.230628204748664817e-08
4.946935150537853581e-08
4.679893199433197237e-08
4.428440859659405661e-08
4.191590101998487663e-08
3.968420853279261766e-08
3.758075935481232442e-08
3.559756411659002755e-08
3.372717303511915769e-08
3.196263648684694616e-08
3.029746868820397310e-08
2.872561422035666147e-08
2.724141715878610932e-08
2.583959258986917586e-08
2.451520031615546021e-08
2.326362056966713860e-08
2.208053156851743697e-08
2.096188876661108320e-08
1.990390565928456764e-08
1.890303601964494942e-08
1.795595745114325223e-08
1.705955615171919749e-08
1.621091279375971376e-08
1.540728943220247198e-08
1.464611736048761729e-08
1.392498584076362376e-08
1.324163164086073082e-08
1.259392931611943315e-08
1.197988217923329413e-08
1.139761390590659390e-08
1.084536072835556082e-08
1.032146417254980886e-08
9.824364298626654676e-09
9.352593407141145054e-09
8.904770176776418451e-09
8.479594201845764379e-09
8.075840900399440118e-09
7.692356766026325648e-09
7.328054938522481536e-09
6.981911070516714443e-09
6.652959468896996080e-09
6.340289491495747517e-09
6.043042180976449947e-09
5.760407119223449000e-09
5.491619486793728943e-09
5.235957313140607908e-09
4.992738904381340711e-09
4.761320436359865311e-09
4.541093701654592858e-09
4.331484000014066673e-09
4.131948162467467419e-09
3.941972700064092661e-09
3.761072068848869856e-09
3.588787043281776648e-09
3.424683190866760946e-09
3.268349441268926675e-09
3.119396743674216916e-09
2.977456806585973974e-09
2.842180914658486329e-09
2.713238817545061270e-09
2.590317686086207394e-09
2.473121131486254245e-09
2.361368283426734937e-09
2.254792923341071423e-09
2.153142669333514911e-09
2.056178209463000462e-09
1.963672580334301755e-09
1.875410488144778385e-09
1.791187669525180396e-09
1.710810289691160805e-09
1.634094375586059158e-09
1.560865281849553798e-09
1.490957187588754951e-09
1.424212622060737146e-09
1.360482017499437912e-09
1.299623287433851730e-09
1.241501428952026751e-09
1.185988147464515632e-09
1.132961502613724521e-09
1.082305574062384152e-09
1.033910145974437295e-09
9.876704090773717701e-10
9.434866792647058281e-10
9.012641317629563303e-10
8.609125499485798309e-10
8.223460879571531036e-10
7.854830462805903383e-10
7.502456595977949780e-10
7.165598961305957371e-10
6.843552678605078138e-10
6.535646509822098712e-10
6.241241160078670920e-10
5.959727669718817132e-10
5.690525892188766726e-10
5.433083052890481899e-10
5.186872384439367869e-10
4.951391834031918276e-10
4.726162838883657910e-10
4.510729165937288689e-10
4.304655812266993572e-10
4.107527962813427784e-10
3.918950002283216700e-10
3.738544578231121645e-10
3.565951712516412921e-10
3.400827958489468570e-10
3.242845601415889571e-10
3.091691899790587738e-10
2.947068365328472795e-10
2.808690079544956356e-10
2.676285044959523696e-10
2.549593569066100952e-10
2.428367679320464474e-10
2.312370567492971388e-10
2.201376061827910208e-10
2.095168125538886027e-10
1.993540380250851373e-10
1.896295653077824253e-10
1.803245546097618069e-10
1.714210027053323696e-10
1.629017040176631777e-10
1.547502136087867027e-10
1.469508119785806984e-10
1.394884715793725302e-10
1.323488249579026080e-10
1.255181344412265062e-10
1.189832632875637457e-10
1.127316482274546895e-10
1.067512733245429670e-10
1.010306450891034850e-10
9.555876878103911162e-11
9.032512584239557564e-11
8.531965240267631908e-11
8.053271880321360748e-11
7.595511008968952316e-11
7.157800742461330840e-11
6.739297037404508377e-11
6.339192002529010085e-11
5.956712289452234293e-11
5.591117558543036780e-11
5.241699016202235376e-11
4.907778020059565873e-11
4.588704748771835287e-11
4.283856933275098416e-11
3.992638646505604853e-11
3.714479148758163173e-11
3.448831785992635332e-11
3.195172938538530838e-11
2.953001017775109670e-11
2.721835508487418941e-11
2.501216054715466453e-11
2.290701587021905632e-11
2.089869489209396894e-11
1.898314802615526357e-11
1.715649466208127940e-11
1.541501590791128658e-11
1.375514765715060629e-11
1.217347396566559122e-11
1.066672072385139189e-11
9.231749610283571059e-12
7.865552313730992038e-12
6.565245011052667450e-12
5.328063089115891251e-12
4.151356099439203012e-12
3.032582934824985613e-12
1.969307217757339671e-12
9.591928908371526701e-13
1.000000000000000072e-18
1.240669749462747391e-02
1.266956778090771660e-02
8.618106610431230247e-03
1.270001449891635693e-02
7.582414159590182209e-03
5.598160791569479697e-03
1.178217415537478018e-02
1.139161073917104201e-02
9.080252556980323436e-03
1.228782454480041066e-02
8.116436705478839719e-03
1.152074898333775750e-02
8.329348540050195843e-03
1.097754439296662506e-02
1.083927340097056054e-02
7.021139041796912311e-03
1.079657528607005923e-02
4.808521215684233123e-03
1.220944202367845940e-02
1.271301943255860774e-02
8.503747790016244132e-03
1.255534829438783272e-02
8.852880210147283727e-03
1.268235494248452083e-02
1.210813375127527125e-02
5.823714748973223519e-03
5.205844553877576018e-03
7.060376377443089088e-03
1.056970892210056315e-02
1.230533873753483082e-02
1.270134977316823843e-02
1.127171754050113398e-02
5.322568307155965336e-03
1.101434944097127999e-02
1.162129527873691746e-02
1.267712379063892260e-02
1.159080868647576965e-02
4.947913805118726860e-03
1.093609182318117101e-02
1.162904172106803830e-02
7.570407960171892867e-03
3.191766968374385414e-03
7.218209637657854207e-03
7.332816178105948206e-03
6.312302167397329175e-03
3.116782510777154312e-03
7.389590941119952502e-03
3.141772819262725509e-03
7.224277768153276533e-03
3.043804640335603332e-03
7.370629051369103485e-03
7.271162458948193970e-03
7.290049780935570385e-03
5.350037813219370511e-03
5.373007174045639836e-03
2.885802118690898067e-03
6.561047427032279736e-03
6.722023320647392899e-03
7.559099488739964845e-03
6.564471806276169635e-03
3.970385360043112398e-03
3.525587930184428780e-03
6.966437819715454172e-03
4.229404288955562578e-03
3.893753669359767498e-03
5.233363842369907759e-03
2.661296588106443380e-03
7.326551489415709939e-03
6.232585842132935122e-03
6.625252787439001034e-03
5.360850336453857300e-03
7.551346866829070775e-03
6.625307640954262306e-03
3.135360026165580349e-03
7.071301396391956040e-03
3.352795948990567546e-03
6.821850479827563062e-03
7.580888159979973749e-03
2.791853253982683365e-03
5.394661362164483547e-03
1.734403305143829843e-01
2.141223967722139521e-01
4.279862740026219026e-02
7.668091752290685792e-02
7.107782772770541990e-02
2.212472250778573651e-02
2.058249024902795155e-01
4.058580353722185396e-02
8.835003338097729975e-02
2.128690936830129887e-01
1.957027832486777086e-01
1.884303208351162939e-01
1.031597201152935628e-01
2.747404390932111154e-02
1.796840447344276795e-02
2.065582238233973911e-01
5.438218208854921770e-02
2.144117072693365045e-01
2.114963302513942767e-01
2.059365857396158739e-02
1.237820044997953034e-01
8.583758026703020017e-02
7.465321892290277539e-02
2.137986890509560589e-01
1.415990826485847287e-01
7.785684700315860518e-02
7.731841793677556030e-02
2.131370416268672796e-02
6.869080907714367190e-02
4.047363921816197335e-02
1.275994975450474994e-02
5.654819423283541369e-02
8.906022716550421325e-02
1.364401283082631311e-01
1.367925205098120822e-01
1.385468704738970422e-02
1.551201154444277128e-02
2.633646438387175076e-02
8.327903589328081169e-02
2.134478665951880239e-01
3.668266299402764968e-02
5.485073713199901946e-02
5.449724633786281330e-02
5.450051118786440607e-02
5.424995761850660847e-02
2.982554125061277067e-02
3.789041793789671431e-02
3.088708477628946195e-02
3.775254312817852287e-02
5.462459460582985704e-02
5.457978316155776694e-02
3.848914168720869722e-02
5.447632454575706412e-02
5.510353960020569764e-02
5.477799250839569117e-02
5.381673926231029387e-02
3.316385332888709819e-02
5.222459044109463433e-02
5.387238512648856448e-02
4.479272794032668203e-02
3.640251758275036414e-02
4.432101885050389323e-02
5.505606654197185007e-02
5.338201188174759859e-02
4.287803807436278702e-02
5.480059401048299056e-02
4.049560689849154155e-02
3.764414374958868076e-02
3.161618479356020917e-02
5.442040301394811957e-02
4.111611938027626145e-02
3.941010632530812796e-02
5.498993626779892507e-02
5.507465233001631461e-02
3.153097954966598004e-02
5.510488643743177012e-02
5.505874996279034456e-02
3.748685379361241243e-02
4.557162274830937193e-02
3.605837879539289248e-02
4.541086713736607744e-03
4.347240922666086374e-03
4.833867889952181765e-03
4.424681927809555500e-03
4.585250678375855406e-03
4.294117458453979713e-03
4.786612048224041932e-03
4.394570434103979746e-03
4.363659605547015943e-03
4.612677439112323682e-03
4.254078806008693495e-03
4.710298433455731293e-03
4.433617843910295751e-03
4.473447357500831209e-03
4.321006827073018211e-03
4.249524259586268463e-03
4.862446918118045434e-03
4.363392618895888322e-03
4.446019674871675743e-03
4.427654815406311534e-03
4.637768394561743966e-03
4.405495036060752198e-03
4.471550301730498576e-03
4.747264327332298590e-03
4.387872818449250339e-03
4.501731583984332381e-03
4.740338715155026535e-03
4.700476873919600188e-03
4.303457985059389208e-03
4.844585172283313694e-03
4.559222868047424666e-03
4.375487864882688857e-03
4.662876767198617829e-03
4.288016061317557331e-03
4.731058726181012683e-03
4.488820903655770141e-03
4.391745799667679147e-03
4.618162749594803204e-03
4.291689214499666734e-03
4.410897912663679435e-03
1.130846447597007864e-01
1.244905321705863793e-01
1.132517305808220243e-01
1.131567743599530967e-01
1.138876067068236991e-01
7.006832552020211824e-02
9.834204371283758461e-02
9.832410167995808692e-02
1.235301995691306665e-01
1.210324074182090315e-01
1.181596688542020657e-01
1.107477341892611211e-01
5.607108936289557921e-02
1.225964562475538172e-01
1.247003402068823374e-01
1.118129933199156767e-01
1.001925298230987027e-01
1.171265950220327090e-01
1.249870286656522556e-01
7.713866977178995832e-02
1.138182867052003611e-01
1.041198802597629591e-01
7.083040893054561027e-02
1.211555690579556588e-01
5.263223064926732947e-02
8.704113838392368852e-02
1.250463435156870806e-01
5.254130820551253245e-02
6.258932349499876646e-02
1.001621746945572933e-01
8.517469497794670497e-02
5.726988329042398407e-02
1.237957707682974390e-01
1.129452722036378975e-01
7.784993177801673159e-02
1.036882256107432287e-01
5.852322036515286707e-02
1.237507020734048974e-01
1.071021466864649496e-01
1.035778910018874538e-01
7.637093350720240356e-03
7.635020303882775888e-03
7.091127267564479274e-03
7.172283455063060802e-03
6.949696875761562226e-03
7.200726876858779338e-03
6.873085790401634899e-03
7.496749962556013662e-03
6.962217891668543400e-03
7.217169825086105182e-03
7.635448359303430299e-03
7.509940288515804668e-03
6.992601970284976695e-03
7.057574408303417604e-03
7.452361199828961766e-03
7.442510496283080007e-03
7.014682198065602496e-03
6.927782313125028894e-03
7.172784970127008865e-03
7.400250418361033027e-03
7.316059062653160194e-03
7.396521868330363861e-03
6.849485242371546219e-03
7.064668149147375516e-03
7.120567661408588010e-03
7.081297970580819993e-03
6.876687826966415736e-03
7.605540879211183936e-03
7.264674919612262687e-03
7.314281161761971607e-03
7.617528743953787609e-03
7.620978585358898112e-03
7.617286149018635995e-03
7.536323134891326561e-03
7.599868059729127968e-03
6.848145023524204213e-03
7.290536687038078577e-03
7.073269368342888393e-03
6.842683790453511251e-03
7.102750226107013010e-03
7.865103503928153788e-04
7.697186575854827757e-04
7.871145215651497926e-04
7.801321884503614398e-04
7.828996391802227339e-04
7.741491924540945622e-04
7.798617847638349360e-04
7.874693805896577220e-04
7.770299380531179743e-04
7.826648353506007304e-04
7.869369353494523123e-04
7.836349892658056246e-04
7.722644438086325759e-04
7.815586357645883412e-04
7.797263606795651076e-04
7.817051015030947181e-04
7.853888741937958395e-04
7.693306858762329059e-04
7.840723498258642642e-04
7.723877331726610677e-04
7.834877183532683916e-04
7.865476523114756308e-04
7.875905369633321015e-04
7.863332141970890560e-04
7.878235634595583039e-04
7.734789650659854281e-04
7.877216073231703940e-04
7.857892662267126124e-04
7.880771760496174672e-04
7.694103279032238818e-04
7.847242973719572353e-04
7.786033868613969743e-04
7.747344998824974962e-04
7.874214452278491174e-04
7.878025400697054184e-04
7.741690609879591563e-04
7.779288303212516381e-04
7.827177790764923860e-04
7.737098138477088716e-04
7.759397352877291532e-04
2.489578760565866813e-02
2.478983598174673911e-02
2.355594125576163100e-02
2.493030957157569769e-02
2.501090849820231804e-02
2.501377496505443818e-02
2.364879336083294120e-02
2.325575961622054072e-02
2.432228203646028680e-02
2.425910483157994735e-02
2.502557467653283504e-02
2.501339866794597896e-02
2.341290403554675478e-02
2.531667024546397499e-02
2.497565023526098979e-02
2.400700863995316320e-02
2.554423783530245656e-02
2.426062245811597823e-02
2.476501301524119958e-02
2.538576092695507894e-02
2.389384237436913486e-02
2.375366716689624250e-02
2.395433339331108982e-02
2.377700340257823952e-02
2.443432595661353818e-02
2.529243670023787263e-02
2.392162558531660266e-02
2.428777120127029870e-02
2.481158579312114573e-02
2.338156591242785895e-02
2.556290254642941753e-02
2.491643058599498153e-02
2.373732788518669728e-02
2.354513553053293531e-02
2.365284085733272007e-02
2.517542800789827548e-02
2.485388647023690709e-02
2.472406300852478256e-02
2.552278506586750512e-02
2.412888084867536448e-02
4.074830972420199343e-02
4.373914562931493361e-02
4.184251246103766475e-02
4.229812200914306181e-02
4.264904486330875488e-02
4.022482156139745024e-02
4.356819369593969288e-02
4.256449356075929502e-02
4.151316344687999010e-02
4.202363786095643372e-02
4.117391183097473401e-02
4.224113167461777257e-02
4.191046210964371327e-02
4.366493067157081742e-02
4.293447932119744126e-02
4.141109146997189183e-02
4.163916789671735091e-02
4.315441719203081533e-02
4.083063452974596691e-02
4.202627822696433646e-02
4.243212577173434419e-02
4.372089108191793555e-02
4.164528701289026830e-02
4.207017925347743270e-02
4.271180536336518369e-02
4.076361957523862850e-02
4.073849271743680556e-02
4.328153493999466889e-02
4.032023191089725844e-02
4.251115414363355882e-02
4.408087004248898572e-02
4.247362681009507479e-02
4.194534091578213525e-02
4.431951318731867928e-02
4.062970143798249473e-02
4.331645988089594113e-02
4.027459517566286951e-02
4.233027556676845909e-02
4.324397528204700081e-02
4.049176950722090801e-02
4.570513231962793771e-02
4.521848503750355158e-02
4.504732617987605020e-02
4.541680265570573888e-02
4.592223338615415706e-02
4.551375398390331006e-02
4.609952521147454158e-02
4.609713693050498245e-02
4.549316867370051948e-02
4.525909796375213179e-02
4.586343765500026926e-02
4.671187554459182989e-02
4.615155716983662670e-02
4.559354767422190563e-02
4.625007451963219357e-02
4.607578123482127669e-02
4.574483552371150230e-02
4.583102662186927523e-02
4.616441309870710635e-02
4.657997378313590009e-02
4.546952479786298823e-02
4.585064732545485189e-02
4.648342826129431282e-02
4.643313114665168634e-02
4.668300136977067416e-02
4.626304985804960412e-02
4.658574927343567262e-02
4.607015981737636046e-02
4.668342673190706282e-02
4.613425737918156605e-02
4.541684014339459480e-02
4.535208265017390966e-02
4.611672864706906766e-02
4.505039833950798267e-02
4.531773955969223278e-02
4.592166922319872169e-02
4.524277104451142340e-02
4.654502347794380046e-02
4.642323077463857833e-02
4.668681185826835389e-02
1.150351924431163020e-02
6.301846491593900840e-03
1.690007577243735071e-01
4.806686634828183369e-02
4.533040241192547171e-03
1.147389514504301017e-01
7.292078437398821604e-03
7.818619484303917459e-04
2.442375231083131898e-02
4.269186304827726763e-02
1.000000000000000072e-18
