1.000000000000000072e-18
4.464729891817201056e-13
9.188070299543995904e-13
1.418247718392765852e-12
1.946099369335066904e-12
2.503727856926281593e-12
3.092563598817074330e-12
3.714104691675729685e-12
4.369920206101636535e-12
5.061653649487841543e-12
5.791026605862788670e-12
6.559842562258305248e-12
7.369990931693553505e-12
8.223451283443688028e-12
9.122297791875821336e-12
1.006870391578346591e-11
1.106494732084364895e-11
1.211341505855110667e-11
1.321660901576304253e-11
1.437715164981402343e-11
1.559779202503598627e-11
1.688141216745248996e-11
1.823103375540409884e-11
1.964982516491425276e-11
2.114110888972437261e-11
2.270836935711203320e-11
2.435526116187509214e-11
2.608561774220487204e-11
2.790346052260229929e-11
2.981300855051644341e-11
3.181868865499731840e-11
3.392514615738757963e-11
3.613725616590730846e-11
3.846013548794443021e-11
4.089915519594608398e-11
4.345995388502598260e-11
4.614845166276698332e-11
4.897086491422459687e-11
5.193372188782133104e-11
5.504387915069399467e-11
5.830853896511583557e-11
6.173526764087838050e-11
6.533201492201042834e-11
6.910713446992544925e-11
7.306940550907070304e-11
7.722805570539308829e-11
8.159278535247504705e-11
8.617379294504571015e-11
9.098180222475346261e-11
9.602809078863240569e-11
1.013245203566272409e-10
1.068835688008817507e-10
1.127183640462965220e-10
1.188427199591269573e-10
1.252711743481807828e-10
1.320190292115176066e-10
1.391023933704951220e-10
1.465382276425766824e-10
1.543443927146060963e-10
1.625396998892566426e-10
1.711439648891908829e-10
1.801780649161558416e-10
1.896639991758450102e-10
1.996249530940047218e-10
2.100853664649509542e-10
2.210710057905571108e-10
2.326090410859264565e-10
2.447281274474529632e-10
2.574584916999969890e-10
2.708320244624665625e-10
2.848823779954036341e-10
2.996450702203819094e-10
3.151575953291801581e-10
3.314595414311208210e-10
3.485927157196983456e-10
3.666012776749335099e-10
3.855318808560303056e-10
4.054338238799711299e-10
4.263592112261540796e-10
4.483631245550488510e-10
4.715038052806860272e-10
4.958428491927843166e-10
5.214454139848261943e-10
5.483804406099182314e-10
5.767208894571295161e-10
6.065439924177090816e-10
6.379315219937145913e-10
6.709700786916233562e-10
7.057513980410951713e-10
7.423726786849758051e-10
7.809369331014253715e-10
8.215533626438399441e-10
8.643377587195501420e-10
9.094129320755217737e-10
9.569091723191652301e-10
1.006964739976303164e-09
1.059726393577711728e-09
1.115349954471557926e-09
1.174000912283666586e-09
1.235855074192019275e-09
1.301099261448554136e-09
1.369932056872382457e-09
1.442564607355857503e-09
1.519221485771918072e-09
1.600141617049908319e-09
1.685579273601309819e-09
1.775805145730162744e-09
1.871107493158699546e-09
1.971793384342237925e-09
2.078190030842508027e-09
2.190646224681378832e-09
2.309533887313313384e-09
2.435249739640965069e-09
2.568217103362464741e-09
2.708887844888492699e-09
2.857744474111723701e-09
3.015302411461530021e-09
3.182112437943105803e-09
3.358763344256738930e-09
3.545884796633062275e-09
3.744150438720175027e-09
3.954281250736993630e-09
4.177049189183094702e-09
4.413281132693020646e-09
4.663863162166157387e-09
4.929745206121792467e-09
5.211946085354844985e-09
5.511558994436229378e-09
5.829757461456748805e-09
6.167801831696046398e-09
6.527046325667446849e-09
6.908946727298279974e-09
7.315068763924192707e-09
7.747097246382330770e-09
8.206846044861679796e-09
8.696268984417925953e-09
9.217471753286166637e-09
9.772724927462069650e-09
1.036447822661293273e-08
1.099537612938999448e-08
1.166827499083458468e-08
1.238626182101678161e-08
1.315267490256861019e-08
1.397112644565963074e-08
1.484552750253742218e-08
1.578011539040468181e-08
1.677948390155688424e-08
1.784861661387132927e-08
1.899292365350405591e-08
2.021828230568546558e-08
2.153108191960833032e-08
2.293827361047171731e-08
2.444742532685921827e-08
2.606678292602592080e-08
2.780533798479808633e-08
2.967290317136191134e-08
3.168019611521940306e-08
3.383893284137800405e-08
3.616193198318308858e-08
3.866323115936004188e-08
4.135821709868874027e-08
4.426377132485892814e-08
4.739843347992431614e-08
5.078258467387721652e-08
5.443865360797998083e-08
5.839134863992872798e-08
6.266791945086040419e-08
6.729845255111631928e-08
7.231620553983694038e-08
7.775798583254583741e-08
8.366458051490682897e-08
9.008124509895846196e-08
9.705826028611475754e-08
1.046515674229158948e-07
1.129234952249918895e-07
1.219435926087516990e-07
1.317895851920123314e-07
1.425484763075290426e-07
1.543178173468122574e-07
1.672071770787486562e-07
1.813398454743200289e-07
1.968548147770086393e-07
2.139090894224025378e-07
2.326803873593798178e-07
2.533703089135473780e-07
2.762080662819701034e-07
3.014548879998187738e-07
3.294092395169204662e-07
3.604130350148547152e-07
3.948590589906272673e-07
4.331998719096134320e-07
4.759585464449274033e-07
5.237416750505610291e-07
5.772552136120813815e-07
6.373238905731617525e-07
7.049151317399407270e-07
7.811687502432643336e-07
8.674340615223176193e-07
9.653166531159967675e-07
1.076737841611849110e-06
1.204010996660807995e-06
1.349940580667150694e-06
1.517952224824883702e-06
1.712265900634195454e-06
1.938130030728408532e-06
2.202143565505028584e-06
2.512708051564147001e-06
2.880677018705101638e-06
3.320314262937386441e-06
3.850753241125109035e-06
4.498303789708654729e-06
5.300262766130885785e-06
6.311551313452020560e-06
7.617040797349069641e-06
9.356318172067062093e-06
1.177860495808595496e-05
1.538109534789993541e-05
2.132296070275964094e-05
3.301775770463021871e-05
6.542292267468590686e-05
2.825501465733893953e-04
9.394413639599145677e-04
7.334392240748357085e-05
3.870627782596084392e-05
3.804020707849772257e-05
4.656644627387291897e-05
6.203562416469371010e-05
8.641631538426161499e-05
1.245184621974868835e-04
1.851174001775758604e-04
2.837884366887621240e-04
4.531939844099496699e-04
8.494763453764171864e-04
9.389262998007892255e-03
5.507858136158919234e-04
2.638666006269166082e-04
2.100165464673838390e-04
1.730587392400658039e-04
1.442067480475765675e-04
1.218714198380806141e-04
1.046433521994926140e-04
9.128028345418591136e-05
8.080980324435219498e-05
7.251074072678291159e-05
6.585804892122269620e-05
6.047004425383498041e-05
5.606744996635136004e-05
5.244384275081149095e-05
4.944488791586607273e-05
4.695384577556581699e-05
4.488142565983416850e-05
4.315862905625523555e-05
4.173165125185619197e-05
4.055821017366455098e-05
3.960487408955967319e-05
3.884509597836845993e-05
3.825775365111215603e-05
3.782605619131614684e-05
3.753671903080908322e-05
3.737933860078237043e-05
3.734591733647749318e-05
3.743050372519613644e-05
3.762892196351979023e-05
3.793857289294021498e-05
3.835829306298626021e-05
3.888826260527421399e-05
3.952995549033631385e-05
4.028612796563587028e-05
4.116084274956518678e-05
4.215952805189952985e-05
4.328907185410544803e-05
4.455795325295908561e-05
4.597641418756907047e-05
4.755667667607510089e-05
4.931321293349461487e-05
5.126307858867801888e-05
5.342632285476740220e-05
5.582649417397325084e-05
5.849126588476663650e-05
6.145321432596280279e-05
6.475079220129127612e-05
6.842955401723882849e-05
7.254370950326949027e-05
7.715810737858072685e-05
8.235078898568254206e-05
8.821630418541609692e-05
9.487005813995028351e-05
1.024540690194519158e-04
1.111446818579829094e-04
1.211630325676808843e-04
1.327894371940874566e-04
1.463834760334736373e-04
1.624124885297397629e-04
1.814927341349650619e-04
2.044500380725661865e-04
2.324111225486888291e-04
2.669445255249276359e-04
3.102839651996542073e-04
3.656931433245436363e-04
4.380816614002967769e-04
5.350835870914052213e-04
6.690219535239771195e-04
8.606331152112082746e-04
1.146374409928239491e-03
1.592889214311103046e-03
2.323142831011178969e-03
3.538742848647250666e-03
5.355811147468609625e-03
6.867109108976840286e-03
6.157000692148323177e-03
4.156867110656981695e-03
2.604492224014386820e-03
1.675230587515851933e-03
1.130704173686883189e-03
7.988010930422079691e-04
5.863214739201573489e-04
4.439688837264434661e-04
3.447877760598641486e-04
2.733581293637905342e-04
2.204565510895816610e-04
1.803374908059643161e-04
1.492907215124704315e-04
1.248433465642306524e-04
1.053007133654912289e-04
8.947270093235866353e-05
7.650519551192587659e-05
6.577329051978075358e-05
5.681182529150265387e-05
4.926914173218777278e-05
4.287564270522683304e-05
3.742200259155790412e-05
3.274380281387040994e-05
2.871052513820509817e-05
2.521755184001220275e-05
2.218027353948695066e-05
1.952969597909446058e-05
1.720912717657526456e-05
1.517165296112392080e-05
1.337819445636552805e-05
1.179599973602664269e-05
1.039746263925683868e-05
9.159190408846560566e-06
8.061262225504591808e-06
7.086635396597129550e-06
6.220666632337251761e-06
5.450723676444094379e-06
4.765868359759351136e-06
4.156596478269705745e-06
3.614623159233864025e-06
3.132704853928237376e-06
2.704490986497793027e-06
2.324399743110050494e-06
1.987513611946070114e-06
1.689491161998540565e-06
1.426492236171652519e-06
1.195114275890528521e-06
9.923379235115120137e-07
8.154803904194937875e-07
6.621553519612288887e-07
5.302383499809390179e-07
4.178368610205303151e-07
3.232643319950968856e-07
2.450176021928032173e-07
1.817572261280658529e-07
1.322902903069915227e-07
9.555538167060766085e-08
7.060941900224830840e-08
5.661610302339959481e-08
5.283577793890731141e-08
5.861652817838819245e-08
7.338636010468984620e-08
9.664634040349284621e-08
1.279645814461242695e-07
1.669709797139308748e-07
2.133526268644827636e-07
2.668498246001031305e-07
3.272526444911936960e-07
3.943979825792992493e-07
4.681670661614099504e-07
5.484833768248941160e-07
6.353109597204319359e-07
7.286530943620828715e-07
8.285513070453943692e-07
9.350847093760411918e-07
1.048369651490936393e-06
1.168559682410543516e-06
1.295845813655797901e-06
1.430457085863436349e-06
1.572661441702194113e-06
1.722766911991027680e-06
1.881123125611471396e-06
2.048123157651472061e-06
2.224205734284493452e-06
2.409857817245560969e-06
2.605617595491550655e-06
2.812077916813008563e-06
3.029890197892287702e-06
3.259768857688090294e-06
3.502496326192121832e-06
3.758928688692025080e-06
4.030002034853365288e-06
4.316739592392450001e-06
4.620259737080756545e-06
4.941784984564458956e-06
5.282652085314762510e-06
5.644323362319913485e-06
6.028399452328262411e-06
6.436633636084850639e-06
6.870947971700250811e-06
7.333451478809347314e-06
7.826460660425699664e-06
8.352522695477419877e-06
8.914441689242665274e-06
9.515308432903870836e-06
1.015853419916211225e-05
1.084788919068801088e-05
1.158754636505864853e-05
1.238213148732855050e-05
1.323678041393598416e-05
1.415720479471964849e-05
1.514976760020397865e-05
1.622157014745720643e-05
1.738055262029401419e-05
1.863561047164275010e-05
1.999672957423336291e-05
2.147514357150582964e-05
2.308351760066208801e-05
2.483616344835101541e-05
2.674929230055964597e-05
2.884131261854072141e-05
3.113318238541453906e-05
3.364882711901238726e-05
3.641563776065182120e-05
3.946506599158755639e-05
4.283333891699145764e-05
4.656232068221460765e-05
5.070055583769211588e-05
5.530453867364958158e-05
6.044026501965842405e-05
6.618513912761229414e-05
7.263032958314860187e-05
7.988369660270532252e-05
8.807345121233977128e-05
9.735275840749407208e-05
1.079055667965986059e-04
1.199540441282199689e-04
1.337681326895675149e-04
1.496779273122190610e-04
1.680898461070662016e-04
1.895079468562047974e-04
2.145622961049905534e-04
2.440471093146249820e-04
2.789725824462854276e-04
3.206361377953079444e-04
3.707215426444716920e-04
4.314385610226725170e-04
5.057223232934791261e-04
5.975218225023552331e-04
7.122230578466425162e-04
8.572777020926773293e-04
1.043147491709721245e-03
1.284732905743286814e-03
1.603531625406171782e-03
2.030838338758479255e-03
2.612213885892302172e-03
3.412717613066489509e-03
4.519455376989864152e-03
6.028915806419734083e-03
7.986082749820560059e-03
1.022701606395091251e-02
1.218195987195236536e-02
1.302976495298755963e-02
1.243308823661641235e-02
1.088362525025654212e-02
9.098308646819540033e-03
7.496373239655403781e-03
6.200034674929332142e-03
5.192152754171085183e-03
4.416886412646117872e-03
3.818969067605393255e-03
3.354025751262837592e-03
2.988878796205151223e-03
2.699326745290377312e-03
2.467803545692234205e-03
2.281509744297180453e-03
2.131047574696474933e-03
2.009456726839203584e-03
1.911540334250950686e-03
1.833393868710908332e-03
1.772074286054227399e-03
1.725366128747646104e-03
1.691615077289146266e-03
1.669608877309366156e-03
1.658491922385114904e-03
1.657704025991996394e-03
1.666936759306709894e-03
1.686102633397900405e-03
1.715313688574156671e-03
1.754866968592095310e-03
1.805235148243407436e-03
1.867061589605831977e-03
1.941160921184214129e-03
2.028530002178714851e-03
2.130382018829418168e-03
2.248232408105829694e-03
2.384095795008363099e-03
2.540906195870253070e-03
2.723347403263617905e-03
2.939315033066842737e-03
3.201895047414269301e-03
3.529729475045064596e-03
3.936267051586296237e-03
4.384181193304489618e-03
4.706927239631635354e-03
4.669111811204522053e-03
4.258105923585619318e-03
3.693429077414918035e-03
3.148253497723043498e-03
2.678029630451112929e-03
2.283556532610234516e-03
1.953117629356819138e-03
1.675304509641112154e-03
1.441025748416637116e-03
1.243099276117645789e-03
1.075683978727103940e-03
9.339131232087338795e-04
8.136852943522045840e-04
7.115366883100925424e-04
6.245492359605894599e-04
5.502743044197601352e-04
4.866649143856122996e-04
4.320148070437148302e-04
3.849043168463591943e-04
3.441531474842323291e-04
3.087798698399393002e-04
2.779676724820353932e-04
2.510357130340280189e-04
2.274153452802451679e-04
2.066305022158082115e-04
1.882815676807778147e-04
1.720321444558489438e-04
1.575982087834147693e-04
1.447392208743569287e-04
1.332508332817502550e-04
1.229589021420971612e-04
1.137145599359336951e-04
1.053901532103421781e-04
9.787588563821114477e-05
9.107703698165661060e-05
8.491165306609221256e-05
7.930862173942122536e-05
7.420606583935047886e-05
6.954999713974731237e-05
6.529318568995306485e-05
6.139420738663132105e-05
5.781663942176867675e-05
5.452837875203971779e-05
5.150106319037407629e-05
4.870957833580882602e-05
4.613163649705849897e-05
4.374741616033553512e-05
4.153925250804756239e-05
3.949137109638231380e-05
3.758965811398226457e-05
3.582146172508108304e-05
3.417541989217657455e-05
3.264131081058213395e-05
3.120992269831187916e-05
2.987294019256160995e-05
2.862284502704993912e-05
2.745282901771665815e-05
2.635671767995151517e-05
2.532890304862110969e-05
2.436428448081959697e-05
2.345821639716588400e-05
2.260646206608902457e-05
2.180515266139388742e-05
2.105075093020404239e-05
2.034001889921826866e-05
1.966998912463798740e-05
1.903793905724486451e-05
1.844136815069951965e-05
1.787797738965634614e-05
1.734565095598461214e-05
1.684243978727778816e-05
1.636654681278885100e-05
1.591631367867846517e-05
1.549020879761694490e-05
1.508681657786032502e-05
1.470482770436480516e-05
1.434303035968222263e-05
1.400030228561334265e-05
1.367560359814821098e-05
1.336797027833074321e-05
1.307650827053811644e-05
1.280038812743611112e-05
1.253884014770334076e-05
1.229114995863185450e-05
1.205665450101795215e-05
1.183473837844635803e-05
1.162483053722188979e-05
1.142640124688538835e-05
1.123895935452419654e-05
1.106204978900313933e-05
1.089525129384708284e-05
1.073817436983608466e-05
1.059045941047045947e-05
1.045177501534800532e-05
1.032181646820304230e-05
1.020030436790721109e-05
1.008698340214621047e-05
9.981621254787163478e-06
9.884007639150485582e-06
9.793953450519044925e-06
9.711290032266619646e-06
9.635868550982373552e-06
9.567559476921961114e-06
9.506252167039609549e-06
9.451854548762726868e-06
9.404292903572429195e-06
9.363511750363083918e-06
9.329473829483448324e-06
9.302160189325290259e-06
9.281570378336582210e-06
9.267722746412086971e-06
9.260654860770112468e-06
9.260424042681958997e-06
9.267108032800693560e-06
9.280805794363948660e-06
9.301638465250403374e-06
9.329750471785289780e-06
9.365310819354421776e-06
9.408514577346148954e-06
9.459584578747840932e-06
9.518773357942930679e-06
9.586365353959196438e-06
9.662679410698228206e-06
9.748071610635226464e-06
9.842938484241970710e-06
9.947720644106281871e-06
1.006290690057609662e-05
1.018903892496424149e-05
1.032671653716981392e-05
1.047660370731976065e-05
1.063943537608759310e-05
1.081602521616668366e-05
1.100727447851974832e-05
1.121418209216815295e-05
1.143785621624723261e-05
1.167952747882870875e-05
1.194056417980845255e-05
1.222248978643552939e-05
1.252700311158194259e-05
1.285600163874046396e-05
1.321160854651652592e-05
1.359620409203225032e-05
1.401246214064618320e-05
1.446339278262372939e-05
1.495239216011737475e-05
1.548330084430999854e-05
1.606047235652764975e-05
1.668885372046132235e-05
1.737408026334790893e-05
1.812258724234178036e-05
1.894174123435000219e-05
1.983999454377779478e-05
2.082706605888239948e-05
2.191415185352532975e-05
2.311416808835048528e-05
2.444202690192778229e-05
2.591494213879706141e-05
2.755275452492336212e-05
2.937825300795054705e-05
3.141744692459445414e-05
3.369970728569414127e-05
3.625763781739787107e-05
3.912644948279406123e-05
4.234249027865682704e-05
4.594043000788508411e-05
4.994844984598813389e-05
5.438072519080754873e-05
5.922668331278701430e-05
6.443719840123835667e-05
6.990924560484667932e-05
7.547247569214882352e-05
8.088307554983496100e-05
8.583113554660784495e-05
8.996676361115549410e-05
9.294718794745111671e-05
9.450188566189963557e-05
9.450494175242931045e-05
9.303536564195367833e-05
9.040417341651190114e-05
8.713959826417376335e-05
8.394697425119715807e-05
8.168484951971821521e-05
8.141580278598390763e-05
8.461546567034237672e-05
9.371383953924976719e-05
1.134672372056908971e-04
1.548766705050071471e-04
2.489326448596416454e-04
5.130619503527653275e-04
1.731003382602446742e-03
2.529849043138036185e-02
3.067875306919294089e-03
7.366487366700293516e-04
3.289474297153308709e-04
1.889143593558711650e-04
1.240461532195596506e-04
8.839740587540776025e-05
6.650440228811732720e-05
5.196709718514830139e-05
4.173913198207467111e-05
3.421547046626324752e-05
2.848242583684755085e-05
2.398715363425821441e-05
2.037825752668568637e-05
1.742318373279375560e-05
1.496282184299824734e-05
1.288531154270595776e-05
1.111030902010415653e-05
9.579221737553534428e-06
8.248995859653163664e-06
7.088106755940031231e-06
6.073976890552484459e-06
5.191368940437262499e-06
4.431494192979182738e-06
3.791698922532218494e-06
3.275678799162796025e-06
2.894244672412905707e-06
2.666738295450871321e-06
2.623289707674495700e-06
2.808240150108981608e-06
3.285258866380839765e-06
4.145017172598461971e-06
5.516856787766478963e-06
7.586911342760181581e-06
1.062703543972220017e-05
1.504256731591783802e-05
2.145441746957432952e-05
3.084702818649054726e-05
4.485059350646244063e-05
6.631738959837021636e-05
1.006020030117325023e-04
1.587262161697956440e-04
2.663953483754676337e-04
4.953512208368032656e-04
1.111435353329161095e-03
3.784166333264601077e-03
3.806775100144175333e-02
7.399805379118743094e-03
1.758953128758413385e-03
7.530478696857950205e-04
4.104265965352180633e-04
2.539130601950431569e-04
1.694896469613493644e-04
1.188521977128317766e-04
8.618101595866411199e-05
6.396043410282671463e-05
4.823753665111185353e-05
3.676688543485108322e-05
2.819603251497790537e-05
2.167735280849326210e-05
1.667780786075246589e-05
1.290654951306959429e-05
1.038711218250374190e-05
1.002222675295133743e-05
1.760930953737809717e-05
1.151262203931406765e-04
7.777109917457313611e-04
6.840056298128152981e-05
2.912739185868595598e-05
1.770057538233712276e-05
1.243021996191623289e-05
9.401496134034275463e-06
7.428398102959716277e-06
6.037934559867248166e-06
5.005323629613760303e-06
4.209788522486461600e-06
3.580269911217796376e-06
3.071955110636972571e-06
2.655007186236901151e-06
2.308684463035195583e-06
2.018058364777969640e-06
1.772076004857508343e-06
1.562361315876752608e-06
1.382442766932672013e-06
1.227238414209361438e-06
1.092702153478572145e-06
9.755743466587027243e-07
8.732020224838657578e-07
7.834066623204889048e-07
7.043852827291427507e-07
6.346352942659483864e-07
5.728966481064695715e-07
5.181067575795953310e-07
4.693649974701331802e-07
4.259044780809043653e-07
3.870694098942934794e-07
3.522968102382242779e-07
3.211016146693618193e-07
2.930644814421785756e-07
2.678217431308173517e-07
2.450570825969135957e-07
2.244946029951425725e-07
2.058930317011710508e-07
1.890408518107256416e-07
1.737521963943133213e-07
1.598633730368390345e-07
1.472299115657696190e-07
1.357240479140326876e-07
1.252325729964839464e-07
1.156549882197800443e-07
1.069019194907957950e-07
9.889374987045667864e-08
9.155943774677221476e-08
8.483549289029593884e-08
7.866508725397226241e-08
7.299728108140701508e-08
6.778634794583985381e-08
6.299118487757256512e-08
5.857479584722512868e-08
5.450383863302504142e-08
5.074822657483794163e-08
4.728077795601948879e-08
4.407690679716706022e-08
4.111434972679439247e-08
3.837292433987385390e-08
3.583431508844444035e-08
3.348188328736478885e-08
3.130049827789827076e-08
2.927638718475897346e-08
2.739700103883197143e-08
2.565089532676443514e-08
2.402762327719755792e-08
2.251764040763648316e-08
2.111221904095812701e-08
1.980337166057466262e-08
1.858378211195011076e-08
1.744674377855039447e-08
1.638610396496856888e-08
1.539621381113169013e-08
1.447188314100197111e-08
1.360833971864515484e-08
1.280119244531270421e-08
1.204639808441901123e-08
1.134023114801362770e-08
1.067925661938447467e-08
1.006030522253124028e-08
9.480450981055078482e-09
8.936990837054918336e-09
8.427426125395899114e-09
7.949445720612669566e-09
7.500910693096941336e-09
7.079840328400930266e-09
6.684399378726930909e-09
6.312886429215270837e-09
5.963723273677691787e-09
5.635445205137718185e-09
5.326692136087913768e-09
5.036200471885499751e-09
4.762795668312334083e-09
4.505385411116883991e-09
4.262953361432313403e-09
4.034553416407226028e-09
3.819304439259069265e-09
3.616385417335379133e-09
3.425031010693334788e-09
3.244527457235710479e-09
3.074208803614805649e-09
2.913453433970034617e-09
2.761680871138023371e-09
2.618348827292123059e-09
2.482950483060008741e-09
2.355011976057783602e-09
2.234090081484405419e-09
2.119770068964756697e-09
2.011663721225560397e-09
1.909407501453133778e-09
1.812660857328594289e-09
1.721104650774712356e-09
1.634439703392607561e-09
1.552385448422511822e-09
1.474678680841125050e-09
1.401072397916304266e-09
1.331334723183019460e-09
1.265247907391501184e-09
1.202607400512136515e-09
1.143220989368615285e-09
1.086907995915250517e-09
1.033498531579172229e-09
9.828328034587615050e-10
9.347604685075550485e-10
8.891400321421061244e-10
8.458382879953600247e-10
8.047297957956291400e-10
7.656963945886866338e-10
7.286267487375159970e-10
6.934159243333839474e-10
6.599649938347629587e-10
6.281806669179931586e-10
5.979749456777269207e-10
5.692648024563655996e-10
5.419718787118252633e-10
5.160222034523387071e-10
4.913459298769145211e-10
4.678770889613833419e-10
4.455533588228970208e-10
4.243158487818140168e-10
4.041088971188335333e-10
3.848798815982087947e-10
3.665790418952839413e-10
3.491593131284728559e-10
3.325761697533664870e-10
3.167874791294453367e-10
3.017533641188770420e-10
2.874360741221562623e-10
2.737998639970867729e-10
2.608108803464383296e-10
2.484370546953483302e-10
2.366480031127403965e-10
2.254149318618187329e-10
2.147105486930850522e-10
2.045089794198121378e-10
1.947856894403432591e-10
1.855174098942973171e-10
1.766820681608904895e-10
1.682587224270844604e-10
1.602275000715104651e-10
1.525695396269723455e-10
1.452669361000145839e-10
1.383026894406847604e-10
1.316606559691147608e-10
1.253255025782443520e-10
1.192826635437067406e-10
1.135182997828498125e-10
1.080192604150760308e-10
1.027730464851246771e-10
9.776777671981715506e-11
9.299215519698719849e-11
8.843544081301829643e-11
8.408741844259574305e-11
7.993837169093398191e-11
7.597905714501979024e-11
7.220068003621910971e-11
6.859487123203467595e-11
6.515366547991071887e-11
6.186948083069659447e-11
5.873509917385695387e-11
5.574364782064485634e-11
5.288858207533756157e-11
5.016366873828910418e-11
4.756297048791968058e-11
4.508083109197280599e-11
4.271186140133221529e-11
4.045092608248138874e-11
3.829313104731411934e-11
3.623381154143153205e-11
3.426852085437719985e-11
3.239301961739836994e-11
3.060326565634114661e-11
2.889540436918777902e-11
2.726575959950409038e-11
2.571082497874693404e-11
2.422725571193267391e-11
2.281186078263902158e-11
2.146159555469721742e-11
2.017355474921382149e-11
1.894496577679130100e-11
1.777318240595008037e-11
1.665567874983164174e-11
1.559004355427831274e-11
1.457397477132411829e-11
1.360527440303719028e-11
1.268184360148563543e-11
1.180167801139358728e-11
1.096286334280056439e-11
1.016357116173348463e-11
9.402054887566441327e-12
8.676645986360695119e-12
7.985750350064502898e-12
7.327844852006236484e-12
6.701474069629974613e-12
6.105247165918481845e-12
5.537834921404875206e-12
4.997966909115560022e-12
4.484428805194368929e-12
3.996059828346574181e-12
3.531750301609295576e-12
3.090439330296531086e-12
2.671112590297061758e-12
2.272800221208038371e-12
1.894574819078755653e-12
1.535549523815094856e-12
1.194876196551003875e-12
8.717436825421649507e-13
5.653761553656571507e-13
2.750315384289837756e-13
1.000000000000000072e-18
1.857600892223992004e-04
3.856966554260718026e-04
3.802155084280870682e-03
3.909155074152844116e-04
1.845773722091143595e-03
3.042736355035645726e-04
2.012370783491875957e-04
3.011098490529691765e-03
1.705923071426183684e-04
1.910883012550105588e-04
3.765862194732517900e-04
2.393616934877218928e-04
1.148003731461426022e-03
1.896876531962780606e-04
3.347042081512559557e-04
3.253475986874202613e-03
7.352800915500971955e-04
3.113476775718758980e-04
3.588693432575393479e-03
1.060459333494579316e-03
3.748658499336124730e-04
2.935625148068667111e-04
1.629933506901186900e-03
1.859711709147336450e-04
2.692149069163474011e-04
2.507787083259774112e-04
7.899281451893443422e-04
3.628026400291248840e-03
3.813320459260697648e-04
1.661283399222151375e-04
3.207141843757223103e-03
2.000328095208707239e-03
2.215691085925301698e-04
2.813620262081420551e-04
8.605984969217011235e-04
1.783164276317596468e-03
9.103834537813170619e-04
1.309576597169350223e-03
3.700524133792705388e-04
1.322327067510142102e-03
3.193978597253744603e-04
7.882394488949938079e-05
6.820139305713893456e-04
1.896499974357445262e-03
2.470281715204707476e-03
2.211888418409331016e-04
3.531205691556704631e-04
7.515549909443202878e-04
1.738276850199203328e-04
1.025361304878939366e-04
8.959057895035434690e-05
4.018378953165916388e-04
1.107544627625729836e-03
7.045130163094630391e-04
1.588830269475369813e-03
2.224642318948630293e-04
2.546692524621755249e-04
1.038611974467747428e-03
3.449822409441310458e-04
4.286306223806088389e-03
3.461536705839960782e-04
7.562355978894142600e-04
1.559923927427108912e-04
4.181807008109984965e-03
1.469558844921872200e-04
1.683305610537166516e-04
8.956591342344473808e-05
3.022963253344194186e-04
4.231960585839497462e-03
9.333527122254974689e-04
3.152028268652358359e-04
1.218218796840325573e-03
1.112092912057610931e-03
1.684569128018863649e-03
3.128253054651844358e-03
3.175265552568383334e-04
3.530160322697310348e-03
4.371309517688938898e-03
4.382710418115746617e-03
5.598714416458511634e-04
7.224559610815896316e-04
6.653972019311806679e-03
2.611224459081832976e-03
4.378565008398274672e-02
2.016609403874652841e-03
1.999899747014693453e-03
2.101396595009610759e-03
4.268419916650652984e-02
3.660155968723378256e-02
1.337323723458567863e-03
6.247687563894160998e-04
2.414594198547609719e-03
1.098805461173747028e-02
1.822957335909298473e-03
3.053230800631975134e-02
2.864213658790269734e-03
1.822435000913005202e-03
6.800452519750044451e-04
2.962366540942092032e-03
3.243670599383861267e-03
1.845443334825391584e-03
5.721193069215673192e-04
1.912225937447189009e-02
8.897232463552158174e-03
1.558149195464860869e-03
1.849305438030042015e-03
2.218158707330076911e-03
1.514649920640591613e-03
3.364238742245618391e-02
1.196890447598335933e-03
3.807476688153222516e-03
8.994070929394061553e-03
1.448111704761198808e-03
1.767445646639049465e-03
2.103374375243764315e-03
1.379988059174555408e-03
1.201757013850699145e-03
1.559887224458927175e-03
1.170036973586918933e-03
1.087287032510313167e-02
2.228368024653468865e-02
3.228900287562202348e-02
1.471703607528816043e-02
7.350541830917214740e-03
4.706558388877211258e-02
4.314425187543435847e-02
3.266427713305884023e-02
2.356948812696012946e-02
4.684857902218656639e-02
1.349433103441265852e-02
1.602147180250189026e-02
2.805466563892039869e-02
3.022119692736686611e-02
1.222274915931202688e-02
2.913929053798092889e-02
4.503815896932061164e-02
2.279005655186771423e-02
4.614232204684703964e-02
3.933094203335213424e-02
3.427419508727359149e-02
1.235668117743891556e-02
1.694164821841817256e-02
9.631993411854217549e-03
1.895042579099118218e-02
1.105446182843846346e-02
3.956809033617617044e-02
1.499556027281803011e-02
4.656396866450232541e-02
2.060583611200807880e-02
2.017792386078417696e-02
2.934723951756003021e-02
2.134468896512077205e-02
1.575795845853755761e-02
2.091593372122724226e-02
2.046349608124996278e-02
1.902474036797248066e-02
2.140292395148893356e-02
3.903374415640691042e-02
8.107635175798355229e-03
1.707951120625688865e-02
8.097109640785548875e-05
8.585148377466034794e-05
8.580276597162686775e-05
8.639830443931773105e-05
8.444315513896619900e-05
8.250206845259792335e-05
8.214132688069747574e-05
8.536190256537164157e-05
8.358925278134945699e-05
8.372337364171785108e-05
8.375532550315203386e-05
8.610970655976083854e-05
8.247648497346019567e-05
8.057550802821013736e-05
8.740268038600867008e-05
8.458864085435209925e-05
8.546469724779051722e-05
8.723429183191502324e-05
8.501137226894448786e-05
8.510212310120315350e-05
8.832353852856322926e-05
8.869272581533780154e-05
8.572697337610855504e-05
8.725415510317664194e-05
8.877545356368043180e-05
8.742507906986107531e-05
8.589505156209684014e-05
8.046345819577688479e-05
8.838422977079307620e-05
8.831819541527810634e-05
8.293050152099208769e-05
8.773315610842246206e-05
8.495019446061348315e-05
8.609628328184586741e-05
8.156723493036583783e-05
8.802970840126567403e-05
8.816377184265610282e-05
8.029448190024930643e-05
8.491188561152415216e-05
8.109618254709214519e-05
2.749888402724677636e-03
2.181666550237832888e-02
3.187698559873169968e-02
5.517387105440723326e-03
3.186346020152634739e-02
9.948101238479844372e-03
2.055588526733262422e-02
2.750946609796903284e-03
3.058971907777732410e-02
3.149938371298066642e-02
7.257125712156321448e-03
1.631256566666249713e-02
5.905090450657838295e-03
1.512550522950712600e-02
2.193312738186310729e-02
7.646293995833363007e-03
1.592739793711987414e-02
3.598499762652021625e-03
1.017135289765900945e-02
4.027654035239444479e-03
9.091632792469099555e-03
2.610874931760193488e-02
2.992093976021928392e-02
7.007972042285369116e-03
3.151912301013565232e-02
2.566944623751068414e-03
8.368098704240808927e-03
6.449232001486017093e-03
2.358355626120131610e-02
3.171622422890391091e-02
6.047941671504840702e-03
4.553539857141223127e-03
3.165842479041134500e-02
3.180503844415054262e-03
2.415051443914195684e-02
2.052302501709587362e-02
3.144170515011546815e-03
1.721669214570822198e-02
3.262810401641630213e-03
2.713592547715556851e-03
5.840712394053885516e-03
4.615180751345129319e-03
6.876183288336878800e-03
4.246921399142509698e-03
5.753446061163440366e-03
6.174466635311440590e-03
6.862447501394153444e-03
6.711697790850663578e-03
4.303831416940200397e-03
5.739309492692207942e-03
5.699710672426282383e-03
5.506340679996675480e-03
6.496450156500489619e-03
6.836551949838234714e-03
5.936257263203396049e-03
6.839018107938375779e-03
5.044018817250126019e-03
6.375835742538723920e-03
6.434102102965163009e-03
5.622744380474524982e-03
6.840872585619555031e-03
6.786883706383460904e-03
4.508702417749318493e-03
6.073452655001907764e-03
4.976061498837281750e-03
6.521932166163346353e-03
6.583993055036253123e-03
5.556230731090533274e-03
5.044260228440629323e-03
4.672150204602119883e-03
6.835619096217676431e-03
6.823427267710016446e-03
6.512277029563824822e-03
5.069591190798678100e-03
6.096604272766762561e-03
4.526741137704103253e-03
6.800216013964706548e-03
4.342023220787675011e-03
5.920680999469400685e-03
5.881150609203158325e-03
6.883499319169571423e-05
7.240242055585789530e-05
6.789935466858411503e-05
7.067126655928205432e-05
6.851323411513603613e-05
7.143664627686614147e-05
7.324227113310624278e-05
6.548169261156227888e-05
6.921614001109002517e-05
6.778930687074220720e-05
6.936642511239091342e-05
6.580655701197502330e-05
7.242754091771355066e-05
6.887956577627091486e-05
7.330026382428738753e-05
6.832364538879708168e-05
7.087770183488359128e-05
6.514479487425308660e-05
7.254179382347377423e-05
6.498948593410469252e-05
6.573398563149429749e-05
6.759480435420852750e-05
7.259309822669500803e-05
6.968318885030349501e-05
7.356398205212715956e-05
6.868735320293298068e-05
6.886383159218907959e-05
7.153123578886334539e-05
7.342116147123768069e-05
6.566120272029136627e-05
7.044889781990942845e-05
6.505305238880263515e-05
6.809029741291587601e-05
7.376095765125901811e-05
6.770045923739639393e-05
6.550195469546758709e-05
6.567341185271917143e-05
7.291471673450605556e-05
6.701634458973320925e-05
7.257695680261760864e-05
1.302574502762336717e-02
1.283227186498834410e-02
1.291220579622011019e-02
1.277103690699102692e-02
1.267025471291276413e-02
1.270027654064157484e-02
1.294885959554080077e-02
1.249469772936639099e-02
1.279092621171740510e-02
1.300676283856162622e-02
1.280676219993373381e-02
1.302914800015040481e-02
1.295798017583079872e-02
1.292460239391776851e-02
1.284250091878647373e-02
1.267680535133803091e-02
1.294830804511505444e-02
1.283945795208545938e-02
1.283416425378635511e-02
1.292756156403944943e-02
1.293219327942212241e-02
1.274557368563704676e-02
1.302866710786395113e-02
1.240316217371105999e-02
1.250020539284891520e-02
1.258998508420266366e-02
1.249511375719205425e-02
1.297437089785379548e-02
1.297030936291254655e-02
1.302810887871926580e-02
1.302835062768967038e-02
1.261216614761168434e-02
1.246474222606014891e-02
1.241217852912053672e-02
1.277205641304555821e-02
1.269677733996879554e-02
1.291817241828511348e-02
1.297097597942967542e-02
1.271532634989597059e-02
1.285716855245582109e-02
4.256783641221838742e-03
4.490187833430846556e-03
4.607476151035806364e-03
4.272608358104796472e-03
4.261462396244108421e-03
4.408974409772364877e-03
4.347671967386247498e-03
4.240350684496888359e-03
4.171992347558200337e-03
4.561048280777425454e-03
4.106711482737004752e-03
4.425095475525104086e-03
4.578545093078244602e-03
4.306871363616635376e-03
4.596359424594487555e-03
4.024775334010697973e-03
3.939992350525386294e-03
3.968866095135727134e-03
4.187927476916163821e-03
3.988015547047570573e-03
4.571694164916562456e-03
4.447942286107217646e-03
4.281076402979706874e-03
4.307584214773790485e-03
4.514060192168649344e-03
4.443106440501578408e-03
4.547586866695049225e-03
4.481996373917790204e-03
4.563877254043995080e-03
4.022778542376827769e-03
4.387419715138727791e-03
4.036670529037169122e-03
4.574190554225380546e-03
4.555257001396478475e-03
4.648947978597255809e-03
4.571015102238380409e-03
4.356168704999810806e-03
4.245599236658706595e-03
4.239820963258618750e-03
4.629180998812567477e-03
4.684671873510896922e-03
4.728017655054003385e-03
4.734670464387105010e-03
4.728795040633917285e-03
4.709391459160351505e-03
4.713326083833270508e-03
4.646543044750043455e-03
4.682537742332723574e-03
4.707187163034641172e-03
4.733249000536731387e-03
4.607348613669804034e-03
4.734739310628170716e-03
4.730551143394970751e-03
4.722210170038503366e-03
4.706567544425668652e-03
4.662083932702716302e-03
4.585916728190466904e-03
4.517320107852859472e-03
4.743472247410536816e-03
4.741867904724925489e-03
4.720505898077094302e-03
4.715471666950154551e-03
4.707332205808191505e-03
4.675570755248627079e-03
4.737821464295904374e-03
4.739838462865481744e-03
4.708149342866650017e-03
4.740540605049789469e-03
4.682125621189980186e-03
4.691907846703048321e-03
4.678057445779964379e-03
4.560582154031407945e-03
4.702270848488013938e-03
4.680389833341291883e-03
4.604258467415089234e-03
4.688907521965476020e-03
4.592077816750082461e-03
4.701924667867137149e-03
4.729997178922308934e-03
4.738084336939280342e-03
3.429325719306343216e-03
3.399660873354782252e-03
3.278903615774557412e-02
3.583326401966543950e-02
8.399581562884634776e-05
2.788694981306409290e-02
5.909751435215039768e-03
6.916366390200787443e-05
1.302207863325474321e-02
4.370005049905981848e-03
1.000000000000000072e-18
