9.999833227124046431e-01
9.999535956644148849e-01
9.998708865309089422e-01
9.996408064892792211e-01
9.990010828336087778e-01
9.972247828927687241e-01
9.923111519659020274e-01
9.788601607156179885e-01
9.430779575708400086e-01
8.548893495864111625e-01
8.548893495864111625e-01
8.537245829645125905e-01
8.525519673366880324e-01
8.513714746495153474e-01
8.501830771770346740e-01
8.489867475292818266e-01
8.477824586610175350e-01
8.465701838802787149e-01
8.453498968567652039e-01
8.441215716309191652e-01
8.428851826226233523e-01
8.416407046402003544e-01
8.403881128890651198e-01
8.391273829808996165e-01
8.378584909426821659e-01
8.365814132259482561e-01
8.352961267156363556e-01
8.340026087394877274e-01
8.327008370773124613e-01
8.313907899703281146e-01
8.300724461305044599e-01
8.287457847499132280e-01
8.274107855102461606e-01
8.260674285921911775e-01
8.247156946852745030e-01
8.233555649970563106e-01
8.219870212629248885e-01
8.206100457556720906e-01
8.192246212952252193e-01
8.178307312582586697e-01
8.164283595878882860e-01
8.150174908035507926e-01
8.135981100107116948e-01
8.121702029103046172e-01
8.107337558089202645e-01
8.092887556286126882e-01
8.078351899163411787e-01
8.063730468538876650e-01
8.049023152677761139e-01
8.034229846391351959e-01
8.019350451131663782e-01
8.004384875091520302e-01
7.989333033302432607e-01
7.974194847729927371e-01
7.958970247371182083e-01
7.943659168355552413e-01
7.928261554036448722e-01
7.912777355089830600e-01
7.897206529609369641e-01
7.881549043204774119e-01
7.865804869092352103e-01
7.849973988194425267e-01
7.834056389228917228e-01
7.818052068808279964e-01
7.801961031526108981e-01
7.785783290052631367e-01
7.769518865231490601e-01
7.753167786158617902e-01
7.736730090283967520e-01
7.720205823494341590e-01
7.703595040203061739e-01
7.686897803440136956e-01
7.670114184934369028e-01
7.653244265202114871e-01
7.636288133630403374e-01
7.619245888561726465e-01
7.602117637374211645e-01
7.584903496563599745e-01
7.567603591823709452e-01
7.550218058123908671e-01
7.532747039786342746e-01
7.515190690565303200e-01
7.497549173713025095e-01
7.479822662060933158e-01
7.462011338088587742e-01
7.444115393990811125e-01
7.426135031748045678e-01
7.408070463194280642e-01
7.389921910076580058e-01
7.371689604124628259e-01
7.353373787107466697e-01
7.334974710891625227e-01
7.316492637502646224e-01
7.297927839178053322e-01
7.279280598419004544e-01
7.260551208043947158e-01
7.241739971238925211e-01
7.222847201601771960e-01
7.203873223183760999e-01
7.184818370541645738e-01
7.165682988766434169e-01
7.146467433532583957e-01
7.127172071121596897e-01
7.107797278464351720e-01
7.088343443166515989e-01
7.068810963538667558e-01
7.049200248619265086e-01
7.029511718201675308e-01
7.009745802847483498e-01
6.989902943911575628e-01
6.969983593550600487e-01
6.949988214737516934e-01
6.929917281268690443e-01
6.909771277774839904e-01
6.889550699717069682e-01
6.869256053392989170e-01
6.848887855930468893e-01
6.828446635284955990e-01
6.807932930228727253e-01
6.787347290339579287e-01
6.766690275984257319e-01
6.745962458304901599e-01
6.725164419193503385e-01
6.704296751270140131e-01
6.683360057854408343e-01
6.662354952934947949e-01
6.641282061134889947e-01
6.620142017675826329e-01
6.598935468337835397e-01
6.577663069411333607e-01
6.556325487656052831e-01
6.534923400248173753e-01
6.513457494723824404e-01
6.491928468922716355e-01
6.470337030935806588e-01
6.448683899026137478e-01
6.426969801577406827e-01
6.405195477012304295e-01
6.383361673722118823e-01
6.361469149994023464e-01
6.339518673919268821e-01
6.317511023319652974e-01
6.295446985658609274e-01
6.273327357940612359e-01
6.251152946629549012e-01
6.228924567546622049e-01
6.206643045765040112e-01
6.184309215511549773e-01
6.161923920057599258e-01
6.139488011604974371e-01
6.117002351178307817e-01
6.094467808503668538e-01
6.071885261883862572e-01
6.049255598089016139e-01
6.026579712212628559e-01
6.003858507551540491e-01
5.981092895473523186e-01
5.958283795276255734e-01
5.935432134050411257e-01
5.912538846542669813e-01
5.889604874999937456e-01
5.866631169030696036e-01
5.843618685451953398e-01
5.820568388135949345e-01
5.797481247850354569e-01
5.774358242104483674e-01
5.751200354985770424e-01
5.728008576990823997e-01
5.704783904871366662e-01
5.681527341447941692e-01
5.658239895453900381e-01
5.634922581352278526e-01
5.611576419160131390e-01
5.588202434272671049e-01
5.564801657286855274e-01
5.541375123805831748e-01
5.517923874265869832e-01
5.494448953744821562e-01
5.470951411773850026e-01
5.447432302146442140e-01
5.423892682728579384e-01
5.400333615262467024e-01
5.376756165169691570e-01
5.353161401358790261e-01
5.329550396021831560e-01
5.305924224436886494e-01
5.282283964768106355e-01
5.258630697860989800e-01
5.234965507041601240e-01
5.211289477906380085e-01
5.187603698125360374e-01
5.163909257227605742e-01
5.140207246401686803e-01
5.116498758280583203e-01
5.092784886737923289e-01
5.069066726678912449e-01
5.045345373828235003e-01
5.021621924522813307e-01
4.997897475501359987e-01
4.974173123695272425e-01
4.950449966015325609e-01
4.926729099144380175e-01
4.903011619327048431e-01
4.879298622158007026e-01
4.855591202374925919e-01
4.831890453645896755e-01
4.808197468363786253e-01
4.784513337437337754e-01
4.760839150082321058e-01
4.737175993615768133e-01
4.713524953246727711e-01
4.689887111876462344e-01
4.666263549889576590e-01
4.642655344952436591e-01
4.619063571813484814e-01
4.595489302096358308e-01
4.571933604105102855e-01
4.548397542624717516e-01
4.524882178723518278e-01
4.501388569558872343e-01
4.477917768185590286e-01
4.454470823355606290e-01
4.431048779341064670e-01
4.407652675733941816e-01
4.384283547264739012e-01
4.360942423618738850e-01
4.337630329252145645e-01
4.314348283212314783e-01
4.291097298958191919e-01
4.267878384187948626e-01
4.244692540659450453e-01
4.221540764026749937e-01
4.198424043663590011e-01
4.175343362502406119e-01
4.152299696870139778e-01
4.129294016324415173e-01
4.106327283496563618e-01
4.083400453938284547e-01
4.060514475962258008e-01
4.037670290499755232e-01
4.014868830948727929e-01
3.992111023030100458e-01
3.969397784645045668e-01
3.946730025740803338e-01
3.924108648170390734e-01
3.901534545563154488e-01
3.879008603191781424e-01
3.856531697854990171e-01
3.834104697739918466e-01
3.811728462319035060e-01
3.789403842217269336e-01
3.767131679112776244e-01
3.744912805616219531e-01
3.722748045169530506e-01
3.700638211942993694e-01
3.678584110727019518e-01
3.656586536847646896e-01
3.634646276061517800e-01
3.612764104474188165e-01
3.590940788444908494e-01
3.569177084512208387e-01
3.547473739306251650e-01
3.525831489475776959e-01
3.504251061614307439e-01
3.482733172189366178e-01
3.461278527477289479e-01
3.439887823495516583e-01
3.418561745951027020e-01
3.397300970174533807e-01
3.376106161075291268e-01
3.354977973083592691e-01
3.333917050112106262e-01
3.312924025504970782e-01
3.291999522004188661e-01
3.271144151709838299e-01
3.250358516047167079e-01
3.229643205736711931e-01
3.208998800766207360e-01
3.188425870369139270e-01
3.167924973002511635e-01
3.147496656329037412e-01
3.127141457206058517e-01
3.106859901667261559e-01
3.086652504924061180e-01
3.066519771352249624e-01
3.046462194493259057e-01
3.026480257057386214e-01
3.006574430921609142e-01
2.986745177141987284e-01
2.966992945959339156e-01
2.947318176813590318e-01
2.927721298356759094e-01
2.908202728475550725e-01
2.888762874303145711e-01
2.869402132252753534e-01
2.850120888035074795e-01
2.830919516690568183e-01
2.811798382619654091e-01
2.792757839617230342e-01
2.773798230905195061e-01
2.754919889173001457e-01
2.736123136619404983e-01
2.717408284991438272e-01
2.698775635633193781e-01
2.680225479531858079e-01
2.661758097366595521e-01
2.643373759559433100e-01
2.625072726332062234e-01
2.606855247756658667e-01
2.588721563820108873e-01
2.570671904474860492e-01
2.552706489709642423e-01
2.534825529605441718e-01
2.517029224402230758e-01
2.499317764570965772e-01
2.481691330873722900e-01
2.464150094438493366e-01
2.446694216831857283e-01
2.429323850127136919e-01
2.412039136984215348e-01
2.394840210724450413e-01
2.377727195403046834e-01
2.360700205896210102e-01
2.343759347973283502e-01
2.326904718383937531e-01
2.310136404936193877e-01
2.293454486582715279e-01
2.276859033505834462e-01
2.260350107199612102e-01
2.243927760560587847e-01
2.227592037974305827e-01
2.211342975403015054e-01
2.195180600474017640e-01
2.179104932574580933e-01
2.163115982936242854e-01
2.147213754733513225e-01
2.131398243171335194e-01
2.115669435578228785e-01
2.100027311505002769e-01
2.084471842813183096e-01
2.069002993771684173e-01
2.053620721153929241e-01
2.038324974330204542e-01
2.023115695367946609e-01
2.007992819122436656e-01
1.992956273340239226e-01
1.978005978749533544e-01
1.963141849163208552e-01
1.948363791570903170e-01
1.933671706242436894e-01
1.919065486819035160e-01
1.904545020417867107e-01
1.890110187724758084e-01
1.875760863093864361e-01
1.861496914648340661e-01
1.847318204371441452e-01
1.833224588213451800e-01
1.819215916179705850e-01
1.805292032438022554e-01
1.791452775407235132e-01
1.777697977861101841e-01
1.764027467021729301e-01
1.750441064658055934e-01
1.736938587181362514e-01
1.723519845740684175e-01
1.710184646323864022e-01
1.696932789846140044e-01
1.683764072248701005e-01
1.670678284595921437e-01
1.657675213165581141e-01
1.644754639544407926e-01
1.631916340723834902e-01
1.619160089188954321e-01
1.606485653015140569e-01
1.593892795957146669e-01
1.581381277543083830e-01
1.568950853162575099e-01
1.556601274160206716e-01
1.544332287922732805e-01
1.532143637970905525e-01
1.520035064045417716e-01
1.508006302196926163e-01
1.496057084871976472e-01
1.484187141001875321e-01
1.472396196084267417e-01
1.460683972273617015e-01
1.449050188463117395e-01
1.437494560368073326e-01
1.426016800611296376e-01
1.414616618802310433e-01
1.403293721623643797e-01
1.392047812905851389e-01
1.380878593713954772e-01
1.369785762421753539e-01
1.358769014793310415e-01
1.347828044059835029e-01
1.336962540997094773e-01
1.326172194000630744e-01
1.315456689163399806e-01
1.304815710348543878e-01
1.294248939263218934e-01
1.283756055531768414e-01
1.273336736769855038e-01
1.262990658652682063e-01
1.252717494987466984e-01
1.242516917782878066e-01
1.232388597317391477e-01
1.222332202207350865e-01
1.212347399474194426e-01
1.202433854611319741e-01
1.192591231648623823e-01
1.182819193218422604e-01
1.173117400616640049e-01
1.163485513869060017e-01
1.153923191791328129e-01
1.144430092049845693e-01
1.135005871223981055e-01
1.125650184863812853e-01
1.116362687549915800e-01
1.107143032950254902e-01
1.097990873878304241e-01
1.088905862348100995e-01
1.079887649630596885e-01
1.070935886307698842e-01
1.062050222325095494e-01
1.053230307046760517e-01
1.044475789305316787e-01
1.035786317453778194e-01
1.027161539417846825e-01
1.018601102741580888e-01
1.010104654638763061e-01
1.001671842040937482e-01
9.933023116437229849e-02
9.849957099526690518e-02
9.767516833302739010e-02
9.685698780393744989e-02
9.604499402877431091e-02
9.523915162716155292e-02
9.443942522171207277e-02
9.364577944229052209e-02
9.285817892999498335e-02
9.207658834136139836e-02
9.130097235202663808e-02
9.053129566086899616e-02
8.976752299358015108e-02
8.900961910657095855e-02
8.825754879048144930e-02
8.751127687370142960e-02
8.677076822616368312e-02
8.603598776241795643e-02
8.530690044523758786e-02
8.458347128876995968e-02
8.386566536184102139e-02
8.315344779111304152e-02
8.244678376416811338e-02
8.174563853241660627e-02
8.104997741423275448e-02
8.035976579773644601e-02
7.967496914368255023e-02
7.899555298813891457e-02
7.832148294524682308e-02
7.765272470985236375e-02
7.698924406010521082e-02
7.633100685988475353e-02
7.567797906140402708e-02
7.503012670745877466e-02
7.438741593381226203e-02
7.374981297155344673e-02
7.311728414918840235e-02
7.248979589493793896e-02
7.186731473869474585e-02
7.124980731424647440e-02
7.063724036111504456e-02
7.002958072663578726e-02
6.942679536775779592e-02
6.882885135292600431e-02
6.823571586391494193e-02
6.764735619742000272e-02
6.706373976691419603e-02
6.648483410420547024e-02
6.591060686100326527e-02
6.534102581050935110e-02
6.477605884892276289e-02
6.421567399677195753e-02
6.365983940050655432e-02
6.310852333367761302e-02
6.256169419835214129e-02
6.201932052635904247e-02
6.148137098045206722e-02
6.094781435558620925e-02
6.041861958006140149e-02
5.989375571643965057e-02
5.937319196281903855e-02
5.885689765379620297e-02
5.834484226135988605e-02
5.783699539593972067e-02
5.733332680716578256e-02
5.683380638488923220e-02
5.633840415995101242e-02
5.584709030492624598e-02
5.535983513492208352e-02
5.487660910833877526e-02
5.439738282740705366e-02
5.392212703903837695e-02
5.345081263529546239e-02
5.298341065406732969e-02
5.251989227952350708e-02
5.206022884274446455e-02
5.160439182220845356e-02
5.115235284409056643e-02
5.070408368295500900e-02
5.025955626190102554e-02
4.981874265314187311e-02
4.938161507821888646e-02
4.894814590836464585e-02
4.851830766481134843e-02
4.809207301903102583e-02
4.766941479294798528e-02
4.725030595924255977e-02
4.683471964145947269e-02
4.642262911414479776e-02
4.601400780310587607e-02
4.560882928542586701e-02
4.520706728954192871e-02
4.480869569544918690e-02
4.441368853458305815e-02
4.402201998995552285e-02
4.363366439612294950e-02
4.324859623918918261e-02
4.286679015670325638e-02
4.248822093772464809e-02
4.211286352265576627e-02
4.174069300315482595e-02
4.137168462207499453e-02
4.100581377328530591e-02
4.064305600153356179e-02
4.028338700230690156e-02
3.992678262160258978e-02
3.957321885577776144e-02
3.922267185132641276e-02
3.887511790459219352e-02
3.853053346161074838e-02
3.818889511777214668e-02
3.785017961761438787e-02
3.751436385442736415e-02
3.718142487011973779e-02
3.685133985472086038e-02
3.652408614615405835e-02
3.619964122987397864e-02
3.587798273851819375e-02
3.555908845149330366e-02
3.524293629466121458e-02
3.492950433990369558e-02
3.461877080472273299e-02
3.431071405184086404e-02
3.400531258879842256e-02
3.370254506744897044e-02
3.340239028359110601e-02
3.310482717645103073e-02
3.280983482828205705e-02
3.251739246383938964e-02
3.222747944989765717e-02
3.194007529483113700e-02
3.165515964800574844e-02
3.137271229936727801e-02
3.109271317887552302e-02
3.081514235598809687e-02
3.053998003915630449e-02
3.026720657524375330e-02
2.999680244902126758e-02
2.972874828259795821e-02
2.946302483488130730e-02
2.919961300098903798e-02
2.893849381167882748e-02
2.867964843282104839e-02
2.842305816474083660e-02
2.816870444174177784e-02
2.791656883136224912e-02
2.766663303392985496e-02
2.741887888188435790e-02
2.717328833918900358e-02
2.692984350068324331e-02
2.668852659155222101e-02
2.644931996664423926e-02
2.621220610984731358e-02
2.597716763351922212e-02
2.574418727780736910e-02
2.551324791001552059e-02
2.528433252402243619e-02
2.505742423958736559e-02
2.483250630174459878e-02
2.460956208015439850e-02
2.438857506843796277e-02
2.416952888354884088e-02
2.395240726512243984e-02
2.373719407482918070e-02
2.352387329568973728e-02
2.331242903148862330e-02
2.310284550601473391e-02
2.289510706250405883e-02
2.268919816291618471e-02
2.248510338731346883e-02
2.228280743315909015e-02
2.208229511468424999e-02
2.188355136221539418e-02
2.168656122151797414e-02
2.149130985311382622e-02
2.129778253163584073e-02
2.110596464513562337e-02
2.091584169446854963e-02
2.072739929254145338e-02
2.054062316374976466e-02
2.035549914322842130e-02
2.017201317623591728e-02
1.999015131746378210e-02
1.980989973036462182e-02
1.963124468651548937e-02
1.945417256494279962e-02
1.927866985143146875e-02
1.910472313789559479e-02
1.893231912170489917e-02
1.876144460501790248e-02
1.859208649412593534e-02
1.842423179879104297e-02
1.825786763159045756e-02
1.809298120724603734e-02
1.792955984198968747e-02
1.776759095289038790e-02
1.760706205720161122e-02
1.744796077171794149e-02
1.729027481212129513e-02
1.713399199232338438e-02
1.697910022381692724e-02
1.682558751505779104e-02
1.667344197077247694e-02
1.652265179135511269e-02
1.637320527219411279e-02
1.622509080307562093e-02
1.607829686750207598e-02
1.593281204207122256e-02
1.578862499586622045e-02
1.564572448977462338e-02
1.550409937591749887e-02
1.536373859697474573e-02
1.522463118557574463e-02
1.508676626368972776e-02
1.495013304198857841e-02
1.481472081922764403e-02
1.468051898163894378e-02
1.454751700231492889e-02
1.441570444059805597e-02
1.428507094145758591e-02
1.415560623490021326e-02
1.402730013536969758e-02
1.390014254112072883e-02
1.377412343363955578e-02
1.364923287703984078e-02
1.352546101748614525e-02
1.340279808256016406e-02
1.328123438072740733e-02
1.316076030069963237e-02
1.304136631089176761e-02
1.292304295881698158e-02
1.280578087051085535e-02
1.268957074996948306e-02
1.257440337855861637e-02
1.246026961446779560e-02
1.234716039211313128e-02
1.223506672160625669e-02
1.212397968815870711e-02
1.201389045154949847e-02
1.190479024556143246e-02
1.179667037742844482e-02
1.168952222726838026e-02
1.158333724757500474e-02
1.147810696264238949e-02
1.137382296802542415e-02
1.127047693001145996e-02
1.116806058508701925e-02
1.106656573939241058e-02
1.096598426820383915e-02
1.086630811540033326e-02
1.076752929294764148e-02
1.066963988035949523e-02
1.057263202420195315e-02
1.047649793756706346e-02
1.038122989956597429e-02
1.028682025480632048e-02
1.019326141290561455e-02
1.010054584797913206e-02
1.000866609813747324e-02
9.917614764985838507e-03
9.827384513155025189e-03
9.737968069771920504e-03
9.649358223999983733e-03
9.561547826542924483e-03
9.474529789166963312e-03
9.388297084225172284e-03
9.302842744161897437e-03
9.218159861057895199e-03
9.134241586167532456e-03
9.051081129423921984e-03
8.968671758992815754e-03
8.887006800821358257e-03
8.806079638145510036e-03
8.725883711071176149e-03
8.646412516100645748e-03
8.567659605687619889e-03
8.489618587789521040e-03
8.412283125433810474e-03
8.335646936257259595e-03
8.259703792079275617e-03
8.184447518482709100e-03
8.109871994348117133e-03
8.035971151447121597e-03
7.962738974010943535e-03
7.890169498308684942e-03
7.818256812221776805e-03
7.746995054827958589e-03
7.676378415997897782e-03
7.606401135950648790e-03
7.537057504887031273e-03
7.468341862550185659e-03
7.400248597835216123e-03
7.332772148394223546e-03
7.265907000220800209e-03
7.199647687267767861e-03
7.133988791052235830e-03
7.068924940261510879e-03
7.004450810378496685e-03
6.940561123276321916e-03
6.877250646856595748e-03
6.814514194654842406e-03
6.752346625483281704e-03
6.690742843036395424e-03
6.629697795526982330e-03
6.569206475332667501e-03
6.509263918610700903e-03
6.449865204943408536e-03
6.391005456973633363e-03
6.332679840057683918e-03
6.274883561899853232e-03
6.217611872203197311e-03
6.160860062323780459e-03
6.104623464912061100e-03
6.048897453587463724e-03
5.993677442573366182e-03
5.938958886375160159e-03
5.884737279438329374e-03
5.831008155802922151e-03
5.777767088796204389e-03
5.725009690675918021e-03
5.672731612318903348e-03
5.620928542894369079e-03
5.569596209538053150e-03
5.518730377037158775e-03
5.468326847507723638e-03
5.418381460082190987e-03
5.368890090602936038e-03
5.319848651299158120e-03
5.271253090489521308e-03
5.223099392271033509e-03
5.175383576225664820e-03
5.128101697105554198e-03
5.081249844539349400e-03
5.034824142746177969e-03
4.988820750226508234e-03
4.943235859483956045e-03
4.898065696724504536e-03
4.853306521578982201e-03
4.808954626811147957e-03
4.765006338036529773e-03
4.721458013451943110e-03
4.678306043535813107e-03
4.635546850796556408e-03
4.593176889480452864e-03
4.551192645309890504e-03
4.509590635213108628e-03
4.468367407045201363e-03
4.427519539344416770e-03
4.387043641046427071e-03
4.346936351236710752e-03
4.307194338891207931e-03
4.267814302614600895e-03
4.228792970382652151e-03
4.190127099297326525e-03
4.151813475334138227e-03
4.113848913083068166e-03
4.076230255524322318e-03
4.038954373755502224e-03
4.002018166767137841e-03
3.965418561198240724e-03
3.929152511093596256e-03
3.893216997669113246e-03
3.857609029078345325e-03
3.822325640176553810e-03
3.787363892286145766e-03
3.752720872974667134e-03
3.718393695826175283e-03
3.684379500206929475e-03
3.650675451050243523e-03
3.617278738629819447e-03
3.584186578342392696e-03
3.551396210488383300e-03
3.518904900051564311e-03
3.486709936489862816e-03
3.454808633517792663e-03
3.423198328899162805e-03
3.391876384229624512e-03
3.360840184740830194e-03
3.330087139077591695e-03
3.299614679114847449e-03
3.269420259732789841e-03
3.239501358631815750e-03
3.209855476123772960e-03
3.180480134938118691e-03
3.151372880025111751e-03
3.122531278359593626e-03
3.093952918753102316e-03
3.065635411653690450e-03
3.037576388963689113e-03
3.009773503849577387e-03
2.982224430553085705e-03
2.954926864208520798e-03
2.927878520659351648e-03
2.901077136273758940e-03
2.874520467766944302e-03
2.848206292018252289e-03
2.822132405901310159e-03
2.796296626100737426e-03
2.770696788937758882e-03
2.745330750202406959e-03
2.720196384980845625e-03
2.695291587477927249e-03
2.670614270858711736e-03
2.646162367075327246e-03
2.621933826702833262e-03
2.597926618772990713e-03
2.574138730615118439e-03
2.550568167687359243e-03
2.527212953428106899e-03
2.504071129082019020e-03
2.481140753557353838e-03
2.458419903257433575e-03
2.435906671934083730e-03
2.413599170529592396e-03
2.391495527025674396e-03
2.369593886295083031e-03
2.347892409947165485e-03
2.326389276180024050e-03
2.305082679638666490e-03
2.283970831264988885e-03
2.263051958150883586e-03
2.242324303400181247e-03
2.221786125983774528e-03
2.201435700597752839e-03
2.181271317524575894e-03
2.161291282495868358e-03
2.141493916551637493e-03
2.121877555910003238e-03
2.102440551823552689e-03
2.083181270454675070e-03
2.064098092736927834e-03
2.045189414244453184e-03
2.026453645062233338e-03
2.007889209658857664e-03
1.989494546753754756e-03
1.971268109194463779e-03
1.953208363827983046e-03
1.935313791377390839e-03
1.917582886316353567e-03
1.900014156748400067e-03
1.882606124284376186e-03
1.865357323921208862e-03
1.848266303923086018e-03
1.831331625703275928e-03
1.814551863705727783e-03
1.797925605289208209e-03
1.781451450611734426e-03
1.765128012514380297e-03
1.748953916411547698e-03
1.732927800176535050e-03
1.717048314027758756e-03
1.701314120421902045e-03
1.685723893942072359e-03
1.670276321190487237e-03
1.654970100681065663e-03
1.639803942728969115e-03
1.624776569350790990e-03
1.609886714156568126e-03
1.595133122242848103e-03
1.580514550096674253e-03
1.566029765486200501e-03
1.551677547364576845e-03
1.537456685768140820e-03
1.523365981714639317e-03
1.509404247108672064e-03
1.495570304640836314e-03
1.481862987691938242e-03
1.468281140237574041e-03
1.454823616750591407e-03
1.441489282109639910e-03
1.428277011505918546e-03
1.415185690346160239e-03
1.402214214165100519e-03
1.389361488533123875e-03
1.376626428964726305e-03
1.364007960831145746e-03
1.351505019270485622e-03
1.339116549098867291e-03
1.326841504726730507e-03
1.314678850066854044e-03
1.302627558455359425e-03
1.290686612561716936e-03
1.278855004305687933e-03
1.267131734777461431e-03
1.255515814149944093e-03
1.244006261600376535e-03
1.232602105227661613e-03
1.221302381972570609e-03
1.210106137538255163e-03
1.199012426310757480e-03
1.188020311278528262e-03
1.177128863960350902e-03
1.166337164322690800e-03
1.155644300707026929e-03
1.145049369752310347e-03
1.134551476320818644e-03
1.124149733423582785e-03
1.113843262148378520e-03
1.103631191584291717e-03
1.093512658750332755e-03
1.083486808525427423e-03
1.073552793575357524e-03
1.063709774283016964e-03
1.053956918678669369e-03
1.044293402371236331e-03
1.034718408479426508e-03
1.025231127563726221e-03
1.015830757558903747e-03
1.006516503708656434e-03
9.972875784971205627e-04
9.881432015865004512e-04
9.790825997482274692e-04
9.701050068025086123e-04
9.612096635519238891e-04
9.523958177194381466e-04
9.436627238852649414e-04
9.350096434247077114e-04
9.264358444472051710e-04
9.179406017344745412e-04
9.095231966814685013e-04
9.011829172347256105e-04
8.929190578338842138e-04
8.847309193538066465e-04
8.766178090447828818e-04
8.685790404744756247e-04
8.606139334721108966e-04
8.527218140715118848e-04
8.449020144536611640e-04
8.371538728927047177e-04
8.294767336980033920e-04
8.218699471631464451e-04
8.143328695078535986e-04
8.068648628269917307e-04
7.994652950360935009e-04
7.921335398190416672e-04
7.848689765740080558e-04
7.776709903650830735e-04
7.705389718674529164e-04
7.634723173182011860e-04
7.564704284651902746e-04
7.495327125174785230e-04
7.426585820953999746e-04
7.358474551816638221e-04
7.290987550723622380e-04
7.224119103290471211e-04
7.157863547308314540e-04
7.092215272266602297e-04
7.027168718890093807e-04
6.962718378659200251e-04
6.898858793372201169e-04
6.835584554668453546e-04
6.772890303580034101e-04
6.710770730086329516e-04
6.649220572665825090e-04
6.588234617855173812e-04
6.527807699824302945e-04
6.467934699915372241e-04
6.408610546248283716e-04
6.349830213264862468e-04
6.291588721331099754e-04
6.233881136299774996e-04
6.176702569111987631e-04
6.120048175382356535e-04
6.063913154989706601e-04
6.008292751673502668e-04
5.953182252641082105e-04
5.898576988169646363e-04
5.844472331207828603e-04
5.790863696997693112e-04
5.737746542680911875e-04
5.685116366921052393e-04
5.632968709530370354e-04
5.581299151090052648e-04
5.530103312573538422e-04
5.479376854989318922e-04
5.429115479012989630e-04
5.379314924617477692e-04
5.329970970734880346e-04
