1.000000000000000072e-18
1.000000000000000072e-18
1.000000000000000072e-18
1.000000000000000072e-18
1.000000000000000072e-18
1.000000000000000072e-18
1.000000000000000072e-18
1.000000000000000072e-18
1.000000000000000072e-18
1.000000000000000072e-18
1.000000000000000072e-18
1.000000000000000072e-18
1.000000000000000072e-18
1.000000000000000072e-18
1.000000000000000072e-18
1.000000000000000072e-18
1.000000000000000072e-18
1.000000000000000072e-18
1.000000000000000072e-18
1.000000000000000072e-18
1.000000000000000072e-18
1.000000000000000072e-18
1.000000000000000072e-18
1.000000000000000072e-18
1.000000000000000072e-18
1.000000000000000072e-18
1.000000000000000072e-18
1.000000000000000072e-18
1.000000000000000072e-18
1.000000000000000072e-18
1.000000000000000072e-18
1.000000000000000072e-18
1.000000000000000072e-18
1.355599333338647208e-05
6.355518943608901017e-02
3.097391097750550326e-01
3.474489456256240616e-01
1.836478357852115995e-01
5.363248436986146617e-01
2.771373400252013508e-01
4.258961398199157533e-01
7.335773854155599460e-01
3.902775061625816666e-01
3.386155195793102979e-01
5.091657074624189594e-01
6.590630781071945554e-01
6.613675392822017107e-01
5.546081688996162828e-01
4.355821571416335636e-01
3.693760628944619540e-01
3.693760628944619540e-01
4.355821571416335636e-01
5.546081688996162828e-01
6.613675392821355414e-01
6.590630781071266098e-01
5.091657074623699986e-01
3.386155195793102979e-01
3.902775061625816666e-01
7.335773854155599460e-01
4.258961398199157533e-01
2.771373400252208907e-01
5.363248436987246848e-01
1.836478357852112109e-01
3.474489456256240616e-01
3.097391097750550326e-01
6.355518943608901017e-02
1.355599333338647208e-05
1.000000000000000072e-18
1.000000000000000072e-18
1.000000000000000072e-18
1.000000000000000072e-18
1.000000000000000072e-18
1.000000000000000072e-18
1.000000000000000072e-18
1.000000000000000072e-18
1.000000000000000072e-18
1.000000000000000072e-18
1.000000000000000072e-18
1.000000000000000072e-18
1.000000000000000072e-18
1.000000000000000072e-18
1.000000000000000072e-18
1.000000000000000072e-18
1.000000000000000072e-18
1.000000000000000072e-18
1.000000000000000072e-18
1.000000000000000072e-18
1.000000000000000072e-18
1.000000000000000072e-18
1.000000000000000072e-18
1.000000000000000072e-18
1.000000000000000072e-18
1.000000000000000072e-18
1.000000000000000072e-18
1.000000000000000072e-18
1.000000000000000072e-18
1.000000000000000072e-18
1.000000000000000072e-18
1.000000000000000072e-18
1.000000000000000072e-18
2.116182305769132500e-12
4.075632425871593238e-03
3.876160789236491581e-12
3.145690042702152076e-18
7.939531624049050995e-02
5.581749386293248039e-04
4.040510528008727648e-03
3.350107648236341218e-01
1.035232429326070703e-14
3.290801795699779914e-12
5.217050474814919139e-03
3.182602769991506320e-02
4.295305950101859296e-03
3.906795266606693797e-09
8.263466915724869410e-02
5.888379309835002576e-07
8.832141462239218640e-04
3.139600185991210778e-06
1.103364054893397721e-02
6.788368897816739710e-03
4.744271042428739767e-03
5.137097164300289710e-03
8.914463364888422503e-03
1.523544905971064602e-03
1.197759653847567211e-02
3.788355559697834801e-02
1.087955854477530987e-01
3.307508320850663982e-03
1.412844625048825624e-02
6.967955314697719775e-03
1.586336937879789799e-02
2.167172891130381834e-02
1.353092679867668596e-02
1.064767202819148495e-01
2.389767322527805091e-02
1.291911804222465876e-01
1.906248592014337870e-02
1.566429887123546236e-02
1.340515232196007669e-02
1.891885132134864603e-02
3.897603349139982382e-02
1.743462214194659021e-02
2.754266806261153333e-02
3.094140493714137713e-02
4.737480662127736553e-01
1.614118066765651491e-02
2.667871894673523245e-02
4.400127022407499672e-02
7.271397131195891927e-02
3.653264243948554924e-02
6.903543583993271282e-02
4.034485520848206386e-02
1.240567213452176965e-01
1.543014417173764474e-01
7.799039080389044698e-02
6.893775976749125234e-02
5.234475185734045743e-02
1.030943333573524912e-01
5.375604180128146919e-02
2.655547228024816575e-01
5.982981458420747467e-01
7.965398562209105582e-02
4.521461017007395722e-02
1.302798383783673186e-01
5.530320527765719002e-02
7.151947328992979136e-01
1.263385550604564367e-01
3.126337323196826806e-02
2.338196100924482268e-01
2.522913383511991015e-01
3.150405598215045289e-01
5.985300963877825120e-02
7.018517033224198898e-02
3.586127249874267175e-02
4.640043391318594002e-01
6.477471386950139909e-02
3.157527799011748404e-01
7.203271051909863887e-02
5.073783636446369677e-02
5.124365493318766562e-02
7.006484434757262458e-02
6.172617295647245816e-01
1.147183445643841365e-01
6.459649257042131276e-02
1.204282615835951670e-01
8.959048261020299830e-02
7.674369386085903855e-02
1.418983300773871692e-01
8.676541001201371062e-02
8.452028893829603706e-02
1.132188984627893746e-01
8.601851462021931072e-02
1.232058347507860585e-01
9.299695061209417579e-02
8.737891755064983168e-02
1.235626634995377060e-01
1.320586392972024070e-01
2.039872877853564082e-01
4.197166657727108841e-01
9.253502385410421194e-02
6.223338031147567229e-01
8.733448722477525905e-01
1.768670657017390735e-01
1.032570562874264852e-01
1.149760351246452844e-01
2.093264193535324946e-01
1.177798364236614798e-01
7.347678277063320051e-02
1.096981684628334230e-01
2.091852521362766448e-01
8.963093756591203887e-01
5.622740067331468694e-01
1.244538158680878193e-01
1.656600913875869718e-01
1.001268225404603918e+00
1.915200832986462265e-01
1.263356501197574477e-01
7.794232372363970596e-01
1.317853327827628318e-01
1.266946777807174129e-01
1.361398008920254865e-01
1.273111519883404208e-01
9.624997016552747642e-01
6.570035712251651727e-01
8.606141670154209278e-01
3.240889748590389252e-01
8.535243231898856919e-01
9.410038956167766644e-01
1.239558918295506906e-01
1.241697512888927379e-01
1.334594712872350653e-01
2.732151152520653770e-01
3.799708620553775631e-03
7.874451966990499985e-01
5.093595728708409931e-01
6.901665023963137434e-03
2.546301179886192312e-01
5.691110325678544468e-01
7.738066883452010547e-01
1.485474845753711748e-01
1.310979836414578603e-01
3.198529469544954956e-02
5.523872080305262250e-02
8.206497798655933984e-01
2.389781660077995910e-15
3.750843315824491792e-03
2.248414897235258468e-16
2.771207433242683882e-10
1.857646681892573537e-01
8.448187959364964472e-01
1.784022584490009278e-01
1.731353140051384021e-01
2.200279249090394173e-08
4.789025038008229429e-01
1.895993156434510437e-13
1.193049767874307387e-02
1.085770148925046218e-02
1.054773794060805646e-02
2.993988982899296186e-03
5.258464081051453243e-02
6.745103428041797876e-03
6.996924629115058511e-03
2.892471231952571816e-04
1.681205203844202221e-03
6.793272947351466917e-02
9.740796851106231502e-01
2.119376631370409603e-01
1.263118766999588305e-01
6.988550509267339450e-01
1.752835091461586725e-01
2.269658988277112321e-01
9.512785245735403405e-01
2.202345904351808714e-01
1.788714367131616079e-01
1.611980015553942658e-01
1.875759681887627095e-01
4.252766311708782720e-01
2.223178138981005414e-01
2.076878002540361590e-01
3.710474058208713122e-01
2.429577535160793167e-01
2.788404417465861762e-01
5.855554711126937928e-01
1.696354735571389549e-01
2.029417380813584582e-01
2.562822377697313581e-01
1.911018191416547218e-01
9.367435622792186223e-01
1.997715308262573708e-01
7.297335434870169113e-01
6.251354278734853054e-01
2.436288862093204111e-01
6.627858043104112355e-10
5.927223315069675504e-11
9.933710922660426990e-01
7.357607226499008300e-03
3.581707955196727217e-02
5.206932677883698880e-03
1.554415090988792991e-01
1.080192274930826500e-02
2.935502642581697685e-01
1.988300360246240614e-02
3.576259609875567791e-02
2.900489373260392231e-02
6.138785852928995146e-01
2.458311119083195495e-01
2.060565492652606523e-02
1.576198358983285988e-02
1.756978107182457782e-01
5.623371504232220486e-03
7.145675629804085389e-03
6.514079232941685227e-01
1.218341802084638437e-01
2.592625429515605165e-02
3.003722653605303897e-02
1.039427046548205696e-01
8.313591089736307449e-01
9.507618025131650899e-03
8.074564142251469678e-02
1.003170249305477407e-01
2.885235203477515831e-01
2.671910636124810723e-01
2.258614045205156462e-01
2.283440955957395657e-01
3.061759939968137709e-02
3.835854140985379274e-02
4.285873167714911169e-02
1.355266687793326985e-01
7.280958853845724832e-01
1.946622156517312796e-01
3.234223812386771008e-02
1.037927580744444356e-01
1.312361621337351791e-01
9.995914802981173963e-01
2.093520078632291614e-01
1.257099115494423047e-01
9.268235841445446876e-01
2.923480171648382697e-01
2.235297036371681478e-01
5.506758241248567165e-01
3.134194251368805917e-01
9.890770944298215017e-01
3.302513540023452876e-01
8.223923571070980154e-01
5.946333607182863190e-01
4.071612419769568558e-01
9.820639669152534390e-01
9.990961802685686122e-01
3.293817711672280546e-01
6.194093635810691278e-01
3.961175852765402294e-01
2.116665493273280907e-01
2.655037758624751998e-01
7.412128886269314654e-01
3.332136011684052046e-01
9.826073258345331407e-01
2.829325202595349767e-02
2.925998222759317730e-02
9.153038927220921162e-01
1.859567600061425852e-01
4.676024746391010262e-02
1.020448140301195988e-01
5.372393975128229165e-02
9.132853112988674749e-01
2.551677133856370405e-01
1.419104928411722422e-01
7.184750585424735936e-02
7.935934032582611097e-01
2.862853086074592102e-01
4.103413066346052462e-02
1.769286137925299152e-01
4.213378722453844927e-02
2.129602047057231051e-01
5.540455098064458322e-02
1.357608511218856284e-01
6.227615177191527795e-01
5.380393753579689603e-02
6.445086561731687425e-02
1.059540624634284500e-01
5.517009584000183431e-02
1.000953120432452215e+00
2.993060998472708567e-01
9.513500254590406824e-01
1.001210227459859103e+00
5.495583573763960228e-01
1.278400968713065966e-01
4.268522950200435151e-01
5.252851300720350058e-02
8.115321159249632155e-01
1.538336556282495216e-01
4.543685748890564091e-01
9.978096782088330396e-01
7.723265599556075056e-01
6.333945995510277260e-01
2.853225519003366184e-01
7.040579587007216311e-01
6.148811296018458217e-02
5.358444972686696728e-01
2.974588581313236113e-01
9.340310888204069739e-01
1.117752309364266755e-01
8.717159715910777207e-02
1.297250476333247360e-01
9.355085066546943440e-02
3.821193452145945080e-01
1.270194003970056551e-01
8.878447034429258478e-02
9.783298551855676983e-01
2.549370262895270245e-01
8.278951702832609838e-02
8.263741295505010187e-02
7.908718865891055383e-02
5.763924794430622667e-01
3.676491994196897095e-01
1.144916773133804744e-01
8.199870841996366455e-02
8.136963487995911848e-01
1.630966248467333457e-01
8.601387031707569131e-01
1.194487914806764001e-01
8.158712239046381764e-01
8.738493786150174081e-02
9.287517819965707133e-02
7.696939835413607600e-02
4.833612239804427335e-01
8.039680592353940503e-01
4.358093434790032417e-01
9.706993847137069809e-01
8.494448695608647348e-01
5.430082809699423585e-01
5.771556541239827309e-01
3.070580399913769298e-01
3.711705866818744148e-01
2.470900171404226131e-01
2.017536064905069981e-01
2.024399131489486026e-01
8.876514419498754416e-01
5.260029395737116920e-01
7.022634009320926074e-01
3.299093842346012551e-01
5.903314609146455005e-01
4.441530578897446846e-01
4.872301674069609012e-01
5.308500154034119234e-01
9.572125743846084944e-01
3.745964098737429304e-01
9.773863590601133966e-01
9.778898318897057962e-01
3.092737911750580992e-01
9.858210048571166562e-01
8.705069500890482148e-01
4.661696560676982237e-01
3.435583854681009686e-01
1.031618808457230724e-01
1.040014033630694973e-01
1.074317589018772556e-01
1.461733532424200621e-01
1.374350705649768911e-01
1.583003304694861058e-01
9.349477621317419107e-01
1.408268583091277504e-01
8.870073388751188448e-01
1.306755179308143888e-01
1.439401674611691107e-01
2.561369241348419035e-01
3.848359763885480511e-01
1.370327132769088574e-01
1.314981098716743180e-01
3.287123259694095245e-01
1.804907825080250272e-01
1.564457789397667442e-01
1.001445424504265214e+00
2.648092487880882029e-01
1.113671522025022481e-01
9.554952867735135857e-01
1.302165558450288918e-01
9.572866840601452765e-01
9.407890761760498988e-01
5.598202906686184921e-01
8.332614002547632515e-01
1.169876997947218340e-02
5.243592277649290756e-03
1.564053581373662030e-02
1.642896098219238932e-02
7.553706607868370115e-01
3.546644444564092113e-01
3.748039310241867983e-01
9.937436413346822928e-01
1.536100742833591271e-01
1.748618065534628951e-01
3.674573559768133379e-01
9.069360309872723791e-01
5.350698292029982817e-01
3.871609668535508364e-01
9.137564490000772421e-01
3.809455655699149346e-01
3.718813197575178142e-01
8.834192336172246307e-01
9.927371874090297199e-01
8.108442340277075555e-01
8.967741269149561711e-01
4.829880010626720899e-01
3.691106633166174600e-01
9.961849984036841299e-01
6.378578820320408849e-02
2.956570841927299784e-02
2.847237138196034162e-02
5.534578431058800874e-02
1.663661890876618199e-01
8.962565321380881744e-02
2.402018489265885237e-01
7.397680039245940753e-01
3.827813677542820647e-01
5.705242345875319865e-01
4.176649173652418057e-01
4.246753478385083547e-01
4.698578407728814521e-01
4.770967492994413472e-01
4.075693044096766471e-01
1.746377565454891312e-01
5.801759863738492617e-01
9.343106616541291265e-01
4.030595376309321076e-01
3.985374663261130324e-01
1.767594467939088698e-01
3.045381817762143895e-01
2.623601429560901699e-01
2.243026547938753446e-01
1.621891051825790353e-01
1.586031278393536803e-01
1.797875639435836392e-01
2.399899728074536831e-01
4.683208197812144258e-01
1.850895394455102649e-01
1.945313961688668603e-01
2.624455116337091609e-01
1.960132476316236994e-01
5.469052611871950687e-01
3.375632710506753509e-01
3.660738888055616314e-01
3.917624858110469455e-01
4.031801735241348217e-01
3.805056281419308961e-01
4.653150964188211836e-01
9.929457634736372773e-01
8.187461726607354606e-01
9.939851755940963818e-01
3.622577028229541640e-01
4.330324469131694443e-01
3.637783490149025800e-01
8.435683429901391639e-01
4.325893790357609459e-01
1.229432418096745860e-01
1.131903227462196793e-01
6.298856986800559499e-01
2.238297406224924180e-01
8.084412139356854654e-01
9.834810025621582019e-01
4.098041591495448777e-01
9.397165967350900040e-01
7.973332690656824706e-01
9.780953682834272467e-01
4.588743620863864892e-01
6.134671433703932086e-01
6.749012710503736745e-01
5.613398067333014163e-01
9.186684310179100699e-01
4.212305859547043063e-01
4.194378425803560462e-01
6.674061533808478552e-01
9.327457660997645617e-01
3.944520155205235579e-01
5.487854351677997622e-01
5.952459800487673869e-01
8.487865632262860949e-01
9.176704399205858342e-01
4.549884385373189066e-01
9.409457204484825699e-01
2.259578134043296049e-01
6.811068395490217364e-01
4.824524691752702932e-01
3.241172618565700825e-01
3.090848391542351248e-01
4.012745707929191719e-01
3.626485790577522184e-01
5.284066268848440773e-01
4.319239238307772122e-01
9.877206308348932540e-01
4.553417848347399710e-01
1.979644818209900514e-01
1.697936023504623693e-01
1.758209430311023502e-01
2.544241590742396530e-01
7.666811764208053548e-01
6.443193556443943537e-01
2.288128490555702554e-01
9.234328938376950013e-01
4.874152392537901002e-01
2.735666993638739553e-01
8.974190319449716347e-01
4.079232319847472255e-01
5.578108631192073563e-01
5.791265333252856307e-01
4.577624499249366430e-01
5.150105490764356198e-01
5.620563709860503243e-01
3.327514087918149732e-01
2.673393973288480940e-01
7.486844600995596899e-01
7.630849338560731221e-01
9.640867016348317886e-01
4.716093323747944099e-01
7.470353718255999809e-01
4.791491752295611861e-01
4.120926128265941513e-01
2.545584142725573207e-01
4.792446119226216883e-01
5.781353403832492077e-01
4.540335821534137728e-01
9.465562361665391666e-01
6.847446582537199955e-01
3.975191524290144773e-01
2.849345693391889256e-01
3.520178372680914936e-01
7.556237649816444080e-01
9.110717491958880698e-01
6.817624553057014536e-01
9.930415769688603067e-01
4.163128559914844873e-01
9.944642565883666796e-01
5.352986813243839626e-01
4.437944790487385327e-01
9.237337840409587386e-01
7.608057743710517906e-01
4.460522743944263513e-01
5.852242500942743675e-01
4.211284929084991857e-01
5.453551117185381214e-01
9.483184118177147015e-01
4.954602373680066507e-01
8.131930650704920494e-01
9.653886206291422134e-01
5.788522080124239855e-01
9.601164912317331490e-01
6.245544899874870826e-01
4.509254294611604874e-01
4.436971279579580152e-01
9.599980190392981561e-01
9.780338101193818412e-01
5.957456382578932841e-01
8.981337502776317594e-01
7.590601941750403370e-01
9.068163703912844875e-01
2.789274663255567055e-01
8.305647902931010407e-01
7.771636401177054454e-01
9.605481238736213179e-01
5.430201987860651114e-01
9.551029397575429014e-01
9.839948682977709415e-01
6.776582909373284336e-01
8.867088739063878622e-01
5.488076685733697113e-01
2.834285132902213400e-01
5.549080530702181768e-01
9.356460387019214231e-01
7.490289474161009320e-01
4.412698113047662796e-01
5.439095483059492864e-01
9.490097992963230089e-01
4.747267920751696568e-01
5.373266749761866912e-01
9.428773826754567322e-01
9.554810447238846205e-01
7.963535400598419356e-01
9.294420077710452421e-01
4.474546317537309581e-01
8.408124623748611803e-01
6.473877293165886115e-01
5.129440818601557206e-01
9.862410021261821536e-01
7.386703997421161239e-01
9.064338388786141731e-01
6.330166896781899144e-01
3.167796211254588212e-01
5.917805727745493183e-01
3.427339122377119907e-01
9.295643645965224744e-01
3.614182812684890722e-01
9.108229496885497101e-01
3.340119899142463544e-01
3.439903501570163447e-01
5.164644389000349056e-01
6.786702339507575399e-01
7.537249225605157088e-01
6.944090980327799478e-01
9.579383315548286593e-01
9.839010782504713504e-01
9.762171099322863865e-01
9.794843056985910179e-01
8.977559216234239914e-01
9.956450643837948533e-01
8.135695454424386464e-01
9.938094192155931816e-01
8.565833290594031535e-01
4.948295184145784509e-01
9.921286083839071512e-01
4.795385782271944231e-01
7.446489234994422279e-01
9.715217642410511889e-01
8.483909989701429177e-01
9.394000874170069793e-01
5.011001447740627279e-01
7.251720348103412039e-01
4.953938207648130865e-01
4.566549952326893758e-01
5.308229895227603023e-01
5.245317202344893515e-01
6.737544258130556685e-01
5.080160194338918522e-01
5.267643170305114086e-01
4.635923786917647837e-01
6.456841900196403916e-01
6.544352511922347793e-01
6.087284207321457252e-01
9.606659812197168025e-01
4.274902913216306888e-01
4.595407697932637481e-01
8.663843701460333113e-01
8.654011046061160783e-01
8.555639966936117169e-01
8.355179250909267052e-01
8.204270875432327914e-01
3.443666722677316550e-01
9.912380639374325231e-01
7.723368388307682020e-01
4.522155104967606754e-01
6.171094238197373238e-01
4.952041001134542819e-01
5.834967668416413122e-01
4.722428603582377038e-01
9.988596306433598082e-01
4.459839737881740596e-01
8.327420964785846591e-01
5.006052213341811719e-01
5.619410479600821517e-01
4.719585810886750554e-01
5.660233887565593314e-01
8.033827798181695234e-01
5.723888813897007877e-01
7.897822051008830391e-01
4.439844361814136997e-01
5.444023416445221697e-01
4.784174470399050749e-01
8.048129133932422352e-01
9.106563084923382512e-01
5.738265259256225548e-01
5.624626360376772105e-01
7.940260945703456752e-01
9.406962293477465487e-01
8.943064683318753261e-01
9.138923327260832785e-01
5.090597611898092234e-01
7.155918623016046531e-01
8.082608333033443060e-01
1.000132376679882640e+00
5.839038937060591072e-01
4.387066926797128508e-01
3.698693039032766583e-01
7.303061067844164311e-01
8.948671888312763611e-01
8.373162825742330728e-01
6.812678773896844175e-01
5.725838279799644326e-01
8.108684671144839040e-01
4.862324499535711220e-01
5.962458006033424240e-01
4.670922675404797220e-01
9.926025063414235516e-01
9.424656912422983979e-01
9.933316455636912456e-01
9.994808327833074602e-01
9.313292581643439760e-01
8.060865429156024442e-01
3.904190495911262215e-01
8.117091047920136360e-01
7.000640698552076380e-01
7.607628380546009872e-01
3.789802992405607585e-01
9.063369916514087965e-01
9.824389778651058114e-01
9.098028717750524796e-01
5.651829315920108288e-01
9.421739898918208844e-01
9.299590071616423703e-01
7.782387376428010484e-01
7.615752187213725710e-01
5.078767853386025877e-01
9.947129639813950819e-01
4.486404577812064809e-01
6.115557023076183540e-01
7.198862571257096388e-01
4.219181666831521293e-01
5.163570863511836029e-01
4.436117871593693862e-01
5.769579526656626323e-01
7.606202642374991774e-01
8.527706939436060507e-01
7.707676542126666863e-01
4.568442805899430303e-01
4.386208016701359513e-01
8.714050015838412655e-01
4.750137226614484232e-01
4.964139237717207220e-01
4.386361501008841923e-01
9.976677120094471496e-01
5.025970261360274138e-01
9.253727566853562347e-01
5.716540966437660964e-01
8.412099642063354255e-01
5.845681377060154560e-01
9.801633745881352944e-01
4.510736796014754302e-01
4.061966100966939996e-01
8.593295280576300765e-01
4.953905653207626436e-01
5.540691631209573309e-01
3.989787269463426767e-01
5.507157752689807451e-01
5.152521245205694544e-01
3.680117844894505996e-01
6.095603879398967528e-01
8.854051058456363643e-01
3.731924789220877892e-01
7.318944174428581029e-01
4.312462364683768978e-01
5.886898444011122722e-01
9.744945016414550132e-01
6.384858143826059873e-01
8.010609837426119206e-01
7.717299852908474644e-01
6.390949487628867498e-01
8.955433846003170162e-01
7.940145043214639209e-01
9.061896764603943888e-01
7.021405602788579614e-01
4.961652291214632138e-01
9.977916865484600661e-01
5.134907868690545829e-01
5.461496814089914498e-01
6.400818339115627031e-01
7.404599598254880677e-01
4.013092196898657704e-01
9.083532977201840275e-01
9.261503224484164409e-01
9.399791012882316998e-01
3.878888972867642337e-01
4.053156099881047303e-01
4.163848819408548785e-01
6.103406423373147760e-01
4.513904279702816158e-01
9.627042618302817933e-01
8.093845368238022919e-01
7.672991793601480204e-01
7.327391061991245236e-01
7.776950198637325729e-01
8.752980411368277425e-01
5.713668537780896006e-01
5.165566584879197620e-01
7.294172857345513350e-01
4.078505629221392814e-01
8.566057857059352632e-01
4.788334256242388620e-01
9.263609349722006225e-01
7.390043988217929183e-01
8.025761497708192582e-01
9.321719315878258527e-01
9.186485312271231995e-01
6.189511496022533921e-01
7.437664927495017952e-01
8.648818729486207335e-01
9.772824899812417865e-01
7.992687756547939282e-01
9.544913770038836454e-01
3.213137731553222243e-01
8.413634792078017455e-01
3.457428547057554979e-01
6.721767759178539636e-01
2.759614192031039082e-01
2.525291633529779256e-01
6.577934121048046867e-01
5.139738200811102553e-01
3.117445494162287556e-01
8.778639757807972233e-01
7.143293372552953491e-01
3.572558592404156963e-01
7.529778951685691668e-01
2.924196712371489038e-01
6.291293235148583962e-01
9.625482271470460205e-01
2.452519111300587463e-03
1.001657467101879639e+00
1.042004063088432242e-01
1.001655837988906006e+00
3.290591895128130995e-01
1.001653119263212766e+00
5.289293900353150280e-01
6.663785660196274163e-01
1.001644389528679957e+00
7.566510260096434015e-01
1.001638361367351626e+00
8.168382163796134021e-01
1.001631209217131557e+00
1.001591041521317171e+00
9.251239186369818457e-01
1.001602855227796907e+00
8.582070271982636944e-01
9.090245234577818412e-01
1.001613473876710847e+00
8.875656243499919773e-01
9.374805740057273740e-01
1.001563730200446978e+00
9.548605750364586031e-01
1.001548176377169197e+00
9.610929174385631768e-01
1.001531314829127606e+00
9.471545561318345241e-01
9.662013707521844852e-01
1.001493523181482326e+00
9.739906863931082626e-01
1.001472512092879796e+00
9.769967215339807609e-01
9.704386331393501930e-01
1.001649305603484752e+00
1.001450030922490297e+00
1.001622918894901293e+00
2.452519111226668293e-03
9.795624990618936323e-01
1.001657467101908949e+00
1.042004063084175230e-01
1.001655837988840503e+00
1.001578008745819259e+00
9.817694880559305615e-01
1.001400455518215438e+00
1.001373249387500275e+00
9.836812333477280568e-01
9.853478666020830667e-01
1.001344348821670449e+00
3.290591895086363849e-01
1.001653119263352876e+00
7.566510260109664543e-01
1.001644389528694612e+00
5.289293900300902074e-01
1.001638361367366059e+00
6.663785660254095689e-01
9.868093520112867223e-01
8.168382163800291806e-01
1.001631209217166862e+00
1.001513110024031983e+00
1.001281188078547713e+00
9.892394929550254457e-01
1.001246776041895048e+00
9.880978548933787575e-01
9.902556468503133091e-01
8.582070271980222209e-01
1.001602855227804456e+00
9.090245234576970201e-01
1.001613473876722837e+00
8.875656243496767850e-01
9.251239186369042411e-01
1.001210365029871818e+00
1.001591041521318726e+00
1.001426029987917854e+00
9.911639519714885438e-01
9.374805740054940051e-01
9.610929174384920115e-01
1.001548176377172750e+00
9.548605750365706246e-01
1.001563730200448976e+00
1.001531314829132047e+00
9.471545561317271655e-01
9.927132086629327778e-01
1.001131172703003225e+00
1.001313686075729459e+00
1.001088186260394641e+00
9.919790568411305243e-01
9.933767095142732595e-01
1.001042789372841968e+00
9.662013707521619477e-01
9.769967215339583344e-01
1.001472512092879130e+00
9.739906863930457570e-01
1.001493523181480994e+00
9.704386331394181386e-01
1.001450030922488965e+00
1.001649305603475426e+00
9.939782747635478310e-01
9.795624990618730932e-01
1.000944259032665151e+00
9.950241719447031619e-01
1.000890847496548552e+00
1.001622918894897518e+00
1.001578008745817039e+00
9.836812333477404913e-01
1.001373249387498499e+00
9.853478666020853982e-01
1.001400455518219212e+00
9.817694880559345583e-01
1.001344348821672448e+00
9.868093520112838357e-01
9.945253168967308488e-01
9.954802813790166738e-01
1.000834467528649574e+00
1.001513110024032871e+00
9.958983391932668683e-01
9.969622959105384208e-01
1.000645758378235550e+00
9.966360348073779463e-01
1.000712113267483216e+00
9.880978548933790906e-01
1.001281188078552375e+00
9.892394929550217819e-01
1.001426029987916522e+00
1.001246776041901265e+00
9.902556468503159737e-01
1.000575671082484464e+00
1.001210365029873373e+00
1.001313686075727682e+00
9.911639519714856572e-01
1.001131172703006778e+00
9.927132086629353314e-01
9.962824115693371674e-01
9.972638992436140271e-01
1.000423347409201025e+00
9.978023602117171986e-01
1.000340582643822751e+00
9.980431681192714066e-01
1.000253024335187702e+00
9.919790568411387399e-01
9.975432219457658345e-01
1.001088186260394641e+00
9.982672903425798827e-01
9.986711712846566558e-01
9.999581652504762053e-01
1.000062189288857484e+00
9.933767095142698178e-01
1.001042789372840858e+00
9.939782747635501625e-01
9.988534012377352500e-01
9.998478460305427751e-01
9.984761898258490698e-01
9.990239251418694399e-01
9.996064010752446771e-01
9.993335175164748119e-01
9.994741940504300315e-01
9.994741940504292543e-01
1.000944259032666928e+00
9.945253168967301827e-01
9.950241719447047162e-01
1.000890847496550773e+00
9.993335175164750339e-01
9.988534012377352500e-01
9.998478460305411097e-01
9.999581652504809792e-01
9.990239251418704391e-01
9.986711712846569888e-01
1.000160345543442686e+00
1.000834467528648464e+00
9.997307629182696775e-01
9.991836820984174583e-01
9.996064010752439000e-01
1.000712113267483661e+00
9.966360348073769471e-01
1.000062189288853931e+00
9.982672903425788835e-01
1.000253024335186147e+00
9.978023602117181978e-01
1.000340582643824749e+00
9.980431681192730720e-01
9.969622959105374216e-01
1.000575671082483353e+00
1.000501618454882502e+00
1.000774950347995684e+00
9.958983391932675344e-01
1.000423347409198582e+00
9.954802813790140092e-01
9.984761898258520674e-01
1.000645758378234662e+00
9.972638992436104743e-01
9.962824115693397209e-01
9.997307629182696775e-01
9.991836820984193457e-01
9.975432219457726069e-01
1.000160345543441798e+00
1.000774950347996128e+00
1.000501618454882502e+00
1.000994858193332337e+00
1.001171863484549895e+00
1.000994858193332337e+00
1.000000000000000072e-18
