1.000000000000000072e-18
1.000000000000000072e-18
1.000000000000000072e-18
1.000000000000000072e-18
1.000000000000000072e-18
1.000000000000000072e-18
1.000000000000000072e-18
1.000000000000000072e-18
1.000000000000000072e-18
1.000000000000000072e-18
1.000000000000000072e-18
1.000000000000000072e-18
1.000000000000000072e-18
1.000000000000000072e-18
1.000000000000000072e-18
1.000000000000000072e-18
1.000000000000000072e-18
1.000000000000000072e-18
1.000000000000000072e-18
1.000000000000000072e-18
1.000000000000000072e-18
1.000000000000000072e-18
1.000000000000000072e-18
1.000000000000000072e-18
1.000000000000000072e-18
1.000000000000000072e-18
1.000000000000000072e-18
1.000000000000000072e-18
1.000000000000000072e-18
1.000000000000000072e-18
1.000000000000000072e-18
1.000000000000000072e-18
1.000000000000000072e-18
8.828246451492733327e-07
7.104895421178283876e-02
3.305734008913289723e-01
2.989061858034021690e-01
1.914556398882956423e-01
4.794616091582660777e-01
2.985374237516466578e-01
4.201729463113589302e-01
7.651615021947899553e-01
4.160427416223902441e-01
3.603858737084784658e-01
5.253914407884968663e-01
6.650694982278627654e-01
6.705407504929782325e-01
5.739163929344743842e-01
4.597016748834315547e-01
3.938492579404860860e-01
3.938492579404860860e-01
4.597016748834315547e-01
5.739163929344743842e-01
6.705407504929182805e-01
6.650694982277997047e-01
5.253914407884521243e-01
3.603858737084784658e-01
4.160427416223902441e-01
7.651615021947899553e-01
4.201729463113589302e-01
2.985374237516676410e-01
4.794616091583445705e-01
1.914556398882933108e-01
2.989061858034021690e-01
3.305734008913289723e-01
7.104895421178283876e-02
8.828246451492733327e-07
1.000000000000000072e-18
1.000000000000000072e-18
1.000000000000000072e-18
1.000000000000000072e-18
1.000000000000000072e-18
1.000000000000000072e-18
1.000000000000000072e-18
1.000000000000000072e-18
1.000000000000000072e-18
1.000000000000000072e-18
1.000000000000000072e-18
1.000000000000000072e-18
1.000000000000000072e-18
1.000000000000000072e-18
1.000000000000000072e-18
1.000000000000000072e-18
1.000000000000000072e-18
1.000000000000000072e-18
1.000000000000000072e-18
1.000000000000000072e-18
1.000000000000000072e-18
1.000000000000000072e-18
1.000000000000000072e-18
1.000000000000000072e-18
1.000000000000000072e-18
1.000000000000000072e-18
1.000000000000000072e-18
1.000000000000000072e-18
1.000000000000000072e-18
1.000000000000000072e-18
1.000000000000000072e-18
1.000000000000000072e-18
1.000000000000000072e-18
2.154383068450105739e-12
3.616502827613344347e-03
3.865569189069956079e-12
3.847420544949419992e-18
2.591468735289227492e-03
2.995066048418440919e-04
3.227872126280059446e-03
2.757024645752875931e-03
1.184495251193513069e-14
3.300837446245959577e-12
4.579026528250424236e-03
2.950513637560150601e-03
3.540954149025184357e-03
2.428115617994013826e-09
9.188234267944447864e-02
1.365004437841103408e-07
5.019894242510839107e-04
4.025852715936562281e-07
1.074291399827623922e-02
5.146401922210232759e-03
4.056942214724407539e-03
6.134401023914469626e-03
1.041890370158091508e-02
4.198876181840756794e-04
1.399027704530869318e-02
1.373457757555460526e-02
1.153911442134179510e-01
2.742904020612148275e-03
1.354542725672450154e-02
5.033874153682959401e-03
1.795167048287434411e-02
2.173954556457465687e-02
1.575557266021988811e-02
1.128183563121254313e-01
2.739440229442970803e-02
4.634029490044511840e-02
2.203450927480758367e-02
1.777044739261508799e-02
1.563700985850503822e-02
1.835805151938539256e-02
4.408361853512927225e-02
2.019720130024071567e-02
3.147113515806036765e-02
2.312604110121075848e-02
5.035775675915606930e-01
1.372360591810460780e-02
3.051493516545283197e-02
4.964110427842585715e-02
7.638264818273617085e-02
3.997758999221830839e-02
7.704825229803669018e-02
4.562140783989882681e-02
9.078561640868745841e-02
1.477810115249668654e-01
8.676345318147163366e-02
7.143598002489892629e-02
5.179986930368360443e-02
8.022313344664157297e-02
5.999706860506352768e-02
1.428338489196888106e-01
2.112828599174471911e-01
8.344811402794224953e-02
4.511291580228213999e-02
8.422548164126067438e-02
5.744180264588580331e-02
7.490252369391157128e-01
8.850559722011411279e-02
2.722292392496291832e-02
1.609596342865180496e-01
1.203631813949534862e-01
3.393373937529625128e-01
5.085137791119508088e-02
7.407174027641376390e-02
3.495302467449380723e-02
4.933881893659776696e-01
6.932538507941882200e-02
1.094272008250445904e-01
7.537397072728785341e-02
5.469036530491763054e-02
5.759829386467452822e-02
6.536383712815101166e-02
2.997438910742560858e-01
1.211434385517911050e-01
7.163350241287551323e-02
1.024691617631791479e-01
9.338862448483520318e-02
8.524857468842333974e-02
1.504583599052959908e-01
9.531824994609469637e-02
8.299628766284183889e-02
1.209336550691636480e-01
9.541160361059719541e-02
1.317751458247274909e-01
1.029096422594336646e-01
9.672677594414161306e-02
1.359762573181208800e-01
1.451256513766611134e-01
1.668994394153394956e-01
3.313358800430681317e-01
1.024065066773504201e-01
6.545664630655163574e-01
9.102279273157318773e-01
1.880695381867327487e-01
1.074770267510030408e-01
9.904530893937897595e-02
1.921113660912361631e-01
1.008134108776028159e-01
7.481936985651807537e-02
1.139105808032542383e-01
1.776634082442718199e-01
4.981396588246678747e-01
3.496993084609688607e-01
1.359137448212738575e-01
1.756325402464616325e-01
1.032190278303283915e+00
2.086346368977465560e-01
1.303693606051751219e-01
4.860371089601037697e-01
1.445947357202736205e-01
1.289041879255111434e-01
1.425195714845699790e-01
1.292067841663642191e-01
9.923625360456391764e-01
6.926703485855596476e-01
5.481035059658756481e-01
3.132803228813941243e-01
5.449825700179434795e-01
5.849409312114952630e-01
1.225012139778471204e-01
1.364881691341321979e-01
1.465104905164299476e-01
2.640716920266679146e-01
2.894061099526414743e-03
8.260549601280078313e-01
9.795548174946168071e-03
8.204625790554576775e-03
2.754401032003244154e-01
6.001886380531324949e-01
8.103942191938489081e-01
1.558823395362633202e-01
1.442650898305407048e-01
3.647107501172271171e-02
6.197237060026753591e-02
1.186566945302952730e-01
2.785826015040505322e-15
4.508630863467069996e-03
2.681155291294878224e-16
2.210784080053289165e-10
1.975938731140584048e-01
6.092923743830778172e-01
1.754375043696235204e-01
1.854679428269881136e-01
1.073572832419691266e-08
5.093853438234643427e-01
2.059739535616296035e-13
1.391692169621005538e-02
3.908561894783758330e-04
8.280391639272455945e-03
2.708784734942659353e-03
5.508124586703709580e-02
5.336608903236336049e-03
5.897886067098246851e-03
1.639217150694988236e-05
5.266386275418797431e-04
7.577107150961262527e-02
1.009199704104265516e+00
1.937837452644900482e-01
9.959302288181898222e-02
5.170258939617068394e-01
1.885171671780618008e-01
2.177288948147407810e-01
6.467890988521107776e-01
2.343634263949569141e-01
1.888882987832989913e-01
1.677974233847185082e-01
1.985983282322364707e-01
4.528712917462566767e-01
2.410399711864058547e-01
2.204752311172983870e-01
3.970339564586733982e-01
2.540059540379239200e-01
2.626291390910113766e-01
5.158030537289218787e-01
1.838974977606304129e-01
2.053218748642573199e-01
2.491403177109315081e-01
1.957805737217589992e-01
6.858582321619139943e-01
2.168157922376776070e-01
7.652887044825202878e-01
6.595824165222426982e-01
2.595156479808315986e-01
4.932145841398461581e-10
5.224699929311650367e-11
1.029062210952423451e+00
6.401249829643749015e-03
4.057240702852987768e-02
6.052033488014893318e-03
1.655338782733086211e-01
1.195251326594645204e-02
2.096216331987707168e-02
2.298877438283654720e-02
1.975214459473052103e-02
2.960791508740967526e-02
4.792195667319056052e-02
4.876710157173936439e-02
2.059288318713790172e-02
1.385645713546418065e-02
1.921416092236168660e-01
6.256892538580727768e-03
3.977292998599225231e-04
2.389738985257921014e-02
4.504219343900640882e-02
1.691204232525790260e-02
2.806308799418124472e-02
4.475155824585556191e-02
8.654236901632614831e-01
7.976806118064399750e-03
1.690213610061443508e-02
1.062354768381203740e-01
2.791936347313375144e-01
2.618033355849319066e-01
2.404364226566601537e-01
2.428249198088381355e-01
3.491012305592827714e-02
3.950364659206639234e-02
4.838550834215029489e-02
1.490603657212361544e-01
7.619733746564443244e-01
7.138187695429257240e-02
3.275986296276062887e-02
6.458703107520076536e-02
1.417827977982406562e-01
1.031590704997596308e+00
2.230524175557493105e-01
1.381520660965336600e-01
9.533044203245140125e-01
3.147708517714934984e-01
2.369816119001748322e-01
5.806149001577873836e-01
3.253255470684229267e-01
7.815988138268489260e-01
3.212659787542128109e-01
7.031737735675348544e-01
6.247225745832793997e-01
4.340766923216484718e-01
1.009477777885897209e+00
1.024926661904302261e+00
3.163692607423588266e-01
5.273573306061999366e-01
3.957107377240509094e-01
2.188222737224760350e-01
2.698214640781715912e-01
6.309038950661844947e-01
3.450988190182746052e-01
7.992124160520874820e-01
3.211044707593853353e-02
2.937460491595377324e-02
9.531013650954324179e-01
7.011412537757498453e-02
4.703652310133029507e-02
1.036737017706929609e-01
5.996432951121162536e-02
2.542088538460377523e-01
1.671795595358389064e-01
1.558719292537938950e-01
5.756814641886306289e-02
8.317540707087026641e-01
3.055598133935465976e-01
4.138531492277012364e-02
1.884936774195558606e-01
4.263838248591052260e-02
1.323356162931132729e-01
5.876385082224407086e-02
1.077951463049163783e-01
1.382025473338533428e-01
5.402936539009955269e-02
6.645171820727505119e-02
8.172600089441688087e-02
6.143399161613818937e-02
1.025232302815702434e+00
3.193834444234263104e-01
9.758833772367098147e-01
1.025641089147784069e+00
2.016060759831251048e-01
1.281550731792172881e-01
1.804233109747368502e-01
5.216121287550976038e-02
8.423744404831022825e-01
1.609035956671476530e-01
4.831260348235316693e-01
1.027995504870583998e+00
6.632932499157496720e-01
5.659944405003938250e-01
3.015443291719987484e-01
6.469378809928348906e-01
6.105770412949235171e-02
2.878246640804635881e-01
3.208466772806594647e-01
3.072389189484373562e-01
1.170601936923724856e-01
9.644097259993968108e-02
1.426140557782327734e-01
9.336015355152163520e-02
4.073126333492969597e-01
1.397006399791785591e-01
9.801499359016857538e-02
1.009846203730661918e+00
2.299091964683528666e-01
8.437589017871104102e-02
8.416038003430070802e-02
8.785850756716473420e-02
6.102777645190240463e-01
3.940446789488393775e-01
1.262375083317534008e-01
7.720464939111956748e-02
8.460566729685997656e-01
1.731658658599724565e-01
8.921382998569078460e-01
1.314789206146821932e-01
3.244074155296963746e-01
8.085941474955637975e-02
1.028938554957853496e-01
7.908496869460919509e-02
4.844908955050367672e-01
7.064770093217955793e-01
4.247458540638618385e-01
8.351968428587766002e-01
8.807534440367765782e-01
5.721966106825011611e-01
6.065485330992637092e-01
3.299327463794657911e-01
3.958970319744561372e-01
2.671388461979100071e-01
2.127466339254225347e-01
2.135577568603020115e-01
9.168609761972814631e-01
5.572716859446014137e-01
7.307101922972890629e-01
3.537645923864700115e-01
5.419518495297737104e-01
4.480536439907694124e-01
4.848976319148023406e-01
4.963555172956184425e-01
8.388692031881503919e-01
3.891855262764176704e-01
8.501579800785801222e-01
8.504229426666941594e-01
3.321134949736224140e-01
1.006024244628855868e+00
8.996330946344555102e-01
4.954345885234490710e-01
3.042643298787262585e-01
1.047023807732609807e-01
1.140029330028623777e-01
1.111919963987145765e-01
1.582177016057117747e-01
1.419178592080441725e-01
1.560215513004109544e-01
5.819583658502290868e-01
1.478671468088020302e-01
9.227443323419483034e-01
1.360860895971537088e-01
1.575815705164065883e-01
2.553008102054560302e-01
3.015431321863973335e-01
1.483669914503933374e-01
1.370784524399538129e-01
3.507679298370701138e-01
1.917597036270979605e-01
1.655707830808662018e-01
1.032576893632184856e+00
2.204452299739334542e-01
1.221110094188232742e-01
5.416826872571751661e-01
1.407859017903769494e-01
9.904697757688712967e-01
9.703817870937239132e-01
5.929420779154637167e-01
8.642171801943250298e-01
1.262422435610513483e-02
6.060305840483473823e-03
1.511875523729585766e-02
1.554013635394320240e-02
7.103329061999242855e-01
3.609542422043279797e-01
3.788483629232808347e-01
8.673207500039542550e-01
1.663847798568156566e-01
1.726230312027374758e-01
3.514645150088709369e-01
6.294186539921033940e-01
5.634731913507680101e-01
4.128947888077074690e-01
9.344422359265052158e-01
4.063493789442469972e-01
3.809553140553624817e-01
8.011538907729978121e-01
8.857491809594569832e-01
7.458916332342884203e-01
9.172312694857421844e-01
5.107616859952818222e-01
3.938696168740396519e-01
1.014098625842808632e+00
4.168179050042240819e-02
2.889344670722981262e-02
2.619606438033391868e-02
5.748792017765771978e-02
1.623772623915796798e-01
9.937078883086385150e-02
2.563144158555114571e-01
7.773166185858745303e-01
3.389798590310649229e-01
5.063791032580321483e-01
4.003699763491154195e-01
4.056569496444046852e-01
4.995207161581379229e-01
5.070680763610510011e-01
4.348091636921624925e-01
1.828546584481444970e-01
5.220600587136894344e-01
7.087833488755821421e-01
3.939134485703545407e-01
3.903124417977453797e-01
1.865080193513434514e-01
3.250473876257192751e-01
2.798649241703394797e-01
2.432296377247876173e-01
1.666221643983906708e-01
1.721751727238586549e-01
1.929064442886770092e-01
2.279049146056976727e-01
4.979064810277880060e-01
1.938539951771526548e-01
2.053148974259987880e-01
2.834403536719111716e-01
2.035615631649645429e-01
5.074012784951988930e-01
3.428054763444510766e-01
3.400238248778792993e-01
3.964767922535074041e-01
4.183582455458931260e-01
3.864423038990705828e-01
4.752411518094630805e-01
8.971998196039452367e-01
7.747532680612615463e-01
8.958223214065261786e-01
3.815806445876520625e-01
4.608353380217743434e-01
3.882410941262462445e-01
8.703819831654037165e-01
4.603748423580742433e-01
1.289902991455547376e-01
1.245746409032007507e-01
6.620341015486385094e-01
2.430206488783601404e-01
7.576038880986346591e-01
8.949455813797435599e-01
4.196086888349645494e-01
8.602878448570947523e-01
7.653298539761748120e-01
9.121156526614589977e-01
4.705266685317822106e-01
6.092874359162210318e-01
7.003747616098693340e-01
5.886009661724229680e-01
9.377432804220412477e-01
4.484252623470318388e-01
4.387876824537205178e-01
6.635989742142337500e-01
8.771711616382134036e-01
4.090448596947360294e-01
5.791900373054879037e-01
6.259461780283499532e-01
8.733417452074410114e-01
9.340809975110807573e-01
4.128245118234209476e-01
7.282159885844077252e-01
2.305018399019448938e-01
6.061710627960759101e-01
5.113468618553946854e-01
3.480246220114481259e-01
3.298965767996466791e-01
4.276735559272859533e-01
3.696017860832747637e-01
5.059489999687212247e-01
4.289248112924042289e-01
7.796171984291606627e-01
4.843657845606029744e-01
2.102791890736483982e-01
1.792455746455182963e-01
1.859544571719071726e-01
2.747121394544048689e-01
7.957982512006919196e-01
6.744739073128480644e-01
2.423938274040081942e-01
7.502819505992114335e-01
4.505239056198607206e-01
2.892806479918794138e-01
7.580360309708873423e-01
4.338814711709308991e-01
5.848185450029321775e-01
6.090041627021317572e-01
4.860416401468953818e-01
5.442015182006265661e-01
5.946103178755473007e-01
3.551678956639556239e-01
2.882819411262192433e-01
7.839494576595634756e-01
7.930293059458874971e-01
9.905245751943592136e-01
5.003876913281226635e-01
6.764097279516431138e-01
4.749304074887507610e-01
4.176758605441632244e-01
2.718572858242268020e-01
5.090946666106754837e-01
6.075317080872817410e-01
4.829014310837695945e-01
9.696234917989667856e-01
6.460654490144315254e-01
3.924937766924514460e-01
2.942413755482429782e-01
3.533330258532603740e-01
7.341464194229682105e-01
8.553000040410094762e-01
6.600059458958201786e-01
9.130476715709815450e-01
4.325145759388045463e-01
9.322392725829784510e-01
5.496373736695399081e-01
4.636478984362700229e-01
9.379197943068010579e-01
7.852348035407978877e-01
4.737363690320085530e-01
6.141463333343271103e-01
4.430646712530337816e-01
5.613502506546270698e-01
9.093208319148202712e-01
5.144679808554862843e-01
8.336966447122760027e-01
9.740115775513418228e-01
6.046304849801313885e-01
9.669374417298697288e-01
6.355806347694662461e-01
4.692685772678016898e-01
4.623791054813170542e-01
9.196611543379502596e-01
9.833670296687548884e-01
6.233888526850157596e-01
9.080258118807165157e-01
7.812781538403881232e-01
7.668022638479073949e-01
2.866207358827794760e-01
7.403286144103295996e-01
7.050221190902655755e-01
9.097171810545096049e-01
5.580183317615914351e-01
9.052428109895113151e-01
9.291251133391058570e-01
7.110255605459722128e-01
9.108154296536470351e-01
5.778580698191764231e-01
3.019414880221702457e-01
5.723840213074644634e-01
9.039241373870834373e-01
7.439044301761437161e-01
4.637021082445065279e-01
5.614711836345713802e-01
9.255884170812511691e-01
4.954724187058540119e-01
5.552472115490560967e-01
9.438701265972666565e-01
9.552663432795283072e-01
8.096512905843167296e-01
9.317030459627108074e-01
4.743516856060094877e-01
8.521652588445031151e-01
6.721720614612209932e-01
5.386238083149601508e-01
8.545710346877924968e-01
6.919976011908165470e-01
8.077175003832223199e-01
5.881534827216553518e-01
3.399812047120542857e-01
6.207425782325026731e-01
3.670668443071276599e-01
9.514599663279621478e-01
3.669711475630674791e-01
8.195467084753444986e-01
3.519586660795419042e-01
3.614956010417409438e-01
5.381923935147052696e-01
6.885220351780108050e-01
7.565291226627482990e-01
7.028978318893345234e-01
9.553584522781498611e-01
9.793965785661666867e-01
9.717437879153270064e-01
9.755291141338577887e-01
8.760201787248881322e-01
9.590914510921356717e-01
8.035397429680254389e-01
9.583206348704590427e-01
8.506449573079480908e-01
5.168763123369822798e-01
9.684745066326488905e-01
5.029046592800660020e-01
7.579792983647453131e-01
9.631805021496093744e-01
8.528941773322659126e-01
9.343268684746166564e-01
5.248423479410486703e-01
7.372327538819962722e-01
5.191506370468776943e-01
4.810655853803355031e-01
5.542764035013408863e-01
5.481522041512234544e-01
6.907936832107427483e-01
5.320278038421085709e-01
5.505914385888726059e-01
4.883137070318170347e-01
6.647201661156395547e-01
6.726295357363718530e-01
6.408593299421529998e-01
9.795194270110415546e-01
4.543765328288394967e-01
4.884493523679017124e-01
7.798947739991828332e-01
7.791614859714234287e-01
7.895736474238557179e-01
7.752492776939023944e-01
7.704243630337902493e-01
3.559263391319514303e-01
8.875526031624879630e-01
7.340962046695009846e-01
4.807970635083066435e-01
6.451280281488612767e-01
5.251566869920408775e-01
6.151156839747410343e-01
4.964374541432661214e-01
9.807760777666085783e-01
4.705849530151949289e-01
8.349477474757601714e-01
5.228852745518796086e-01
5.799319181013808944e-01
4.937769370222420684e-01
5.855665206772820985e-01
8.167713636221056728e-01
5.961545294749236445e-01
8.022929926997026673e-01
4.694919541222271619e-01
5.708431575516133005e-01
5.040846987347233910e-01
8.198394437948518521e-01
9.166110777158601453e-01
5.937774655646171906e-01
5.829541187223310494e-01
7.967336276087764180e-01
9.238744671022277588e-01
8.768371994598878061e-01
8.936351331333073356e-01
5.304372383434385885e-01
7.197507532764625404e-01
8.262374393369383840e-01
1.000401608100322193e+00
6.087721255416532751e-01
4.656935046862877847e-01
3.946834330449007222e-01
7.559022020288955757e-01
9.191124589343317997e-01
8.593456768411890101e-01
6.997688524628746798e-01
5.958281439343882102e-01
8.203437043375835236e-01
5.113057369333848801e-01
6.158711577425529660e-01
4.911098839767559232e-01
9.722498715876795039e-01
9.287591691409915473e-01
9.821384756598072752e-01
9.873664431473760938e-01
9.271699780670916713e-01
8.153940850679270991e-01
4.160668723693025095e-01
8.380025851610295451e-01
7.253976618164226231e-01
7.842089027346335062e-01
3.945855930463099681e-01
8.573016955342741552e-01
9.131009613232998756e-01
8.507550178721656753e-01
5.919772691566865808e-01
9.471132776104108641e-01
9.361319005475883248e-01
7.939266492481134030e-01
7.549026278346693264e-01
5.245744097296333175e-01
9.537477350044324398e-01
4.682566972027172869e-01
6.389312218640953445e-01
7.406371639903279736e-01
4.486851475962703173e-01
5.425645364430558004e-01
4.648578385670968371e-01
5.906106415225895745e-01
7.472048498205516864e-01
8.254890177366607240e-01
7.898792491820734174e-01
4.832243992496051410e-01
4.648245914714369542e-01
8.845474756412951001e-01
4.921231674104032949e-01
5.122895904083553109e-01
4.575469547005487359e-01
9.516483205790422506e-01
5.105257631871540358e-01
8.694682511887984466e-01
5.813768302558643963e-01
8.013379364371098212e-01
6.144430112250611753e-01
9.904861226888161951e-01
4.777904949905137921e-01
4.321160485248830563e-01
8.796818690683776421e-01
5.223070054365633874e-01
5.835045595172299038e-01
4.252024136056337666e-01
5.814164073096055319e-01
5.453706643252943520e-01
3.927317999506470536e-01
6.406686950043081197e-01
8.304102608111694206e-01
3.860114440148711412e-01
6.963021460465954604e-01
4.390920537845982574e-01
6.175874219986456914e-01
9.819742089643054284e-01
6.634098896067640583e-01
8.235234643656990094e-01
7.222852843352142171e-01
6.153656794078955494e-01
8.316281454394401917e-01
7.398022519382172479e-01
8.832036143284182073e-01
7.089826154851306406e-01
5.148499056290192222e-01
9.613424856949549513e-01
5.431522883356212361e-01
5.734835830790073752e-01
6.663304217201617696e-01
7.639592332184257373e-01
4.226901786191478161e-01
8.687722095172369929e-01
8.826631374055800006e-01
8.933451542621988484e-01
4.077586759471890643e-01
4.174279922481839433e-01
4.350304388887921148e-01
6.117889725652683186e-01
4.766956707218751310e-01
9.581909659629926912e-01
8.204158870152004068e-01
7.802035583892014126e-01
7.421649035062746202e-01
7.838594191097203456e-01
8.700616015672049119e-01
5.915284622140082327e-01
5.333823507964575716e-01
7.166851081891357778e-01
4.296076571874123395e-01
8.314589642830381155e-01
5.063833630017832155e-01
9.349149694210412420e-01
7.610154801207816844e-01
8.209243609825369603e-01
9.489818292530979305e-01
9.361199891563425357e-01
6.462954713737651957e-01
7.684080029148017132e-01
8.848806703609771729e-01
9.862122677992694042e-01
8.229949667381345479e-01
9.648542107680904145e-01
3.429160391045216749e-01
8.708159919569793406e-01
3.701394596805928083e-01
7.048102081208977854e-01
2.972952979564731368e-01
2.681948773111303419e-01
6.873478139864894754e-01
5.430061275713646829e-01
3.325902910831561865e-01
9.007477934729637425e-01
7.466906707886564742e-01
3.820961447772160957e-01
7.814694311442160757e-01
3.119245924380438795e-01
6.587946434524383221e-01
9.896157921145681824e-01
4.814745230984132640e-06
1.036579336778940652e+00
3.778753643840677967e-04
1.036539277313006213e+00
2.740795697417867244e-03
1.036472426769472932e+00
9.625219304124559699e-03
2.346001523006089814e-02
1.036257790981773397e+00
4.573581332783482195e-02
1.036109595306613285e+00
7.665377082767081685e-02
1.035933786230801568e+00
1.034946805778615531e+00
2.589666865925562278e-01
1.035237014914638820e+00
1.152556036088461522e-01
2.083810092722852003e-01
1.035497918333765810e+00
1.598321321426390551e-01
3.099348736086782186e-01
1.034276129579401182e+00
4.082376480174423894e-01
1.033894333314617775e+00
4.540514149740113581e-01
1.033480567771750236e+00
3.599986185625961843e-01
4.970950361761459213e-01
1.032553712574512339e+00
5.743953156878935928e-01
1.032038725807814306e+00
6.087095028679495590e-01
5.372153463375021198e-01
1.036378657688346250e+00
1.031487967717733989e+00
1.035730025206740512e+00
4.814745231086379681e-06
6.402902682588467176e-01
1.036579336780136806e+00
3.778753643840778256e-04
1.036539277311384399e+00
1.034626721369408475e+00
6.693032025045685396e-01
1.030274422837315740e+00
1.029609044702435749e+00
6.959298867715758563e-01
7.203562125729131571e-01
1.028902701110388396e+00
2.740795697414005749e-03
1.036472426772999889e+00
4.573581332793405507e-02
1.036257790982104687e+00
9.625219304093955708e-03
1.036109595306944353e+00
2.346001523020079665e-02
7.427647738422491486e-01
7.665377082774726958e-02
1.035933786231500120e+00
1.033033997407067028e+00
1.027360775423645789e+00
7.822162756768905600e-01
1.026521722835693984e+00
7.633301612266949476e-01
7.995750142160956697e-01
1.152556036087560298e-01
1.035237014914716314e+00
2.083810092721820884e-01
1.035497918333871281e+00
1.598321321424170105e-01
2.589666865924125094e-01
1.025634747278123315e+00
1.034946805778667045e+00
1.030900282474044527e+00
8.155458639506614205e-01
3.099348736081155575e-01
4.540514149736591953e-01
1.033894333314681280e+00
4.082376480179029099e-01
1.034276129579421388e+00
1.033480567771815517e+00
3.599986185622597867e-01
8.438212048791268183e-01
1.023708581271298268e+00
1.028153835682513284e+00
1.022664774003906318e+00
8.302560776800734788e-01
8.563458239092280877e-01
1.021563786292593479e+00
4.970950361759973180e-01
6.087095028677105280e-01
1.032038725807791213e+00
5.743953156873990995e-01
1.032553712574497906e+00
5.372153463379822913e-01
1.031487967717675813e+00
1.036378657687996752e+00
8.679243723632116270e-01
6.402902682586532057e-01
1.019179032415356234e+00
8.885754583920945082e-01
1.017889117427540846e+00
1.035730025206668570e+00
1.034626721369277247e+00
6.959298867717483850e-01
1.029609044702447074e+00
7.203562125729466858e-01
1.030274422837348158e+00
6.693032025046168343e-01
1.028902701110367968e+00
7.427647738421596646e-01
8.786420081241634872e-01
8.977938307919673955e-01
1.016529689744188669e+00
1.033033997407031501e+00
9.063593720397340459e-01
9.286728169844300496e-01
1.011996040685664511e+00
9.217507773597691800e-01
1.013587272010551876e+00
7.633301612267404668e-01
1.027360775423622696e+00
7.822162756768304970e-01
1.030900282474054741e+00
1.026521722835711303e+00
7.995750142161416330e-01
1.010318763293643007e+00
1.025634747278134418e+00
1.028153835682525052e+00
8.155458639506345531e-01
1.023708581271327134e+00
8.438212048792065323e-01
9.143281671873191296e-01
9.351354733616974446e-01
1.006685800584705026e+00
9.468279952633404939e-01
1.004718957643525368e+00
9.521220492560336091e-01
1.002643677647829801e+00
8.302560776801254372e-01
9.411759724555039952e-01
1.022664774003906318e+00
9.570857992869834519e-01
9.661205686649969593e-01
9.956965516776189462e-01
9.981401262658784468e-01
8.563458239091896740e-01
1.021563786292576159e+00
8.679243723632623642e-01
9.702351968669257198e-01
9.931138188626574825e-01
9.617443621492202110e-01
9.741071794958803265e-01
9.874925208339672134e-01
9.811908006415970274e-01
9.844326419779617643e-01
9.844326419779605430e-01
1.019179032415354458e+00
8.786420081241053115e-01
8.885754583920886240e-01
1.017889117427544621e+00
9.811908006415964723e-01
9.702351968669288285e-01
9.931138188626570384e-01
9.956965516776221659e-01
9.741071794958808816e-01
9.661205686649998459e-01
1.000453181415297044e+00
1.016529689744184450e+00
9.903825435090747309e-01
9.777537887162857100e-01
9.874925208339702110e-01
1.013587272010548546e+00
9.217507773597617415e-01
9.981401262658737839e-01
9.570857992869848951e-01
1.002643677647829579e+00
9.468279952633371632e-01
1.004718957643532917e+00
9.521220492560313886e-01
9.286728169844304936e-01
1.010318763293638122e+00
1.008550471085395861e+00
1.015097063791660537e+00
9.063593720397495890e-01
1.006685800584702140e+00
8.977938307919315353e-01
9.617443621492176575e-01
1.011996040685666509e+00
9.351354733616887849e-01
9.143281671873242367e-01
9.903825435090751750e-01
9.777537887162873753e-01
9.411759724555016637e-01
1.000453181415297488e+00
1.015097063791656540e+00
1.008550471085391642e+00
1.020402860233942555e+00
1.024697775500863273e+00
1.020402860233949438e+00
1.000000000000000072e-18
