-6.000000000000000000e+00
-5.878787878787878896e+00
-5.757575757575757791e+00
-5.636363636363636687e+00
-5.515151515151515582e+00
-5.393939393939393590e+00
-5.272727272727272485e+00
-5.151515151515151381e+00
-5.030303030303030276e+00
-4.909090909090909172e+00
-4.787878787878788067e+00
-4.666666666666666075e+00
-4.545454545454544970e+00
-4.424242424242423866e+00
-4.303030303030302761e+00
-4.181818181818181657e+00
-4.060606060606060552e+00
-3.939393939393939448e+00
-3.818181818181818343e+00
-3.696969696969696795e+00
-3.575757575757575690e+00
-3.454545454545454586e+00
-3.333333333333333037e+00
-3.212121212121211933e+00
-3.090909090909090828e+00
-2.969696969696969724e+00
-2.848484848484848619e+00
-2.727272727272727071e+00
-2.606060606060605966e+00
-2.484848484848484862e+00
-2.363636363636363313e+00
-2.242424242424242209e+00
-2.121212121212121104e+00
-2.000000000000000000e+00
-1.878787878787878896e+00
-1.757575757575757791e+00
-1.636363636363636687e+00
-1.515151515151514694e+00
-1.393939393939393590e+00
-1.272727272727272485e+00
-1.151515151515151381e+00
-1.030303030303030276e+00
-9.090909090909091717e-01
-7.878787878787880672e-01
-6.666666666666660745e-01
-5.454545454545449701e-01
-4.242424242424238656e-01
-3.030303030303027612e-01
-1.818181818181816567e-01
-6.060606060606055223e-02
6.060606060606055223e-02
1.818181818181816567e-01
3.030303030303027612e-01
4.242424242424247538e-01
5.454545454545458583e-01
6.666666666666669627e-01
7.878787878787880672e-01
9.090909090909091717e-01
1.030303030303030276e+00
1.151515151515151381e+00
1.272727272727273373e+00
1.393939393939394478e+00
1.515151515151515582e+00
1.636363636363636687e+00
1.757575757575757791e+00
1.878787878787878896e+00
2.000000000000000000e+00
2.121212121212121104e+00
2.242424242424242209e+00
2.363636363636363313e+00
2.484848484848484418e+00
2.606060606060605522e+00
2.727272727272726627e+00
2.848484848484849508e+00
2.969696969696970612e+00
3.090909090909091717e+00
3.212121212121212821e+00
3.333333333333333925e+00
3.454545454545455030e+00
3.575757575757576134e+00
3.696969696969697239e+00
3.818181818181818343e+00
3.939393939393939448e+00
4.060606060606060552e+00
4.181818181818181657e+00
4.303030303030302761e+00
4.424242424242423866e+00
4.545454545454544970e+00
4.666666666666667851e+00
4.787878787878788955e+00
4.909090909090910060e+00
5.030303030303031164e+00
5.151515151515152269e+00
5.272727272727273373e+00
5.393939393939394478e+00
5.515151515151515582e+00
5.636363636363636687e+00
5.757575757575757791e+00
5.878787878787878896e+00
6.000000000000000000e+00
2.135965599717850161e+00
2.147126231141535779e+00
2.142376510353861896e+00
2.152322660905122031e+00
-2.137749929390810433e+00
-2.146329026103545257e+00
-2.145539170006190766e+00
-2.141673866227355116e+00
2.144644516255281186e+00
2.138893488743085936e+00
2.149376350126358304e+00
2.148081913935417919e+00
-2.142203587508302309e+00
-2.138523175493917794e+00
-2.138681824395524789e+00
-2.147092247220361738e+00
2.141383911494618264e+00
2.148048108934450973e+00
2.146727763670161604e+00
2.140152270816457758e+00
-2.136249222971717376e+00
-2.144247700629340336e+00
-2.138066576533881769e+00
-2.150755385030176825e+00
2.145956911333504191e+00
2.145997870251943773e+00
2.140972673989410602e+00
2.146435617549433239e+00
-2.137340943308899899e+00
-2.138541325035290264e+00
-2.133257449064300815e+00
-2.144373768667923397e+00
2.136516197891157987e+00
2.141848113666470432e+00
2.135508927310363347e+00
2.142446478957599876e+00
-2.143427396089226722e+00
-2.130789837734855308e+00
-2.145110428380075263e+00
-2.145604467982457297e+00
2.127625560642455227e+00
2.133670883726739742e+00
2.141268305220604518e+00
2.140224406259555678e+00
-2.137790136977354205e+00
-2.139412488162273362e+00
-2.143696061193011815e+00
-2.140545213807479641e+00
2.136736994726155192e+00
2.136441962076383039e+00
2.128880294798415562e+00
2.128913219343269603e+00
-2.141783789582170083e+00
-2.123560368200167581e+00
-2.132282060983149652e+00
-2.136245672746467594e+00
2.133818687290182314e+00
2.121825941468847176e+00
2.137348849019692576e+00
2.138886961994317826e+00
-2.122957235410434240e+00
-2.133734271908966473e+00
-2.122954743707850422e+00
-2.136428720723785535e+00
2.123022389317028580e+00
2.131827916059528594e+00
2.116886230817197845e+00
2.122426563559718371e+00
-2.118689270673563385e+00
-2.121719391968174051e+00
-2.127301307850030021e+00
-2.116763825134030164e+00
2.128186471214008169e+00
2.121274302723991312e+00
2.121196552831066118e+00
2.119583766360505717e+00
-2.129526359656348511e+00
-2.120676466066004462e+00
-2.112700503664155072e+00
-2.123810336314679414e+00
2.109722325287375799e+00
2.113267028514368207e+00
2.125552566400679577e+00
2.127478297138509333e+00
-2.112686404116216554e+00
-2.124960253832600898e+00
-2.118872332656652091e+00
-2.124660153410719232e+00
-2.120321846249758835e+00
-2.118491999916806812e+00
-2.120477162025441231e+00
-2.102910263197018903e+00
2.121472123856765091e+00
2.121074050320919113e+00
2.104630020206524232e+00
2.111613732063667204e+00
-2.109992722671491627e+00
-2.113514714448029075e+00
-2.112726182042402368e+00
-2.099028391240927771e+00
2.106776681982575727e+00
2.097456164614744711e+00
2.104335441492325209e+00
2.110327882276143097e+00
-2.092540947206520840e+00
-2.095222504679734588e+00
-2.091528716582238712e+00
-2.100645295998760265e+00
2.106726810833905894e+00
2.091848506373809702e+00
2.110398529472738982e+00
2.094802629752163359e+00
-2.090190150682611936e+00
-2.104390533431265364e+00
-2.085917581805719845e+00
-2.087279987188642050e+00
2.091728597726094652e+00
2.096243653749546798e+00
2.096633955996014098e+00
2.099281578005678828e+00
-2.086238514823317125e+00
-2.084062398907273739e+00
-2.098009478650546544e+00
-2.087412886624730568e+00
2.086037859180746690e+00
2.085062225711136641e+00
2.084990151118598423e+00
2.080285119052723175e+00
-2.085060560512976835e+00
-2.077102019140035782e+00
-2.084069747592983024e+00
-2.090308753067616987e+00
2.089946767043188380e+00
2.080255834348014865e+00
2.086850048600354945e+00
2.077627749143630354e+00
-2.080481276868777041e+00
-2.084423706323025538e+00
-2.077911201278962672e+00
-2.067372249095417835e+00
2.068993179196309207e+00
2.072186412236214803e+00
2.067907402813895512e+00
2.076073250036076789e+00
2.060707752863227160e+00
2.062450575446851619e+00
2.059059896468715234e+00
2.057736195658056211e+00
-2.060882337069344761e+00
-2.070974946588973076e+00
-2.065499603640909676e+00
-2.060712355049074240e+00
2.065501874812696315e+00
2.065987288889687523e+00
2.064548231116127841e+00
2.064696190319907920e+00
-2.049564711016702567e+00
-2.049306856807246557e+00
-2.052479976814724161e+00
-2.066055591342585984e+00
2.056695023387916432e+00
2.039694770074733210e+00
2.053239716325845343e+00
2.056285202727939687e+00
-2.053297056916206564e+00
-2.056029969048430495e+00
-2.051508160645729273e+00
-2.039441859471062823e+00
2.035266302538245142e+00
2.033890938188264386e+00
2.045370340223956696e+00
2.045893005328274228e+00
-2.047804431039529138e+00
-2.031701696418822145e+00
-2.046450345676384952e+00
-2.046118911468817636e+00
-2.029336144694300792e+00
-2.037387212407800074e+00
-2.033042434770636842e+00
-2.040463545895750741e+00
2.022795248114475086e+00
2.030105503563191416e+00
2.037203188484338234e+00
2.028037649366604356e+00
-2.012913673078006838e+00
-2.022978034645885881e+00
-2.022299677894666470e+00
-2.024993203481949777e+00
2.014857246650246125e+00
2.011278581952300026e+00
2.027496440119337162e+00
2.016658380376598281e+00
-2.004639964245763295e+00
-2.005736738494987570e+00
-2.020248954444513245e+00
-2.007551106783982409e+00
2.009961127559051430e+00
2.012087682506519482e+00
2.015049623209120178e+00
2.011644446093348026e+00
-1.993830667547310975e+00
-2.010832554541133188e+00
-2.001755151137984967e+00
-2.008539500138436740e+00
1.998421686902755567e+00
1.995202665311148982e+00
2.000429033757149533e+00
1.996476924047169588e+00
-1.996985187043462950e+00
-1.986011422158261874e+00
-1.984776313657300228e+00
-1.993874399248706686e+00
1.990562364214829127e+00
2.000152701913113340e+00
1.983552060809954387e+00
1.999592264876908443e+00
-1.976354941436738955e+00
-1.993013827274782379e+00
-1.988946329453078254e+00
-1.974520860042196180e+00
1.984908218477384079e+00
1.988684805094362629e+00
1.991317654627869027e+00
1.974598665433744404e+00
-1.971552915466374678e+00
-1.980727414376319162e+00
-1.985592575014486494e+00
-1.973966639367884524e+00
1.975064117758289717e+00
1.975662962522802601e+00
1.980562968175524796e+00
1.963511483179932515e+00
1.946836541306621982e+00
1.942821084772670126e+00
1.938888105576549004e+00
1.946626353777501039e+00
-1.932878618570365914e+00
-1.930795046552643557e+00
-1.931551901512735370e+00
-1.932442890841242322e+00
1.933537017103023059e+00
1.929653028903730805e+00
1.930822341187745650e+00
1.928264063637771031e+00
-1.928052061711917453e+00
-1.935059424667822991e+00
-1.935456903047835908e+00
-1.937708965127020955e+00
1.916241165915852473e+00
1.930941381965013637e+00
1.920909646999874321e+00
1.931940025940100059e+00
-1.919632692449736444e+00
-1.931202688229183728e+00
-1.916699321629753427e+00
-1.929000685376871971e+00
1.906058653771389055e+00
1.919308587361323371e+00
1.904040815889986193e+00
1.921730214851860685e+00
-1.912055666117186359e+00
-1.917683425241425432e+00
-1.903050190030202593e+00
-1.906838653236978764e+00
1.898310237914399679e+00
1.903355510486042235e+00
1.906452049134724325e+00
1.901213529354706999e+00
-1.905432687281594317e+00
-1.899567295424088309e+00
-1.892419352800113863e+00
-1.897106810816551858e+00
1.882476136696236368e+00
1.879381141673160505e+00
1.890611032383391343e+00
1.893718435238629372e+00
-1.874427490096425952e+00
-1.893996696378410283e+00
-1.882642354567924725e+00
-1.883898416179060398e+00
1.877587182012864009e+00
1.865672855012750597e+00
1.875792135704914321e+00
1.875083738541280631e+00
-1.865105020712952033e+00
-1.875977961955666240e+00
-1.870856154079860945e+00
-1.862075621203227671e+00
1.861525820301997536e+00
1.859007691218466096e+00
1.850986265271509001e+00
1.857821747009144708e+00
-1.848276221533145636e+00
-1.847648124932045333e+00
-1.859016021872978541e+00
-1.853866097537553381e+00
1.836004298061908457e+00
1.854323108759603933e+00
1.849890196995340297e+00
1.846523344719203985e+00
-1.845786663560219143e+00
-1.849724740011269519e+00
-1.840819716095009717e+00
-1.851836481853810445e+00
1.834603951227786300e+00
1.833267681773971924e+00
1.830730881876295291e+00
1.827849327538672464e+00
-1.824197922426250784e+00
-1.825958605506788901e+00
-1.820202057109443716e+00
-1.833142320477761267e+00
1.824394366889305008e+00
1.816882618748600686e+00
1.819166486080556089e+00
1.810162675117823028e+00
-1.816397786176445095e+00
-1.808884001752682602e+00
-1.815254120792927139e+00
-1.815748466853383647e+00
1.805907527464051032e+00
1.794729823339217711e+00
1.797909201404452206e+00
1.811323804171656393e+00
-1.797364798313047185e+00
-1.792295549824178158e+00
-1.811708321829376578e+00
-1.806145736304657357e+00
1.790340240131358396e+00
1.795163571315634865e+00
1.787149257788514412e+00
1.784392348209323576e+00
-1.796830907634792585e+00
-1.794408769916311153e+00
-1.796855804868364714e+00
-1.784718579667558425e+00
1.772481922409804067e+00
1.777771358001752899e+00
1.786658036678875572e+00
1.781136060142596067e+00
-1.781747508802922653e+00
-1.778179779452426557e+00
-1.780664365629849755e+00
-1.767937343928208227e+00
1.765117475444813122e+00
1.769957626183987554e+00
1.768313715864807012e+00
1.757171930982815544e+00
-1.757593290749488668e+00
-1.773777374119628103e+00
-1.759971750867661999e+00
-1.770742150911567725e+00
1.755126543825641372e+00
1.763522157853161243e+00
1.754051906184317389e+00
1.747994499091299225e+00
-1.745117398064860215e+00
-1.760412711424159227e+00
-1.761802098859676313e+00
-1.747889721774787075e+00
1.750072084114587145e+00
1.739013327648734286e+00
1.757603751077278398e+00
1.744619187991196974e+00
-1.752334669321670368e+00
-1.745896591476090887e+00
-1.749566099855887957e+00
-1.745526450764909976e+00
1.746520086538015715e+00
1.736608748760751997e+00
1.735857622690428093e+00
1.744044513751311420e+00
-1.736331729814794889e+00
-1.724504007902236014e+00
-1.734549845085253006e+00
-1.728443582891022290e+00
1.618199269396983775e+00
1.610013772521879272e+00
1.622496161810826232e+00
1.620933756573616824e+00
-1.613238957477943547e+00
-1.621209056375319868e+00
-1.615490488581162287e+00
-1.622898171863389249e+00
1.611115731488900416e+00
1.624028763054187419e+00
1.607846609036157615e+00
1.623869166577320611e+00
-1.620167245888102681e+00
-1.614776712331190689e+00
-1.619790771589066258e+00
-1.621740941044018669e+00
1.615170944228164318e+00
1.604948264434356009e+00
1.596648819394757890e+00
1.606386852705184998e+00
-1.607760864428945391e+00
-1.602730878262871750e+00
-1.615425943097591244e+00
-1.603224121600041130e+00
1.586982418376865933e+00
1.592099580016459903e+00
1.590477644276654834e+00
1.596397329303720580e+00
-1.596041417524164396e+00
-1.597510208258392295e+00
-1.590897419315782768e+00
-1.587757336253441398e+00
1.582303447544586739e+00
1.590825862902972121e+00
1.584613330435602485e+00
1.578358124165313958e+00
-1.573405611899856060e+00
-1.575967846893489455e+00
-1.576010743787122470e+00
-1.589186181493104977e+00
1.560620857189729982e+00
1.568365290904881082e+00
1.564311626039459169e+00
1.574418015016091354e+00
-1.563242692662875299e+00
-1.565767866882918913e+00
-1.575214710389212014e+00
-1.571330371951703553e+00
1.544431513550826418e+00
1.561310915168679259e+00
1.545843020279941804e+00
1.556657161264423328e+00
-1.555338908227916317e+00
-1.552229517011022963e+00
-1.561115538103136968e+00
-1.547168031517854203e+00
1.547629800574359615e+00
1.537169622221756571e+00
1.546630663896844782e+00
1.543928266600232968e+00
-1.532620290325053647e+00
-1.526726238648982381e+00
-1.540716064238907501e+00
-1.536170341966969666e+00
1.528744797760859475e+00
1.529208363502207124e+00
1.519892253248112279e+00
1.521856907150638927e+00
-1.528832837189727067e+00
-1.526901284689376581e+00
-1.530084170485971784e+00
-1.517774803459700506e+00
1.497741132017942789e+00
1.514327756624778809e+00
1.513251181935471257e+00
1.515135457644421368e+00
-1.495402646473574571e+00
-1.498674323361326444e+00
-1.497915720189316513e+00
-1.512326938609894533e+00
1.497697222508347803e+00
1.488697153788140159e+00
1.500582057914057188e+00
1.500590989367698302e+00
-1.494360160098610724e+00
-1.488581645630916661e+00
-1.494085822418310672e+00
-1.497664923402729276e+00
1.469663338806136865e+00
1.478319386466045327e+00
1.480555237302200178e+00
1.478345810973517027e+00
-1.471815629370545775e+00
-1.465262438979330506e+00
-1.470561604241748199e+00
-1.477777475396532925e+00
1.450825230792470499e+00
1.467318427553409022e+00
1.451373448816963396e+00
1.470033992793727595e+00
-1.454102164210932413e+00
-1.463165333099476939e+00
-1.467159372863960698e+00
-1.462466945088847226e+00
1.451754426787915442e+00
1.448491121036303619e+00
1.435833721520755724e+00
1.449680905892260174e+00
-1.447653289597210735e+00
-1.443900255191797655e+00
-1.449705390716805820e+00
-1.433457831379867597e+00
1.433462517299357364e+00
1.438498456897396638e+00
1.420096091737966804e+00
1.430271511952158070e+00
-1.432389268221277101e+00
-1.433938507177320743e+00
-1.424919371160138004e+00
-1.429595347393327165e+00
1.424683500011918902e+00
1.417123233757427103e+00
1.417507334896110693e+00
1.406397925693819273e+00
-1.408378897902716975e+00
-1.409340824323767727e+00
-1.410509830401411868e+00
-1.413005878950788441e+00
1.396038485010855590e+00
1.407440501514899633e+00
1.407622404040009823e+00
1.405150845855789754e+00
-1.406939796322184133e+00
-1.400741776365456603e+00
-1.402974310032440775e+00
-1.399483071425848157e+00
1.396850957185588715e+00
1.390200800235133372e+00
1.388972682832848138e+00
1.392531214145965590e+00
-1.389310312357334931e+00
-1.380919407636060692e+00
-1.376693823194947708e+00
-1.387520164472233697e+00
1.366560054061318308e+00
1.379892820521136265e+00
1.377912323683380569e+00
1.371755090785661935e+00
-1.365992569264100398e+00
-1.367903907596600410e+00
-1.365591807074353348e+00
-1.378797933121696406e+00
1.356061339421239964e+00
1.368076864748831722e+00
1.360896684890978703e+00
1.372017064799567532e+00
-1.365991770362700697e+00
-1.367097568945316866e+00
-1.362919928196138386e+00
-1.349449449805450341e+00
1.347306605086263875e+00
1.358307966855204274e+00
1.354147076791072601e+00
1.356193901473728092e+00
-1.343705169985055736e+00
-1.340581961000917310e+00
-1.352900847330208212e+00
-1.353320884698820503e+00
1.341905070144073564e+00
1.341511845722764829e+00
1.335398974646517800e+00
1.335228007802187866e+00
-1.329599868315756384e+00
-1.339644649622556472e+00
-1.337240690890479700e+00
-1.330927245101138023e+00
1.328397253090496610e+00
1.326283687147199242e+00
1.322456380080565541e+00
1.324284607832388438e+00
-1.330805932780906087e+00
-1.319236645397995122e+00
-1.325382713215593533e+00
-1.323545558321221671e+00
1.325849325498210662e+00
1.328474896710855280e+00
1.322910564726250238e+00
1.326754133631459664e+00
-1.326141128145184700e+00
-1.320528533203372490e+00
-1.310588570394615848e+00
-1.315058370259057474e+00
1.307971769297362696e+00
1.313073135383780565e+00
1.306035195842220054e+00
1.317273734715221911e+00
-1.318752306388224937e+00
-1.306826033021444067e+00
-1.318324473549517872e+00
-1.307446330942225732e+00
1.318198889901634363e+00
1.315004237314924440e+00
1.315836640620300146e+00
1.303491306297780428e+00
-1.315297613884254257e+00
-1.298318948138028839e+00
-1.297066152239115366e+00
-1.313192090224558184e+00
1.299626088305535498e+00
1.296527701316165126e+00
1.310065363484530288e+00
1.312427949835806684e+00
-1.301037168668572219e+00
-1.312114496313513845e+00
-1.302992152611784027e+00
-1.292344567043953729e+00
1.301582214428792517e+00
1.299309876024024035e+00
1.302734922261689077e+00
1.308138898067126688e+00
-1.293350068357089100e+00
-1.303382861318223673e+00
-1.289601066758799375e+00
-1.306566882495007187e+00
1.296396867635860595e+00
1.289750011235468063e+00
1.306429948819196385e+00
1.293439951923738285e+00
-1.288923045424692493e+00
-1.290685278192631458e+00
-1.295214684528497973e+00
-1.300832446986292856e+00
-1.069010134749708518e+00
-1.081533639853495599e+00
-1.083307902316289262e+00
-1.086860866609213661e+00
3.251907179716732599e-01
3.411678539990810055e-01
3.429542639488469824e-01
3.325748906505376357e-01
-3.388040695367776634e-01
-3.371174263797918624e-01
-3.322086611794828337e-01
-3.426734240568622969e-01
3.288047053886607451e-01
3.338061021969346287e-01
3.420346312486295948e-01
3.248945732451873347e-01
-3.227629692230436498e-01
-3.222994067681706487e-01
-3.352109936430284209e-01
-3.313377841260397028e-01
3.386013793851084808e-01
3.357432539401129512e-01
3.292391747438063176e-01
3.397075524576909644e-01
-3.203618901992095758e-01
-3.321788172021021834e-01
-3.253464061773346794e-01
-3.255422960010472822e-01
3.242346627788151303e-01
3.261709145774840946e-01
3.288302084264930758e-01
3.221058655762651934e-01
-3.256369548840630235e-01
-3.313763467146026986e-01
-3.242276751610654872e-01
-3.125234926557065585e-01
3.136451565258870366e-01
3.088866876427230346e-01
3.230654341563018450e-01
3.148944860424345293e-01
-3.148255195710228382e-01
-3.182113052308507273e-01
-3.087770753715463612e-01
-3.129072618658858551e-01
3.103895991471932181e-01
3.175073557747626340e-01
3.117388691247778287e-01
3.013837809900463127e-01
-3.084243143566404166e-01
-2.966860172137703588e-01
-3.065422826801738609e-01
-2.991316902154708135e-01
3.097774062499110692e-01
3.010136199856745520e-01
3.094086576314206138e-01
3.078839502002265749e-01
-3.001492964514402284e-01
-3.035115251879115794e-01
-2.938499707479909628e-01
-2.944353993487245913e-01
3.005711277034095463e-01
2.872820660774282886e-01
2.970326740882144878e-01
2.889553144889512315e-01
-2.757712739589644468e-01
-2.902367100104711328e-01
-2.802480668407443809e-01
-2.801659042705034186e-01
2.768219518790951406e-01
2.856352765998798615e-01
2.867265604792736955e-01
2.689407036788360461e-01
-2.657135724701185642e-01
-2.691632015588293347e-01
-2.763373842195581132e-01
-2.668740301382034330e-01
2.644724396379302678e-01
2.646354178367968379e-01
2.652701426979263144e-01
2.559451511788619071e-01
-2.609347309430559148e-01
-2.500834856512065274e-01
-2.570242856149079214e-01
-2.536332131707919046e-01
2.595765500252157354e-01
2.569162244639884851e-01
2.547032580239496080e-01
2.423863795491216222e-01
-2.438538286949833989e-01
-2.354920436182260657e-01
-2.377156473730360764e-01
-2.401597347556173323e-01
2.341854745013958183e-01
2.389364503411536000e-01
2.395163963433034060e-01
2.279327919233398725e-01
-2.345178825137429479e-01
-2.344703520295227939e-01
-2.168585340957034369e-01
-2.351005912160439859e-01
2.289689438673467581e-01
2.276990231080824600e-01
2.179166574486580965e-01
2.187572714935953622e-01
-2.140467184720700189e-01
-2.096157797152414515e-01
-2.001603398743314333e-01
-2.059167077622883202e-01
2.119479827963090535e-01
1.984927000062304825e-01
1.976030127773838463e-01
2.081504968758351448e-01
-2.020248538931131155e-01
-1.976171626969117079e-01
-2.015356214527450895e-01
-1.833999083976170508e-01
1.925168492707360901e-01
1.804820973173197618e-01
1.867613681591170915e-01
1.907611317603382095e-01
-1.649282302161505787e-01
-1.704187011141447550e-01
-1.795743224215676503e-01
-1.674182209924990339e-01
1.644632883679505442e-01
1.695496179430685257e-01
1.747187278500049179e-01
1.656730417365973318e-01
-1.529768210933535322e-01
-1.634349823935726809e-01
-1.610681431197378277e-01
-1.469076404148626780e-01
1.550431408665710331e-01
1.569162489904824542e-01
1.424585909982599707e-01
1.552907216274603541e-01
-1.385744801823865779e-01
-1.291908733407320931e-01
-1.392127057836739512e-01
-1.453911421970754958e-01
1.261676614996741497e-01
1.351124529677416308e-01
1.322897428239155626e-01
1.383734237366711917e-01
-1.305735657984354869e-01
-1.229942217142221683e-01
-1.199546807039995749e-01
-1.316813996591043312e-01
1.062255336297312780e-01
1.197755682493303053e-01
1.219729216203812999e-01
1.053200176812443822e-01
-1.006785725738480741e-01
-9.462548284768709794e-02
-1.006441708786152966e-01
-9.012076064850030321e-02
9.400407852656646190e-02
8.748854521278393026e-02
9.364487659967787869e-02
8.728308226786751778e-02
-6.857780391856502233e-02
-7.732555384587912195e-02
-7.291702078230562212e-02
-7.007852278476474350e-02
6.364551332394534355e-02
7.061079712778950412e-02
6.729181308880305412e-02
6.503522624298312127e-02
-6.261890392523938864e-02
-6.128432474134122565e-02
-4.839199513924697521e-02
-6.344670696111613661e-02
4.268743521967736931e-02
4.885845158077815886e-02
4.569438203812358629e-02
4.562429911514320757e-02
-3.014364357944986084e-02
-2.618637954640143026e-02
-4.109635662451008309e-02
-3.333838799046275753e-02
3.607190719722789402e-02
3.071769380530840407e-02
3.503765729462085532e-02
3.124745386001919964e-02
-1.885940118620577088e-02
-6.915259236815286988e-03
-7.068319385913790498e-03
-1.051319610482366954e-02
1.247615800096704870e-02
1.343654699760630025e-02
1.316966207625493504e-02
1.651549726963405865e-02
2.143883357962238723e+00
-2.143883224628949868e+00
2.143222329387245662e+00
-2.143221803565884542e+00
2.142120995529884997e+00
-2.142119841008693015e+00
2.140579927587443088e+00
-2.140577948285336429e+00
2.138599930274633909e+00
-2.138596980897922606e+00
2.136182044524388868e+00
-2.136178035323298197e+00
2.133326549420988538e+00
-2.133323433134896252e+00
2.130037460863016818e+00
-2.130032147403098541e+00
2.126313764844071752e+00
-2.126308216997520706e+00
2.122156425811696501e+00
-2.122151496977723095e+00
2.117526117228313520e+00
-2.117523028574733512e+00
-2.112591003605245987e+00
2.112590026683648148e+00
-2.107160042125615806e+00
2.107151713131541815e+00
-2.101320801993377785e+00
2.101299464260685479e+00
-2.095077596168520184e+00
2.095032569790038490e+00
-2.088447203649773876e+00
2.088354096299377183e+00
-2.081491173081136736e+00
2.081266899507014045e+00
-2.075060188684883844e+00
2.072547932765056888e+00
2.065982933203961203e+00
-2.065601215347133035e+00
2.057697511336290308e+00
-2.057518353615068296e+00
2.049062564507099449e+00
-2.048969159626315761e+00
2.040073700493529874e+00
-2.040050645497809789e+00
-2.030805312357297332e+00
2.030748452009805582e+00
-2.021281113343582181e+00
2.021117449630809304e+00
-2.011552616975660790e+00
2.011232762341745861e+00
-2.001759212636416319e+00
2.001196222368436750e+00
-1.992200547844402481e+00
1.991244146634653100e+00
-1.983616017401849119e+00
1.982094096508932868e+00
-1.977869631904882519e+00
1.970570822956236645e+00
1.942197043352609009e+00
-1.940166505867823021e+00
1.934638343375373326e+00
-1.932093830791152378e+00
1.923951135889131248e+00
-1.921556071462335646e+00
1.912034390987551236e+00
-1.909796819066065687e+00
1.899466699758679766e+00
-1.897326993851997656e+00
1.886471174313371080e+00
-1.884378549812311343e+00
1.873173190444810787e+00
-1.871102800509630404e+00
1.859598827137806776e+00
-1.857495134250739310e+00
1.845889575434691787e+00
-1.843737502403173245e+00
1.832085884048459512e+00
-1.829864790360317350e+00
1.818283910492829003e+00
-1.815974367370186693e+00
1.804600329148809523e+00
-1.802182707778953397e+00
1.791224740493697620e+00
-1.788683018903143296e+00
1.778409863575561189e+00
-1.775739806074968286e+00
1.766557220095711589e+00
-1.763785720611694030e+00
1.756277990234879294e+00
-1.753528152466766743e+00
1.748450482267775552e+00
-1.746131086797565013e+00
1.744109510620013959e+00
-1.729819345274436371e+00
1.619361280868227837e+00
-1.619335978609729887e+00
1.614792020366958125e+00
-1.614585705801617754e+00
1.606461038183700341e+00
-1.605974651247255469e+00
1.595430014035977617e+00
-1.594643002599224646e+00
1.582587562178110918e+00
-1.581517044470674760e+00
1.568556598278619818e+00
-1.567229396238395189e+00
1.553751168748550571e+00
-1.552193414613403100e+00
1.538449540791711811e+00
-1.536682191624051175e+00
1.522843733579889669e+00
-1.520888422494539594e+00
1.507068727404897723e+00
-1.504950147369474411e+00
1.491164569728412381e+00
-1.488953426216818254e+00
1.476479146218816707e+00
-1.473309400726072083e+00
1.460237355063638942e+00
-1.457473668864892158e+00
1.444850487573607900e+00
-1.441984247884990911e+00
1.429812456842199930e+00
-1.426830534049056576e+00
1.415178706169382350e+00
-1.412088216349536296e+00
1.401027719608048061e+00
-1.397841583670195398e+00
1.387466899563655431e+00
-1.384197724017702802e+00
1.374242063746674347e+00
-1.371107873046985448e+00
1.362132776422142477e+00
-1.358884316029770556e+00
1.350718188446755619e+00
-1.347494432730520497e+00
1.340190687516525925e+00
-1.337050088231160894e+00
1.330642878757574366e+00
-1.327646473859526166e+00
1.322166382884231162e+00
-1.319379829138215943e+00
1.314836023298326939e+00
-1.312335304831245386e+00
1.308727062466872093e+00
-1.306592929272519577e+00
1.303903673875387526e+00
-1.302221294301386667e+00
1.300418663204559566e+00
-1.299274995935985944e+00
1.298311409957047413e+00
-1.297792076132375572e+00
-1.077347257922952828e+00
3.348450764090446508e-01
-3.342075178082469789e-01
3.331943504026615432e-01
-3.316838775379655213e-01
3.299099143370260445e-01
-3.275082611728594717e-01
3.250250496926230248e-01
-3.217248790908928124e-01
3.185878893139503232e-01
-3.143928668453117581e-01
3.106594547336051781e-01
-3.055840180667703798e-01
3.013113047941702871e-01
-2.953747932273969590e-01
2.906244686745090289e-01
-2.838676333642213279e-01
2.786834297333521393e-01
-2.711447741587780236e-01
2.655799696768286755e-01
-2.573095381345576471e-01
2.514143615054457714e-01
-2.425422742158364064e-01
2.361337774111234300e-01
-2.266277497942794372e-01
2.201501285167689892e-01
-2.100378980744702084e-01
2.033021517265838907e-01
-1.927259112596600155e-01
1.857391717497421935e-01
-1.748237789665323116e-01
1.675613586898536400e-01
-1.565297989376748522e-01
1.489011697140838475e-01
-1.384257030241951014e-01
1.302580118649862284e-01
-1.250596706505603950e-01
1.122195868548145209e-01
-9.398806098013398613e-02
8.903465396721417513e-02
-7.486455809328931843e-02
6.890311070251257941e-02
-5.475816626196251813e-02
4.844735987013205902e-02
-3.428488497345457547e-02
2.781594937713311247e-02
-1.363091820989889916e-02
7.097235919878396894e-03
