9.999833227124046431e-01
9.999799122080206271e-01
9.999758042704731675e-01
9.999708562843925286e-01
9.999648964745394553e-01
9.999577179450697129e-01
9.999490715007320896e-01
9.999386570017303466e-01
9.999261129529788406e-01
9.999110039677023831e-01
9.998928056722319324e-01
9.998708865309089422e-01
9.998444859647580563e-01
9.998126880100079994e-01
9.997743896121186191e-01
9.997282624671122164e-01
9.996727071056995539e-01
9.996057976541010692e-01
9.995252153951790230e-01
9.994281688830014554e-01
9.993112979241504101e-01
9.991705582180728795e-01
9.990010828336087778e-01
9.987970159767406431e-01
9.985513136608644702e-01
9.982555049133762237e-01
9.978994060294696933e-01
9.974707791120497324e-01
9.969549247174726014e-01
9.963341968829857453e-01
9.955874271857565461e-01
9.946892428606525227e-01
9.936092625264654199e-01
9.923111519659049140e-01
9.907515220259118793e-01
9.888786515804990351e-01
9.866310213999298639e-01
9.839356507997778500e-01
9.807062396357569822e-01
9.768411356424372416e-01
9.722211740071740049e-01
9.667074758243469068e-01
9.601393486757199280e-01
9.523325101971281681e-01
9.430779575708374551e-01
9.321419333796371332e-01
9.192675865925432621e-01
9.041790818282436915e-01
8.865890391075026411e-01
8.662102351588469862e-01
8.427723828911566351e-01
8.160444205185974909e-01
7.858619763774488121e-01
7.521584680451876004e-01
7.149967117792754845e-01
6.745962458304857190e-01
6.313503550961133692e-01
5.858267429307580931e-01
5.387475398593455367e-01
4.909479624435678646e-01
4.433176999740144897e-01
3.967335186363017963e-01
3.519939756807014541e-01
3.097665497522755773e-01
2.705541614898059333e-01
2.346833092996965520e-01
2.023115695367946887e-01
1.734492593326049104e-01
1.479890398834547149e-01
1.257378096758808850e-01
1.064467049933972981e-01
8.983671383150457213e-02
7.561887004104987653e-02
6.350903368634049084e-02
5.323787391361800569e-02
4.455693986149705799e-02
3.724174628583715174e-02
3.109271317887552302e-02
2.593465498919948417e-02
2.161536032054247811e-02
1.800366146775118914e-02
1.498727510845716294e-02
1.247060293908878667e-02
1.037261184831293759e-02
8.624863484732936056e-03
7.169728626548599673e-03
5.958798808812024693e-03
4.951493063770995816e-03
4.113848913083068166e-03
3.417482058537722744e-03
2.838697192028932521e-03
2.357732020338714624e-03
1.958117304472552309e-03
1.626136992687442695e-03
1.350374080266516629e-03
1.121329465983232155e-03
9.311026775317085297e-04
7.731248387344504154e-04
6.419356159892805787e-04
5.329970970734880346e-04
