6.707203581439316054e-01
6.707187677492474354e-01
6.707168520929545075e-01
6.707145446487698948e-01
6.707117652814278408e-01
6.707084174617574668e-01
6.707043849113609735e-01
6.706995275599435535e-01
6.706936766741136147e-01
6.706866289874965359e-01
6.706781396267164075e-01
6.706679135853844675e-01
6.706555954467527947e-01
6.706407569933851009e-01
6.706228822667499312e-01
6.706013495479363762e-01
6.705754096194246339e-01
6.705441595321715020e-01
6.705065109371113330e-01
6.704611518380076962e-01
6.704065003752068819e-01
6.703406489458580975e-01
6.702612965916958654e-01
6.701656671229412332e-01
6.700504098733736091e-01
6.699114792687277387e-01
6.697439885014931926e-01
6.695420314939676265e-01
6.692984659404858094e-01
6.690046484783183089e-01
6.686501108611000443e-01
6.682221633039212572e-01
6.677054078378938939e-01
6.670811404735033090e-01
6.663266161999548132e-01
6.654141454424745694e-01
6.643099849100327914e-01
6.629729805950402843e-01
6.613529176078131178e-01
6.593885333504538870e-01
6.570051619215994121e-01
6.541120058309707330e-01
6.505990864999836587e-01
6.463340212062201884e-01
6.411589262875997397e-01
6.348879668270446253e-01
6.273063617429486261e-01
6.181719828229009783e-01
6.072209822556913217e-01
5.941790072817882962e-01
5.787793128052232117e-01
5.607882465121617477e-01
5.400370282885331719e-01
5.164565914557649462e-01
4.901099879299353201e-01
4.612153351575528637e-01
4.301524455233372013e-01
3.974486767947951193e-01
3.637438572588085339e-01
3.297391016583506307e-01
2.961382026481245155e-01
2.635916790081673233e-01
2.326521432892631469e-01
2.037461964078666199e-01
1.771639639429689883e-01
1.530639702051015960e-01
1.314890374970033582e-01
1.123883703126346417e-01
9.564155577379934714e-02
8.108134871043543024e-02
6.851335289684340468e-02
5.773177156434777801e-02
4.853116185594498477e-02
4.071458831989707011e-02
3.409878868374020822e-02
2.851701665385948659e-02
2.382017953009821568e-02
1.987679421323532147e-02
1.657217725832725586e-02
1.380718216906859190e-02
1.149670922956830092e-02
9.568142624304767571e-03
7.959815722672496791e-03
6.619565911302871704e-03
5.503412462057498226e-03
4.574371944354747865e-03
3.801413313283718426e-03
3.158547162271929231e-03
2.624039281634685944e-03
2.179736540958666143e-03
1.810492439182626381e-03
1.503679895054665537e-03
1.248779606327576463e-03
1.037033336346551444e-03
8.611526273133696639e-04
7.150745874801829952e-04
5.937574936630699365e-04
4.930099575364624287e-04
4.093483091294252080e-04
3.398776502151996471e-04
