9.231504934430720954e-01
9.231179358338517105e-01
9.230764517712004569e-01
9.230235950002220191e-01
9.229562495962326807e-01
9.228704470866687659e-01
9.227611339094731191e-01
9.226218758946744813e-01
9.224444829953529768e-01
9.222185332030995442e-01
9.219307693056547626e-01
9.215643357269959202e-01
9.210978150073182436e-01
9.205040144833032123e-01
9.197484435325926633e-01
9.187874107703770665e-01
9.175656597921090230e-01
9.160134533133036383e-01
9.140430122090594800e-01
9.115442236450521651e-01
9.115442236450521651e-01
9.113830237661986189e-01
9.112196365777975871e-01
9.110540332012768694e-01
9.108861843989656260e-01
9.107160605702364631e-01
9.105436317476303110e-01
9.103688675929764162e-01
9.101917373934664823e-01
9.100122100577185957e-01
9.098302541118217235e-01
9.096458376953544533e-01
9.094589285573732029e-01
9.092694940524113090e-01
9.090775011364117253e-01
9.088829163627021313e-01
9.086857058778827767e-01
9.084858354177672846e-01
9.082832703032364119e-01
9.080779754361408829e-01
9.078699152951479334e-01
9.076590539315864126e-01
9.074453549652814477e-01
9.072287815803582456e-01
9.070092965210879710e-01
9.067868620876298191e-01
9.065614401318665694e-01
9.063329920531666417e-01
9.061014787941421567e-01
9.058668608364444097e-01
9.056290981964946196e-01
9.053881504212659692e-01
9.051439765840164631e-01
9.048965352800578676e-01
9.046457846225075539e-01
9.043916822380329013e-01
9.041341852626316733e-01
9.038732503373596572e-01
9.036088336041367963e-01
9.033408907014982558e-01
9.030693767603910072e-01
9.027942463999744094e-01
9.025154537234141294e-01
9.022329523137193608e-01
9.019466952295870366e-01
9.016566350012426012e-01
9.013627236263421771e-01
9.010649125658627412e-01
9.007631527400248306e-01
9.004573945242558830e-01
9.001475877451636798e-01
8.998336816765671875e-01
8.995156250355194061e-01
8.991933659784180355e-01
8.988668520971014875e-01
8.985360304150392663e-01
8.982008473835232376e-01
8.978612488779298406e-01
8.975171801940182714e-01
8.971685860442961680e-01
8.968154105544312582e-01
8.964575972597192965e-01
8.960950891016116193e-01
8.957278284243234134e-01
8.953557569715050457e-01
8.949788158829550255e-01
8.945969456914613094e-01
8.942100863196718041e-01
8.938181770770862178e-01
8.934211566570885443e-01
8.930189631341390877e-01
8.926115339609762556e-01
8.921988059659724524e-01
8.917807153505936668e-01
8.913571976869206770e-01
8.909281879153310157e-01
8.904936203422642027e-01
8.900534286381068805e-01
8.896075458352356025e-01
8.891559043261311190e-01
8.886984358616869528e-01
8.882350715496024618e-01
8.877657418529676381e-01
8.872903765889489369e-01
8.868089049276758340e-01
8.863212553912384051e-01
8.858273558529098368e-01
8.853271335364435446e-01
8.848205150156748244e-01
8.843074262141799036e-01
8.837877924052071066e-01
8.832615382117525726e-01
8.827285876068627912e-01
8.821888639141288735e-01
8.816422898083895454e-01
8.810887873166651785e-01
8.805282778193206372e-01
8.799606820514126460e-01
8.793859201043591201e-01
8.788039114277508279e-01
8.782145748315181022e-01
8.776178284882653058e-01
8.770135899359343679e-01
8.764017760807095714e-01
8.757823032002201025e-01
8.751550869470052785e-01
8.745200423522930810e-01
8.738770838301050947e-01
8.732261251816130221e-01
8.725670795998534679e-01
8.718998596747821184e-01
8.712243773986108053e-01
8.705405441715426962e-01
8.698482708078234538e-01
8.691474675421521079e-01
8.684380440364735110e-01
8.677199093871494906e-01
8.669929721324857175e-01
8.662571402606703552e-01
8.655123212181285997e-01
8.647584219182516962e-01
8.639953487505593888e-01
8.632230075903138955e-01
8.624413038085122496e-01
8.616501422823924505e-01
8.608494274063326346e-01
8.600390631032447386e-01
8.592189528364337914e-01
8.583889996219342677e-01
8.575491060413180655e-01
8.566991742550318367e-01
8.558391060162351405e-01
8.549688026851176570e-01
8.540881652437724014e-01
8.531970943116115036e-01
8.522954901612757039e-01
8.513832527351565815e-01
8.504602816624211581e-01
8.495264762766304711e-01
8.485817356339336870e-01
8.476259585318483003e-01
8.466590435286008853e-01
8.456808889631197701e-01
8.446913929755910377e-01
8.436904535286395834e-01
8.426779684291689776e-01
8.416538353507763137e-01
8.406179518568341891e-01
8.395702154242330462e-01
8.385105234677386887e-01
8.374387733650348054e-01
8.363548624824262978e-01
8.352586882011968639e-01
8.341501479446783440e-01
8.330291392059568922e-01
8.318955595763064537e-01
8.307493067742905968e-01
8.295902786755765534e-01
8.284183733434437036e-01
8.272334890599786217e-01
8.260355243580356221e-01
8.248243780538330183e-01
8.235999492803228739e-01
8.223621375212581963e-01
8.211108426459541310e-01
8.198459649448217590e-01
8.185674051655683625e-01
8.172750645501555278e-01
8.159688448724408127e-01
8.146486484765890213e-01
8.133143783161498330e-01
8.119659379938719557e-01
8.106032318022561300e-01
8.092261647647477352e-01
8.078346426777184286e-01
8.064285721530736195e-01
8.050078606616171140e-01
8.035724165770489202e-01
8.021221492206732639e-01
8.006569689067926099e-01
7.991767869887330678e-01
7.976815159055338222e-01
7.961710692293054725e-01
7.946453617132028802e-01
7.931043093400098609e-01
7.915478293713551494e-01
7.899758403975121190e-01
7.883882623877751517e-01
7.867850167413963369e-01
7.851660263390981553e-01
7.835312155950943103e-01
7.818805105095977259e-01
7.802138387218834348e-01
7.785311295637589168e-01
7.768323141135284882e-01
7.751173252503558153e-01
7.733860977090527555e-01
7.716385681352148085e-01
7.698746751407585798e-01
7.680943593597198138e-01
7.662975635044027012e-01
7.644842324217829832e-01
7.626543131501142270e-01
7.608077549757908953e-01
7.589445094903538580e-01
7.570645306476417868e-01
7.551677748210462449e-01
7.532542008608422712e-01
7.513237701515403932e-01
7.493764466692365289e-01
7.474121970389354663e-01
7.454309905917488877e-01
7.434327994219965818e-01
7.414175984441497835e-01
7.393853654495208261e-01
7.373360811627341915e-01
7.352697292978839227e-01
7.331862966143232185e-01
7.310857729721046416e-01
7.289681513869320506e-01
7.268334280846482365e-01
7.246816025551718887e-01
7.225126776058302669e-01
7.203266594140864676e-01
7.181235575795262838e-01
7.159033851751328559e-01
7.136661587977326526e-01
7.114118986176165560e-01
7.091406284272162575e-01
7.068523756888602794e-01
7.045471715814668467e-01
7.022250510461895967e-01
6.998860528309300832e-01
6.975302195336492428e-01
6.951575976444603899e-01
6.927682375863902786e-01
6.903621937548121146e-01
6.879395245554587035e-01
6.855002924409556719e-01
6.830445639458425644e-01
6.805724097200056555e-01
6.780839045604818427e-01
6.755791274415617886e-01
6.730581615431486808e-01
6.705210942773247584e-01
6.679680173130563281e-01
6.653990265989870867e-01
6.628142223842888869e-01
6.602137092374784633e-01
6.575975960632043371e-01
6.549659961169048694e-01
6.523190270173092609e-01
6.496568107567490813e-01
6.469794737092100512e-01
6.442871466361028698e-01
6.415799646896924724e-01
6.388580674141499660e-01
6.361215987442163655e-01
6.333707070013779861e-01
6.306055448875944602e-01
6.278262694764812357e-01
6.250330422019705345e-01
6.222260288443647314e-01
6.194053995138202318e-01
6.165713286311627073e-01
6.137239949060964150e-01
6.108635813127030190e-01
6.079902750622931951e-01
6.051042675735140985e-01
6.022057544397950712e-01
5.992949353940152379e-01
5.963720142704893590e-01
5.934371989642150957e-01
5.904907013873555988e-01
5.875327374230330246e-01
5.845635268763785808e-01
5.815832934228688522e-01
5.785922645539641751e-01
5.755906715200473922e-01
5.725787492706977400e-01
5.695567363923145221e-01
5.665248750431123304e-01
5.634834108855075741e-01
5.604325930159417268e-01
5.573726738921769286e-01
5.543039092580616112e-01
5.512265580658722852e-01
5.481408823961931853e-01
5.450471473754663343e-01
5.419456210911822724e-01
5.388365745048074862e-01
5.357202813625004945e-01
5.325970181036547846e-01
5.294670637673448699e-01
5.263306998967351991e-01
5.231882104415023216e-01
5.200398816583767791e-01
5.168860020098248187e-01
5.137268620609809489e-01
5.105627543749045039e-01
5.073939734062076212e-01
5.042208153931728720e-01
5.010435782484217171e-01
4.978625614482235506e-01
4.946780659205222141e-01
4.914903939317961656e-01
4.882998489727957692e-01
4.851067356433048650e-01
4.819113595359614810e-01
4.787140271192895646e-01
4.755150456199729314e-01
4.723147229045392970e-01
4.691133673604908072e-01
4.659112877769999161e-01
4.627087932252850200e-01
4.595061929387528887e-01
4.563037961929878872e-01
4.531019121857207121e-01
4.499008499168513642e-01
4.467009180686457581e-01
4.435024248861780816e-01
4.403056780581451335e-01
4.371109845981413500e-01
4.339186507264849446e-01
4.307289817526941400e-01
4.275422819587196832e-01
4.243588544830242948e-01
4.211790012055804944e-01
4.180030226339273014e-01
4.148312177903327180e-01
4.116638841001507565e-01
4.085013172815127325e-01
4.053438112363717538e-01
4.021916579430280247e-01
3.990451473501991364e-01
3.959045672727281584e-01
3.927702032889813788e-01
3.896423386400535982e-01
3.865212541307915250e-01
3.834072280327869287e-01
3.803005359893260606e-01
3.772014509224047019e-01
3.741102429418822206e-01
3.710271792567901850e-01
3.679525240888899540e-01
3.648865385885093904e-01
3.618294807527422940e-01
3.587816053460081700e-01
3.557431638230601489e-01
3.527144042544665958e-01
3.496955712546012673e-01
3.466869059121824859e-01
3.436886457234012981e-01
3.407010245276406168e-01
3.377242724458539014e-01
3.347586158215875574e-01
3.318042771646847466e-01
3.288614750976850409e-01
3.259304243049367389e-01
3.230113354844274531e-01
3.201044153023360206e-01
3.172098663503274407e-01
3.143278871055730228e-01
3.114586718935054566e-01
3.086024108532988142e-01
3.057592899060804781e-01
3.029294907258381908e-01
3.001131907130409338e-01
2.973105629709315578e-01
2.945217762844993814e-01
2.917469951020826291e-01
2.889863795196081497e-01
2.862400852674202856e-01
2.835082636996879568e-01
2.807910617863482172e-01
2.780886221075624665e-01
2.754010828506475717e-01
2.727285778094495350e-01
2.700712363861227372e-01
2.674291835952649632e-01
2.648025400703903909e-01
2.621914220726614397e-01
2.595959415018843641e-01
2.570162059096721685e-01
2.544523185147623545e-01
2.519043782204377080e-01
2.493724796339750194e-01
2.468567130881099136e-01
2.443571646644344952e-01
2.418739162186938629e-01
2.394070454079216259e-01
2.369566257193563286e-01
2.345227265011015916e-01
2.321054129944507549e-01
2.297047463678386359e-01
2.273207837523613384e-01
2.249535782788015525e-01
2.226031791161085793e-01
2.202696315112764314e-01
2.179529768305604742e-01
2.156532526019770968e-01
2.133704925590360624e-01
2.111047266856350968e-01
2.088559812620782163e-01
2.066242789121437440e-01
2.044096386511633501e-01
2.022120759350441999e-01
2.000316027101878835e-01
1.978682274642437067e-01
1.957219552776501004e-01
1.935927878759088061e-01
1.914807236825379622e-01
1.893857578726485524e-01
1.873078824271074971e-01
1.852470861872127506e-01
1.832033549098613101e-01
1.811766713231314774e-01
1.791670151822545576e-01
1.771743633259146578e-01
1.751986897328389192e-01
1.732399655786316384e-01
1.712981592927987906e-01
1.693732366159408087e-01
1.674651606570456419e-01
1.655738919508646934e-01
1.636993885153156247e-01
1.618416059088807202e-01
1.600004972879601750e-01
1.581760134641475579e-01
1.563681029613857576e-01
1.545767120729741873e-01
1.528017849183900267e-01
1.510432634998963575e-01
1.493010877589011076e-01
1.475751956320369984e-01
1.458655231069363734e-01
1.441720042776731270e-01
1.424945713998409524e-01
1.408331549452458975e-01
1.391876836561900810e-01
1.375580845993145396e-01
1.359442832189908523e-01
1.343462033902318997e-01
1.327637674711017179e-01
1.311968963546086830e-01
1.296455095200625962e-01
1.281095250838757971e-01
1.265888598497938722e-01
1.250834293585435242e-01
1.235931479368735514e-01
1.221179287459904506e-01
1.206576838293585974e-01
1.192123241598699035e-01
1.177817596863570682e-01
1.163658993794559060e-01
1.149646512767895645e-01
1.135779225274842902e-01
1.122056194359979803e-01
1.108476475052546095e-01
1.095039114790878343e-01
1.081743153839739569e-01
1.068587625700665455e-01
1.055571557515143921e-01
1.042693970460653319e-01
1.029953880139565514e-01
1.017350296960829875e-01
1.004882226514472593e-01
9.925486699388791356e-02
9.803486242808659434e-02
9.682810828485591270e-02
9.563450355570400629e-02
9.445394692668308834e-02
9.328633681152311008e-02
9.213157138404455548e-02
9.098954860986842308e-02
8.986016627740840701e-02
8.874332202816749560e-02
8.763891338632530392e-02
8.654683778763569424e-02
8.546699260762770367e-02
8.439927518912226923e-02
8.334358286906896895e-02
8.229981300470237682e-02
8.126786299903419886e-02
8.024763032567804044e-02
7.923901255301891988e-02
7.824190736773219135e-02
7.725621259765944049e-02
7.628182623404762552e-02
7.531864645316112272e-02
7.436657163726838327e-02
7.342550039502190873e-02
7.249533158122482834e-02
7.157596431600703191e-02
7.066729800340508516e-02
6.976923234936638352e-02
6.888166737917771065e-02
6.800450345432892951e-02
6.713764128882242221e-02
6.628098196493449612e-02
6.543442694843665253e-02
6.459787810328926350e-02
6.377123770581377693e-02
6.295440845835038879e-02
6.214729350241467859e-02
6.134979643135898136e-02
6.056182130254620516e-02
5.978327264904965965e-02
5.901405549088335756e-02
5.825407534577191349e-02
5.750323823947230129e-02
5.676145071565269484e-02
5.602861984533944600e-02
5.530465323593889565e-02
5.458945903984433606e-02
5.388294596263831088e-02
5.318502327089186243e-02
5.249560079958082159e-02
5.181458895911562196e-02
5.114189874200124331e-02
5.047744172913247451e-02
4.982113009573289897e-02
4.917287661694697692e-02
4.853259467309053998e-02
4.790019825457288161e-02
4.727560196649102653e-02
4.665872103291338752e-02
4.604947130085083190e-02
4.544776924392948669e-02
4.485353196577167301e-02
4.426667720309050702e-02
4.368712332850616803e-02
4.311478935309290272e-02
4.254959492866271231e-02
4.199146034979227976e-02
4.144030655560061033e-02
4.089605513128433123e-02
4.035862830941872731e-02
3.982794897102814174e-02
3.930394064643504687e-02
3.878652751589371089e-02
3.827563441001267247e-02
3.777118680997634814e-02
3.727311084756772946e-02
3.678133330500083648e-02
3.629578161456779167e-02
3.581638385810666236e-02
3.534306876629572658e-02
3.487576571778014389e-02
3.441440473813479201e-02
3.395891649867174150e-02
3.350923231509470024e-02
3.306528414600685972e-02
3.262700459127820807e-02
3.219432689027487693e-02
3.176718491995759314e-02
3.134551319285282245e-02
3.092924685490185469e-02
3.051832168319203176e-02
3.011267408357419864e-02
2.971224108817232049e-02
2.931696035278754525e-02
2.892677015420211384e-02
2.854160938738685427e-02
2.816141756261638859e-02
2.778613480249526521e-02
2.741570183890078630e-02
2.705006000984267259e-02
2.668915125624730239e-02
2.633291811866718748e-02
2.598130373392022047e-02
2.563425183166159055e-02
2.529170673089241317e-02
2.495361333640755061e-02
2.461991713518576000e-02
2.429056419272588099e-02
2.396550114933104769e-02
2.364467521634467870e-02
2.332803417233999393e-02
2.301552635926790158e-02
2.270710067856261671e-02
2.240270658721019506e-02
2.210229409378268103e-02
2.180581375443733927e-02
2.151321666888733261e-02
2.122445447634226795e-02
2.093947935142449063e-02
2.065824400006015943e-02
2.038070165534923428e-02
2.010680607341544177e-02
1.983651152923884484e-02
1.956977281247217204e-02
1.930654522324328978e-02
1.904678456794601724e-02
1.879044715501978005e-02
1.853748979072085412e-02
1.828786977488677454e-02
1.804154489669495751e-02
1.779847343041722485e-02
1.755861413117271869e-02
1.732192623067812728e-02
1.708836943300023545e-02
1.685790391030852695e-02
1.663049029863162068e-02
1.640608969361785630e-02
1.618466364630104584e-02
1.596617415887266467e-02
1.575058368046255639e-02
1.553785510292739376e-02
1.532795175664999378e-02
1.512083740634824654e-02
1.491647624689699907e-02
1.471483289916197812e-02
1.451587240584752136e-02
1.431956022735831648e-02
1.412586223767767560e-02
1.393474472025998424e-02
1.374617436394163367e-02
1.356011825886830995e-02
1.337654389244141533e-02
1.319541914528266947e-02
1.301671228721832350e-02
1.284039197328406059e-02
1.266642723974947642e-02
1.249478750016515607e-02
1.232544254143019997e-02
1.215836251988284059e-02
1.199351795741352388e-02
1.183087973760080756e-02
1.167041910187155244e-02
1.151210764568434512e-02
1.135591731473776372e-02
1.120182040120318821e-02
1.104978953998281797e-02
1.089979770499249073e-02
1.075181820547106357e-02
1.060582468231487975e-02
1.046179110443900932e-02
1.031969176516465622e-02
1.017950127863318129e-02
1.004119457624706897e-02
9.904746903138143127e-03
9.770133814662509616e-03
9.637331172923556399e-03
9.506315143321656183e-03
9.377062191132344571e-03
9.249549078111745509e-03
9.123752859130087114e-03
8.999650878832945317e-03
8.877220768330897072e-03
8.756440441916977721e-03
8.637288093812377915e-03
8.519742194940404384e-03
8.403781489728593540e-03
8.289384992938965760e-03
8.176531986526840157e-03
8.065202016527592277e-03
7.955374889971892488e-03
7.847030671828972292e-03
7.740149681978152757e-03
7.634712492208737405e-03
7.530699923247725740e-03
7.428093041815676985e-03
7.326873157710865440e-03
7.227021820920780278e-03
7.128520818762173680e-03
7.031352173048448229e-03
6.935498137284876186e-03
6.840941193891432980e-03
6.747664051453203249e-03
6.655649641997962197e-03
6.564881118301433595e-03
6.475341851219305021e-03
6.387015427046664751e-03
6.299885644904144703e-03
6.213936514150975032e-03
6.129152251824689264e-03
6.045517280107336883e-03
5.963016223818189479e-03
5.881633907932585711e-03
5.801355355126879519e-03
5.722165783349541027e-03
5.644050603417727525e-03
5.566995416639798112e-03
5.490986012463098045e-03
5.416008366147238330e-03
5.342048636462288537e-03
5.269093163412203774e-03
5.197128465982915960e-03
5.126141239915124083e-03
5.056118355501425243e-03
4.987046855408064881e-03
4.918913952520269708e-03
4.851707027812040239e-03
4.785413628239395048e-03
4.720021464657272320e-03
4.655518409759798124e-03
4.591892496043779165e-03
4.529131913795073940e-03
4.467225009098245610e-03
4.406160281868138316e-03
4.345926383904586028e-03
4.286512116969003194e-03
4.227906430883140824e-03
4.170098421649891772e-03
4.113077329595422708e-03
4.056832537533321473e-03
4.001353568949600134e-03
3.946630086209148777e-03
3.892651888782957832e-03
3.839408911496142336e-03
3.786891222796591634e-03
3.735089023043845942e-03
3.683992642818276989e-03
3.633592541250256144e-03
3.583879304369040272e-03
3.534843643471323720e-03
3.486476393509294665e-03
3.438768511497736994e-03
3.391711074940365923e-03
3.345295280274951551e-03
3.299512441337138814e-03
3.254353987842727950e-03
3.209811463888250210e-03
3.165876526469769883e-03
3.122540944019535757e-03
3.079796594960403523e-03
3.037635466277785815e-03
2.996049652109204070e-03
2.955031352350750030e-03
2.914572871280802537e-03
2.874666616200558140e-03
2.835305096091218086e-03
2.796480920287626980e-03
2.758186797168409553e-03
2.720415532862057329e-03
2.683160029969123509e-03
2.646413286300246335e-03
2.610168393629713410e-03
2.574418536464562202e-03
2.539156990829020705e-03
2.504377123063940454e-03
2.470072388641405756e-03
2.436236330993931526e-03
2.402862580358473051e-03
2.369944852634823552e-03
2.337476948258328420e-03
2.305452751086779078e-03
2.273866227301343801e-03
2.242711424321220618e-03
2.211982469732113807e-03
2.181673570228132367e-03
2.151779010567096608e-03
2.122293152539075044e-03
2.093210433948016272e-03
2.064525367606203504e-03
2.036232540341623241e-03
2.008326612017806174e-03
1.980802314566269557e-03
1.953654451031204553e-03
1.926877894626413765e-03
1.900467587804279077e-03
1.874418541336555534e-03
1.848725833407100991e-03
1.823384608716033684e-03
1.798390077595515921e-03
1.773737515136890449e-03
1.749422260328924042e-03
1.725439715207236803e-03
1.701785344014659571e-03
1.678454672372437471e-03
1.655443286462024606e-03
1.632746832217587402e-03
1.610361014528852554e-03
1.588281596454276358e-03
1.566504398444421150e-03
1.545025297575419168e-03
1.523840226792269473e-03
1.502945174162156590e-03
1.482336182137225988e-03
1.462009346827149257e-03
1.441960817281029254e-03
1.422186794778719380e-03
1.402683532131367670e-03
1.383447332991050854e-03
1.364474551169453246e-03
1.345761589965434150e-03
1.327304901501385548e-03
1.309100986068271414e-03
1.291146391479233756e-03
1.273437712431667573e-03
1.255971589877663466e-03
1.238744710402711873e-03
1.221753805612546626e-03
1.204995651528034586e-03
1.188467067988062788e-03
1.172164918060221873e-03
1.156086107459279502e-03
1.140227583973297838e-03
1.124586336897323091e-03
1.109159396474509226e-03
1.093943833344671263e-03
1.078936758000045284e-03
1.064135320248288732e-03
1.049536708682569010e-03
1.035138150158613525e-03
1.020936909278748065e-03
1.006930287882707321e-03
9.931156245451984704e-04
9.794902940801540701e-04
9.660517070515074007e-04
9.527973092904859281e-04
9.397245814193154337e-04
9.268310383812270467e-04
9.141142289767072203e-04
9.015717354059208299e-04
8.892011728172300898e-04
8.770001888616644386e-04
8.649664632533999404e-04
8.530977073360174840e-04
8.413916636545679681e-04
8.298461055333446190e-04
8.184588366592719091e-04
8.072276906708572997e-04
7.961505307526145188e-04
7.852252492349150051e-04
7.744497671991846860e-04
7.638220340883405957e-04
7.533400273224831641e-04
7.430017519196781836e-04
7.328052401218515489e-04
7.227485510256579900e-04
7.128297702182917082e-04
7.030470094182009666e-04
6.933984061205770728e-04
6.838821232476276213e-04
6.744963488034993364e-04
6.652392955338654783e-04
6.561092005900443468e-04
6.471043251976512679e-04
6.382229543296838838e-04
6.294633963839923888e-04
6.208239828650882015e-04
6.123030680702284045e-04
6.038990287797140442e-04
5.956102639513471053e-04
5.874351944190008392e-04
5.793722625952475030e-04
5.714199321779839854e-04
5.635766878609960130e-04
5.558410350484365445e-04
5.482114995731247843e-04
5.406866274186709117e-04
5.332649844453139863e-04
5.259451561194657641e-04
5.187257472469102276e-04
5.116053817095841255e-04
5.045827022059165166e-04
4.976563699946764648e-04
4.908250646422477898e-04
4.840874837733655667e-04
4.774423428251696878e-04
4.708883748046023749e-04
4.644243300490846446e-04
4.580489759904055351e-04
4.517610969218340163e-04
4.455594937683476551e-04
4.394429838599836751e-04
4.334104007082529414e-04
4.274605937855746412e-04
4.215924283076952304e-04
4.158047850190557063e-04
4.100965599810566810e-04
4.044666643631952352e-04
3.989140242370253059e-04
3.934375803729114125e-04
3.880362880395315942e-04
3.827091168061008274e-04
3.774550503472747539e-04
3.722730862506812982e-04
3.671622358270979544e-04
3.621215239231548311e-04
3.571499887366111586e-04
3.522466816341325081e-04
3.474106669715234033e-04
3.426410219164200961e-04
3.379368362733667429e-04
3.332972123112903787e-04
3.287212645932959757e-04
3.242081198087814770e-04
3.197569166078348597e-04
3.153668054378771222e-04
3.110369483825174784e-04
3.067665190026131676e-04
3.025547021794689926e-04
2.984006939601888900e-04
2.943037014051062958e-04
2.902629424373086471e-04
2.862776456941995345e-04
2.823470503810677113e-04
2.784704061266713641e-04
2.746469728407660332e-04
2.708760205735754765e-04
2.671568293771821681e-04
2.634886891687929786e-04
2.598708995958722316e-04
2.563027699031055428e-04
2.527836188011813793e-04
2.493127743373481082e-04
2.458895737677451246e-04
2.425133634314641229e-04
2.391834986263272024e-04
2.358993434863565443e-04
2.326602708609183960e-04
2.294656621955001613e-04
2.263149074141314939e-04
2.232074048033869974e-04
2.201425608979827575e-04
2.171197903679287307e-04
2.141385159072141679e-04
2.111981681240216282e-04
2.082981854324246951e-04
2.054380139455728939e-04
2.026171073703233680e-04
1.998349269033182030e-04
1.970909411284770690e-04
1.943846259158807583e-04
1.917154643220454291e-04
1.890829464915473590e-04
1.864865695599933558e-04
1.839258375583228391e-04
1.814002613183974947e-04
1.789093583799012939e-04
1.764526528984921986e-04
1.740296755552183977e-04
1.716399634671733805e-04
1.692830600993537149e-04
1.669585151777447667e-04
1.646658846035742123e-04
1.624047303687405563e-04
1.601746204724038857e-04
1.579751288387091558e-04
1.558058352356309463e-04
1.536663251949338903e-04
1.515561899332240256e-04
1.494750262740743481e-04
1.474224365712187637e-04
1.453980286327959559e-04
1.434014156466231630e-04
1.414322161064994054e-04
1.394900537395069658e-04
1.375745574343128824e-04
1.356853611704487452e-04
1.338221039485531008e-04
1.319844297215752474e-04
1.301719873269113336e-04
1.283844304194761525e-04
1.266214174056820325e-04
1.248826113783269942e-04
1.231676800523685660e-04
1.214762957015824019e-04
1.198081350960756723e-04
1.181628794406679650e-04
1.165402143141067365e-04
1.149398296091169502e-04
1.133614194732713724e-04
1.118046822506656190e-04
1.102693204243980040e-04
1.087550405598310317e-04
1.072615532486303141e-04
1.057885730535692756e-04
1.043358184540897626e-04
1.029030117926098308e-04
1.014898792215599950e-04
1.000961506511484421e-04
9.872155969784443259e-05
9.736584363355823516e-05
9.602874333552507350e-05
9.471000323686995265e-05
9.340937127785112789e-05
9.212659885776934164e-05
9.086144078753996859e-05
8.961365524290799793e-05
8.838300371830754660e-05
8.716925098135396390e-05
8.597216502795509681e-05
8.479151703804097071e-05
8.362708133189834651e-05
8.247863532710148046e-05
8.134595949603732506e-05
8.022883732400637338e-05
7.912705526790184411e-05
7.804040271545369513e-05
7.696867194502986286e-05
7.591165808598877775e-05
7.486915907957616284e-05
7.384097564035448720e-05
7.282691121816328554e-05
7.182677196060027421e-05
7.084036667601659599e-05
