5.088236925564679769e-01
5.088235209074203347e-01
5.088233141248852398e-01
5.088230650101177588e-01
5.088227648859854346e-01
5.088224032918108319e-01
5.088219676145606662e-01
5.088214426427825066e-01
5.088208100266417011e-01
5.088200476236842684e-01
5.088191287052059586e-01
5.088180209922039676e-01
5.088166854823951146e-01
5.088150750203074280e-01
5.088131325501717983e-01
5.088107889757047531e-01
5.088079605301861763e-01
5.088045455334350153e-01
5.088004203764973088e-01
5.087954345272668322e-01
5.087894042861411670e-01
5.087821049340732760e-01
5.087732607968138421e-01
5.087625325866548254e-01
5.087495011586958826e-01
5.087336465079079773e-01
5.087143204013535591e-01
5.086907104379306821e-01
5.086617924881854380e-01
5.086262672948164143e-01
5.085824753810020971e-01
5.085282821429154554e-01
5.084609218593783009e-01
5.083767850275018318e-01
5.082711275371034620e-01
5.081376722531167900e-01
5.079680630485999826e-01
5.077511176950576521e-01
5.074718089178005265e-01
5.071098824956653539e-01
5.066379987269702401e-01
5.060192621356432996e-01
5.052039907647916106e-01
5.041255833943044662e-01
5.026953916983184500e-01
5.007966271955677229e-01
4.982775743569672899e-01
4.949447927631229760e-01
4.905576128033264371e-01
4.848260497659618862e-01
4.774151497008058964e-01
4.679594028159770880e-01
4.560906290041820688e-01
4.414809097403160632e-01
4.238981788698295006e-01
4.032663345920591835e-01
3.797160330014697216e-01
3.536098430961597261e-01
3.255291414675676731e-01
2.962203010923828428e-01
2.665106675215181964e-01
2.372143971208001967e-01
2.090498642055018397e-01
1.825839989945236830e-01
1.582086763123174700e-01
1.361451404429069312e-01
1.164674035511592820e-01
9.913478624301125253e-02
8.402575173811899223e-02
7.096811749035614181e-02
5.976337982501575552e-02
5.020474546668570598e-02
4.208951027108709386e-02
3.522686094776764087e-02
2.944223530465401792e-02
2.457924719815784975e-02
2.049998453742690740e-02
1.708428838876213315e-02
1.422844811357490934e-02
1.184361037586534153e-02
9.854097309416741390e-03
8.195755590575481628e-03
6.814407207788701799e-03
5.664438525875096012e-03
4.707542058655798424e-03
3.911611546584333084e-03
3.249782807408465712e-03
2.699608473297688410e-03
2.242352809967768611e-03
1.862392415899853009e-03
1.546709106516589447e-03
1.284462292601891388e-03
1.066629402186596237e-03
8.857042064054587672e-04
7.354441938376081022e-04
6.106593390843703326e-04
5.070357021618693109e-04
4.209882655502504784e-04
3.495382659244340435e-04
2.902110142590873091e-04
