5.897257340444169715e-01
5.859506069212804258e-01
5.820472183377023434e-01
5.780133591843025220e-01
5.738469620293138451e-01
5.695461173258015153e-01
5.651090906492580723e-01
5.605343397981400466e-01
5.558205326202381169e-01
5.509665645621003582e-01
5.459715767043035184e-01
5.408349731907916569e-01
5.355564390462431712e-01
5.301359569537891225e-01
5.245738240082318260e-01
5.188706672545224663e-01
5.130274586796553793e-01
5.070455288669781790e-01
5.009265794110230319e-01
4.946726937990966189e-01
4.882863465998846797e-01
4.817704107521298962e-01
4.751281628362431508e-01
4.683632860137315612e-01
4.614798707441015169e-01
4.544824127690467730e-01
4.473758086688417457e-01
4.401653485169499946e-01
4.328567059467107736e-01
4.254559251807326081e-01
4.179694054782807644e-01
4.104038826669254014e-01
4.027664080210562325e-01
3.950643245458510533e-01
3.873052407762089810e-01
3.794970024234335382e-01
3.716476617657292758e-01
3.637654453473764815e-01
3.558587201583209847e-01
3.479359583632622988e-01
3.400057012931931855e-01
3.320765226474357568e-01
3.241569914519859541e-01
3.162556350905868507e-01
3.083809026461059588e-01
3.005411290541189495e-01
2.927445001872795993e-01
2.849990193710107977e-01
2.773124754240143264e-01
2.696924127478538269e-01
2.621461033503386107e-01
2.546805213168652493e-01
2.473023197288481689e-01
2.400178102037005545e-01
2.328329451573603603e-01
2.257533028608920966e-01
2.187840752926006327e-01
2.119300588010394615e-01
2.051956475569237104e-01
1.985848296679256497e-01
1.921011859267547084e-01
1.857478910436915209e-01
1.795277172127848764e-01
1.734430399028086545e-01
1.674958456329000978e-01
1.616877416201747131e-01
1.560199670568344910e-01
1.504934058652944162e-01
1.451086007097197594e-01
1.398657680759171351e-01
1.347648142428541640e-01
1.298053519550380897e-01
1.249867176054384743e-01
1.203079887989621510e-01
1.157680020970569962e-01
1.113653708345605509e-01
1.070985028587940202e-01
1.029656180716951724e-01
9.896476567884501807e-02
9.509384103923858300e-02
9.135060203307317217e-02
8.773268489537820736e-02
8.423761943568422450e-02
8.086284360705847662e-02
7.760571738732308100e-02
7.446353594197173409e-02
7.143354205397739465e-02
6.851293780659424570e-02
6.569889551426812135e-02
6.298856790878022693e-02
6.037909758789102022e-02
5.786762573712794788e-02
5.545130014545310293e-02
5.312728253335485123e-02
5.089275521907717093e-02
4.874492714992576664e-02
4.668103932218153895e-02
4.469836962556619081e-02
4.279423713722471656e-02
4.096600589715670981e-02
