3.342667031717226622e-02
3.299723486442009135e-02
3.257293741233158874e-02
3.215372624791660444e-02
3.173954992471159781e-02
3.133035726863233478e-02
3.092609738358940291e-02
3.052671965686586109e-02
3.013217376423038898e-02
2.974240967484578085e-02
2.935737765592394063e-02
2.897702827717073271e-02
2.860131241500712268e-02
2.823018125656932137e-02
2.786358630351098986e-02
2.750147937558444083e-02
2.714381261403781345e-02
2.679053848480705824e-02
2.644160978151211330e-02
2.609697962827938270e-02
2.575660148237061617e-02
2.542042913664074172e-02
2.508841672182007126e-02
2.476051870862554932e-02
2.443668990971209487e-02
2.411688548146089656e-02
2.380106092560952541e-02
2.348917209073942552e-02
2.318117517359848806e-02
2.287702672029863146e-02
2.257668362736139217e-02
2.228010314263135713e-02
2.198724286605803491e-02
2.169806075034753229e-02
2.141251510149126680e-02
2.113056457917470918e-02
2.085216819706472297e-02
2.057728532298508384e-02
2.030587567898611487e-02
2.003789934130000006e-02
1.977331674019557409e-02
1.951208865973563800e-02
1.925417623743195736e-02
1.899954096381080773e-02
1.874814468188316929e-02
1.849994958653344151e-02
1.825491822381619320e-02
1.801301349017537731e-02
1.777419863158288468e-02
1.753843724260279596e-02
1.730569326537779659e-02
1.707593098854984920e-02
1.684911504610919764e-02
1.662521041617720519e-02
1.640418241973128424e-02
1.618599671925875783e-02
1.597061931736524359e-02
1.575801655531687551e-02
1.554815511153223410e-02
1.534100200002458565e-02
1.513652456879238314e-02
1.493469049816215435e-02
1.473546779908892213e-02
1.453882481141083663e-02
1.434473020206364358e-02
1.415315296325752106e-02
1.396406241061319727e-02
1.377742818126508929e-02
1.359322023193023157e-02
1.341140883694452897e-02
1.323196458626951615e-02
1.305485838346912876e-02
1.288006144366306456e-02
1.270754529144811976e-02
1.253728175880148427e-02
1.236924298295920439e-02
1.220340140427351658e-02
1.203972976405000284e-02
1.187820110236816225e-02
1.171878875588332376e-02
1.156146635561232892e-02
1.140620782470758501e-02
1.125298737621426189e-02
1.110177951081757486e-02
1.095255901457918915e-02
1.080530095666134595e-02
1.065998068704563685e-02
1.051657383424050435e-02
1.037505630298428752e-02
1.023540427194178162e-02
1.009759419139541654e-02
9.961602780932676121e-03
9.827407027131076708e-03
9.694984181239069132e-03
9.564311756859096916e-03
9.435367527624029596e-03
9.308129524880540129e-03
9.182576035368305092e-03
9.058685598902596267e-03
8.936437006059764002e-03
8.815809295864149991e-03
8.696781753479557175e-03
8.579333907904768478e-03
8.463445529673110923e-03
8.349096628559026304e-03
8.236267451288121696e-03
8.124938479255817275e-03
8.015090426251455027e-03
7.906704236191733348e-03
7.799761080858455022e-03
7.694242357648874500e-03
7.590129687332185238e-03
7.487404911815296465e-03
7.386050091919654954e-03
7.286047505166220843e-03
7.187379643571904786e-03
7.090029211456777732e-03
6.993979123261531185e-03
6.899212501376757872e-03
6.805712673983426581e-03
6.713463172905763734e-03
6.622447731476452382e-03
6.532650282413453822e-03
6.444054955709985384e-03
6.356646076537339485e-03
6.270408163160942107e-03
6.185325924870023646e-03
6.101384259919653136e-03
6.018568253488398856e-03
5.936863175647554350e-03
5.856254479346532059e-03
5.776727798411126873e-03
5.698268945556862232e-03
5.620863910415867075e-03
5.544498857579924743e-03
5.469160124656411749e-03
5.394834220339959213e-03
5.321507822499876861e-03
5.249167776280603930e-03
5.177801092218661631e-03
5.107394944374511227e-03
5.037936668479099135e-03
4.969413760096411808e-03
4.901813872800634374e-03
4.835124816369074444e-03
4.769334554990475525e-03
4.704431205488226499e-03
4.640403035559699692e-03
4.577238462030716604e-03
4.514926049125385886e-03
4.453454506751274543e-03
4.392812688800732009e-03
4.332989591466794577e-03
4.273974351574900098e-03
4.215756244930543052e-03
4.158324684680950525e-03
4.101669219694028222e-03
4.045779532950901508e-03
3.990645439955015257e-03
3.936256887155807974e-03
3.882603950387695721e-03
3.829676833324907083e-03
3.777465865950479975e-03
3.725961503041136380e-03
3.675154322666805522e-03
3.625035024705154131e-03
3.575594429371424781e-03
3.526823475762292086e-03
3.478713220415848364e-03
3.431254835884687757e-03
3.384439609324948941e-03
3.338258941099657168e-03
3.292704343395535995e-03
3.247767438856377815e-03
3.203439959228259956e-03
3.159713744020903672e-03
3.116580739182504573e-03
3.074032995788686298e-03
3.032062668745206212e-03
2.990662015505552405e-03
2.949823394800708907e-03
2.909539265384817469e-03
2.869802184792374401e-03
2.830604808110342985e-03
2.791939886763333562e-03
2.753800267312088088e-03
2.716178890265164621e-03
2.679068788904140526e-03
2.642463088121431436e-03
2.606355003271546098e-03
2.570737839034557999e-03
2.535604988293468226e-03
2.500949931022956353e-03
2.466766233191486097e-03
2.433047545675756998e-03
2.399787603187369858e-03
2.366980223211758837e-03
2.334619304959687294e-03
2.302698828330092175e-03
2.271212852885560671e-03
2.240155516839258641e-03
2.209521036053479961e-03
2.179303703050664617e-03
2.149497886034646907e-03
2.120098027924644749e-03
2.091098645399546742e-03
2.062494327954158407e-03
2.034279736966091399e-03
2.006449604773954867e-03
1.978998733766236182e-03
1.951921995481259615e-03
1.925214329717553569e-03
1.898870743655155452e-03
1.872886310986994441e-03
1.847256171061004365e-03
1.821975528032595930e-03
1.797039650026865942e-03
1.772443868311470317e-03
1.748183576479147129e-03
1.724254229639884083e-03
1.700651343623703999e-03
1.677370494192276804e-03
1.654407316260536305e-03
1.631757503127820828e-03
1.609416805718281605e-03
1.587381031830306525e-03
1.565646045396063609e-03
1.544207765748976295e-03
1.523062166901056067e-03
1.502205276828698800e-03
1.481633176767613346e-03
1.461342000516052501e-03
1.441327933747217193e-03
1.421587213329714985e-03
1.402116126656596795e-03
1.382911010982921726e-03
1.363968252771395953e-03
1.345284287046124043e-03
1.326855596754687163e-03
1.308678712137984618e-03
1.290750210107909817e-03
1.273066713633188565e-03
1.255624891132625697e-03
1.238421455875979293e-03
1.221453165392617519e-03
1.204716820887477557e-03
1.188209266664246424e-03
1.171927389556304006e-03
1.155868118364292542e-03
1.140028423301455264e-03
1.124405315445253231e-03
1.108995846196665896e-03
1.093797106746007084e-03
1.078806227545530240e-03
1.064020377789038924e-03
1.049436764897623267e-03
1.035052634012609621e-03
1.020865267494487204e-03
1.006871984428582599e-03
9.930701401367006149e-04
9.794571256955980111e-04
9.660303674609893631e-04
9.527873265981837972e-04
9.397254986185698059e-04
9.268424129219271067e-04
9.141356323450232964e-04
9.016027527155745947e-04
8.892414024123331982e-04
8.770492419307372419e-04
8.650239634540675317e-04
8.531632904304186369e-04
8.414649771548695983e-04
8.299268083572574695e-04
8.185465987952743978e-04
8.073221928528174487e-04
7.962514641436117726e-04
7.853323151198951524e-04
7.745626766863494394e-04
7.639405078188988641e-04
7.534637951886915923e-04
7.431305527907159205e-04
7.329388215775466987e-04
7.228866690977318139e-04
7.129721891388181906e-04
7.031935013753703263e-04
6.935487510212182995e-04
6.840361084865757965e-04
6.746537690394409544e-04
6.653999524715748133e-04
6.562729027688369611e-04
6.472708877858068116e-04
6.383921989247323681e-04
6.296351508187348050e-04
6.209980810190749052e-04
6.124793496866713042e-04
6.040773392876308242e-04
5.957904542926979827e-04
5.876171208809184698e-04
5.795557866469425081e-04
5.716049203123745644e-04
5.637630114408862187e-04
5.560285701570843835e-04
5.484001268691273941e-04
5.408762319950061355e-04
5.334554556923959889e-04
5.261363875922487341e-04
5.189176365357711738e-04
5.117978303148601948e-04
5.047756154161708820e-04
4.978496567684527431e-04
4.910186374931918823e-04
4.842812586587692423e-04
4.776362390376757538e-04
4.710823148670759890e-04
4.646182396125157310e-04
4.582427837348498401e-04
4.519547344601622472e-04
4.457528955528288861e-04
4.396360870916041956e-04
4.336031452486940017e-04
4.276529220717188284e-04
4.217842852686935675e-04
4.159961179957813514e-04
4.102873186479283124e-04
4.046568006523606912e-04
3.991034922646755187e-04
3.936263363678540366e-04
3.882242902738146980e-04
3.828963255276942928e-04
3.776414277148020101e-04
3.724585962699865013e-04
3.673468442897705861e-04
3.623051983468673540e-04
3.573326983072001774e-04
3.524283971494331937e-04
3.475913607868649693e-04
3.428206678917566854e-04
3.381154097220082718e-04
3.334746899501304473e-04
3.288976244945684491e-04
3.243833413532472374e-04
3.199309804393938510e-04
3.155396934195133667e-04
3.112086435536569177e-04
3.069370055376569950e-04
3.027239653476891234e-04
2.985687200867640661e-04
2.944704778334217201e-04
2.904284574923178108e-04
2.864418886469702634e-04
2.825100114143892132e-04
2.786320763017044954e-04
2.748073440647487106e-04
2.710350855685014315e-04
2.673145816494395459e-04
2.636451229797551372e-04
2.600260099333980782e-04
2.564565524539254467e-04
2.529360699241362974e-04
2.494638910374664736e-04
2.460393536711192805e-04
2.426618047609452745e-04
2.393306001779435315e-04
2.360451046065085350e-04
2.328046914242649316e-04
2.296087425835678392e-04
2.264566484945891524e-04
2.233478079099869183e-04
2.202816278111294592e-04
2.172575232958832395e-04
2.142749174678961724e-04
2.113332413273952596e-04
2.084319336634524839e-04
2.055704409477315060e-04
2.027482172296306230e-04
1.999647240329065310e-04
1.972194302536544783e-04
1.945118120596933827e-04
1.918413527912951957e-04
1.892075428632922890e-04
1.866098796684899483e-04
1.840478674823818887e-04
1.815210173692077421e-04
1.790288470891973919e-04
1.765708810071691260e-04
1.741466500023222533e-04
1.717556913792486360e-04
1.693975487801688273e-04
1.670717720983410726e-04
1.647779173927079810e-04
1.625155468035947382e-04
1.602842284696663210e-04
1.580835364459350610e-04
1.559130506229223947e-04
1.537723566469009675e-04
1.516610458412360367e-04
1.495787151287779825e-04
1.475249669553289910e-04
1.454994092141472656e-04
1.435016551714659964e-04
1.415313233930485300e-04
1.395880376717028399e-04
1.376714269558356666e-04
1.357811252789477990e-04
1.339167716900803635e-04
1.320780101852275172e-04
1.302644896396945649e-04
1.284758637413361507e-04
1.267117909247449960e-04
1.249719343063071596e-04
1.232559616201758606e-04
1.215635451550685906e-04
1.198943616919784656e-04
1.182480924426963440e-04
1.166244229891964037e-04
1.150230432238243404e-04
1.134436472903213773e-04
1.118859335256432928e-04
1.103496044025647094e-04
1.088343664730904759e-04
1.073399303126107440e-04
1.058660104648308714e-04
1.044123253874669732e-04
1.029785973986454200e-04
1.015645526240731490e-04
1.001699209449041409e-04
9.879443594632678397e-05
9.743783486684522111e-05
9.609985854826953559e-05
9.478025138636450792e-05
9.347876128220150506e-05
9.219513959413402980e-05
9.092914109047989886e-05
8.968052390280786379e-05
8.844904947987316743e-05
8.723448254219439248e-05
8.603659103724636728e-05
8.485514609524766154e-05
8.368992198557115964e-05
8.254069607375594589e-05
8.140724877907416584e-05
8.028936353270996033e-05
7.918682673650363486e-05
7.809942772223967824e-05
7.702695871151809561e-05
7.596921477615689209e-05
7.492599379913759267e-05
7.389709643609368981e-05
7.288232607731780059e-05
7.188148881028430764e-05
7.089439338269701155e-05
6.992085116603168082e-05
6.896067611958089916e-05
6.801368475498836233e-05
6.707969610127595839e-05
6.615853167032847613e-05
6.525001542288291474e-05
6.435397373495231469e-05
6.347023536472621728e-05
6.259863141991861525e-05
6.173899532555778339e-05
6.089116279223556706e-05
6.005497178476040040e-05
5.923026249126758683e-05
5.841687729273730057e-05
5.761466073293096824e-05
5.682345948874675551e-05
5.604312234097198026e-05
5.527350014543762916e-05
5.451444580457144731e-05
5.376581423933803386e-05
5.302746236156197273e-05
5.229924904663062370e-05
5.158103510657000121e-05
5.087268326349496703e-05
5.017405812341088069e-05
4.948502615038588440e-05
4.880545564106830307e-05
4.813521669955935775e-05
4.747418121262673182e-05
4.682222282525553425e-05
4.617921691653945147e-05
4.554504057589407002e-05
4.491957257960906659e-05
4.430269336770352055e-05
4.369428502111423934e-05
4.309423123919106879e-05
4.250241731749304928e-05
4.191873012590151130e-05
4.134305808702345931e-05
4.077529115489696024e-05
4.021532079398088417e-05
3.966303995844204858e-05
3.911834307171472089e-05
3.858112600635232707e-05
3.805128606414692429e-05
3.752872195652120813e-05
3.701333378519648985e-05
3.650502302311268299e-05
3.600369249562746518e-05
3.550924636195468276e-05
3.502159009686740229e-05
3.454063047265354066e-05
3.406627554131205239e-05
3.359843461699301510e-05
3.313701825868747445e-05
3.268193825314768207e-05
3.223310759803594427e-05
3.179044048531799222e-05
3.135385228487148500e-05
3.092325952832857146e-05
3.049857989313349018e-05
3.007973218682009968e-05
2.966663633150962037e-05
2.925921334861056664e-05
2.885738534374077767e-05
2.846107549184884671e-05
2.807020802253872637e-05
2.768470820560038991e-05
2.730450233673418196e-05
2.692951772347523489e-05
2.655968267130617735e-05
2.619492646996355239e-05
2.583517937993264960e-05
2.548037261912298231e-05
2.513043834973187720e-05
2.478530966528512432e-05
2.444492057785497551e-05
2.410920600545591124e-05
2.377810175961052563e-05
2.345154453308777244e-05
2.312947188780875086e-05
2.281182224291841820e-05
2.249853486302017693e-05
2.218954984657340709e-05
2.188480811444748294e-05
2.158425139863732903e-05
2.128782223112791170e-05
2.099546393291592638e-05
2.070712060318193485e-05
2.042273710860514286e-05
2.014225907283494327e-05
1.986563286609614121e-05
1.959280559494561193e-05
1.932372509216391117e-05
1.905833990678681552e-05
1.879659929427461394e-05
1.853845320681683995e-05
1.828385228376701310e-05
1.803274784221189616e-05
1.778509186766671956e-05
1.754083700490408467e-05
1.729993654889905958e-05
1.706234443590873637e-05
1.682801523466759798e-05
1.659690413770546785e-05
1.636896695278434899e-05
1.614416009445488107e-05
1.592244057572473804e-05
1.570376599984455316e-05
1.548809455220622513e-05
1.527538499234961717e-05
1.506559664608197428e-05
1.485868939770502544e-05
1.465462368234713653e-05
1.445336047840220975e-05
1.425486130007077585e-05
1.405908819000697906e-05
1.386600371206105478e-05
1.367557094412564170e-05
1.348775347107895718e-05
1.330251537782386182e-05
1.311982124242470393e-05
1.293963612933672084e-05
1.276192558272640147e-05
1.258665561988861058e-05
1.241379272474960713e-05
1.224330384146147796e-05
1.207515636808321605e-05
1.190931815034850115e-05
1.174575747552174800e-05
1.158444306633348084e-05
1.142534407500435673e-05
1.126843007734624009e-05
1.111367106694823969e-05
1.096103744944143500e-05
1.081050003683879365e-05
1.066203004195929760e-05
1.051559907292328601e-05
1.037117912772473928e-05
1.022874258887945727e-05
1.008826221814526064e-05
9.949711151315233590e-06
9.813062893081424514e-06
9.678291311971825122e-06
9.545370635352892993e-06
9.414275444503477318e-06
9.284980669755626349e-06
9.157461585702644194e-06
9.031693806471096902e-06
8.907653281059495280e-06
8.785316288740755919e-06
8.664659434527066507e-06
8.545659644697152073e-06
8.428294162385291621e-06
8.312540543231558305e-06
8.198376651089390183e-06
8.085780653794841913e-06
7.974731018992148890e-06
7.865206510017485933e-06
7.757186181838530203e-06
7.650649377050741440e-06
7.545575721926895167e-06
7.441945122523150257e-06
7.339737760836683871e-06
7.238934091016757224e-06
7.139514835628037370e-06
7.041460981965145830e-06
6.944753778416976346e-06
6.849374730881654188e-06
6.755305599231799058e-06
6.662528393825540470e-06
6.571025372067959557e-06
6.480779035018523904e-06
6.391772124045751256e-06
6.303987617526670252e-06
6.217408727593122083e-06
6.132018896921789374e-06
6.047801795568094606e-06
5.964741317844259437e-06
5.882821579239951155e-06
5.802026913385050378e-06
5.722341869053794623e-06
5.643751207211780895e-06
5.566239898100529106e-06
5.489793118365151841e-06
5.414396248219226671e-06
5.340034868649686523e-06
5.266694758660017973e-06
5.194361892550751855e-06
5.123022437238096604e-06
5.052662749608630655e-06
4.983269373910724712e-06
4.914829039181691882e-06
4.847328656710105761e-06
4.780755317533598194e-06
4.715096289969998792e-06
4.650339017183143503e-06
4.586471114781899586e-06
4.523480368452048688e-06
4.461354731620649388e-06
4.400082323152618350e-06
4.339651425079268320e-06
4.280050480357324920e-06
4.221268090658738165e-06
4.163293014191826579e-06
4.106114163551300903e-06
4.049720603598247346e-06
3.994101549368843056e-06
3.939246364012615244e-06
3.885144556758285629e-06
3.831785780907345902e-06
3.779159831856207839e-06
3.727256645144591109e-06
3.676066294530746363e-06
3.625578990093907452e-06
3.575785076361708689e-06
3.526675030464217567e-06
3.478239460312839757e-06
3.430469102804408513e-06
3.383354822049641524e-06
3.336887607626609371e-06
3.291058572857031104e-06
3.245858953107627172e-06
3.201280104113873829e-06
3.157313500326701545e-06
3.113950733282635062e-06
3.071183509995725054e-06
3.029003651371665710e-06
2.987403090643541714e-06
2.946373871829881429e-06
2.905908148212511578e-06
2.865998180836439030e-06
2.826636337030116850e-06
2.787815088945454266e-06
2.749527012118481531e-06
2.711764784049627840e-06
2.674521182803403494e-06
2.637789085627174191e-06
2.601561467589490764e-06
2.565831400236334094e-06
2.530592050266348798e-06
2.495836678224036569e-06
2.461558637211008672e-06
2.427751371614876213e-06
2.394408415855660857e-06
2.361523393149332556e-06
2.329090014288242193e-06
2.297102076438692242e-06
2.265553461954578619e-06
2.234438137207362037e-06
2.203750151432484106e-06
2.173483635591333667e-06
2.143632801248707490e-06
2.114191939466162995e-06
2.085155419709955194e-06
2.056517688774449766e-06
2.028273269720235969e-06
2.000416760826557793e-06
1.972942834558472056e-06
1.945846236547845321e-06
1.919121784588695318e-06
1.892764367646168112e-06
1.866768944879075847e-06
1.841130544675799398e-06
1.815844263703666684e-06
1.790905265971297356e-06
1.766308781903592425e-06
1.742050107429781953e-06
1.718124603083701364e-06
1.694527693116748050e-06
1.671254864622505849e-06
1.648301666674077360e-06
1.625663709472524233e-06
1.603336663507712899e-06
1.581316258729985811e-06
1.559598283733978912e-06
1.538178584952822041e-06
1.517053065864057829e-06
1.496217686206237657e-06
1.475668461206061047e-06
1.455401460816496005e-06
1.435412808965153315e-06
1.415698682813129330e-06
1.396255312023593439e-06
1.377078978041190887e-06
1.358166013380504810e-06
1.339512800925029542e-06
1.321115773235054905e-06
1.302971411865793678e-06
1.285076246694220373e-06
1.267426855255623784e-06
1.250019862088978212e-06
1.232851938091457979e-06
1.215919799881785661e-06
1.199220209172288438e-06
1.182749972149571967e-06
1.166505938863798816e-06
1.150485002626178691e-06
1.134684099414928975e-06
1.119100207289268123e-06
1.103730345811470247e-06
1.088571575476941762e-06
1.073620997151920459e-06
1.058875751519196635e-06
1.044333018531196196e-06
1.029990016870677110e-06
1.015844003418773868e-06
1.001892272730560004e-06
9.881321565173790338e-07
9.745610231367885333e-07
9.611762770891629522e-07
9.479753585212667674e-07
9.349557427368436106e-07
9.221149397136749278e-07
9.094504936273925618e-07
8.969599823817626665e-07
8.846410171456288880e-07
8.724912418958399399e-07
8.605083329669046315e-07
8.486899986064419777e-07
8.370339785368613428e-07
8.255380435232321708e-07
8.141999949469039052e-07
8.030176643849509543e-07
7.919889131955405346e-07
7.811116321089361416e-07
7.703837408240900620e-07
7.598031876107462586e-07
7.493679489171163082e-07
7.390760289828480256e-07
7.289254594573415116e-07
7.189142990233644515e-07
7.090406330256664962e-07
6.993025731049467847e-07
6.896982568365696172e-07
6.802258473745166963e-07
6.708835330999603572e-07
6.616695272749110543e-07
6.525820677004502609e-07
6.436194163796963768e-07
6.347798591854798223e-07
6.260617055324546779e-07
6.174632880538393604e-07
6.089829622824643540e-07
6.006191063363451107e-07
5.923701206084310336e-07
5.842344274607680325e-07
5.762104709226395915e-07
5.682967163931764669e-07
5.604916503477073042e-07
5.527937800483589268e-07
5.452016332586175613e-07
5.377137579616403020e-07
5.303287220827238129e-07
5.230451132153033566e-07
5.158615383508272119e-07
5.087766236124440086e-07
5.017890139921552759e-07
4.948973730916859341e-07
4.881003828669729954e-07
4.813967433759871257e-07
4.747851725301932734e-07
4.682644058493071548e-07
4.618331962195074765e-07
4.554903136548855165e-07
4.492345450622283106e-07
4.430646940090144743e-07
4.369795804946111231e-07
4.309780407245761723e-07
4.250589268880858723e-07
4.192211069384163736e-07
4.134634643764838214e-07
4.077848980372152352e-07
4.021843218790497038e-07
3.966606647762127140e-07
3.912128703137967512e-07
3.858398965857960345e-07
3.805407159958210519e-07
3.753143150605459939e-07
3.701596942159281029e-07
3.650758676259856973e-07
3.600618629942769601e-07
3.551167213779900242e-07
3.502394970044784419e-07
3.454292570904114447e-07
3.406850816633973283e-07
3.360060633860001286e-07
3.313913073822405395e-07
3.268399310664351184e-07
3.223510639744166069e-07
3.179238475970377997e-07
3.135574352159797130e-07
3.092509917418458429e-07
3.050036935544216510e-07
3.008147283451616941e-07
2.966832949618359464e-07
2.926086032553216035e-07
2.885898739284713878e-07
2.846263383870795306e-07
2.807172385928766100e-07
2.768618269185674856e-07
2.730593660048371547e-07
2.693091286193401487e-07
2.656103975176055468e-07
2.619624653058595667e-07
2.583646343057599087e-07
2.548162164209325330e-07
2.513165330054031435e-07
2.478649147337663073e-07
2.444607014732185754e-07
2.411032421572866228e-07
2.377918946612869354e-07
2.345260256795785866e-07
2.313050106043782594e-07
2.281282334063405922e-07
2.249950865167355779e-07
2.219049707112294232e-07
2.188572949953271280e-07
2.158514764912962332e-07
2.128869403266973915e-07
2.099631195244901004e-07
2.070794548945155795e-07
2.042353949266276029e-07
2.014303956851574084e-07
1.986639207049199951e-07
1.959354408886050284e-07
1.932444344055715968e-07
1.905903865920781331e-07
1.879727898528155757e-07
1.853911435638545713e-07
1.828449539768865478e-07
1.803337341248138980e-07
1.778570037285756146e-07
1.754142891053409095e-07
1.730051230778851055e-07
1.706290448852599276e-07
1.682856000946450863e-07
1.659743405144544242e-07
1.636948241086370125e-07
1.614466149121071856e-07
1.592292829473667724e-07
1.570424041422977440e-07
1.548855602490230742e-07
1.527583387639406089e-07
1.506603328488240915e-07
1.485911412530060866e-07
1.465503682366504806e-07
1.445376234950607170e-07
1.425525220840298300e-07
1.405946843462236463e-07
1.386637358385647833e-07
1.367593072606317360e-07
1.348810343840114322e-07
1.330285579826592811e-07
1.312015237641781987e-07
1.293995823020706629e-07
1.276223889689076550e-07
1.258696038704121326e-07
1.241408917804629617e-07
1.224359220769776464e-07
1.207543686786754697e-07
1.190959099827226199e-07
1.174602288032109839e-07
1.158470123105183830e-07
1.142559519714515871e-07
1.126867434902605020e-07
1.111390867504265974e-07
1.096126857572794691e-07
1.081072485813647057e-07
1.066224873026398360e-07
1.051581179553850663e-07
1.037138604738996409e-07
1.022894386389524854e-07
1.008845800249370122e-07
9.949901594777523231e-08
9.813248141354028434e-08
9.678471506775439168e-08
9.545545914542768312e-08
9.414445942174384200e-08
9.285146516344233409e-08
9.157622908087241199e-08
9.031850728068976613e-08
8.907805921921302764e-08
8.785464765642159423e-08
8.664803861058027378e-08
8.545800131349239980e-08
8.428430816636176519e-08
8.312673469626512101e-08
8.198505951321962339e-08
8.085906426784357400e-08
7.974853360959778840e-08
7.865325514559677934e-08
7.757301939997798914e-08
7.650761977386509668e-08
7.545685250582695762e-08
7.442051663292700615e-08
7.339841395227489422e-08
7.239034898313158745e-08
7.139612892951751922e-08
7.041556364333609805e-08
6.944846558801362725e-08
6.849464980262802868e-08
6.755393386653750124e-08
6.662613786449411903e-08
6.571108435222315196e-08
6.480859832250052118e-08
6.391850717167396744e-08
6.304064066665452122e-08
6.217483091235838267e-08
6.132091231959457909e-08
6.047872157339931316e-08
5.964809760179962456e-08
5.882888154500504144e-08
5.802091672503353478e-08
5.722404861573556502e-08
5.643812481324418626e-08
5.566299500683625264e-08
5.489851095017021679e-08
5.414452643294228329e-08
5.340089725292687673e-08
5.266748118838472876e-08
5.194413797087626379e-08
5.123072925842480262e-08
5.052711860906393529e-08
4.983317145473966832e-08
4.914875507557813953e-08
4.847373857449400546e-08
4.780799285216507797e-08
4.715139058233872638e-08
4.650380618747437967e-08
4.586511581473521802e-08
4.523519731229789874e-08
4.461393020598689430e-08
4.400119567623859758e-08
4.339687653537269485e-08
4.280085720518334670e-08
4.221302369483121783e-08
4.163326357904499148e-08
4.106146597661532867e-08
4.049752152919557901e-08
3.994132238037894862e-08
3.939276215507663594e-08
3.885173593916920191e-08
3.831814025944323146e-08
3.779187306380328721e-08
3.727283370175055297e-08
3.676092290513310999e-08
3.625604276916807776e-08
3.575809673370275047e-08
