-6.000000000000000000e+00
-5.878787878787878896e+00
-5.757575757575757791e+00
-5.636363636363636687e+00
-5.515151515151515582e+00
-5.393939393939393590e+00
-5.272727272727272485e+00
-5.151515151515151381e+00
-5.030303030303030276e+00
-4.909090909090909172e+00
-4.787878787878788067e+00
-4.666666666666666075e+00
-4.545454545454544970e+00
-4.424242424242423866e+00
-4.303030303030302761e+00
-4.181818181818181657e+00
-4.060606060606060552e+00
-3.939393939393939448e+00
-3.818181818181818343e+00
-3.696969696969696795e+00
-3.575757575757575690e+00
-3.454545454545454586e+00
-3.333333333333333037e+00
-3.212121212121211933e+00
-3.090909090909090828e+00
-2.969696969696969724e+00
-2.848484848484848619e+00
-2.727272727272727071e+00
-2.606060606060605966e+00
-2.484848484848484862e+00
-2.363636363636363313e+00
-2.242424242424242209e+00
-2.121212121212121104e+00
-2.000000000000000000e+00
-1.878787878787878896e+00
-1.757575757575757791e+00
-1.636363636363636687e+00
-1.515151515151514694e+00
-1.393939393939393590e+00
-1.272727272727272485e+00
-1.151515151515151381e+00
-1.030303030303030276e+00
-9.090909090909091717e-01
-7.878787878787880672e-01
-6.666666666666660745e-01
-5.454545454545449701e-01
-4.242424242424238656e-01
-3.030303030303027612e-01
-1.818181818181816567e-01
-6.060606060606055223e-02
6.060606060606055223e-02
1.818181818181816567e-01
3.030303030303027612e-01
4.242424242424247538e-01
5.454545454545458583e-01
6.666666666666669627e-01
7.878787878787880672e-01
9.090909090909091717e-01
1.030303030303030276e+00
1.151515151515151381e+00
1.272727272727273373e+00
1.393939393939394478e+00
1.515151515151515582e+00
1.636363636363636687e+00
1.757575757575757791e+00
1.878787878787878896e+00
2.000000000000000000e+00
2.121212121212121104e+00
2.242424242424242209e+00
2.363636363636363313e+00
2.484848484848484418e+00
2.606060606060605522e+00
2.727272727272726627e+00
2.848484848484849508e+00
2.969696969696970612e+00
3.090909090909091717e+00
3.212121212121212821e+00
3.333333333333333925e+00
3.454545454545455030e+00
3.575757575757576134e+00
3.696969696969697239e+00
3.818181818181818343e+00
3.939393939393939448e+00
4.060606060606060552e+00
4.181818181818181657e+00
4.303030303030302761e+00
4.424242424242423866e+00
4.545454545454544970e+00
4.666666666666667851e+00
4.787878787878788955e+00
4.909090909090910060e+00
5.030303030303031164e+00
5.151515151515152269e+00
5.272727272727273373e+00
5.393939393939394478e+00
5.515151515151515582e+00
5.636363636363636687e+00
5.757575757575757791e+00
5.878787878787878896e+00
6.000000000000000000e+00
2.147160815963124580e+00
2.151003357277106343e+00
2.143972179209039375e+00
2.150016757348317320e+00
-2.135592482144629933e+00
-2.148315692629304330e+00
-2.136969284987367157e+00
-2.140448425178301139e+00
2.150707840976043617e+00
2.137002625239611042e+00
2.142879984953398154e+00
2.137945640091516886e+00
-2.133837874873121265e+00
-2.149540899816481332e+00
-2.149154856056610274e+00
-2.147575030650981986e+00
2.145934116052166996e+00
2.148679261101650972e+00
2.138504164949968533e+00
2.148802541005050415e+00
-2.144166489443700474e+00
-2.133528607851496783e+00
-2.133382456250600079e+00
-2.138710141903623629e+00
2.134247921239321055e+00
2.138562245972308595e+00
2.144988023862380189e+00
2.146061509714646487e+00
-2.133698196683748716e+00
-2.131106430619814862e+00
-2.140458848563583594e+00
-2.135277866549469827e+00
2.140701618086759961e+00
2.137274086564008080e+00
2.132914519285586064e+00
2.135981223733103285e+00
-2.140136699597237069e+00
-2.140753487216234152e+00
-2.130652794396216798e+00
-2.131056177336648094e+00
2.143034556307090721e+00
2.137040894738309049e+00
2.137311692592490431e+00
2.130287767177197811e+00
-2.126406758661564478e+00
-2.127055423834101511e+00
-2.132698616889685095e+00
-2.134377281153221784e+00
2.129366151452819711e+00
2.137267457850029473e+00
2.129014703270319941e+00
2.135772629490140240e+00
-2.132266812327404448e+00
-2.131753111010457946e+00
-2.139594901237830804e+00
-2.134355128369205712e+00
2.122926961955215575e+00
2.127498291969818656e+00
2.133335363419159414e+00
2.133938891644119984e+00
-2.136590085609232581e+00
-2.138679598895189660e+00
-2.133337588095218784e+00
-2.125308395550685958e+00
2.125636596408258416e+00
2.122298817333417631e+00
2.119769189706345980e+00
2.133752701956717956e+00
-2.133932568777930250e+00
-2.125513630096505402e+00
-2.125223992977814724e+00
-2.130272952383527763e+00
2.118240138685754559e+00
2.125388490124616059e+00
2.128752859209918746e+00
2.123035924547034270e+00
-2.128987202206766405e+00
-2.115803098929879944e+00
-2.124765959141551530e+00
-2.128217629670413835e+00
2.111148874356513883e+00
2.127088194268935251e+00
2.114008661685933710e+00
2.114950136052652585e+00
-2.107820867039448043e+00
-2.110297805640830138e+00
-2.111711125233797670e+00
-2.115903214964054424e+00
-2.115420368942834806e+00
-2.113991826213859060e+00
-2.111073012152212325e+00
-2.109259649381555857e+00
2.121175929203662491e+00
2.117868150844055553e+00
2.103940158375643410e+00
2.105233555903727183e+00
-2.116673408715856297e+00
-2.112085428075453297e+00
-2.103448789018243392e+00
-2.105774040283334703e+00
2.099593922865755413e+00
2.111567208961033337e+00
2.098251529006780469e+00
2.098696703375772188e+00
-2.094924467185989236e+00
-2.108293887557042279e+00
-2.092752866662990652e+00
-2.092659724392686549e+00
2.099389512607702457e+00
2.102300587027889023e+00
2.095813467204445946e+00
2.100262329615623980e+00
-2.097128294428831641e+00
-2.105026361809950064e+00
-2.091730756722470552e+00
-2.095373563114472315e+00
2.088415651023581177e+00
2.099816354898950799e+00
2.090392995650401264e+00
2.095194182601708643e+00
-2.096884188703930008e+00
-2.080244234360683286e+00
-2.079369745732064789e+00
-2.090494831282447397e+00
2.097764358615175073e+00
2.083018646101739701e+00
2.093000496611435501e+00
2.087836843212151461e+00
-2.074912708566072350e+00
-2.083212696094179694e+00
-2.091238631028802697e+00
-2.076085952289905112e+00
2.079401619458423944e+00
2.084990620643018211e+00
2.078979254635532570e+00
2.074778653284696794e+00
-2.082710286802262445e+00
-2.070519907051121766e+00
-2.074572189740999217e+00
-2.077226023753150130e+00
2.065375769347844059e+00
2.079336294627144088e+00
2.073141805946209004e+00
2.078430198017548136e+00
2.064540155186424641e+00
2.068946967026224382e+00
2.067146681122979501e+00
2.074509159146474158e+00
-2.060129010998674293e+00
-2.064118115755717575e+00
-2.074860104735265498e+00
-2.061842941760553050e+00
2.062788357593632327e+00
2.062230432259699597e+00
2.052310729460501637e+00
2.065589613197243768e+00
-2.059618429880641699e+00
-2.061206876102505081e+00
-2.047676472978174456e+00
-2.053313830973045206e+00
2.047029371659403463e+00
2.050426616533147950e+00
2.039799566186202284e+00
2.049416758907199654e+00
-2.052347475265369425e+00
-2.057658025829389725e+00
-2.041068947086934315e+00
-2.045663517928170805e+00
2.042325164811098492e+00
2.030399235103637956e+00
2.048050729280131765e+00
2.033191898072231218e+00
-2.038132945681896402e+00
-2.042149436507903815e+00
-2.035186412541548862e+00
-2.042155139887580351e+00
-2.037819816441403642e+00
-2.028522213871729818e+00
-2.021873755649989945e+00
-2.031907982142231894e+00
2.029021499399413120e+00
2.039640516057783515e+00
2.034314639390608193e+00
2.038608189618235755e+00
-2.012811409044642730e+00
-2.026073319969925013e+00
-2.012485291389882303e+00
-2.012299152220642817e+00
2.025300358400691003e+00
2.025508035853629707e+00
2.013388533456189400e+00
2.027977576846309749e+00
-2.013002234198504325e+00
-2.013945089596653748e+00
-2.009423790050666625e+00
-2.004888112710986992e+00
2.006929753940388750e+00
2.002535297069355735e+00
2.003518769579416325e+00
2.002247183704095601e+00
-2.009426582517352955e+00
-2.004568931660539288e+00
-1.998023608579658994e+00
-1.994700896469699281e+00
2.002250219526326536e+00
1.995148632711272851e+00
1.998565802442952011e+00
1.992418651610071700e+00
-1.997239319934734691e+00
-1.997426943518942899e+00
-1.996338322128342835e+00
-1.998415811481852655e+00
1.985170588148296167e+00
1.982677996730611403e+00
1.993962624809968220e+00
1.991667838731242091e+00
-1.993407498183218829e+00
-1.992575816486855222e+00
-1.975049239797062706e+00
-1.983523580917053719e+00
1.978150121492009195e+00
1.982933994301518510e+00
1.987532017108264437e+00
1.978832587848138536e+00
-1.973523675887492113e+00
-1.969212159953653618e+00
-1.981058169345208064e+00
-1.979593826261255352e+00
1.964460192191830323e+00
1.977896776666886680e+00
1.973053795788303200e+00
1.978765276353933178e+00
1.941610134342898419e+00
1.945093112335730234e+00
1.938957928996192459e+00
1.940811160371312516e+00
-1.932317065415528390e+00
-1.940504254432545705e+00
-1.939585056762334281e+00
-1.948747789296753741e+00
1.935740515881123613e+00
1.943075739030270865e+00
1.942855138005805671e+00
1.937145963297360440e+00
-1.937721186238623217e+00
-1.935192381375377302e+00
-1.935259404526665117e+00
-1.936708311531190052e+00
1.928684067163150662e+00
1.919074899543604440e+00
1.925042873580975256e+00
1.930629580995409045e+00
-1.925169322048690068e+00
-1.921173047792094968e+00
-1.930775817792919957e+00
-1.924802966961143058e+00
1.920569493203701628e+00
1.920169839940194967e+00
1.918449362021307891e+00
1.908271493006846953e+00
-1.917508913358562550e+00
-1.915682590444964362e+00
-1.912926455291331873e+00
-1.912156162575521456e+00
1.896688751391029104e+00
1.889491757607426825e+00
1.905967709005931265e+00
1.897211330176379107e+00
-1.892460364714788179e+00
-1.903632234813547708e+00
-1.905060924538025668e+00
-1.897954247096766078e+00
1.880180459754087652e+00
1.878069356003122525e+00
1.882272284908137916e+00
1.890886849379455725e+00
-1.889057587024753682e+00
-1.875045430593578200e+00
-1.887187027707593723e+00
-1.885768287080069383e+00
1.865862445599502095e+00
1.876938906699299858e+00
1.882587128132595211e+00
1.869475984070080754e+00
-1.877291207539441453e+00
-1.867437091428470364e+00
-1.876120612087210704e+00
-1.867547256894655172e+00
1.867429104447399846e+00
1.856609980799390325e+00
1.852229070743949269e+00
1.868459426541321466e+00
-1.850566088879087578e+00
-1.861032811380709528e+00
-1.854087740507103232e+00
-1.862504163993597528e+00
1.845909280960741139e+00
1.849097553767136803e+00
1.837116641223797364e+00
1.847786424507448899e+00
-1.844951512811435546e+00
-1.833995886551657462e+00
-1.845247578431254309e+00
-1.848015149649764988e+00
1.833084123980375901e+00
1.828507003397034980e+00
1.835361220145590888e+00
1.825424095822728798e+00
-1.838785544866986532e+00
-1.838861873832351224e+00
-1.824014291359849604e+00
-1.831389511671866810e+00
1.818398213140053787e+00
1.813659120585228823e+00
1.824187245606151864e+00
1.816623512977332489e+00
-1.808409536824443498e+00
-1.810826717405784381e+00
-1.809309117349035878e+00
-1.811844929095232093e+00
1.796635168475668731e+00
1.806754113186193722e+00
1.801581074267295079e+00
1.799387502058493071e+00
-1.792926320671885287e+00
-1.802925314770490006e+00
-1.807714682842630038e+00
-1.792813272969730143e+00
1.782220064050285435e+00
1.798705605447400435e+00
1.788044799752532610e+00
1.790740513182623506e+00
-1.787878776035501049e+00
-1.782262685872283425e+00
-1.788029229569734202e+00
-1.782405565801281844e+00
1.785291111640024520e+00
1.772093435809630080e+00
1.778669177755200614e+00
1.776244988389562351e+00
-1.779085367829037923e+00
-1.778596193814997672e+00
-1.765759997773729717e+00
-1.779103150666696775e+00
1.773944002347229043e+00
1.772692058881208288e+00
1.765725362790192321e+00
1.758113155639658531e+00
-1.769602469798546407e+00
-1.756231110067860479e+00
-1.766157956137446527e+00
-1.764732125174430788e+00
1.754767628870707252e+00
1.754771676742980180e+00
1.754986697683825536e+00
1.754406587029828879e+00
-1.756963208952223132e+00
-1.757359027077886271e+00
-1.763399010611620188e+00
-1.761366511361605269e+00
1.741773325781604820e+00
1.740084892626895918e+00
1.758146862492794726e+00
1.748438316957370287e+00
-1.744798759529168741e+00
-1.746018763682620101e+00
-1.745324253440407203e+00
-1.737952392609736663e+00
1.740370021045000160e+00
1.741010675046049450e+00
1.746936395050411539e+00
1.737546393700885039e+00
-1.729902350423883073e+00
-1.729359500734428012e+00
-1.720518880405904394e+00
-1.728836852336611996e+00
1.626155489818423172e+00
1.615711314737822146e+00
1.614595445824276609e+00
1.623054906535168707e+00
-1.627571576994201408e+00
-1.626538661177680867e+00
-1.625606334304149581e+00
-1.618956598431825267e+00
1.612962323009609955e+00
1.611653954005857647e+00
1.619013205017648449e+00
1.611831982717101708e+00
-1.623981405885669860e+00
-1.614200009654773282e+00
-1.610139318388193796e+00
-1.611165383903061299e+00
1.614535466632793126e+00
1.600827961452642390e+00
1.605672294339544282e+00
1.611795636936140363e+00
-1.614336593261191721e+00
-1.603848925574050233e+00
-1.602764147321444677e+00
-1.597076014494981822e+00
1.601944390832622966e+00
1.593420900059452139e+00
1.604329835576278951e+00
1.589033742995406673e+00
-1.593035963773723029e+00
-1.596188314611899361e+00
-1.591721243608319458e+00
-1.602516573603876227e+00
1.588743711379057011e+00
1.579447428486394189e+00
1.589810470243886664e+00
1.584390488599693558e+00
-1.582944366060453190e+00
-1.573803571118943534e+00
-1.590863855906839985e+00
-1.586992861870503813e+00
1.578286667740284477e+00
1.565780949426981872e+00
1.566490424760708100e+00
1.571900364319285037e+00
-1.570913159404893733e+00
-1.570282518488586687e+00
-1.572408879542628091e+00
-1.570768703670395006e+00
1.556127534520787004e+00
1.551302850155464874e+00
1.559659164901474160e+00
1.553024870112693634e+00
-1.561159678284195884e+00
-1.543547054353753278e+00
-1.557888349259221927e+00
-1.548981267788529959e+00
1.540681947685580644e+00
1.533907991887152100e+00
1.532883361124893984e+00
1.543991945557742218e+00
-1.541023539017278177e+00
-1.535121067210548196e+00
-1.546358555014102132e+00
-1.537009843709657320e+00
1.521896252480203549e+00
1.523400964236798938e+00
1.528243996023799678e+00
1.514587053621607060e+00
-1.519865804835542455e+00
-1.526409420817819829e+00
-1.522736624437629249e+00
-1.518951673188893681e+00
1.510500379948424454e+00
1.503390134249545262e+00
1.499727712592399786e+00
1.514836390252989995e+00
-1.500618958566044769e+00
-1.511007792716217324e+00
-1.499654441230995561e+00
-1.501797457392500368e+00
1.500793275231546264e+00
1.483309171340643662e+00
1.498959621399106767e+00
1.491682213760979758e+00
-1.497240446691899152e+00
-1.491977051251148989e+00
-1.479709995013501311e+00
-1.482121319858582531e+00
1.471118919124853042e+00
1.485176081159516270e+00
1.474967222889806084e+00
1.470310483295076631e+00
-1.468541628757177087e+00
-1.466872636380265993e+00
-1.478240623876370119e+00
-1.482470734909443477e+00
1.452108385883252861e+00
1.467451525414456448e+00
1.463497720304589578e+00
1.459159086523679871e+00
-1.461767028664952672e+00
-1.448736812292449105e+00
-1.448773437946561327e+00
-1.448942880905857988e+00
1.445729696395641861e+00
1.437132309126882834e+00
1.443255533678251101e+00
1.448641922694478668e+00
-1.446656970449962554e+00
-1.438812087539144802e+00
-1.443337395364497677e+00
-1.448585882183936802e+00
1.425272732597755887e+00
1.434971382443279264e+00
1.423600189325365584e+00
1.436515292804874333e+00
-1.425894975222319783e+00
-1.430057035760041950e+00
-1.427347333575270660e+00
-1.423362088879864373e+00
1.423086560320031557e+00
1.418905748236764408e+00
1.410863918487202273e+00
1.411279866933462745e+00
-1.406161105125740329e+00
-1.416613107481952571e+00
-1.405650043087774970e+00
-1.421722669303243203e+00
1.394455990054383365e+00
1.405174983911537501e+00
1.405104566661173671e+00
1.403469099708116952e+00
-1.389028358700237220e+00
-1.406944093888935710e+00
-1.398927459652835159e+00
-1.400057913671644894e+00
1.392435368878450097e+00
1.387790446533501365e+00
1.381747226245451321e+00
1.379488118000538943e+00
-1.386204902561668728e+00
-1.388370666554194166e+00
-1.378233544248580467e+00
-1.382851625785626259e+00
1.382025373105937982e+00
1.381377057114272056e+00
1.371322920149417923e+00
1.369631888958473320e+00
-1.375419206669778571e+00
-1.363047232843839218e+00
-1.368460962600256625e+00
-1.367649689289196946e+00
1.368824654863645573e+00
1.368228318350682482e+00
1.361004051024303996e+00
1.371629130482186820e+00
-1.357720097394633729e+00
-1.352836898177163016e+00
-1.367564860919995295e+00
-1.366806258199580570e+00
1.347110632948683051e+00
1.346783024013291641e+00
1.347512182139162906e+00
1.347597784290001766e+00
-1.339510542225575307e+00
-1.355701542112526470e+00
-1.349612458271478799e+00
-1.352704737001533708e+00
1.336307479719362146e+00
1.345424978173939357e+00
1.336292443649635731e+00
1.336932173528022849e+00
-1.343565740885951154e+00
-1.338289660301874129e+00
-1.345454099632692913e+00
-1.345597783053837260e+00
1.340520031838572823e+00
1.333545160346642167e+00
1.339394769903826221e+00
1.323877206885936575e+00
-1.334174592440549922e+00
-1.332583012271028489e+00
-1.325757640645287116e+00
-1.332595797225502698e+00
1.313418906320590551e+00
1.330092288435401615e+00
1.324660060755254332e+00
1.317811893006408441e+00
-1.322547371567531549e+00
-1.316561066088782539e+00
-1.310027525718995944e+00
-1.318376944941538786e+00
1.307010026832837513e+00
1.324810978615512225e+00
1.317704632157180367e+00
1.308412769790757713e+00
-1.317598525033093049e+00
-1.308275252551014622e+00
-1.321872978678161781e+00
-1.307130562116709527e+00
1.314513127446058860e+00
1.299181568709556922e+00
1.313552095695277311e+00
1.311646819018485566e+00
-1.305749063031268253e+00
-1.298938839928432731e+00
-1.311834563488158523e+00
-1.316111110616110302e+00
1.296381784714690344e+00
1.302041395218004771e+00
1.299012215042511853e+00
1.306720416531307549e+00
-1.299880828854826920e+00
-1.296647290215507509e+00
-1.297625871620311955e+00
-1.298676673676529392e+00
1.295564627963723625e+00
1.290543106717492616e+00
1.299781279072991458e+00
1.302248618069215658e+00
-1.297358221248993360e+00
-1.303968911395847030e+00
-1.302950237399793432e+00
-1.291329705461498500e+00
1.305417109440770718e+00
1.289464559558685997e+00
1.306680826068721712e+00
1.303509651132289671e+00
-1.296282336940358881e+00
-1.297248030193583812e+00
-1.294006677963413399e+00
-1.288640883847376850e+00
-1.074960194278772097e+00
-1.076485322098918118e+00
-1.080883465630212203e+00
-1.072967046869009566e+00
3.402867388188933750e-01
3.386939464730849281e-01
3.299452119892548607e-01
3.315552910027206313e-01
-3.350623170861323219e-01
-3.374809398854383136e-01
-3.327213133739613804e-01
-3.406940528084334563e-01
3.414129924536521976e-01
3.392517090556983472e-01
3.283676333970195760e-01
3.365646863763170349e-01
-3.371231324722623324e-01
-3.404261332165127718e-01
-3.257556507705507420e-01
-3.313293492632760073e-01
3.393253925966206452e-01
3.275631245117114898e-01
3.332711124239958189e-01
3.245644744799783266e-01
-3.247792115263377077e-01
-3.302855609382107094e-01
-3.373965382949554725e-01
-3.249325741025378411e-01
3.271123164105254610e-01
3.233031419376985460e-01
3.270153184978545347e-01
3.210981891708853952e-01
-3.206823274657238931e-01
-3.209620718074267520e-01
-3.128241645267759719e-01
-3.295427869331526427e-01
3.189138560976897963e-01
3.232734524999128500e-01
3.220003044103245671e-01
3.245681395509584788e-01
-3.105658594960117869e-01
-3.147072905559389344e-01
-3.207331918204458510e-01
-3.155436526174086875e-01
3.131064368853967439e-01
3.123547009103406213e-01
3.025251316472921115e-01
3.062023642072562168e-01
-3.082269396957958985e-01
-2.963287698018017835e-01
-3.031970381161316341e-01
-3.029920445705058252e-01
3.051774719538972724e-01
2.927848160191240945e-01
3.010221222994892698e-01
3.061726966089927116e-01
-2.995652453539018323e-01
-2.857125847796752049e-01
-3.016331672524406038e-01
-2.888437583290547894e-01
2.961756911852411189e-01
2.879240669300699995e-01
2.818725843477841164e-01
2.946276668329952386e-01
-2.771642256871830190e-01
-2.928083561302976534e-01
-2.878327046381833898e-01
-2.759147788231448573e-01
2.882548184274762448e-01
2.847064563016012961e-01
2.699654737536147930e-01
2.699874894536649639e-01
-2.715460511370025309e-01
-2.626309884462710853e-01
-2.732614079921031336e-01
-2.651497295599578030e-01
2.683399503868804659e-01
2.609583826613923740e-01
2.740826840270176312e-01
2.698686243962509779e-01
-2.509186828720638140e-01
-2.635780580806167395e-01
-2.630026519925564576e-01
-2.608024209348417943e-01
2.586740708138371425e-01
2.595661467188315474e-01
2.487037753830734776e-01
2.605159851783964142e-01
-2.457437834324408821e-01
-2.415225695273459372e-01
-2.427175557742361767e-01
-2.479223792530301229e-01
2.270251902946864297e-01
2.351465155035271926e-01
2.389069667181876466e-01
2.322191887125168441e-01
-2.346888382987242228e-01
-2.293494013365039441e-01
-2.226379321125008248e-01
-2.365250025396153366e-01
2.142208215762800572e-01
2.137581494352200906e-01
2.266328501035584086e-01
2.179368122147861964e-01
-2.175393687717355751e-01
-2.030077722179251531e-01
-2.114845925787466330e-01
-2.040726605804299154e-01
2.096773201329684977e-01
2.037445028529800417e-01
2.063828955825891542e-01
1.993029371591187870e-01
-1.878741862038457444e-01
-1.957903589374246356e-01
-2.012285366463942016e-01
-1.834736841728269452e-01
1.898260340537291924e-01
1.768426132486300706e-01
1.787328012794753285e-01
1.841966621727252618e-01
-1.653100138774368788e-01
-1.765647836398283599e-01
-1.845400062189613277e-01
-1.664618565038915865e-01
1.754051887145966493e-01
1.640752110522593621e-01
1.673364814435474857e-01
1.583311447017117513e-01
-1.590673704646730635e-01
-1.502984968306238789e-01
-1.583501830584673475e-01
-1.548499130775731203e-01
1.489016004705671359e-01
1.563236895800212134e-01
1.389108479492215664e-01
1.425095407957107929e-01
-1.425877752470170179e-01
-1.425220283819153833e-01
-1.334997547534075846e-01
-1.452744923061833615e-01
1.285381381753540608e-01
1.312567302455583951e-01
1.390642228860080876e-01
1.355889001380841674e-01
-1.153863479499594585e-01
-1.267971781581261059e-01
-1.289474148994592950e-01
-1.239381007328479167e-01
1.035053538013992053e-01
1.212152138015914760e-01
1.072648927327003038e-01
1.184911212395248353e-01
-9.964606573155294911e-02
-8.770973814053358020e-02
-1.009659820015496035e-01
-9.521219824238477680e-02
8.889522743053834830e-02
8.640296125560556484e-02
9.135454116178894080e-02
8.583107341610804464e-02
-8.049133201721356268e-02
-7.523105872097606006e-02
-6.770293163715232487e-02
-7.395764872380648780e-02
6.016341402724043053e-02
7.879970055470579549e-02
7.034311377346363914e-02
7.542346759543507029e-02
-6.441247220081763869e-02
-5.848789428042169836e-02
-4.790618742240219941e-02
-5.683141496871375181e-02
5.238009705837131519e-02
5.319884345946256782e-02
4.264484203905152815e-02
4.592300411164761814e-02
-3.773348355438434221e-02
-3.462146034430091390e-02
-3.704739462340672640e-02
-3.123956166663892711e-02
1.785647041688592784e-02
2.431834291326835304e-02
2.934557035295454197e-02
1.939103902373466581e-02
-1.770648796158436067e-02
-9.374228823238229397e-03
-1.663890161151171040e-02
-5.899921600635581881e-03
-1.818318322313695889e-03
8.757388494653069871e-03
9.542601585948842779e-03
1.708169610815269204e-02
2.143883357962238723e+00
-2.143883224628949868e+00
2.143222329387245662e+00
-2.143221803565884542e+00
2.142120995529884997e+00
-2.142119841008693015e+00
2.140579927587443088e+00
-2.140577948285336429e+00
2.138599930274633909e+00
-2.138596980897922606e+00
2.136182044524388868e+00
-2.136178035323298197e+00
2.133326549420988538e+00
-2.133323433134896252e+00
2.130037460863016818e+00
-2.130032147403098541e+00
2.126313764844071752e+00
-2.126308216997520706e+00
2.122156425811696501e+00
-2.122151496977723095e+00
2.117526117228313520e+00
-2.117523028574733512e+00
-2.112591003605245987e+00
2.112590026683648148e+00
-2.107160042125615806e+00
2.107151713131541815e+00
-2.101320801993377785e+00
2.101299464260685479e+00
-2.095077596168520184e+00
2.095032569790038490e+00
-2.088447203649773876e+00
2.088354096299377183e+00
-2.081491173081136736e+00
2.081266899507014045e+00
-2.075060188684883844e+00
2.072547932765056888e+00
2.065982933203961203e+00
-2.065601215347133035e+00
2.057697511336290308e+00
-2.057518353615068296e+00
2.049062564507099449e+00
-2.048969159626315761e+00
2.040073700493529874e+00
-2.040050645497809789e+00
-2.030805312357297332e+00
2.030748452009805582e+00
-2.021281113343582181e+00
2.021117449630809304e+00
-2.011552616975660790e+00
2.011232762341745861e+00
-2.001759212636416319e+00
2.001196222368436750e+00
-1.992200547844402481e+00
1.991244146634653100e+00
-1.983616017401849119e+00
1.982094096508932868e+00
-1.977869631904882519e+00
1.970570822956236645e+00
1.942197043352609009e+00
-1.940166505867823021e+00
1.934638343375373326e+00
-1.932093830791152378e+00
1.923951135889131248e+00
-1.921556071462335646e+00
1.912034390987551236e+00
-1.909796819066065687e+00
1.899466699758679766e+00
-1.897326993851997656e+00
1.886471174313371080e+00
-1.884378549812311343e+00
1.873173190444810787e+00
-1.871102800509630404e+00
1.859598827137806776e+00
-1.857495134250739310e+00
1.845889575434691787e+00
-1.843737502403173245e+00
1.832085884048459512e+00
-1.829864790360317350e+00
1.818283910492829003e+00
-1.815974367370186693e+00
1.804600329148809523e+00
-1.802182707778953397e+00
1.791224740493697620e+00
-1.788683018903143296e+00
1.778409863575561189e+00
-1.775739806074968286e+00
1.766557220095711589e+00
-1.763785720611694030e+00
1.756277990234879294e+00
-1.753528152466766743e+00
1.748450482267775552e+00
-1.746131086797565013e+00
1.744109510620013959e+00
-1.729819345274436371e+00
1.619361280868227837e+00
-1.619335978609729887e+00
1.614792020366958125e+00
-1.614585705801617754e+00
1.606461038183700341e+00
-1.605974651247255469e+00
1.595430014035977617e+00
-1.594643002599224646e+00
1.582587562178110918e+00
-1.581517044470674760e+00
1.568556598278619818e+00
-1.567229396238395189e+00
1.553751168748550571e+00
-1.552193414613403100e+00
1.538449540791711811e+00
-1.536682191624051175e+00
1.522843733579889669e+00
-1.520888422494539594e+00
1.507068727404897723e+00
-1.504950147369474411e+00
1.491164569728412381e+00
-1.488953426216818254e+00
1.476479146218816707e+00
-1.473309400726072083e+00
1.460237355063638942e+00
-1.457473668864892158e+00
1.444850487573607900e+00
-1.441984247884990911e+00
1.429812456842199930e+00
-1.426830534049056576e+00
1.415178706169382350e+00
-1.412088216349536296e+00
1.401027719608048061e+00
-1.397841583670195398e+00
1.387466899563655431e+00
-1.384197724017702802e+00
1.374242063746674347e+00
-1.371107873046985448e+00
1.362132776422142477e+00
-1.358884316029770556e+00
1.350718188446755619e+00
-1.347494432730520497e+00
1.340190687516525925e+00
-1.337050088231160894e+00
1.330642878757574366e+00
-1.327646473859526166e+00
1.322166382884231162e+00
-1.319379829138215943e+00
1.314836023298326939e+00
-1.312335304831245386e+00
1.308727062466872093e+00
-1.306592929272519577e+00
1.303903673875387526e+00
-1.302221294301386667e+00
1.300418663204559566e+00
-1.299274995935985944e+00
1.298311409957047413e+00
-1.297792076132375572e+00
-1.077347257922952828e+00
3.348450764090446508e-01
-3.342075178082469789e-01
3.331943504026615432e-01
-3.316838775379655213e-01
3.299099143370260445e-01
-3.275082611728594717e-01
3.250250496926230248e-01
-3.217248790908928124e-01
3.185878893139503232e-01
-3.143928668453117581e-01
3.106594547336051781e-01
-3.055840180667703798e-01
3.013113047941702871e-01
-2.953747932273969590e-01
2.906244686745090289e-01
-2.838676333642213279e-01
2.786834297333521393e-01
-2.711447741587780236e-01
2.655799696768286755e-01
-2.573095381345576471e-01
2.514143615054457714e-01
-2.425422742158364064e-01
2.361337774111234300e-01
-2.266277497942794372e-01
2.201501285167689892e-01
-2.100378980744702084e-01
2.033021517265838907e-01
-1.927259112596600155e-01
1.857391717497421935e-01
-1.748237789665323116e-01
1.675613586898536400e-01
-1.565297989376748522e-01
1.489011697140838475e-01
-1.384257030241951014e-01
1.302580118649862284e-01
-1.250596706505603950e-01
1.122195868548145209e-01
-9.398806098013398613e-02
8.903465396721417513e-02
-7.486455809328931843e-02
6.890311070251257941e-02
-5.475816626196251813e-02
4.844735987013205902e-02
-3.428488497345457547e-02
2.781594937713311247e-02
-1.363091820989889916e-02
7.097235919878396894e-03
