1.000000000000000072e-18
1.000000000000000072e-18
1.000000000000000072e-18
1.000000000000000072e-18
1.000000000000000072e-18
1.000000000000000072e-18
1.000000000000000072e-18
1.000000000000000072e-18
1.000000000000000072e-18
1.000000000000000072e-18
1.000000000000000072e-18
1.000000000000000072e-18
1.000000000000000072e-18
1.000000000000000072e-18
1.000000000000000072e-18
1.000000000000000072e-18
1.000000000000000072e-18
1.000000000000000072e-18
1.000000000000000072e-18
1.000000000000000072e-18
1.000000000000000072e-18
1.000000000000000072e-18
1.000000000000000072e-18
1.000000000000000072e-18
1.000000000000000072e-18
1.000000000000000072e-18
1.000000000000000072e-18
1.000000000000000072e-18
1.000000000000000072e-18
1.000000000000000072e-18
5.073057043025943666e-06
1.000000000000000072e-18
1.000000000000000072e-18
1.000000000000000072e-18
3.663803247708267942e-05
1.000000000000000072e-18
1.000000000000000072e-18
1.000000000000000072e-18
1.000000000000000072e-18
1.000000000000000072e-18
1.000000000000000072e-18
1.000000000000000072e-18
1.000000000000000072e-18
1.000000000000000072e-18
1.000000000000000072e-18
1.000000000000000072e-18
1.000000000000000072e-18
1.000000000000000072e-18
6.346019903979523887e-10
1.000000000000000072e-18
1.000000000000000072e-18
7.262603292299471603e-12
1.000000000000000072e-18
1.000000000000000072e-18
1.000000000000000072e-18
1.000000000000000072e-18
1.000000000000000072e-18
1.000000000000000072e-18
1.000000000000000072e-18
1.000000000000000072e-18
1.000000000000000072e-18
1.000000000000000072e-18
1.000000000000000072e-18
1.000000000000000072e-18
1.000000000000000072e-18
8.597474841263728799e-08
1.000000000000000072e-18
1.000000000000000072e-18
1.000000000000000072e-18
1.286843756260630576e-06
1.000000000000000072e-18
1.000000000000000072e-18
1.000000000000000072e-18
1.000000000000000072e-18
1.000000000000000072e-18
1.000000000000000072e-18
1.000000000000000072e-18
1.000000000000000072e-18
1.000000000000000072e-18
1.000000000000000072e-18
1.000000000000000072e-18
1.000000000000000072e-18
1.000000000000000072e-18
1.000000000000000072e-18
1.000000000000000072e-18
1.000000000000000072e-18
1.000000000000000072e-18
1.000000000000000072e-18
1.000000000000000072e-18
1.000000000000000072e-18
1.000000000000000072e-18
1.000000000000000072e-18
1.000000000000000072e-18
1.000000000000000072e-18
1.000000000000000072e-18
1.000000000000000072e-18
1.000000000000000072e-18
1.000000000000000072e-18
1.000000000000000072e-18
1.000000000000000072e-18
1.000000000000000072e-18
1.000000000000000072e-18
1.000000000000000072e-18
1.000000000000000072e-18
7.126904545420544413e-12
4.050517062191034478e-10
1.000000000000000072e-18
1.000000000000000072e-18
7.071227778328214451e-09
5.787239185998268605e-10
1.296922295109650595e-07
1.237781536156933576e-07
1.000000000000000072e-18
3.569798912475755511e-06
1.000000000000000072e-18
1.000000000000000072e-18
1.000000000000000072e-18
1.684029857323791245e-07
2.040407885129816212e-08
6.623600056905530508e-06
1.248185654677117141e-05
5.083254861391834205e-13
2.994312164499122701e-11
4.597163322919427172e-13
3.007294057175885442e-08
1.150361502571437048e-07
1.000000000000000072e-18
3.561967584770343633e-07
1.000000000000000072e-18
5.019356030905506366e-10
1.000000000000000072e-18
1.000000000000000072e-18
1.000000000000000072e-18
4.283769623402131849e-08
1.000000000000000072e-18
1.464619038677835225e-05
1.000000000000000072e-18
1.000000000000000072e-18
8.257372365392390580e-10
1.628669024999661705e-11
6.061771749552482898e-12
1.087119713281768025e-07
2.987655811385035614e-16
1.000000000000000072e-18
1.000000000000000072e-18
1.000000000000000072e-18
2.241235845216400484e-10
1.000000000000000072e-18
1.296060270859251990e-09
1.139459749847942590e-05
9.070625417444851594e-17
1.462126238541992915e-12
1.001543507736277113e-15
3.602830566639659529e-16
6.311819887842657215e-16
5.377956001532613616e-16
1.275078812363881263e-07
3.939273997705733700e-07
1.739894043123672686e-07
1.256520157033732999e-05
1.215978725746584393e-15
4.119165290906559390e-12
1.010564095652366036e-11
7.374426532883932659e-13
7.879795433406996030e-08
8.405008866629548208e-08
1.944129488692824356e-13
7.640357620354065373e-10
3.386846066726205677e-10
1.626194933301867853e-18
3.997866138494094433e-16
3.569480847323310755e-16
5.952931728887192775e-09
3.805822765565211423e-04
1.155070181521632006e-05
5.677774362904536022e-08
8.476988853409980942e-13
2.295624418486516664e-07
2.153637658710352021e-14
7.834628476075155343e-11
6.480445168619972252e-13
1.568050407675309946e-12
6.744889002578080797e-09
2.009961297148389505e-09
1.275581752709559511e-16
7.934712719551329061e-16
1.302805655705089306e-16
4.473387379863114164e-06
4.131509450187110353e-13
1.491979323895237005e-11
2.099740917313581351e-13
3.561094994860639685e-10
1.433447654391960878e-09
3.280628669805127458e-10
4.138941092227271868e-10
3.503148076158877384e-14
5.579635681927733835e-09
5.759469428415486472e-12
2.103318281401478899e-13
1.943822047103162415e-13
3.996570287732541504e-06
2.394454072912445811e-15
1.277964702302763053e-08
5.645146187485069829e-06
2.918611805043924961e-04
1.927744491993096337e-10
5.057145464197673608e-16
3.819614700051192437e-16
9.420530201383585101e-18
7.890236087048872410e-14
2.746807823993180185e-17
5.981900099926955046e-15
3.393439711433470521e-13
6.763577045370592108e-10
2.174456800895547431e-04
1.074631407762981639e-12
1.687601158251707054e-14
5.987644566701070235e-10
5.371013235931824482e-15
2.882138912111340703e-18
4.376475340933576399e-11
2.551763627904425300e-13
1.708339269916468805e-12
6.644400050622603933e-12
2.616341620635987599e-09
7.403291540087355757e-17
6.791707759184731663e-13
4.425575281829931136e-09
5.444327379132300087e-12
6.811794694230976528e-13
3.526004264226151872e-06
3.652177070090212704e-17
3.887508372750404008e-15
3.108079446654674099e-10
2.253453991482603771e-12
1.736748936982263432e-13
7.294958852935481675e-14
3.563764335479628755e-13
3.935920197266845682e-15
1.108443588488375424e-09
1.078158024126229822e-18
1.000000000000000072e-18
1.000000000000000072e-18
1.000000000000000072e-18
1.309822378181862190e-17
5.775742356135381110e-03
2.101021512586033210e-10
1.595483365568133203e-17
1.120532116273490787e-02
1.705892380414395559e-05
2.752374026293715542e-12
1.548618107463708632e-05
1.319054465030173276e-05
2.955850463725846436e-10
2.986129343075170438e-18
1.793043654325328683e-10
5.066686104022317519e-10
9.848161786368196834e-06
8.111613109666250059e-07
7.123090891729249339e-06
2.867981907630426658e-10
3.358231942108109927e-13
2.465997389145730860e-13
1.881066931957596469e-08
1.196850535379153542e-12
2.348957582588115382e-14
9.423010608452870159e-15
6.122470248258885862e-05
1.126215007250992050e-14
6.992076156133111342e-10
2.041389032470425554e-10
3.239173800308190089e-10
1.469168430787782634e-13
8.496730928213402713e-08
2.372062085164393296e-05
5.041898163457689346e-06
1.593240179184709516e-06
4.001964402474915502e-06
1.008470924093858548e-12
4.138187294684614853e-09
1.900233848497821551e-10
5.898041511666904430e-07
2.120427036712851542e-10
1.824120041265053970e-10
1.002235956126116833e-05
2.736476697083972682e-09
4.336832975782528092e-14
2.214141182792503718e-05
2.756750694180073231e-11
1.722072884843884495e-16
1.170799844605318163e-13
3.773319264714337533e-14
3.721170149413330006e-03
4.328565009769058105e-04
1.192242326733463785e-04
1.858057083843642707e-07
3.510926752056880223e-13
9.002255152440959113e-10
2.159408013745622273e-13
2.719957574116284555e-16
5.231888105526839422e-15
1.140663830158701313e-18
2.390759738741987661e-02
3.213210773066070558e-03
1.793994214612198998e-10
2.807457754682815445e-05
1.878500203977072120e-10
3.246024002240414510e-09
8.312499187557388032e-17
1.742759327683056105e-14
1.645298023235527321e-11
7.096026468859283790e-06
1.000000000000000072e-18
1.000000000000000072e-18
1.362840172708867826e-06
1.950248093279986540e-09
2.079756774639699201e-13
7.787697809148234310e-05
8.514850117474090261e-07
1.000000000000000072e-18
1.915868139798045188e-18
8.004939453897167259e-10
3.514949396565232725e-16
9.318711458770567516e-10
1.345348095558504446e-06
4.149488740480188251e-10
9.587781668727049220e-10
9.923882927143517006e-07
8.493524906665542168e-06
1.385518561821816273e-09
2.611927935105765304e-14
2.101328257275534843e-15
9.021299868928489855e-06
2.558232042450261434e-07
1.204135926819812743e-16
1.000000000000000072e-18
3.085350875402861473e-18
1.000000000000000072e-18
1.483068643833602431e-10
9.928811657514951879e-16
1.168708830886989520e-04
6.538464249189662055e-14
2.190983320689797321e-13
1.004703192895824078e-09
2.089081004578587684e-08
1.000000000000000072e-18
1.265748790153107532e-18
2.186958896319712766e-16
9.686808060192437198e-12
1.467312768778988821e-05
5.675676771377525232e-15
2.643847993647227853e-07
1.000000000000000072e-18
3.165388940563500297e-17
1.000000000000000072e-18
2.274649118507682306e-08
3.841225609863774341e-05
2.943319938796140607e-18
4.951433090221445421e-12
2.248903861531627687e-07
6.358915388940392295e-05
1.371673560865357508e-13
2.841416342707385852e-09
4.742674447190028885e-08
2.697166096919192879e-08
1.464998502320069367e-07
2.022476494015480409e-16
1.651848948143181750e-12
1.019556356446460585e-04
1.993654490264082923e-11
1.124748669333453828e-08
8.397388852510904294e-07
3.031774696593566607e-08
8.492194077118215028e-11
4.349637527565096925e-08
1.586529153312100057e-12
4.563401416593511157e-11
2.307472046175565732e-04
1.584171809002448069e-13
2.580371382349232331e-05
1.493115584236733387e-12
1.835242521211752312e-12
5.232889598340574820e-12
4.283905115347997026e-07
5.852784686389115111e-07
1.425335836480199076e-12
3.804968818911354462e-04
5.803049724454868258e-07
3.101712405978137089e-11
1.673332668422796779e-12
1.166319333499275327e-05
6.159711341893769928e-07
1.881303573460324817e-11
2.126314828246942815e-12
2.468515507444590850e-07
9.629684576541150137e-08
1.170345861632600113e-07
1.105991757274541282e-11
9.888610356951261852e-10
4.784412911891042671e-12
1.566082831077243194e-12
1.690824459732113603e-09
2.115160971273011051e-11
1.576767153167132305e-07
1.985642762846314758e-10
1.025453981140404702e-11
1.667847571691514472e-10
4.973042156652816577e-12
3.206455320834404325e-09
8.403793862796992058e-12
6.995910769999614126e-10
4.381387576998559822e-10
3.957083486635787363e-10
3.578573842202363545e-09
7.823246069156590844e-10
9.404512111409356999e-12
7.870931515310063155e-07
3.766593120106971207e-12
7.442121485341786675e-12
7.777805748313797633e-09
8.867268912010653822e-12
4.320981992978273171e-17
4.770849765572918175e-11
9.826069857771716424e-11
3.381648030732550413e-04
5.130458677257909008e-06
1.337850375453492562e-06
3.573927931615645132e-07
4.456604541828476240e-06
1.384050408811342245e-09
2.362909316656246587e-10
1.011214937266181878e-09
7.855690581804022951e-12
1.094212810797322644e-16
6.442446680951233215e-09
8.692545335084843332e-12
3.987577820873167470e-04
3.952806987495605492e-10
3.480416081256178371e-10
8.704960215701949730e-10
7.745784060225132209e-13
5.018831678428601108e-08
2.914322967973004050e-18
5.271391073850619647e-12
5.745205387260656358e-08
5.037729939183607218e-18
8.882368165439797663e-10
3.288342910970699696e-06
1.000000000000000072e-18
1.039640230068550066e-13
2.612314065561648330e-07
1.000000000000000072e-18
4.832464495171671353e-08
1.723319679971197544e-12
4.269774374321615712e-14
3.838875289517642645e-09
1.011542784608433070e-09
9.177035897257330394e-09
2.014644208298153977e-09
1.000000000000000072e-18
3.329543997284876663e-04
8.006254721467873181e-08
1.033549606754097602e-05
1.000000000000000072e-18
1.136511384693504793e-08
6.135284770963728938e-17
1.000000000000000072e-18
8.015535648008274683e-11
9.733386525621719452e-10
7.744823849852658419e-08
7.351210286126594433e-06
1.000000000000000072e-18
1.000000000000000072e-18
1.000000000000000072e-18
1.000000000000000072e-18
1.000000000000000072e-18
1.000000000000000072e-18
5.644966565373332025e-08
2.094010194279125610e-08
5.135333485762114823e-14
1.356513775722680514e-08
1.000000000000000072e-18
1.216026456439907636e-09
5.379358171331979739e-08
4.135290122393182542e-08
1.079362536079999972e-07
1.585587421899404426e-07
2.380177204816135224e-16
1.469559219713058110e-16
8.553748853505558559e-09
1.000000000000000072e-18
1.000000000000000072e-18
1.361083884865286401e-17
9.571335096366671452e-09
9.377270822366790912e-06
1.683460077346876903e-16
1.311404747385475752e-09
1.000000000000000072e-18
4.830316463290458748e-18
2.407346969750958907e-06
1.159279854941942951e-07
2.871244987180801590e-08
1.525979856497948333e-08
1.000000000000000072e-18
2.499339756938069984e-07
5.814593343251257249e-09
6.700647238434201824e-09
1.000000000000000072e-18
8.276775785765611262e-13
5.161742118806252165e-09
4.859316137369367684e-08
4.099211342842642167e-14
1.169447979935289068e-09
1.391556775977901128e-07
1.144154660755730930e-15
5.179936513446536702e-09
2.979695178239885354e-06
3.621824338550787537e-09
5.126966669529541835e-09
2.981885545280011716e-08
1.120277635843277188e-12
3.411246964758225726e-07
1.181435037386640477e-08
2.262362299590540060e-07
4.486493057040789758e-09
6.593983907146913266e-07
7.498682392414391135e-07
3.125107071055473107e-09
1.864041688204523401e-06
1.076881451093260010e-07
3.382598044499320562e-09
8.356734077002568700e-08
2.073382775875701316e-07
5.508222576315154126e-09
1.554701560823579915e-08
2.639483201276200966e-07
1.603406131908242264e-08
1.725034264695770894e-08
4.162437843039390876e-08
9.936217822686141903e-07
5.675488697032538161e-09
3.337328626548205738e-06
3.133763370099585578e-09
9.878056063818309892e-09
1.512491882638747114e-13
1.668039970735768337e-07
1.026414464270173556e-11
2.831985935798074242e-09
1.406074809215794879e-13
2.181333766886316974e-08
9.170756540531878140e-09
2.318639977703271063e-13
1.337009278350263939e-05
4.167521682181902121e-12
2.324191596478724785e-07
2.709184259208663914e-08
8.885986862177259222e-09
1.805511346149292547e-10
4.453662975500694564e-14
1.986199922623199216e-13
1.056151252060218616e-08
5.699146733505906653e-13
5.193963808550031017e-14
7.155932748510686708e-13
4.910114154995335234e-09
3.210106400958856950e-16
1.311101696819139789e-14
5.019189826561414723e-13
1.044648703530379296e-06
1.009865632141779204e-05
1.675351259656429985e-07
2.143588541228807110e-14
1.352809563356247398e-10
7.929950149618597265e-06
1.648166965573490340e-05
1.311712459473872254e-11
4.003595470167525501e-15
3.394214423520914634e-18
2.164123294722783947e-18
1.234430341409920404e-12
1.061097507984544720e-10
7.346541952046971038e-18
2.952099403482032131e-15
1.130282229011576024e-17
1.043487716368769030e-08
3.861776730327009349e-07
6.142881807725249972e-13
9.092498356673756538e-10
2.634434105627789137e-06
1.205031906083836585e-05
4.289153174318401189e-07
1.030292754688756246e-05
2.348662704145542474e-10
1.755148863205821566e-09
4.837252634312225882e-15
9.514616773566326608e-10
4.486988913986625543e-12
3.839231369722738483e-11
4.188159213078703383e-07
3.815871652436351563e-12
9.912661451058586025e-15
2.310739896705627100e-15
1.838785078527584408e-09
7.842679871791644557e-10
9.541520223205017716e-13
3.228632366582823167e-10
8.348413601646513861e-07
1.096076175218915295e-06
1.198532183795707166e-16
1.950211437685562053e-17
6.394789845689922713e-15
3.220282318099121234e-10
7.046983675654134296e-13
6.209104567820026707e-06
2.271163958920677745e-11
5.280297109068794820e-06
3.003493958532595000e-14
1.720523897742223181e-15
9.803407071390703930e-14
3.977451295376835124e-14
4.455895684697458778e-06
1.389706528961406873e-08
2.770995251034416840e-09
1.740529969169594765e-08
2.642190641287619441e-09
9.838119860007377764e-10
1.560478856412582887e-09
2.725420559206026860e-09
3.311365505011582644e-09
6.761558695577685333e-07
3.108094920761018327e-09
1.730772093249491081e-08
9.934140322819609342e-18
2.017495060526917207e-06
6.205101103046488338e-13
1.876226900773741990e-13
2.876108839883490053e-07
1.917662023292161132e-08
3.869478850977021285e-09
4.943676351118504861e-04
9.567613651436912125e-09
6.594671499930026435e-18
2.766887994826948758e-13
7.447450046711680764e-09
2.043515451940977352e-04
2.714439366238848126e-06
1.119079827161568776e-06
2.099002888769062171e-08
3.159502233293700249e-12
1.115863343043163024e-11
1.733213664548535947e-13
5.749816656997403847e-12
7.507433803249279663e-17
4.477186802163696605e-07
1.483425737115475622e-08
2.466647601586815975e-11
1.833483121126574295e-09
1.000000000000000072e-18
1.829139091677849052e-08
1.000000000000000072e-18
6.853225553444195863e-07
1.059582081875706171e-06
2.851051357185486824e-06
8.803170206847127669e-04
1.000000000000000072e-18
4.273521218780633801e-11
7.168776162079965400e-13
2.812867627518481340e-11
1.113827819301182223e-07
1.264340103123080252e-03
8.837744999605645280e-11
1.066776725456435224e-08
1.689499723225566737e-13
1.404189860294582015e-13
2.004412646168793292e-12
5.751424889926001928e-13
5.927959327042867137e-10
5.336239765458743467e-09
1.000000000000000072e-18
4.504445691099880680e-08
6.124175460133610639e-08
1.000000000000000072e-18
1.100345546681555896e-03
3.981211108282183057e-16
1.280412464619953777e-08
2.892331720756601147e-08
1.000000000000000072e-18
1.000000000000000072e-18
1.000000000000000072e-18
1.000000000000000072e-18
1.518666063744245775e-10
1.204742277835804528e-13
5.607057521068444805e-13
8.684027419217406419e-09
4.718578908755414826e-08
1.000000000000000072e-18
8.346733547028981418e-03
3.322257618430690988e-06
8.855989405349264094e-16
2.708911482633390437e-06
1.622085231750734773e-18
2.217865223906467119e-13
1.000000000000000072e-18
1.000000000000000072e-18
9.501602128732500432e-06
1.000000000000000072e-18
1.571498525399801378e-16
3.842692928304842748e-14
1.000000000000000072e-18
1.000000000000000072e-18
1.000000000000000072e-18
1.000000000000000072e-18
2.166838457236574239e-12
3.130483270536654016e-11
2.679616730234884374e-12
1.671628246487946843e-09
1.000000000000000072e-18
3.083347703450841580e-13
1.703904799964226694e-13
7.343656742087903031e-11
1.000000000000000072e-18
1.000000000000000072e-18
1.000000000000000072e-18
2.384729820282439909e-09
1.000000000000000072e-18
3.475732930277279186e-09
3.778422867772344217e-12
1.000000000000000072e-18
1.926888868955406408e-16
1.000000000000000072e-18
1.000000000000000072e-18
2.839075600182600043e-10
2.899644953767608551e-11
1.545262317934078764e-17
1.561128706459969299e-06
6.450891288670989103e-06
7.171931276612476164e-13
1.000000000000000072e-18
1.000000000000000072e-18
6.018159079720023263e-11
2.585975067525788924e-08
1.838841991950954392e-16
8.651374360514412040e-07
5.791238389441463729e-11
1.000000000000000072e-18
3.082179879026739333e-14
2.747133988196025036e-13
1.000000000000000072e-18
1.652798122070133241e-09
7.521563310612014379e-11
2.307531374503175321e-11
1.451685845350751285e-10
2.518722420411535016e-13
8.861821019508751087e-12
5.042887471120064796e-13
7.248542826699806198e-17
2.451347651440799172e-11
3.574504868188299421e-17
4.788378392763204045e-16
2.314844178397962118e-17
1.038114374443106638e-11
7.502835898160259324e-17
2.138285876160084510e-11
9.893475396329060871e-11
1.753648994496112237e-11
1.536487349472896415e-11
1.083641022133024189e-11
1.765916591568663240e-06
5.633524067065062817e-07
6.554497922480741849e-10
3.202059617301297988e-09
2.638186266363961937e-13
1.062257535217266248e-11
1.239518663288136868e-11
1.641222842345490511e-11
2.715380240995663313e-11
3.505720532461482289e-15
1.671423619515546624e-14
6.225746604693389786e-14
5.515346741282130734e-13
1.654251464079794410e-09
1.307507918896414199e-10
4.233561250346219011e-12
1.065808747462243772e-10
5.957939390518356414e-13
2.178748287814976447e-15
6.263993377278296310e-11
3.244360556303274934e-13
1.329339413849697249e-11
5.859587277060196286e-09
1.827319606170525541e-11
3.855393517857191416e-11
2.855692952678954397e-11
2.353216027953052832e-13
2.391240505265011266e-13
1.272549140810383548e-13
1.486022281623506123e-11
1.473228798446144741e-11
1.247494945630285854e-11
3.666968143299249494e-07
2.053095893490414183e-13
1.324165795263122154e-08
2.834301851027738363e-08
2.019703266688301622e-04
1.653970071617441584e-02
3.776930176079495126e-05
2.139415491773736716e-08
1.731709522068995373e-09
4.190706964868673322e-14
3.474971802176085796e-14
6.338300249695751389e-09
1.173934794222501444e-08
1.282628397978524740e-08
1.244290947498234418e-10
4.697227933736393674e-11
4.032195629103128559e-10
8.795792873961819558e-05
4.699412074580575994e-07
4.006617125297449414e-05
4.867486603405439160e-09
5.150355296250404814e-13
3.843899887964229819e-13
1.624999044797694885e-08
1.787759797400629981e-08
8.103494974075449850e-12
1.521475928772584543e-12
1.408665418840849791e-12
3.178792400639509791e-06
7.472820343225405585e-13
1.417076293983444196e-07
4.634605534876075986e-09
1.114099879878221221e-09
2.578996164249857594e-13
9.756217969183761055e-15
1.699658622520351866e-06
1.491513616182108835e-07
1.598447391253249302e-09
8.749980433697238579e-16
4.861428191937341196e-09
7.955226222265048941e-12
5.313074680983930821e-09
2.953430574685212556e-04
9.443337655829228759e-05
1.442242363051776145e-02
1.391959773456745002e-09
1.086623847371758119e-08
1.400242699332705165e-07
1.048153858500697286e-07
1.503503879762622705e-13
2.262658864836815083e-04
2.190120615625258050e-05
1.965103268349590697e-14
1.000000000000000072e-18
4.422828520128078625e-07
2.582073974255368259e-18
1.168245908732605355e-08
1.000000000000000072e-18
1.000000000000000072e-18
1.000000000000000072e-18
1.000000000000000072e-18
1.018644903774090261e-16
1.034332128447169292e-12
1.333441061554944473e-15
2.390827377113116079e-11
6.030717763844469528e-05
2.852335478095276216e-07
1.993318143157354900e-13
1.102767771598316185e-15
1.965655224236838432e-08
3.651952526512479709e-17
1.269141129703628536e-07
3.625145846738326502e-16
5.182999969477838782e-15
3.016996001484851684e-13
3.685427255526439218e-04
3.270516065987236732e-08
3.883259425367992760e-07
1.811210181359278986e-10
1.791041996691442435e-08
2.880558480633145422e-10
3.495307166963794201e-13
2.823587189943764619e-14
5.126029283526219115e-08
8.456405672175144682e-06
2.866583386966830794e-10
2.094472586054958901e-10
1.194522321912597990e-07
8.456297699056225322e-10
2.926062239859947917e-08
1.121479218497053071e-07
2.120402128070207912e-09
1.940409571506940962e-10
3.266250692082493924e-10
1.857125327940446479e-10
1.403349798600126904e-07
1.096590960957633300e-05
1.811837157935709400e-10
5.530251598943867683e-10
1.849915578378086811e-10
7.488772267502965855e-09
5.138071860748271712e-08
9.044035596000780645e-12
3.746192614538544695e-04
2.425363031249775444e-11
6.596107476136276436e-07
7.687408895358785577e-11
3.032762817234785894e-07
3.287289140477253356e-06
1.344869109235737159e-08
8.278488596211863506e-09
1.925161873708441291e-06
2.155291286606485454e-10
1.297854862687251298e-07
2.198117823638817624e-09
5.313023970082169267e-05
2.978885834540103720e-07
6.535040106618540422e-06
1.300286631934510500e-07
8.573652714671345940e-04
9.805320401131106811e-03
1.332526278237576646e-09
1.201749175862185559e-10
8.698750587117398397e-08
1.718361255414917331e-07
2.173596336162058239e-06
1.543870471491248280e-06
1.949092423764634094e-05
2.177305196605761644e-06
1.075961869645057105e-05
6.704477032646257483e-10
1.393942933458732214e-01
1.862301430514916034e-10
1.027798069604749394e-05
5.411153648406895840e-10
4.287538011497852887e-06
1.000000000000000072e-18
3.661734408394489094e-09
4.477515579383468123e-04
1.858581814473435952e-04
8.961430187939987621e-04
1.462266776748418463e-05
3.906143733599928575e-03
1.264592645336942119e-05
1.657623852382760984e-02
7.904367849719545831e-06
2.869009515919377886e-08
7.247501410346300719e-04
1.641223976079509838e-05
3.771553604828412620e-01
1.683778186568172884e-08
1.575666795514824568e-04
6.878817721151442412e-08
1.741560583095153394e-03
3.583285539259346471e-07
1.171677085248983312e-03
1.163731705677221578e-06
3.353797072036399674e-08
2.614723054819844266e-07
1.976996395826140278e-07
1.531179465968140787e-08
3.553340836224071808e-06
1.398488558228901001e-08
9.286608549281443533e-05
2.421104700954436722e-07
6.822407335380138867e-05
1.920419558908108812e-07
5.412799844183668700e-05
4.805978078862870467e-06
2.413658347697199280e-02
2.428179561394165457e-03
3.337687729429159929e-06
5.192586826273542681e-05
7.938283762627668452e-03
3.552409634211876319e-08
1.112023379301420129e-05
1.306720327585249963e-07
5.102770898868169569e-06
1.570995478916153569e-06
4.139508820865479679e-07
1.447257909397762267e-07
1.358656327312227238e-08
7.404253134030176081e-05
9.575290409257702868e-06
1.652811750135218788e-06
5.139984787881870459e-06
1.921109082460368124e-04
1.059733398297543973e-05
4.789505824650287155e-08
1.265987942622324102e-04
1.995637159134479847e-08
4.623925263071435921e-04
5.215449461634612174e-09
4.209352212431470878e-05
1.000000000000000072e-18
1.288937602181112070e-09
3.875358624919566158e-08
1.730906799623922485e-08
1.313443990901685542e-04
7.146631000997747808e-08
2.516326507092583417e-07
1.417688778813085136e-07
4.114734891636178125e-09
4.251379794045424175e-05
9.420958399765203554e-09
1.314985588182697894e-07
7.475583408752499097e-08
2.126297776422233689e-08
3.300584469417545411e-06
6.179742414018714990e-07
1.915622611079562962e-06
2.439047018611530632e-06
1.319965432800368665e-06
3.459229807152985751e-05
6.346756956877004445e-05
2.989830295918625486e-06
5.825517128071785876e-06
2.905798427028922074e-13
4.274007222830925996e-06
6.747736575891826903e-04
8.605463193346186413e-11
1.119541722773794342e-10
1.600401879543204619e-05
3.347384210606064805e-06
4.636127529524958915e-10
2.610217757886227649e-06
3.340169646315296025e-03
4.355357876006547911e-07
3.418608328488716630e-08
9.386185323764547592e-08
1.423551917910836024e-09
1.614481476758999274e-07
2.060586399962203538e-10
8.491096880566715796e-05
8.907375610468130038e-09
3.322931184479390772e-05
1.718524348398583750e-08
1.057732510821622926e-05
6.314598588387423531e-08
6.968956705264319330e-05
8.610547950218539025e-10
5.358353799389569128e-01
6.655713655335460869e-05
1.155678958071697182e-05
4.778179223567108585e-08
2.451930371996313980e-11
1.979031990666219390e-02
1.134074940877445939e-03
1.306733199091472152e-10
2.135615038871385913e-11
1.079771347937427618e-06
9.814552855448056324e-12
1.488334916017290304e-07
1.000000000000000072e-18
9.236138497167803534e-10
8.556400997899451519e-12
1.003743491841909773e-10
6.858952044700471001e-05
1.201763556747048064e-09
3.695370541963564338e-06
1.256401587948883635e-09
1.038071514249675948e-06
3.113594850533954695e-10
1.206341225605580096e-08
8.911595290460710544e-07
1.263961981703915861e-06
2.352375980901205810e-09
2.300287892517126521e-08
1.905353451873249699e-06
1.581785799326094118e-07
1.969559052516280310e-07
4.207700540681558303e-07
1.197985213337678499e-05
1.179418808393726880e-05
5.806257030996183921e-10
5.754825646173284740e-06
3.714587772202271894e-09
1.239312361154110770e-05
1.128868444993273751e-08
1.929243927241215383e-05
1.015430509370739354e-04
9.794830591842535947e-03
1.853564626400975585e-06
1.769113252820445496e-09
1.869026439960076919e-04
3.024913744395915257e-10
2.209577736428682687e-02
2.904469077319202385e-10
4.073509301506684100e-04
1.493484708430245807e-11
1.000000000000000072e-18
1.673804698549677347e-08
7.880145934187563752e-04
2.571691188329476091e-05
1.957355570184553202e-07
2.224584809615432123e-07
7.833806042625800610e-06
4.317022598455240340e-08
3.510293164520453741e-06
1.267189907173464969e-09
1.000000000000000072e-18
