1.000000000000000072e-18
1.000000000000000072e-18
1.000000000000000072e-18
1.000000000000000072e-18
1.000000000000000072e-18
1.000000000000000072e-18
1.000000000000000072e-18
1.000000000000000072e-18
1.000000000000000072e-18
1.000000000000000072e-18
1.000000000000000072e-18
1.000000000000000072e-18
1.000000000000000072e-18
1.000000000000000072e-18
1.000000000000000072e-18
1.000000000000000072e-18
1.000000000000000072e-18
1.000000000000000072e-18
1.000000000000000072e-18
1.000000000000000072e-18
1.000000000000000072e-18
1.000000000000000072e-18
1.000000000000000072e-18
1.000000000000000072e-18
1.000000000000000072e-18
1.000000000000000072e-18
1.000000000000000072e-18
1.000000000000000072e-18
1.000000000000000072e-18
1.000000000000000072e-18
2.081395914849391057e-05
1.000000000000000072e-18
1.000000000000000072e-18
1.000000000000000072e-18
1.579962301247068437e-04
1.000000000000000072e-18
1.000000000000000072e-18
1.000000000000000072e-18
1.000000000000000072e-18
1.000000000000000072e-18
1.000000000000000072e-18
1.000000000000000072e-18
1.000000000000000072e-18
1.000000000000000072e-18
1.000000000000000072e-18
1.000000000000000072e-18
1.000000000000000072e-18
1.000000000000000072e-18
2.684029252306583681e-09
1.000000000000000072e-18
1.000000000000000072e-18
3.075640074827316083e-11
1.000000000000000072e-18
1.000000000000000072e-18
1.000000000000000072e-18
1.000000000000000072e-18
1.000000000000000072e-18
1.000000000000000072e-18
1.000000000000000072e-18
1.000000000000000072e-18
1.000000000000000072e-18
1.000000000000000072e-18
1.000000000000000072e-18
1.000000000000000072e-18
1.000000000000000072e-18
3.632162571932698574e-07
1.000000000000000072e-18
1.000000000000000072e-18
1.000000000000000072e-18
5.510284382192969233e-06
1.000000000000000072e-18
1.000000000000000072e-18
1.000000000000000072e-18
1.000000000000000072e-18
1.000000000000000072e-18
1.000000000000000072e-18
1.000000000000000072e-18
1.000000000000000072e-18
1.000000000000000072e-18
1.000000000000000072e-18
1.000000000000000072e-18
1.000000000000000072e-18
1.000000000000000072e-18
1.000000000000000072e-18
1.000000000000000072e-18
1.000000000000000072e-18
1.000000000000000072e-18
1.000000000000000072e-18
1.000000000000000072e-18
1.000000000000000072e-18
1.000000000000000072e-18
1.000000000000000072e-18
1.000000000000000072e-18
1.000000000000000072e-18
1.000000000000000072e-18
1.000000000000000072e-18
1.000000000000000072e-18
1.000000000000000072e-18
1.000000000000000072e-18
1.000000000000000072e-18
1.000000000000000072e-18
1.000000000000000072e-18
1.000000000000000072e-18
1.000000000000000072e-18
3.175662250816000818e-11
1.845078465035379227e-09
1.000000000000000072e-18
1.000000000000000072e-18
3.005438756308651273e-08
2.473862797381563120e-09
5.264140035579420076e-07
2.668939297875663521e-07
1.000000000000000072e-18
1.225415973807159947e-05
1.000000000000000072e-18
1.000000000000000072e-18
1.000000000000000072e-18
3.285209864007361673e-07
8.428344390889899625e-08
1.630174018680915449e-06
1.491992800910478172e-05
2.207572375237008461e-12
1.281245463248013014e-10
2.002115895220813369e-12
1.210269494690652363e-07
4.664187695815126276e-07
1.000000000000000072e-18
5.169929268685348245e-07
1.000000000000000072e-18
1.880173823849240509e-09
1.000000000000000072e-18
1.000000000000000072e-18
1.000000000000000072e-18
1.833554067931900077e-07
1.000000000000000072e-18
6.554336514395546953e-05
1.000000000000000072e-18
1.000000000000000072e-18
3.504592153418069581e-09
7.283026716762393880e-11
2.786096706615371180e-11
5.223721256702682528e-07
1.293283745150638610e-15
1.000000000000000072e-18
1.000000000000000072e-18
1.000000000000000072e-18
9.066015951727644505e-10
1.000000000000000072e-18
6.076980997518191135e-09
5.141286018359830215e-05
3.930002455742325915e-16
6.682619501519351221e-12
4.310114062427846638e-15
1.556564273199396598e-15
2.719299782729349348e-15
2.332616852736500304e-15
5.173747993321182018e-07
1.788459294950123046e-06
8.335047480094428396e-07
5.844354648725942603e-05
5.230920397490488442e-15
1.831497171049180383e-11
4.278948176751076869e-11
3.193410809875825129e-12
3.388201794467252558e-07
3.529294738341251365e-07
8.758476964123250590e-13
3.572802513785683189e-09
1.484967286247838034e-09
6.996216648873549834e-18
1.731340027704696824e-15
1.542440173726985419e-15
2.534991099240978749e-08
3.864074400088256147e-04
5.209521026909068802e-05
2.323540001902374232e-07
3.668172580844932911e-12
1.099309687177162332e-06
9.430735394851213501e-14
3.308843777886867147e-10
2.890839781834001532e-12
6.972709544055342759e-12
2.609568835816445790e-08
9.452058045721684900e-09
5.347259948395578649e-16
3.416449022178435355e-15
5.461548912145292804e-16
1.912209168891036451e-05
1.846723210193827185e-12
6.590794822154092684e-11
9.433682063423597061e-13
1.559077592143227008e-09
6.053236142021108961e-09
1.397289712778165487e-09
1.762605490850824274e-09
1.500813468973084539e-13
2.421448481012945856e-08
2.551040710966869132e-11
9.449503316347342204e-13
8.756864571577141493e-13
1.689490972564963725e-05
1.076107485809133079e-14
5.529826747999665602e-08
2.433957226577654662e-05
1.178481239444898908e-03
8.163810685007396245e-10
2.192890352062782085e-15
1.649149785059774580e-15
3.930766834410050076e-17
3.328415068586940456e-13
1.148597968638322873e-16
2.567325099712982528e-14
1.518422420743875538e-12
3.137061488417960148e-09
2.498583001845663238e-04
4.784703481177978124e-12
7.234870274233104522e-14
2.536511003011917918e-09
2.305438750532976432e-14
1.199006834531888550e-17
1.927556282167872864e-10
1.144028430779572759e-12
7.771545511930687465e-12
2.941804844099266527e-11
1.114454274790093212e-08
3.100939530795127066e-16
2.868569560970030011e-12
1.882186470262377681e-08
2.483722675583177692e-11
3.038042223858915977e-12
1.587129921250933709e-05
1.631171647258782001e-16
1.669336747852958436e-14
1.315523369267789174e-09
9.523202182717161427e-12
7.431086572192219054e-13
3.297279204880727308e-13
1.594192011923071660e-12
1.770246376844513251e-14
5.153338024275372932e-09
3.931441513661615158e-18
1.000000000000000072e-18
1.000000000000000072e-18
1.000000000000000072e-18
5.657154935266073349e-17
1.195174034825945489e-02
8.971545427149582565e-10
6.889546403669952616e-17
7.820393926018392311e-03
4.889087113221170960e-06
5.992648377427803964e-12
4.697078773617147134e-05
5.748465000505598567e-05
1.260877838088246418e-09
1.291804836223728386e-17
7.669327875745441902e-10
6.924536849993296719e-10
1.597694833267724929e-05
2.961870221788078018e-06
9.147664956695321758e-06
1.219772326836901720e-09
1.438165303380443041e-12
1.056329057569222683e-12
7.971253045965346298e-08
2.739480462640474716e-12
6.474879993625588955e-14
2.688228263105717043e-14
1.544828969802285396e-04
4.835909338467484420e-14
2.969874480853995227e-09
8.717980290188893897e-10
1.381441639064079055e-09
3.746155989801259448e-13
4.366652830621186505e-08
1.140176371829592847e-05
2.389982119985327875e-05
4.808362379835659411e-06
1.891590545114234134e-05
2.330857421786940254e-12
4.140864601004506967e-09
8.118225652568515180e-10
2.455001846705467404e-06
9.022037081072213658e-10
7.804014631957285484e-10
4.539188469915270010e-06
2.935951778569105803e-09
1.191659227128214547e-13
5.484362978744639071e-06
1.165035059887022181e-10
7.243104785832237037e-16
4.939461645104438356e-13
1.591213082266083596e-13
1.484559690111867010e-02
1.324850759687082368e-03
1.258219962103672917e-04
7.674684726986360492e-08
1.481807699822988811e-12
3.835285795123060778e-09
9.112336179998796772e-13
1.144318152681465187e-15
1.729444509259995392e-14
5.047656487137590747e-18
8.049574965526887227e-02
4.119072195262047514e-03
7.668460173326969165e-10
1.155623060177820536e-04
8.038685050282827479e-10
1.377504967707626119e-08
3.348507815353332232e-16
5.237836337375499958e-14
1.303242417401548897e-11
4.980961978085720763e-06
1.816958165476082757e-18
1.000000000000000072e-18
5.764687427937983397e-06
8.280601683317145385e-09
4.676158309182608889e-13
9.180411587561466307e-05
3.055706766246037242e-06
2.276981737127978220e-18
8.034487280054981445e-18
3.405874129322568794e-09
1.478988760574286819e-15
3.961750496335877795e-09
5.690666715460123607e-06
1.780103366277541250e-09
4.075800562418265354e-09
4.197787387500173751e-06
4.618403349669318535e-06
1.694164333377290682e-09
7.559718716313356631e-14
7.361984792259779325e-15
3.769567572232042791e-05
1.124259987112586762e-06
5.308086391894048817e-16
1.000000000000000072e-18
1.334280591712981499e-17
1.000000000000000072e-18
6.299349962233088622e-10
4.259931755751838342e-15
5.310252686686150981e-04
2.863445396827834903e-13
9.580433614742681185e-13
4.549143985486599477e-09
8.782357152561492502e-08
1.000000000000000072e-18
5.481712600462144965e-18
9.400468547222011877e-16
4.310512301791404627e-11
6.514115404737589427e-05
2.492540116782954436e-14
1.163654632649898881e-06
2.271412234078562767e-18
1.364142901989483030e-16
1.462847266786934713e-18
9.554096334824533394e-08
1.647399586315323461e-04
1.301584497686849755e-17
2.155159810264797729e-11
9.507382621972951994e-07
2.566425579501134253e-04
5.855448400185457630e-13
1.204828310536547296e-08
2.001111168459137867e-07
1.131806777075321852e-07
6.115530143371519568e-07
8.694320935536605344e-16
6.735294902619129753e-12
4.105285488359510892e-04
8.894918757905701150e-11
5.153527924280920486e-08
3.613599846139451358e-06
1.280529575605778045e-07
3.608244097695933904e-10
1.835342683504937370e-07
6.462481853245451214e-12
1.978299351146909683e-10
6.883304516540780880e-04
6.929985465686590773e-13
1.146894463140890250e-04
6.061474082610719129e-12
7.496924002108652831e-12
2.154839459271937260e-11
1.804600731589314125e-06
2.600232356801397519e-06
6.270321963247014579e-12
1.215632230655713623e-03
2.577974608166845091e-06
1.253411939456060324e-10
6.824751288068710411e-12
4.822614174337077947e-05
1.748949147855120818e-06
8.133822655723414609e-11
9.394883206798173242e-12
1.050865425263148798e-06
4.044903912114575730e-07
4.950520509412720868e-07
4.355933521217193052e-11
3.672335079376713784e-09
1.901689085218093545e-11
6.900739842923381660e-12
6.897856631155113142e-09
9.141305942219246693e-11
6.591036769639507707e-07
8.134979776733106437e-10
4.094737584216694249e-11
6.365420168972538550e-10
1.944209478177617749e-11
5.546525240977372797e-09
3.644046474552319262e-11
2.804277083205355870e-09
1.515716436471429152e-09
1.408653654872463781e-09
1.103042112512869193e-08
3.145853217728757792e-09
4.076195847338077179e-11
3.463817997335859724e-06
1.501325267577217593e-11
2.956123876532633707e-11
2.759963638177076791e-08
3.533071829665124992e-11
1.697140878574991201e-16
1.718607543366354682e-10
4.066839606773414423e-10
2.633059704542860778e-04
2.335018886138888109e-05
5.826842717759285104e-06
1.568124488111069065e-06
1.905555863447940012e-05
3.427593536320314550e-09
9.801347013121059973e-11
4.638036881717310083e-09
2.994560198990012946e-11
4.310143969695743880e-16
2.898254029575677478e-08
3.302947594913341604e-11
1.362679003577952491e-03
1.407595047083629221e-09
5.189874402590705426e-10
2.506513125552290737e-09
3.142470866038690910e-12
1.985848701401911056e-07
1.135081821861923689e-17
2.042752199215553780e-11
2.548621853579720373e-07
2.344258761611625875e-17
1.985748714150209912e-09
1.234518786735218964e-05
1.000000000000000072e-18
4.187476297687653988e-13
9.941778896592723099e-07
1.000000000000000072e-18
2.146160939064791099e-07
3.191703760236353583e-12
1.549517574526059698e-13
1.137854584127704841e-08
2.969334288344243326e-09
3.904684744156900861e-08
8.474209646246702850e-09
1.000000000000000072e-18
3.149022923407497946e-04
3.544118783900918040e-07
3.657653814824701711e-05
2.279476139750111950e-18
5.288425626845479856e-08
2.412365789966145600e-16
1.000000000000000072e-18
2.829031338300283297e-10
4.513636807635847286e-09
3.429107576636803155e-07
2.696864569420653413e-05
1.000000000000000072e-18
1.000000000000000072e-18
1.000000000000000072e-18
1.000000000000000072e-18
1.000000000000000072e-18
1.000000000000000072e-18
2.507378888363154351e-07
6.622036296877984782e-08
2.272327209131930045e-13
5.690903084185741039e-08
1.000000000000000072e-18
5.168682977762905771e-09
2.275297528086164299e-07
1.764444285655614164e-07
4.629304223678096303e-07
7.017400387870524942e-07
1.062887633023227411e-15
6.271790423066240039e-16
3.682923730268332392e-08
1.000000000000000072e-18
1.000000000000000072e-18
6.102114971133891421e-17
3.908185862531747408e-08
1.372083191702411888e-05
7.521445044882450337e-16
5.572189140248817854e-09
1.000000000000000072e-18
2.063176832814376352e-17
1.023412841712625962e-05
5.041284102280480613e-07
1.076177308919164071e-07
5.248343012905742619e-08
1.468819181663659979e-18
1.062824783514103917e-06
2.453334056252333307e-08
2.838396063397317987e-08
1.000000000000000072e-18
3.640505755436007403e-12
2.276805793750823295e-08
2.154229573426077663e-07
1.814655282778842491e-13
4.971822172799653013e-09
5.673241813921427966e-07
4.880604164304113951e-15
2.194972315027425167e-08
1.156540606169067587e-05
1.643821656416071342e-08
2.261777700223138537e-08
1.106545724831786453e-07
4.770500526855521835e-12
1.405087911508574023e-06
5.019867488277728138e-08
8.588132328368009712e-07
1.985028873347858693e-08
2.690347703078017484e-06
3.094324744902213054e-06
1.410824020314648104e-08
7.670881164613163310e-06
4.579462212523724055e-07
1.434241927875601826e-08
3.776110639316486758e-07
8.120843596536030605e-07
2.496587462407199451e-08
5.322414813981811547e-08
1.140796220401876473e-06
6.720613245324141619e-08
7.227803780250831195e-08
1.758701818493128099e-07
4.416246752423445680e-06
2.049009176473381268e-08
1.371003286524358478e-05
1.405489148855711026e-08
4.049386889848776634e-08
6.536381820256339822e-13
6.827979009423124593e-07
4.474385632914608232e-11
1.256310581380535859e-08
4.536092708867071381e-13
8.179662681945084901e-08
3.588858513956769794e-08
6.874085196190577916e-13
3.613039261240066734e-05
1.813294811514506502e-11
1.015644275976697019e-06
1.216479227021713742e-07
3.884164254604425261e-08
4.869819340383161432e-10
1.653042589216008164e-13
6.055283965363200558e-13
4.438848411446033203e-08
2.466020346411712139e-12
2.243554777718480815e-13
3.101049697083305652e-12
2.183963939271996346e-08
1.383213464298199377e-15
5.659899234705338352e-14
2.170921492232442308e-12
4.469744002250072832e-06
4.309318064334052541e-05
7.068433913549625113e-07
9.490653941650025118e-14
5.888154067093173916e-10
3.234296607819127036e-05
7.050651182387729929e-05
5.730510376123076647e-11
1.703582862981266212e-14
1.448558054653792203e-17
9.238108208049418213e-18
5.305911652386045391e-12
4.492764878851166719e-10
3.134111558937636410e-17
1.256307812025948175e-14
4.820942104260774484e-17
4.514224227050741555e-08
1.634815021439297718e-06
2.698900344881067844e-12
3.946647276095300635e-09
1.108673794896439200e-05
4.832438990219210302e-05
1.814426470836093128e-06
4.396990877791605063e-05
9.886792192762980087e-10
7.352533601387314188e-09
2.058161590482690271e-14
4.015197565752335408e-09
1.838753131333714077e-11
1.674300423148382492e-10
1.771966381554970963e-06
1.670654472822658067e-11
4.216454749566469070e-14
9.834626214695520315e-15
7.822665744284228418e-09
3.363389353443401210e-09
3.860144821721235086e-12
1.403471856602161792e-09
3.568144626316114892e-06
4.690833743447458021e-06
5.117370899761855122e-16
8.319378856829406023e-17
2.736132342156481725e-14
1.368435191190868517e-09
2.840945299389298814e-12
2.642087952379554107e-05
9.388509082525213886e-11
2.244864305571144553e-05
1.286401090041188328e-13
7.356073105830410870e-15
4.202638833111231387e-13
1.690902182798830914e-13
1.935559142073591538e-05
5.242427210501787860e-08
1.011423630472779016e-08
6.512650536399157983e-08
1.116551364582225170e-08
4.166223264229517323e-09
6.604757228127997749e-09
1.151530827898266732e-08
1.338046831884718131e-08
2.801707849317866258e-06
1.225444372957740872e-08
7.805338229593778744e-08
4.220690632267963682e-17
8.944791835691145453e-06
2.633902269093430822e-12
7.961041418926316480e-13
1.183281426697472263e-06
7.153291911627915439e-08
1.204354296441215483e-09
2.170877472347027687e-03
4.078504386100007858e-08
2.802223917647498811e-17
1.174187036905748858e-12
3.170951198069510733e-08
8.140765858041419060e-04
1.186526351922184899e-05
4.267534911402800078e-06
8.357830292339436308e-08
1.341709142121192250e-11
4.729486216075036510e-11
7.353976414294060117e-13
2.436782005991272152e-11
2.692837650872415297e-16
1.536022382510752897e-06
5.581746627304200273e-08
9.661361067940745168e-11
7.763332378099814102e-09
1.000000000000000072e-18
7.740004851589766573e-08
1.000000000000000072e-18
2.478522688113499237e-06
4.029285187998311610e-06
1.193857181330648072e-05
3.633137923841755958e-03
1.000000000000000072e-18
1.810617421694596876e-10
3.038811692297262052e-12
1.191357326190007397e-10
4.540554630200966346e-07
5.172355400268256048e-03
3.496588701825627853e-10
4.084373906488780381e-08
7.163875226824903648e-13
5.957325091181950152e-13
8.493067993135830645e-12
2.438086800711312253e-12
2.513772106723237520e-09
2.258820043560652997e-08
1.000000000000000072e-18
1.900830999966735834e-07
2.214959715539655439e-07
1.000000000000000072e-18
3.918238199342866969e-03
1.444209774392462614e-15
5.031494123345283702e-08
1.066300054028831886e-07
1.000000000000000072e-18
1.000000000000000072e-18
1.000000000000000072e-18
1.000000000000000072e-18
6.433096084510090162e-10
5.110614578657215082e-13
2.376897801972659398e-12
3.679756285436245804e-08
1.989135895837709200e-07
1.000000000000000072e-18
9.216922686956697044e-03
1.323671971565607729e-05
3.229800654392614992e-15
8.895362809744279035e-06
6.866606792608453932e-18
9.411254915026995896e-13
1.000000000000000072e-18
1.000000000000000072e-18
2.924380834322063148e-05
1.000000000000000072e-18
5.665141117813166131e-16
1.437187240697242423e-13
1.000000000000000072e-18
1.000000000000000072e-18
1.000000000000000072e-18
1.000000000000000072e-18
9.181993875718171245e-12
1.326368099609680358e-10
1.135481423187136610e-11
7.083130853373673484e-09
1.000000000000000072e-18
1.305684636357659734e-12
7.216670453130929754e-13
3.109993119957181794e-10
1.000000000000000072e-18
1.000000000000000072e-18
1.000000000000000072e-18
1.009865734191814177e-08
1.000000000000000072e-18
1.472567985329050164e-08
1.601077832968393688e-11
1.000000000000000072e-18
8.161314538782940715e-16
1.230739346395657795e-18
1.000000000000000072e-18
1.202321078952071035e-09
1.228441415558355077e-10
6.548540902920063396e-17
4.517960416395220668e-06
2.685661677084799192e-05
3.037137857870282329e-12
1.000000000000000072e-18
1.000000000000000072e-18
2.548631310962409300e-10
1.073126941915242918e-07
7.792762771744730896e-16
3.662927402345631149e-06
2.453019468819330360e-10
1.009040887870294618e-18
1.305426222480212382e-13
1.163301783162478855e-12
1.000000000000000072e-18
7.003354391786173830e-09
3.186997262257242562e-10
9.776400607188183294e-11
6.150776675767040556e-10
1.066532378680852608e-12
3.751808734651724591e-11
2.135840766532907718e-12
3.070125824538015065e-16
1.038557877259746203e-10
1.514816886813559025e-16
2.029254261061310202e-15
9.809910668014971177e-17
4.396323553120913618e-11
3.177831315633922873e-16
9.055492050713113084e-11
4.189718995744536639e-10
7.430985696368174468e-11
6.485699355075480304e-11
4.571381543961682847e-11
7.456450364396989558e-06
2.352550463448167797e-06
2.775668389500757886e-09
1.354789925160401580e-08
1.117091859014934097e-12
4.501231677069347029e-11
5.252151978806308748e-11
6.928461641366712521e-11
1.146979279061718641e-10
1.484216633427928899e-14
7.076763220295398879e-14
2.636073993061691297e-13
2.335302807813928492e-12
7.007910792708205509e-09
5.528522701871210639e-10
1.777643210671334051e-11
4.515900726268250905e-10
2.522695365136188961e-12
9.223908586964508094e-15
2.652679538317286128e-10
1.373765989304266323e-12
5.633042163608696139e-11
2.482045324362095811e-08
7.743149134044165100e-11
1.633644115924181844e-10
1.208937949826560990e-10
9.964662542550311570e-13
1.012578383914809183e-12
5.388271901173243928e-13
6.272364077543077040e-11
6.218281335217955224e-11
5.286232277645080982e-11
1.552362042019101765e-06
8.685400883050767581e-13
5.591563211247246692e-08
1.198613916756471389e-07
3.853908340617111846e-04
5.225111633248116783e-02
1.580884450011804849e-04
7.745333951758449610e-08
7.316832505162654050e-09
1.773149989293201770e-13
1.470339624696641162e-13
2.682117537600582184e-08
4.961028969784149559e-08
5.428029288995099573e-08
5.213791495123328271e-10
1.904122032368614916e-10
1.698993770439076139e-09
3.648020658198714255e-04
1.889087606008633577e-06
1.676711572869611395e-04
1.279634041448818941e-08
2.180885227529479620e-12
1.625984737815490253e-12
6.850318619869987507e-08
7.564064123522344848e-08
2.208842844569075467e-11
4.902087992779768052e-12
4.564164996835814710e-12
1.341621858828027691e-05
3.164354715901534130e-12
5.581455373469458749e-07
1.963395587106048391e-08
4.715698926175428851e-09
9.173995776833858884e-13
3.785300088739584256e-14
7.183194264562331249e-06
5.869840293821381033e-07
6.761650515207881687e-09
3.704398034402450844e-15
2.057814570785528346e-08
3.362996971974283966e-11
1.469485419381404732e-08
8.956625812127994371e-04
3.810971479763279146e-04
4.365203954571780787e-02
5.889390700684711453e-09
4.594006432616968385e-08
5.894646412261275016e-07
4.414917269944819867e-07
5.459242214262551981e-13
9.177625234031443115e-04
9.231768931289478590e-05
7.529334446133405298e-14
1.082197098492936186e-18
1.782003123507019571e-06
1.092955800290377820e-17
4.937149375132833650e-08
1.000000000000000072e-18
1.000000000000000072e-18
1.000000000000000072e-18
1.000000000000000072e-18
4.310241257053288160e-16
4.378915401728219665e-12
5.643168236660777892e-15
1.012323461936018609e-10
1.762246600959562468e-04
1.134833891029691824e-06
8.313887699797052079e-13
4.627260681427812257e-15
8.272553694708549152e-08
1.545162126240950541e-16
5.365652172577955433e-07
1.534050849367481262e-15
2.171826607763550708e-14
1.257463967278030125e-12
5.271446060331593181e-04
1.230314488224256034e-07
1.634906065012203508e-06
7.667483440898987021e-10
7.583524173376787808e-08
1.218553280166337984e-09
1.456438728872427936e-12
1.180967817700008332e-13
1.897703780720224498e-07
3.014253664209222110e-05
1.212648628863796749e-09
8.868630449566392904e-10
5.053397317760177853e-07
3.581041536228099117e-09
1.238586519366440324e-07
4.534802004545864817e-07
8.449922410810307264e-09
8.215807580712323026e-10
1.383217229095745358e-09
7.862725609880238605e-10
5.800660620654716110e-07
3.958646286100479358e-06
7.670324730596872455e-10
2.342116041248033888e-09
7.830541840704854928e-10
3.171013249949157669e-08
2.175660446579948919e-07
3.830291176965665662e-11
1.554781839911775201e-03
1.027195825114098675e-10
2.795912966109669603e-06
3.255820004970461022e-10
1.283319532262961143e-06
1.469417178559240922e-05
5.695417975916584796e-08
3.505703389944372773e-08
8.073681609348761558e-06
9.128072648510510256e-10
5.270767972746894035e-07
9.309277533306069984e-09
2.227978160921605393e-04
1.260641356728486597e-06
2.761727497498101398e-05
5.487074002409862597e-07
3.329833654198853868e-03
3.787490944601791532e-02
6.248979074224294608e-09
5.121617774231966167e-10
3.735760167640287887e-07
7.273695772669026047e-07
9.160144567933027295e-06
6.491973460857870444e-06
8.230893421086205594e-05
9.298116530594836935e-06
4.368801820277870676e-05
2.838659093852768731e-09
4.824445613222261287e-01
7.887223379908534862e-10
4.472096670359487135e-05
2.291734988469925147e-09
1.796483104218170814e-05
1.000000000000000072e-18
1.550764105512283990e-08
1.797804996726384439e-03
6.900137245950047201e-04
3.692545568036014261e-03
6.173991011474371350e-05
1.542922986309226349e-02
5.276214472960032105e-05
5.688841475162627337e-02
1.121094123123978132e-05
1.214944619438301988e-07
1.977581376683548026e-03
6.923046268203886754e-05
1.135497775397951714e-01
7.136312215730130512e-08
6.590586800082350689e-04
2.912179812008852634e-07
5.001208290261975956e-03
1.516916642531682212e-06
4.728109934420069403e-03
4.922914676094362219e-06
1.419031266457505532e-07
1.105418483412423582e-06
8.362736568850134654e-07
6.483730019884384626e-08
1.476797734808267411e-05
5.922574860508418922e-08
3.868727378863866142e-04
1.021463945076159333e-06
2.792879872043102399e-04
8.103064916267256443e-07
2.151081109168369277e-04
2.025107692340206558e-05
9.055056203370168144e-02
1.021393352421149682e-02
1.410594518802697369e-05
1.828722465041188411e-04
3.057813749179234819e-02
1.501897975552487863e-07
4.688080310959531793e-05
5.527492948150508920e-07
2.153143626463024720e-05
6.655735883841603792e-06
1.742886956039488868e-06
6.126204391202893658e-07
5.753889180318026975e-08
3.105724818475465165e-04
4.054193288743280685e-05
6.955787869568300983e-06
2.118301750895380047e-05
6.212557650415051090e-04
4.474286778931543568e-05
2.027933627534231518e-07
5.240384078787375119e-04
8.451248956417318628e-08
1.723785108206653954e-03
2.208597073325837376e-08
1.768153809247587571e-04
1.000000000000000072e-18
5.534302802295010821e-09
1.640200468599131854e-07
7.306743278883153383e-08
5.488596601262548313e-04
3.004185326267639431e-07
1.070047818045317483e-06
5.822681148161469229e-07
1.742560554138034374e-08
1.795101450817755803e-04
3.988979427794859650e-08
5.662260994163394502e-07
3.155491413273582733e-07
8.987960529925986829e-08
1.348975183274353036e-05
2.610132966881412479e-06
8.179712541732750707e-06
9.521408173249081805e-06
5.593143336316958398e-06
1.441604254534109748e-04
2.706776994837636462e-04
1.225647417935022687e-05
2.232125525923086526e-05
1.256198215479465002e-12
1.830234013589633501e-05
2.788386369678538118e-03
3.644610966603427422e-10
4.741544122836519673e-10
6.845444703827100342e-05
1.419086787961183646e-05
1.963410482214053148e-09
1.099053570653277164e-05
1.337695812539279119e-02
1.842263249899780138e-06
1.445064599577805806e-07
3.957988695051311262e-07
6.028929644070673908e-09
7.233156819405214005e-07
8.726708850160067300e-10
3.497702995137509934e-04
3.767798983423934319e-08
1.398841724292201037e-04
7.277397325506126930e-08
4.468423286537176188e-05
2.671861314292465389e-07
1.809826751983362300e-04
3.646471572089020945e-09
3.822189642328784887e-01
2.804518627419985309e-04
4.805591187087721462e-05
2.013918017566500059e-07
1.038446442115889160e-10
2.723546414439566993e-02
4.522318354777509451e-03
5.533986648174236821e-10
9.044915609067303055e-11
4.646454449477785601e-06
4.156719901033696295e-11
6.291694217776726808e-07
1.000000000000000072e-18
3.911626600387270057e-09
3.623858317114742839e-11
4.251076893846615739e-10
2.797282276826160087e-04
5.089493390725784373e-09
1.561072880810331916e-05
5.320892696376326721e-09
4.374338806732613344e-06
1.318663325076834428e-09
5.108644455862661391e-08
3.770603352413048243e-06
5.346954543610071001e-06
9.961652239325658662e-09
9.742359285090182488e-08
7.793474264424551370e-06
6.696791028225936348e-07
8.338435045139381004e-07
1.780635945461274234e-06
4.750379452467681318e-05
4.979189112934458952e-05
2.458813771690612988e-09
2.431896396159388660e-05
1.573098111104974594e-08
5.195582227916716012e-05
4.773225098519303439e-08
8.140238023666207989e-05
4.050638358875968182e-04
3.588145215476503530e-02
7.838649520001605831e-06
7.490628282265153046e-09
7.602519631471013357e-04
1.281134131317609270e-09
8.243809351929697049e-02
1.230136292144080344e-09
1.666463918147883649e-03
6.324725468844434805e-11
1.000000000000000072e-18
7.087213967352768672e-08
3.181379187546488994e-03
1.082909737528422431e-04
8.286857786897624094e-07
9.388711829637113008e-07
3.291273792436366251e-05
1.827389137916689231e-07
1.381948007480933906e-05
5.366698216658794599e-09
1.000000000000000072e-18
