1.000000000000000072e-18
1.000000000000000072e-18
1.000000000000000072e-18
1.000000000000000072e-18
1.000000000000000072e-18
1.000000000000000072e-18
1.000000000000000072e-18
1.000000000000000072e-18
1.000000000000000072e-18
1.000000000000000072e-18
1.000000000000000072e-18
1.000000000000000072e-18
1.000000000000000072e-18
1.000000000000000072e-18
1.000000000000000072e-18
1.000000000000000072e-18
1.000000000000000072e-18
1.000000000000000072e-18
1.000000000000000072e-18
1.000000000000000072e-18
1.000000000000000072e-18
1.000000000000000072e-18
1.000000000000000072e-18
1.000000000000000072e-18
1.000000000000000072e-18
1.000000000000000072e-18
1.000000000000000072e-18
1.000000000000000072e-18
1.000000000000000072e-18
1.000000000000000072e-18
1.000000000000000072e-18
1.000000000000000072e-18
7.393646628572884960e-02
4.483343620060812884e-01
2.050066866168500646e-01
1.587697725799936121e-01
2.682727328640456736e-07
6.245079622476057413e-01
6.445313855960307370e-01
2.693105446948687324e-16
1.000000000000000072e-18
1.000000000000000072e-18
1.000000000000000072e-18
1.000000000000000072e-18
1.000000000000000072e-18
1.000000000000000072e-18
1.000000000000000072e-18
5.384477099726930893e-02
1.449048848172734549e-01
1.623786911363102325e-01
1.873309618593373416e-01
2.732812154924285086e-01
1.857516403554125561e-01
1.000000000000000072e-18
1.000000000000000072e-18
1.000000000000000072e-18
1.000000000000000072e-18
1.000000000000000072e-18
1.000000000000000072e-18
1.000000000000000072e-18
7.096578739747532675e-18
3.980120196536948013e-02
6.891366874461345160e-02
7.683186469135226767e-08
1.915855002588038869e-01
6.627595409058431586e-02
1.712874407811200150e-01
1.607631352253131862e-02
1.000000000000000072e-18
1.000000000000000072e-18
1.000000000000000072e-18
1.000000000000000072e-18
1.000000000000000072e-18
1.000000000000000072e-18
1.000000000000000072e-18
1.000000000000000072e-18
1.000000000000000072e-18
1.000000000000000072e-18
1.000000000000000072e-18
1.000000000000000072e-18
1.000000000000000072e-18
1.000000000000000072e-18
1.000000000000000072e-18
1.000000000000000072e-18
1.000000000000000072e-18
1.000000000000000072e-18
1.000000000000000072e-18
1.000000000000000072e-18
1.000000000000000072e-18
1.000000000000000072e-18
1.000000000000000072e-18
1.000000000000000072e-18
1.000000000000000072e-18
1.000000000000000072e-18
1.000000000000000072e-18
1.000000000000000072e-18
1.000000000000000072e-18
1.000000000000000072e-18
1.000000000000000072e-18
1.000000000000000072e-18
2.359331511154972688e-13
4.910002298750906879e-18
9.921615579649824920e-07
5.610240508245150796e-17
2.738135261386298591e-02
2.812320688135256302e-14
1.028589479408961033e-02
8.684997607903477412e-02
1.000613662119374179e-17
2.200579349938097413e-03
4.098638068234994520e-04
9.201809719845815147e-04
2.419212983530585545e-02
8.811417751532464190e-16
2.515596774661622732e-15
2.850222963271380899e-13
2.303404004762393126e-11
2.089821367570979985e-15
1.111373842960481284e-03
1.470426297035263097e-15
1.740120103567955334e-06
2.820073096501674384e-02
2.715753924348262086e-02
8.309889926408365809e-03
3.539149919357166031e-03
1.145635264145006531e-03
1.783089775600178908e-09
1.368552890239212628e-11
2.683335160734284797e-02
1.905842888803644525e-02
1.009461197075826877e-01
1.548869318117865497e-02
1.914806149120372447e-02
1.379028247387490292e-03
3.057063347028255579e-03
3.861643738012263127e-02
1.097389118952541570e-02
3.497076786518060060e-02
4.813397994644334071e-02
2.052500851684196242e-02
9.576736233129197560e-04
2.030531636188640313e-03
1.314373494761909584e-03
7.160310609600814558e-02
6.303408449585053142e-02
4.353368375262678391e-02
1.447383421735197288e-02
1.444607580537994596e-02
1.325330566854348094e-02
1.391273736247803988e-03
7.213171265000369731e-03
1.115497082111849628e-02
1.112429434989304668e-02
1.108643369818990837e-02
5.727767142108819431e-03
1.469574867274817641e-02
1.912358598613471752e-02
6.633537596652245953e-03
4.201770215577378502e-03
4.310050737739577927e-03
3.370600624852516242e-02
8.205923766532364008e-03
2.647753983480240908e-02
2.429510518521806051e-02
5.857817150709461809e-03
3.647193691678443095e-01
7.100693325269887349e-03
4.634265530089557578e-03
2.211116419492632074e-02
2.855934223979781153e-02
2.297392869154840991e-02
2.331307378091382887e-01
1.937946954620010931e-02
4.913146550272575949e-03
5.635793879426785787e-03
1.491293573085729525e-02
3.067111867564095706e-02
3.299429512238905016e-02
1.895787583016305886e-02
2.039118212668815724e-02
1.604479853757170491e-02
9.308092881949418460e-03
1.336183889399674210e-02
6.920755640528212724e-03
1.417298337073037984e-01
4.653999596784241799e-02
1.589915987731770897e-01
3.412072250714016930e-02
3.081828963666777971e-02
5.824874441112121159e-02
7.018553727022401600e-02
5.050268143742956545e-02
1.518257880055659710e-02
2.318783074031925337e-02
9.289486443160497459e-03
9.217818533509438902e-03
5.511993426613703145e-02
3.663933717187793926e-01
5.504599077647346489e-02
6.211696937089515591e-02
1.964335828811953830e-02
2.658579035363502555e-02
1.252763340729338981e-02
1.301523740906335332e-02
2.409080922913813261e-01
9.391186141633295348e-02
6.566381974573727576e-02
6.409432647757055956e-02
1.707291154897731811e-02
4.141192212100712478e-02
4.656085501317248909e-02
4.134872750734529256e-02
7.845140056950591911e-02
4.489061821408273090e-02
6.003890135349365664e-02
2.499012616227521411e-01
7.848418859764135780e-01
2.381058378197277101e-02
1.840118832350525965e-02
5.481401003190181087e-02
8.930328458686488668e-02
1.962776262942711181e-01
1.267405698352162546e-01
9.223209378091168364e-02
1.337505005028879514e-02
2.700401154854311508e-02
1.248132521053976762e-02
1.759636240201825907e-01
9.080151432564392833e-01
1.459177290062603771e-01
6.604566605205831886e-02
3.101269253675671966e-01
1.402638310095968843e-02
1.415655913979547639e-02
1.154421071387310913e-02
2.270558993756719920e-02
2.048542326117534507e-01
3.882662038664359133e-02
6.550387726595815474e-01
1.335738792469729486e-01
1.150156290835469275e-01
1.356106322905512723e-02
2.268349136273991873e-01
9.689867637055371574e-03
5.560462755682516606e-02
4.605604781251711188e-02
1.243717189569404358e-01
2.877482568040908711e-02
9.947298784284876183e-02
1.197832544446313513e-01
8.838882470212892084e-01
6.669436789311031233e-02
2.547626598078169338e-02
2.393011953211707579e-02
3.306493638295167348e-02
1.404693610280206006e-01
1.321409607770099304e-01
7.082561028777176193e-02
2.230603451451487751e-01
9.539462243306301437e-02
4.138804589342095358e-02
9.733946709673133024e-02
5.831026993870345176e-01
1.814097152582969108e-01
1.037899036576288014e-01
9.288541890615011898e-01
4.471565699982151809e-01
1.036654025951039004e-01
5.408212983789312950e-02
1.622141542564224104e-01
8.129155365441279035e-02
5.514407009941644372e-02
2.875507069417245765e-01
1.945830528246267344e-01
1.217227529433371203e-01
1.939184118707786009e-01
2.357900530869082578e-01
1.873959355188573594e-01
7.149656529321120058e-01
3.298888534590074251e-01
5.961164806656171766e-02
4.503690957604431500e-01
3.508955188328211766e-02
1.047897358107228172e-01
3.508170311478655545e-01
1.205735424506365339e-01
3.961146293433706056e-01
4.206516104395036093e-01
2.940064958407878973e-02
2.844735739011884992e-02
7.426642588930870703e-02
3.635495130638537187e-02
3.250453415886710995e-01
2.254997999549553933e-01
2.480425206220503165e-01
1.986423820635941639e-01
2.942525578792192648e-02
1.568825956776803976e-01
6.688825681516988308e-02
2.210930508749863743e-01
2.482977481417520393e-01
2.211079279881289217e-01
2.058200695608047304e-01
2.361876247761950098e-01
2.202433263465669033e-01
3.436359783499911419e-02
5.489142872504038095e-02
1.360504836309849863e-01
1.828615523292019263e-01
1.863895256190691019e-01
1.800764698938899788e-01
2.270984493812074345e-01
2.848231205456299223e-02
2.113396402044447064e-01
5.010912088132903758e-02
2.238945751789732930e-01
3.522669540031999058e-01
4.294511385881165655e-01
6.525911765202832213e-03
5.315683510535407219e-01
6.728697686652434194e-03
1.442711469190850471e-01
2.731155164033477120e-02
9.692983196131996562e-03
2.237273949735276227e-03
2.880853199260055997e-04
2.023862663066543777e-01
1.386378772220911437e-01
1.887224458445931779e-04
5.997550487535980267e-03
2.037925210614604209e-03
9.312702249991625450e-03
9.019841017202427647e-02
6.969894139209723526e-03
5.361171301418996699e-02
6.611569432949140901e-02
6.298440208978058896e-01
3.456271291271771906e-01
3.559121061770680328e-01
2.788237349667626176e-04
1.954598476938168572e-01
5.902686214357975858e-02
7.322162856191155589e-02
9.194060234572488943e-02
7.293202044320044874e-02
8.877918569643709901e-02
8.656353801500511758e-02
6.471210652697451104e-02
6.057722241873519237e-02
6.297208309807397764e-02
4.153926651601610454e-01
5.584317828891141589e-02
1.412671300649931128e-01
1.033063608512457154e+00
3.816939656642918122e-01
1.585354758784185691e-01
8.473366007819191359e-02
7.576244161081234496e-02
6.087732609059827438e-02
7.098401059054160189e-02
1.821619489949722337e-01
1.445244090344669496e-01
2.194703677287598576e-01
2.901948798496987725e-01
1.283983709224070791e-01
1.390739586845748943e-01
5.663136911258508099e-02
1.663563492453773163e-01
2.218272691152268494e-01
1.596238109071206612e-01
1.804751281540236674e-01
8.255086036931710280e-01
5.967883962140602822e-02
7.565035779063106203e-02
7.277044864763586307e-02
8.616433649522889371e-02
2.070035764975479142e-01
2.561742449607396499e-01
3.169704461550459929e-01
5.236002778677564251e-01
6.864758026769099408e-02
1.055277621414806577e-01
7.794036086415896680e-02
1.005460834760267264e-01
1.933005486815261575e-01
3.676129467355987446e-01
2.114383773797822164e-01
3.811644015345295178e-01
6.864293004749909277e-02
1.100049133965289999e-01
6.517189900263140045e-02
7.841418409766283404e-02
2.150135424222834879e-01
2.966120652193470764e-01
3.684842512841020046e-01
2.294608499959240600e-01
6.720306823045854028e-01
1.428592261489149695e-01
8.679719849001146792e-02
2.929074407896836707e-01
7.054958606435676183e-01
2.870164727826554074e-01
6.276950877772304871e-01
2.682845543088539508e-01
3.905163223320371468e-01
9.733275131423546611e-02
1.455405033296758299e-01
6.583967975922162819e-02
2.996028202396690543e-01
3.043358355704488538e-01
2.508997524411952229e-01
5.627402802752229372e-01
6.210566976748934653e-01
8.810771672174898261e-02
7.162307788956501220e-02
2.680702073390568985e-01
2.439076422139994094e-01
3.041667363380853861e-01
2.508854874437345672e-01
3.849437598191869925e-01
7.731881138223489769e-02
2.374771081974239029e-01
1.160243006513932695e-01
7.265739791749967202e-02
2.762683087550356076e-01
6.938365583288826910e-01
2.490320458334746301e-01
2.815185361142783504e-01
1.127366792180645311e-01
6.911246588007832758e-02
1.241494154983478204e-01
4.497154224391272104e-01
1.011528657654977570e+00
2.395269777157198465e-01
1.019046574415239048e+00
2.423367544632781811e-01
7.587626653130333243e-02
7.184358181061632764e-02
3.493903670367835002e-01
1.404581569066610525e-01
2.935285186813786917e-01
3.280187387038756008e-01
3.609750193786330774e-01
2.924626554218563435e-01
7.622244616264677031e-02
7.026149370139146699e-02
2.626431012308019786e-01
1.611068904650519995e-01
2.118021656129885077e-01
1.818172749610799666e-01
3.150804888103054258e-01
5.536782321930301398e-01
1.093852635044009480e-01
1.095555600542229835e-01
1.192656248696195298e-01
9.597614470004689480e-02
1.627897079152892112e-01
1.591201025489405174e-01
8.762382749605240884e-01
4.494964808805845813e-01
4.507294733344524985e-04
7.508110132909100035e-05
1.591643528403143271e-01
1.090407998213137608e-01
4.391731331545638273e-02
3.795891657689764997e-01
1.321937071394891083e-01
7.488274590701588722e-05
9.867205816409619962e-05
1.896682612477508230e-04
6.031738401492561796e-02
9.313458091472763369e-06
1.945612673729256587e-06
1.592276397232947846e-06
9.657912159478647895e-08
1.317747171704074127e-06
1.722321224582159312e-05
4.965400417292441249e-02
7.326855809434770772e-02
2.259084394290868472e-04
1.154049325681062829e-05
2.061213023169569574e-05
3.615424084391992123e-05
1.791254885662939972e-02
7.639626563940102311e-02
7.307429025071753015e-02
1.105508723062383590e-02
7.281705441115114696e-02
1.072619089199008800e-04
8.243984503935740393e-02
4.446488593017619007e-01
4.964154996095867522e-01
7.416097889070488725e-02
6.540153700580199347e-02
1.467105998866700123e-01
7.284648146511238376e-02
7.828556907784742225e-02
2.743688762408447723e-01
3.425466203428080281e-01
2.501643237623938365e-01
6.272677564993682509e-02
1.453975736765680815e-01
9.189757271154060103e-02
7.630641044382571736e-02
3.166549599117066127e-01
2.433591425464756430e-01
3.957347731439341265e-01
3.568863708561960668e-01
7.795867865121490492e-02
1.105204268862856748e-01
7.490568101016238656e-02
2.730933380783830411e-01
3.673189305006418492e-01
4.580160824535938202e-01
4.558366169922169475e-01
4.811328924452712985e-01
8.429635771674812150e-02
1.451940269602476907e-01
1.887202759127307727e-01
1.469805812772389808e-01
3.793551206182809166e-01
3.714708444797041320e-01
4.130701886592753613e-01
3.772001378634358137e-01
2.496964346821439473e-01
1.638410455769996332e-01
8.564947999370967069e-02
3.337536491872240552e-01
5.649534002102505337e-01
5.062264967851793918e-01
5.073964624119491340e-01
5.641118070180350941e-01
2.684592490831446132e-01
9.572268572809466969e-02
8.045286197092456348e-02
8.928134525486719486e-02
4.462918421371217526e-01
4.951951367900226941e-01
5.776083277416734774e-01
4.508043769399527889e-01
3.233429226738763207e-01
4.592736311189906107e-01
9.476935029079903983e-02
7.031081665239913292e-02
5.493159514716736691e-01
5.285107466231657725e-01
5.014150880544411271e-01
5.729910152511669130e-01
1.674022343659747336e-01
1.205426291138672057e-01
7.030031258451581444e-02
6.950347299712926474e-02
5.834993801314080075e-01
5.169297731697125586e-01
6.045120584886809478e-01
5.498206182089414584e-01
7.417509823908506605e-02
8.618282427907275611e-02
7.097647889450849068e-02
5.039769688469968312e-01
6.066764905209283132e-01
4.777331148246231063e-01
6.484325724414738978e-01
6.074591826609639922e-01
6.728374803531399218e-02
8.728031170493856516e-02
2.610497156298605126e-01
5.953456765299154629e-02
6.684575650705849581e-01
6.560396695469987716e-01
6.545998541290354300e-01
5.985966352386699052e-01
5.410136191546290746e-02
5.548389415179312556e-02
1.323997772895708080e-01
2.247584450971311654e-01
5.775411826710098451e-01
6.132829778254070829e-01
6.145585975851323157e-01
6.204512871938786533e-01
5.213881780584905812e-01
5.271421573344404338e-02
2.360952131676419818e-01
1.118142669486151264e-01
5.471040087582443867e-01
6.030073781339930772e-01
5.064210342822759170e-01
6.080278158447813830e-01
5.998887131168571113e-02
6.757557111843962017e-02
4.832335204023473219e-02
5.446791837141128079e-02
5.611430466114450955e-01
5.421242285427935181e-01
5.326578427076483768e-01
6.532535030029175127e-01
4.733313417168187598e-02
9.502757292853308835e-02
6.302328382755058300e-02
7.075622872384342010e-02
6.794895423844965476e-01
5.514143225947663041e-01
6.838317554582056257e-01
7.038325162368228582e-01
3.918644941182578001e-02
6.899005089969741100e-02
7.040671965091874207e-02
1.306281076517724904e-01
5.841270749701321652e-01
6.592725516272994746e-01
4.700482683873977163e-01
4.851744844108646926e-01
4.851166865714184873e-02
6.259172432208441883e-01
3.596638952777082149e-02
3.807630458358719078e-02
4.210784606538184316e-01
5.353704135651974338e-01
6.557794659539135651e-01
4.076981703362519971e-01
3.704223664357880752e-02
3.502266064628601488e-02
5.102641306768946478e-02
3.423238227320193200e-02
5.940714661020707332e-01
5.762169487875831164e-01
5.466132994062529171e-01
6.143503186249380521e-01
3.186079614425675610e-02
3.169893918709728448e-02
1.886099906319310404e-01
5.697450117171006662e-02
3.784234481103818104e-01
6.692812735516109335e-01
6.220153165066821810e-01
6.901442094353085199e-01
2.601882040456870993e-02
2.439248494672020470e-02
2.879154901930713883e-02
2.951401412975354285e-02
3.830094352272562230e-01
5.038096158112652656e-01
3.792237763220847602e-01
6.620095800852422441e-01
2.229465475468571378e-02
2.214106877035068241e-02
2.222394573105335169e-02
2.657255839610302844e-02
6.590181057308952539e-01
2.927261617517445402e-01
4.084358542946970871e-01
3.968262681948279691e-01
5.745118504988289132e-01
2.605075064969372689e-02
1.868668810123808033e-01
3.799402130158102686e-02
4.251478487654278826e-01
6.336388761547763204e-01
3.087974541850537213e-01
6.329367570838478896e-01
9.984017408009847674e-03
4.960471267377336568e-02
2.125887918808613483e-02
1.174033834097754428e-02
5.789843294432002185e-01
4.102554500395508286e-01
4.217845242048524623e-01
1.825116509048695934e-01
7.395329856780363635e-03
1.967048884140544865e-02
1.189861931113362151e-02
1.210521593611023211e-01
2.359565005537250515e-01
2.368519700935497463e-01
3.827542799049408195e-01
8.934116137105817257e-02
1.957848036835825242e-02
6.125433155104263857e-04
1.075476625026204960e-02
6.415061936382143379e-03
8.925478001188458244e-02
1.501039294856932813e-02
1.224463805009573941e-01
5.042441015258195547e-01
3.100739326532285722e-07
1.631002117653918611e-03
4.122026603511307324e-04
6.030287488156802801e-03
4.118568068521622633e-02
2.495444808686414772e-05
5.355873939135277935e-04
1.881816277361592071e-02
5.840979522195641002e-08
3.346849199432254615e-11
2.695957877265392835e-03
1.606259008716050957e-03
2.021051069309155149e-04
2.273420540927543754e-01
5.670685098723390188e-02
2.856117156112215161e-09
4.624390051452740430e-03
9.449438767364165177e-12
5.894134763736633489e-03
2.910608029929573869e-03
1.014794163697778404e-05
1.403967146020837129e-04
1.296290746635098980e-07
1.228802545378238107e-10
1.000000000000000072e-18
1.000000000000000072e-18
1.000000000000000072e-18
1.000000000000000072e-18
1.949877936879294438e-08
1.747527585512940925e-07
2.498591513701513625e-02
2.284726745711769258e-01
1.852859876234954964e-05
1.627428870713570504e-07
2.367588624344300549e-03
1.803485338674530199e-09
4.849263114616511813e-09
7.825402115929851239e-08
3.611317737340764833e-02
6.246325346594267365e-06
2.969632691732448465e-07
2.507462508259132389e-09
7.541663701451428725e-03
3.446311603649506589e-02
7.059227312973009589e-08
4.670489409392071523e-02
6.401291843069872520e-03
5.838629489057683974e-02
8.241683214883296568e-03
4.794829496315101448e-03
1.870931633438213957e-07
7.938278968471828775e-03
4.879104215915328752e-02
1.239201909234030063e-01
4.881740451888088445e-02
2.203110587018957678e-01
5.938434791360130971e-02
1.000472850781266992e-01
3.215613594859602353e-02
4.159832417269584796e-03
8.138619893986745457e-02
1.269282029795446021e-01
3.069707966764526619e-01
5.830555256080882653e-02
2.054282807916765069e-02
4.804953517432444116e-02
6.451467697430261772e-02
3.448108757973354643e-02
1.322241641798737044e-01
1.264874795095045079e-01
1.692531632530541730e-01
3.015689022259165908e-01
3.931995666557079605e-02
1.022959513552371136e-01
5.918900930784780356e-02
5.276061499623296153e-02
2.904128544535436451e-01
2.172319518146692552e-01
1.425445167911149058e-01
3.022076926976784428e-01
3.298148126863701540e-02
1.759314438220751231e-01
3.328645889112730877e-02
4.295439099184451825e-02
1.852108044568729350e-01
2.442162050451486544e-01
2.779773912027069249e-01
2.079802376509425066e-01
5.074095175537293723e-02
5.799439125250584887e-02
5.514447579991781784e-02
5.774300676261179960e-02
2.392054138094769633e-01
2.970853689113551743e-01
2.640107830108973652e-01
2.635299669006961887e-01
2.111959571104138067e-01
7.295242997200214463e-02
1.233608794627358146e-01
6.008029851750924799e-02
2.975373971556211639e-01
2.852175294532077743e-01
1.983625646957608013e-01
2.661272328761979389e-01
7.748848626745986901e-02
6.344333514409075669e-02
6.836475194299355962e-02
1.252406909392558276e-01
2.874798816684780434e-01
2.842666880703720866e-01
2.365415420880201958e-01
2.840865886648591410e-01
1.393882522413125435e-01
2.729023282774462600e-01
3.058911718430522564e-01
8.604816551227659205e-02
2.929854598780903263e-01
3.900958266952850861e-01
3.597978676799576392e-01
3.209919541667068943e-01
8.145645919179203553e-02
2.731023097511010578e-01
1.880253370240932975e-01
8.684102250317865535e-02
2.358696980296880463e-01
2.346851375347342172e-01
2.971885697045377750e-01
2.858262715333058090e-01
1.008103872173641835e-01
1.169451229450260005e-01
3.253744387026981100e-01
1.286831016751762979e-01
2.846111163667412458e-01
4.912470360684775827e-01
4.165056878840324162e-01
3.474997836836616893e-01
2.149783300018963672e-01
3.293044039278897883e-01
1.138402041626780242e-01
1.337389784955878014e-01
3.449769769654027485e-01
2.427446969471033500e-01
2.374191917615614822e-01
3.304996759903806591e-01
1.583547706732762461e-01
3.885808731835382890e-01
1.362096526219935821e-01
1.564853476640311325e-01
2.625442468001539797e-01
3.867023544901658783e-01
5.233740326506767238e-01
2.724696309591906895e-01
5.157740760666451596e-01
2.486048032369328753e-01
6.542716200170149987e-01
7.544162085179147992e-01
3.519616073713204285e-01
2.868394631023261088e-01
2.439246025208902657e-01
2.339038869296735657e-01
3.303477782741592317e-01
3.344493350597261272e-01
3.917324053717898824e-01
2.255555726777204728e-01
2.470187888923847941e-01
3.236461647819043885e-01
2.421742505541019663e-01
3.053537844455321837e-01
3.008260785012955782e-02
6.599013420290348320e-01
4.420862911065421841e-01
5.003762510257818708e-01
1.330541614118297133e-01
1.650357906377962480e-01
2.271529178484031908e-01
2.045536638292075882e-01
5.173688223942327774e-02
9.933122572817962292e-02
3.792530810437669264e-02
2.025297447346048885e-01
9.216158248481977067e-01
5.092140650531217227e-01
6.281817240298682714e-01
4.331517616021354211e-01
1.515685033395082204e-01
9.079941311552129912e-01
1.455233681087367281e-01
8.569075092275337813e-01
1.842996906105983379e-01
1.778698324117261031e-01
5.003529378497968416e-01
2.239710160099258329e-01
1.204195477088267074e-01
2.371708186078665126e-01
1.623708094300813365e-01
3.339849502182068997e-01
4.325271248772102339e-01
3.556253062842488211e-01
2.614698111060997365e-01
5.475162759774884202e-01
3.794086438760073121e-01
9.001012409883151211e-01
4.687660636635770373e-01
4.888592588841215725e-01
1.722567210538886728e-01
3.202994995694789515e-01
4.740133221656108731e-01
1.779705851792524607e-01
2.665760209293291383e-01
2.850047433186792545e-01
3.245227503667286739e-01
1.802447494563669539e-01
1.715382195357251782e-01
7.595197913131627176e-01
6.239980107972766810e-01
1.745751268960686331e-01
2.009353778745227657e-06
1.449930437758533399e-05
8.299255352276253550e-01
1.023574263223741898e+00
1.588386148152517009e-04
1.117867713961553976e-03
8.289051748752807036e-01
1.023364935183938673e+00
1.167911373879431530e-03
7.835341648916752805e-03
8.271432057063631271e-01
1.023074279749306204e+00
4.178437874997388904e-03
2.623619617264815948e-02
8.255972191623563994e-01
1.022783150435625732e+00
1.040626438381299888e-02
6.042587758084303623e-02
8.255367993640050361e-01
1.024477408264700129e+00
2.110439387883994433e-02
1.130569177565350636e-01
1.009801659483780645e+00
8.026438659341752491e-01
1.744567749523121825e-01
3.481021498357336763e-02
1.012699542882432358e+00
8.031693892588471773e-01
2.528361395972870684e-01
5.115207538880827548e-02
1.008627761171719817e+00
7.927600670741917765e-01
3.776773814207298186e-01
5.510953721654877208e-02
9.224150175735791324e-01
6.150613110952214413e-01
1.887182920920593421e-01
2.460496942033733037e-01
7.901858454142050014e-01
1.002104329599140975e+00
1.713848723081084491e-01
3.755235463315368394e-01
7.642287554345711387e-01
9.866523985224664450e-01
4.383288740389121863e-01
1.959494808199739591e-01
9.567564975693770846e-01
7.285286581389042171e-01
4.735389183051075257e-01
2.213033865616795826e-01
8.762085265658688948e-01
6.543127011048077701e-01
4.419852406954557500e-01
2.301567387505187856e-01
5.346973430437648167e-01
4.067691328625133163e-01
6.913109048164921278e-02
1.193744143612573061e-03
1.015042690492679589e-01
6.268725028027208879e-01
2.318379457859418569e-01
6.871721913520612013e-01
6.418060354808019508e-01
9.925203128885384807e-01
3.392034997392484041e-01
7.308953173107846091e-01
7.125746174662291876e-01
1.034842572310854525e+00
3.784263183527397101e-01
7.612547095764530258e-01
7.075514273641670959e-01
1.042245618010480657e+00
3.970410156628628728e-01
7.825693028251122785e-01
6.697794895670792226e-01
1.034759027467419212e+00
4.065913241249516918e-01
7.999933720330607567e-01
6.126650908300455001e-01
1.014717001278250486e+00
3.940942618642537254e-01
8.013640405364432784e-01
5.204359169461543200e-01
9.588443725739852486e-01
3.356381566664110028e-01
7.668827768257513444e-01
3.541231016881544735e-01
8.091005179389028079e-01
1.948194908989802077e-01
6.427788984212677859e-01
1.096134178964691258e-01
3.653953094032186821e-01
1.827616431800302074e-02
1.886400204041330287e-06
8.804339528105505075e-03
1.039526331346103845e-02
6.990562791669506504e-02
7.207175857058355228e-02
1.892836061571980255e-01
1.940276980556179809e-01
2.576730226927235745e-01
2.594576362003520598e-01
3.464157742347125368e-01
3.796721596364575624e-01
3.893445034927083825e-01
3.899589855859840193e-01
4.174403579076830240e-01
4.845696289197924389e-01
4.669581022542149129e-01
4.568772897616134032e-01
4.409301020665428172e-01
5.262224920316144194e-01
5.150757676914287098e-01
4.707389832297868559e-01
4.886198979824501465e-01
4.593907428287669625e-01
5.155172220950082762e-01
6.504068199193524524e-01
3.200277442036457143e-01
6.004448439924972014e-01
5.631540272625370491e-01
5.188892373455772367e-01
3.009498542681325328e-01
5.401161257693379847e-01
5.792797563653475645e-01
4.723259564821553624e-01
2.498226090861720705e-01
4.744910201079824419e-01
5.982355079920854690e-01
3.899717373239491858e-01
1.806225403450196498e-01
4.388508984759140197e-01
5.836350794902214201e-01
3.584056570775428496e-01
1.213170873226306901e-01
3.242154451108644198e-01
5.914322224376422632e-01
2.644511349434751635e-01
6.384724833970614744e-02
2.187413349347550606e-01
5.943547562468832757e-01
1.664535477874059255e-01
2.295299048413567550e-02
1.175178974154204026e-01
5.952617856943248631e-01
7.678347786992660573e-02
3.815192940141199935e-03
3.828438553123609395e-02
5.955151391631950952e-01
1.548022573699807565e-02
5.403903799989692567e-05
1.064103760671855203e-03
1.000000000000000072e-18
2.852870061921797522e-04
1.377385529318561055e-04
7.194911478749958962e-03
1.018564447849096943e+00
2.485839251196498775e-02
9.152263846079446846e-03
5.079535470156966437e-02
1.016631028879381615e+00
7.795354505227186648e-02
4.999827419203311391e-02
1.254702120104561891e-01
1.013353010434755896e+00
1.454876869663332128e-01
1.254015882077423594e-01
2.188734224179291477e-01
1.008287443441166387e+00
2.153057964545304626e-01
2.176463102548910067e-01
3.192145343992398576e-01
1.001241910950424030e+00
2.794083836308635660e-01
3.074190704649775729e-01
4.025582556471178908e-01
9.947738417892224572e-01
3.316010374239253822e-01
3.978898577937922676e-01
4.882765130320001479e-01
9.826564228584458993e-01
3.651416366581540229e-01
4.865748255914612019e-01
5.274120750629964771e-01
9.655572021581694253e-01
3.519536326622180744e-01
6.422777273235824591e-01
2.980067671780763927e-01
6.964466101164906719e-01
5.203478931909525373e-01
2.479052007604971852e-01
9.306755197726099826e-01
9.477225667395776654e-01
5.300513759113238965e-01
4.310142832767759336e-01
8.895722641493688521e-01
9.252214196474457530e-01
5.059780920030360063e-01
4.808713667124820401e-01
1.000000000000000072e-18
