1.000000000000000072e-18
1.000000000000000072e-18
1.000000000000000072e-18
1.000000000000000072e-18
1.000000000000000072e-18
1.000000000000000072e-18
1.000000000000000072e-18
1.000000000000000072e-18
1.000000000000000072e-18
1.000000000000000072e-18
1.000000000000000072e-18
1.000000000000000072e-18
1.000000000000000072e-18
1.000000000000000072e-18
1.000000000000000072e-18
1.000000000000000072e-18
1.000000000000000072e-18
1.000000000000000072e-18
1.000000000000000072e-18
1.000000000000000072e-18
1.000000000000000072e-18
1.000000000000000072e-18
1.000000000000000072e-18
1.000000000000000072e-18
1.000000000000000072e-18
1.000000000000000072e-18
1.000000000000000072e-18
1.000000000000000072e-18
1.000000000000000072e-18
1.000000000000000072e-18
1.000000000000000072e-18
1.000000000000000072e-18
4.892718356473427926e-02
2.196400446511000137e-01
3.967935733325466119e-01
2.500046560226736325e-01
6.987039004903498502e-07
8.007639118599564343e-01
7.652288446977456582e-01
1.601755259929017033e-10
1.000000000000000072e-18
1.000000000000000072e-18
1.000000000000000072e-18
1.000000000000000072e-18
1.000000000000000072e-18
1.000000000000000072e-18
1.000000000000000072e-18
4.015907796419180414e-02
2.155290376896559223e-01
4.077824329162779149e-01
3.620301716856916263e-01
5.065631022066254818e-01
3.448033630763863155e-01
2.366937728145652058e-16
1.000000000000000072e-18
1.000000000000000072e-18
1.000000000000000072e-18
1.000000000000000072e-18
1.000000000000000072e-18
1.000000000000000072e-18
2.541808647537730581e-13
2.918109335020884973e-02
5.619219496479688908e-02
1.062775894613362947e-07
7.968972332344716192e-02
5.999772329545220717e-02
3.999682072530251487e-02
8.272274343617129141e-03
1.000000000000000072e-18
1.000000000000000072e-18
1.000000000000000072e-18
1.000000000000000072e-18
1.000000000000000072e-18
1.000000000000000072e-18
1.000000000000000072e-18
1.000000000000000072e-18
1.000000000000000072e-18
1.000000000000000072e-18
1.000000000000000072e-18
1.000000000000000072e-18
1.000000000000000072e-18
1.000000000000000072e-18
1.000000000000000072e-18
1.000000000000000072e-18
1.000000000000000072e-18
1.000000000000000072e-18
1.000000000000000072e-18
1.000000000000000072e-18
1.000000000000000072e-18
1.000000000000000072e-18
1.000000000000000072e-18
1.000000000000000072e-18
1.000000000000000072e-18
1.000000000000000072e-18
1.000000000000000072e-18
1.000000000000000072e-18
1.000000000000000072e-18
1.000000000000000072e-18
1.000000000000000072e-18
1.000000000000000072e-18
6.573970439989189340e-03
2.178273380021356342e-01
4.894352950023361906e-06
6.247336096969955996e-10
2.099416059385947319e-07
4.948017677032032734e-03
8.534695456996132037e-03
2.145472174416816757e-03
2.536355407948095131e-11
2.836904352543394552e-03
1.314512304186853109e-02
9.345658054450328280e-06
8.054198525288763692e-11
2.705694828161014399e-03
3.833115780028860733e-03
3.599638888905870582e-02
1.048159362218077429e-05
3.456388674393775297e-06
9.221565714227258209e-03
4.395864687217998367e-06
5.454092145244580914e-03
7.603378580098925539e-03
5.449534284197748295e-11
1.865685424794749385e-10
9.283805773195159230e-08
5.064029519873858625e-08
3.072144347994414451e-02
4.332239085841253107e-10
2.380774002126772280e-03
1.698515972360047435e-02
2.268743718167287940e-03
1.171014643077555246e-07
1.847124943923259544e-01
2.038171230762117134e-02
2.300278479873766131e-08
1.966238311378579878e-02
6.179134339331770337e-03
2.751548958735420408e-03
1.626165020878597957e-08
6.275114664733057700e-03
3.349834268489483846e-01
2.413612828759516618e-02
9.493061902448619860e-03
3.465246986791500894e-02
6.047690928692361911e-01
1.984003438874909313e-03
1.685094662802595991e-06
1.452553525174764878e-03
3.344751602372405402e-02
8.641214128932860061e-02
1.925888130098592499e-01
1.833288994724707049e-02
3.347154697766359099e-01
9.968379586487129129e-04
4.594295152172245267e-02
4.977340636976815280e-03
2.193377910052871083e-02
4.632282443941741490e-01
1.399418642068020642e-02
5.191785571037439428e-01
3.599187642596267216e-03
2.717321098619948638e-01
2.296777106358195361e-02
1.439388476761168170e-02
7.415721317012850811e-02
2.424945639035447006e-02
6.699337953528684830e-02
1.463917496369249865e-02
5.411969656747508961e-02
3.259858175127601249e-03
3.950972635744284985e-03
3.121499630685429030e-03
3.613938270377017314e-01
6.215695543721366789e-02
6.320736034688125005e-02
4.111670924697592988e-01
1.339281795231711536e-01
3.612356117840503575e-03
4.917258613063076045e-02
5.166332830754008162e-03
4.401727930257327143e-02
4.728649382571151888e-02
6.833730947830850277e-02
8.986445117868642474e-02
4.100413577870609672e-02
5.743776414510226407e-03
2.443823210156446935e-02
1.330946760987284511e-02
4.854188809532035409e-02
5.689856542664007560e-02
4.676044596956309418e-02
9.847397082325787254e-02
1.295880901634250022e-02
2.045072346676513608e-01
9.376462371101601176e-03
5.818568676352778128e-03
7.927809655281953249e-01
6.076165712744202585e-02
5.764230334780299364e-02
4.879917027949572106e-02
2.633220319553764011e-01
1.867250919110340773e-02
1.626684797365389804e-02
1.405640888296873225e-02
1.068536069828220914e-01
2.316785564404241216e-01
5.533159095452049037e-02
6.799665637545411478e-02
7.510412220843717609e-03
6.898012391631701268e-03
4.536225300539309391e-01
3.058338503845525053e-02
3.089712714977773667e-01
2.442751130521494118e-01
9.594637516522988019e-01
6.450261296870331285e-02
1.181194969660936088e-02
1.310072120368666396e-02
5.896244190965446164e-01
3.555577398889365193e-01
1.144354283195438415e-01
9.208783542516616460e-01
7.787324036155283957e-02
1.170054249140698999e-01
1.518501760832034406e-02
1.639330560784662758e-02
2.938660257113328081e-02
7.876662383080085261e-02
1.419159725580480813e-01
1.340807157978463893e-01
6.981364254500978250e-02
2.406781698412140680e-01
1.065686520964117742e-02
2.030808422174782552e-02
9.456952363270664658e-03
5.476106369246872690e-02
1.395532118834434954e-01
1.044406722592169240e-01
6.332251456040370596e-02
2.267888877496803124e-01
3.344717150407878342e-02
1.936020877659659981e-02
8.875904042384602510e-02
1.018210369665679266e-02
4.050992423418741106e-01
1.389357320996879169e-02
2.025836130214317757e-02
3.452536584597889341e-02
2.292108752973961716e-01
8.379650306718017250e-02
2.461212987278764974e-01
1.738662638400746141e-01
7.251258511115449279e-02
4.114765370969972746e-01
4.567834221251539789e-02
4.285166805431334797e-02
9.161643457139273528e-01
7.238364708669380310e-01
6.275892155412166051e-01
7.790631020935228079e-01
2.710222317608301790e-01
9.556990123258590764e-02
8.238983194791211773e-01
1.144741087508268501e-01
1.263919360969532335e-01
5.238694778378451267e-02
2.073182158466037317e-02
3.040623369671370535e-02
5.820782478855408559e-01
1.090508853304253123e-01
2.224246207300906164e-01
1.337791059447092368e-01
2.440579552675337799e-02
2.793178304003258172e-01
1.626050574511542224e-01
5.430059767258114262e-02
8.038261006692308808e-01
7.550533049791119389e-01
1.366027334137978333e-01
1.328058675636796804e-01
2.098107478705115575e-02
2.881399073923985102e-02
7.384476499411980754e-02
4.730222638704881244e-02
2.709285014768135769e-01
7.709123725403853600e-01
9.018209677451406447e-01
4.949535086878258938e-01
2.246253605532982922e-02
8.278024475355696965e-02
2.363209859630964471e-01
2.441064406802973333e-02
2.194130425339165247e-01
8.524825915100215923e-01
1.882578949137547475e-01
7.543768650674167464e-01
3.856079000175909044e-02
2.930977906493473784e-01
1.200495267904221897e-01
2.509526353970222695e-02
1.559125677258208220e-01
2.161121934190517180e-01
4.952155944647082531e-01
1.818139036412132203e-01
3.127723841931045329e-02
2.581917108572668457e-02
2.615736729323340712e-02
3.600499582380137231e-01
1.555888529890744054e-01
6.438768534225397522e-01
2.051913065053475316e-01
8.457697929393438452e-01
3.306388678365790312e-01
9.892630202279770191e-02
5.682179808120633308e-02
7.161207402472841155e-02
1.693162558758064262e-01
1.318549469125862399e-02
3.473184861692829029e-01
7.251672718278803220e-01
3.775509941481271919e-02
3.653542088138275745e-01
1.583532494696196780e-01
2.354440815172444135e-01
1.737838737517504589e-02
1.677524347945290040e-01
1.798556441452459631e-01
2.012006809110779559e-01
3.211297170265610124e-01
3.200444467756845962e-02
2.702361797166430782e-02
2.424745808129630253e-02
7.789003924644550235e-03
2.007570927821603624e-01
2.009827818317264370e-01
3.450305837107661699e-01
3.570668937334488952e-02
1.782963064083390651e-04
4.037054915577800197e-04
9.512586753827272090e-02
3.081541027628604268e-01
1.767799600068670485e-01
2.234622888980745681e-01
5.022470190503656173e-01
1.917229771038560793e-01
2.976251691358082763e-01
1.118079960663841133e-01
3.513235072590511349e-02
4.024590816702395268e-01
2.776220061455771382e-01
6.083666926453071833e-01
2.478922899621026632e-01
3.383721745928514740e-02
3.702364171951676164e-02
6.098868754604692272e-02
6.931609291656110061e-01
2.654835001852872689e-01
4.477342814475125943e-01
2.342453659513798192e-01
2.820958281168892134e-01
4.630827903143108076e-02
6.355905921237657574e-02
4.300522355569746241e-02
3.559323646130027607e-02
2.862957243224892867e-01
4.228690863355971108e-01
3.340510048273653276e-01
4.466992731828449137e-01
2.878621174537357996e-01
5.080244127548018407e-02
6.188007120321982468e-02
3.390770416935237064e-01
2.630574988195842900e-01
3.692683563137055258e-01
8.770834207102421454e-01
3.450711208759594806e-01
4.731190605520219084e-02
6.810887556693787093e-02
5.830519581001154805e-02
2.400632904639979914e-01
2.946115369791941774e-01
4.911407231513750804e-01
4.218061406867863461e-01
3.326028246045086845e-01
6.657284180877300062e-02
4.132039749236805781e-02
4.951684958155286309e-02
1.091573143792655687e-01
2.893563626103405895e-01
2.703213050619772129e-01
3.956981659334397050e-01
3.420001971208663227e-01
9.003415400395962942e-02
5.571607151389908197e-02
4.095517291986783270e-02
3.870030208105477987e-02
3.127978755777478526e-01
4.016184087446443840e-01
8.902084147143705106e-01
6.925357300821438633e-01
1.754563153829425681e-01
3.923224039751703474e-02
1.243320949491278082e-01
5.238428723221408984e-02
9.060767085419013656e-01
7.494421341556380955e-01
7.630111695600952926e-01
3.196199165483211702e-01
4.271338038752642285e-02
5.472203305594609823e-02
1.396874414544871656e-01
3.721891206692803239e-02
3.140780637966577582e-01
2.782858553636866072e-01
2.983693069041717938e-01
2.612667962952056055e-01
4.491649936690721850e-02
6.534262531843970656e-02
4.520881321381610418e-02
4.030495353425697647e-02
2.836323526557643082e-01
4.057452876489003879e-01
7.707076204665137542e-01
3.004018637646030943e-01
1.612696867199487905e-01
5.033750133396718701e-02
5.618033243419419398e-02
4.965005501699939483e-01
2.543305272207106449e-01
2.338749406683378884e-01
3.073955426139526881e-01
2.484075155731294282e-01
6.779554008606013260e-02
1.737297626730963662e-01
3.742703386152837486e-02
3.513880396488018587e-02
3.924036142014345474e-01
2.300126039797347199e-01
4.015976105009169683e-01
5.234412415580875777e-01
6.398459322444826070e-01
3.235360163071830664e-02
4.245878191384470229e-02
7.502083735042228141e-02
2.454967541937446707e-01
2.062121267317813811e-01
1.964635443426972494e-01
7.354134574312582995e-01
4.453750931845520955e-02
2.934256137090075420e-02
3.892288757932090698e-02
3.129212231269602740e-02
3.095662049337805088e-01
2.119558507530037439e-01
1.337544781032559416e-01
2.150764698687573917e-01
1.907506730601769493e-02
2.610369905479661967e-02
1.645840343246360998e-02
7.529374291020057841e-02
8.342661962828549216e-01
2.496225080300590593e-01
5.394645886223694425e-02
1.266439974551542558e-01
1.110964218717483453e-04
2.566885788942878666e-01
3.732974523384181148e-02
2.544841359419891189e-02
1.062717307503189407e-01
2.082271549993455902e-04
4.169520605605245604e-05
1.093830306635476951e-01
1.045992682074278340e-01
2.591441992854920384e-02
1.009104415668744988e-02
1.793186227803827314e-05
1.189443673072978526e-03
3.511505292068899803e-02
1.305230488582707926e-04
5.111998952749360501e-05
1.962819333446073032e-03
3.333378693042646658e-06
1.863024302721041393e-04
4.593970853544577067e-05
2.191872149118167558e-03
6.604814085914881838e-01
8.044196413047834948e-01
6.775667838242229735e-01
5.596582915176787770e-03
2.460609273497603444e-01
1.240141766569491932e-01
4.648755926517281049e-04
1.829048430105159606e-01
7.868428626271944948e-01
5.179578775763901133e-01
3.242045199738242678e-01
8.380266001687707023e-02
1.198141301745257320e-01
2.339664639859979633e-01
1.683663854985483765e-01
5.113189909817429379e-01
7.465725750646821091e-01
7.784730114453400907e-01
6.715900619569116214e-01
1.724168042562510827e-01
6.547895666934804015e-02
7.537649340082126781e-02
1.141113817916580286e-01
6.844408188066541943e-01
5.892340394518033042e-01
6.528470560769018549e-01
7.435432395679121287e-01
6.702275953508630979e-02
2.893497160728563111e-01
6.152070577907790133e-02
8.652577848452905340e-02
6.571759123744123077e-01
7.322274945538466140e-01
8.170380752808528158e-01
8.228575396307964418e-01
1.088708293010426514e-01
1.123561957945228562e-01
3.391062374746884878e-01
6.101340774042504633e-02
8.478635410859272081e-01
8.561699161968843175e-01
7.235919193257484006e-01
7.955221133225918173e-01
5.918046006219911809e-02
2.035644140825995652e-01
2.636679531897150874e-01
5.831489259604238917e-02
8.814935118210601717e-01
7.323162985328733887e-01
8.454698922102064085e-01
8.344480484393964614e-01
6.000941595947827806e-02
5.285060314886263350e-02
1.878654885867650781e-01
3.302740161260356300e-01
8.675358745960914941e-01
8.883988489296142932e-01
8.842272269934792206e-01
8.241414748634559029e-01
9.339146532446435112e-02
9.066545236706730071e-02
2.416221235874224660e-01
5.573001480277339076e-02
8.987725075310668554e-01
8.975928360152946039e-01
9.098684803320297165e-01
8.809617479195838152e-01
5.040596847112115420e-01
6.641975069602279458e-02
4.008101744749001938e-01
5.312824353280073270e-02
8.338648607336346386e-01
9.384587404240745112e-01
8.753788671223504680e-01
8.427209220245610588e-01
8.120143599820085767e-02
7.013698820893642105e-02
8.031101666280916762e-02
5.620641640802493538e-02
8.924080341313457287e-01
9.698946655061850830e-01
8.734960145403382059e-01
7.945588533031296974e-01
5.758763933883544878e-02
8.563608168213300564e-02
3.327996437205855973e-02
7.439815619161213589e-02
8.610601484111248816e-01
8.221127157647348804e-01
8.002544320174119763e-01
8.194599694684034930e-01
5.511313087494635471e-02
3.723390865731206201e-02
3.676083678546340078e-02
3.485203829448998980e-02
9.258885124259605970e-01
9.246657617707199073e-01
8.763495472124831487e-01
8.292144216340533447e-01
3.606100079800308306e-02
3.796333318698649761e-02
3.421524534624350439e-02
1.151872036247511694e-01
9.265510959302699634e-01
8.845313106961748550e-01
8.347981797540886539e-01
9.308641454384949387e-01
3.512891175274088229e-02
1.429955510311590183e-01
3.648417476957858258e-02
1.060335633782534259e-01
8.519250098351520695e-01
9.400906745216667248e-01
7.836368484718928551e-01
9.389330817480933122e-01
3.216411734239677661e-02
4.082774910690918635e-02
7.393245807278985282e-01
3.108558664540443661e-02
8.903460455285935327e-01
8.285357770934469457e-01
9.434489211279805110e-01
9.483840777159873170e-01
2.648021867891385203e-02
2.606341995359683777e-02
2.927050228254118175e-02
8.585419548271883139e-02
7.597496775623332477e-01
7.803824209707240778e-01
7.512993313511105997e-01
7.664462873550708100e-01
2.171877135757298988e-02
2.747219561214126610e-02
2.610037145539713388e-02
2.234424350357569478e-02
8.981373704509284517e-01
7.130171929805692033e-01
7.385087956786303698e-01
8.899741023442188093e-01
3.422319297723481341e-02
2.190170968843057828e-02
4.699302553835985746e-02
2.224923489057149123e-02
9.363941687477185249e-01
8.744541762987294575e-01
8.267430029165938610e-01
6.846034800244727991e-01
3.021144869775029690e-02
3.583605075329484441e-02
2.171397011081833972e-02
2.002611796319381590e-02
9.703226100819944966e-01
6.360034138875282350e-01
8.983766522052538672e-01
9.511743224086146586e-01
2.139336903742858342e-02
1.965949190198232610e-01
1.493928330233097908e-02
1.524321085860880741e-02
8.539493357714114108e-01
5.250886163337163959e-01
5.759291849617153014e-01
6.890690455269706804e-01
3.447049420155359062e-02
5.315348233022192392e-01
6.171595027704089853e-01
1.214422867410119324e-02
4.279066073261806880e-01
7.544966134305121086e-01
8.946044937879974457e-01
4.816993981081624798e-01
2.606216366122710709e-02
1.252637536729147433e-02
4.072847095379552446e-02
8.177569781573472418e-02
9.568295737364118647e-01
8.387583778323673966e-01
3.689806760475404235e-01
6.644691850227543162e-01
5.547155961872543561e-02
7.985770834205206323e-03
8.490587596551904537e-02
7.221119895799312134e-03
6.787237232516359908e-01
3.458954553745566263e-01
5.119079751514787890e-01
4.228574551448228691e-01
4.916416669815290748e-03
7.193540754764123600e-03
6.849023793593931979e-03
2.055873032346295509e-02
2.038624674521943014e-01
7.499723936527812329e-01
1.089105829138964088e-01
2.967955934660557182e-01
6.262912712626106382e-01
7.710617020210783212e-02
8.955570576620709017e-03
1.030881627468946127e-01
2.692196091728485952e-01
1.487792729608874709e-01
2.903624232815160688e-01
1.572230408171146343e-01
3.415032207175683911e-06
4.558260891482797915e-03
5.335206292173696151e-04
4.720317095120756673e-03
5.424609750486197461e-05
9.927420155487411968e-01
1.879629516165725909e-05
3.506825685708149965e-05
4.715413098242886927e-08
1.574474185459903263e-03
2.949759914149831068e-03
6.649043512664207234e-02
4.416856673254773820e-06
7.555605432870668992e-01
8.220522796853070302e-01
5.820434814732255192e-07
6.645259493854814959e-09
7.050347685863229269e-03
7.956019766595100437e-10
2.517096959099703679e-11
4.383789743647003429e-05
4.751071312066298685e-07
3.840512482719535825e-01
3.580928046831074463e-01
1.000000000000000072e-18
1.000000000000000072e-18
1.000000000000000072e-18
1.000000000000000072e-18
2.027461155042968588e-02
8.195771480971917808e-03
2.339977259315261616e-07
3.286047335226111588e-01
4.507532983820145148e-08
3.417656674582836756e-05
5.328035212513220625e-03
1.118673114946849180e-07
3.595758418772838457e-06
1.696040199865359361e-05
1.833137206232116068e-01
4.945454731033045682e-05
1.912451074259915182e-03
4.203203674312854409e-06
5.348950643621378023e-06
1.884170516034425896e-02
1.470247918002150767e-01
1.989715937496137899e-01
1.055503216112599479e-01
3.151733427057015757e-01
6.831920559019990513e-01
1.866891960256955932e-02
4.133267808736633131e-01
8.340598563980073862e-03
8.075237203469240455e-02
9.212683551727274267e-02
3.808436359776398022e-02
2.339273812680429943e-01
6.631133624437453300e-02
4.757067427067694816e-03
2.405614506113445614e-02
5.562004013770465403e-03
1.072766162697690179e-01
1.258880145030380482e-01
3.861563406810797350e-01
1.426430077524360740e-01
5.177403144719847777e-02
8.854826476783708156e-01
2.210590197077003799e-02
4.194057608683056382e-02
2.190469032429581686e-01
3.172921553406389816e-01
2.790381122443654771e-01
3.973787652584879759e-01
4.057637191388351883e-01
2.516648126935609464e-01
3.401562469304836300e-02
3.390823240557534757e-02
3.746374013731518793e-01
2.898870271691889600e-01
4.104463156349127395e-01
3.528174756870846029e-01
4.701640697465071100e-02
2.091264117277205903e-01
9.886191888432001307e-02
3.819475373103763394e-01
4.103177817346818079e-01
3.072644920792169110e-01
3.040581021863337785e-01
3.539551323797183735e-01
5.874975995865373557e-01
7.817221762608120850e-01
2.743477811761845242e-01
9.353228648070449625e-01
3.710770742453771143e-01
4.218237473670253257e-01
3.868600681147053022e-01
4.140763088616793430e-01
9.824629409265771274e-02
6.951579770941730685e-02
5.392955266286928451e-01
6.781998794172786060e-02
3.934855766174475411e-01
3.752502178489167117e-01
4.343760476391896330e-01
3.509248269498005390e-01
5.622808648286907740e-01
1.030887365117378468e-01
7.517092576134130899e-02
7.748650071182590360e-02
3.540703075779921272e-01
4.396457023342658088e-01
3.887756236807070609e-01
3.506711699657943382e-01
9.377903505882323465e-02
2.342791513916414603e-01
6.034654899507330139e-01
1.745188683645861050e-01
4.975910292928529266e-01
3.475075301977706421e-01
3.780861874719634863e-01
3.495475598063085276e-01
6.512548137736661191e-01
3.339701801424412309e-01
8.648728523020765557e-02
1.368586074274136533e-01
4.197995630689138058e-01
3.373565652492445666e-01
5.609817696822464450e-01
5.597241069165533878e-01
9.947793468024127006e-02
1.516245664987528607e-01
3.758304441932907025e-01
1.059597388881882707e-01
4.867984828677636155e-01
4.835477963184185435e-01
5.817735430319854739e-01
4.468790919093832970e-01
1.309570730394835902e-01
1.792289614832767441e-01
1.244963168990581431e-01
1.790828280719184429e-01
4.381777629270739438e-01
4.683541599043942183e-01
3.297219423426241969e-01
4.039639437541895917e-01
5.003149342021746548e-01
2.151408037386878802e-01
1.518648315373329616e-01
1.372135386759185671e-01
5.023300663300069857e-01
4.843556606605557979e-01
5.282577593919474124e-01
5.970379749110825696e-01
1.520275731477259973e-01
2.020357874294227418e-01
6.386288220912603730e-01
8.625138509778975671e-01
5.045493530583367026e-01
4.835038940971750909e-01
3.077456299259755945e-01
2.948933588433123587e-01
2.593603286864526458e-01
1.808813402506251888e-01
4.641095881557079639e-01
2.014957310723674289e-01
3.859367982097799410e-01
1.008199873561178295e-01
8.029518718477214601e-02
3.860662596925871215e-01
2.823881791679454523e-01
3.515380274412147621e-01
1.520644863016928916e-01
4.037625541194064249e-01
6.910964399557122384e-01
5.414946083895391116e-01
3.369154368234559827e-01
3.945729273602980314e-01
1.284250541075001861e-01
7.456557551910966142e-01
2.449809656351991521e-02
3.828916872312169289e-02
3.385918396190137347e-01
2.946972682573407720e-01
8.927480968702921071e-01
9.384370052900538051e-01
1.719352831481625044e-01
1.892173363727712165e-01
1.155976424062155339e-01
9.489428021443293559e-01
5.581281427849579257e-01
2.411962377772342014e-01
9.066524123792993883e-01
2.830657815867895222e-01
9.356643056293983962e-01
4.007429179289575538e-01
8.122338933853946452e-01
8.135505683927966025e-01
5.681607040280589604e-01
4.441449520444432086e-01
2.519851299498858110e-01
4.152873310663160455e-01
3.728825095098741715e-01
4.466716697445514139e-01
2.182510454745687500e-01
2.953462060461146677e-01
8.885636728137380480e-01
2.351881571419849604e-01
2.188615215839052053e-01
3.371267398578675634e-01
8.625948925504690612e-01
2.268175372119172473e-01
6.741257236903773764e-01
3.222796459943098601e-01
6.972149158998666163e-01
4.384533957681726601e-01
2.077039129551717656e-01
2.239549876946554108e-01
3.848484460164307286e-02
3.976945886814936548e-02
9.763531575441874999e-01
8.987646609617400140e-01
2.732838835327059401e-01
2.673235401691215207e-01
9.760979109289138478e-01
8.974291831068241798e-01
5.194260888454801384e-01
4.878609436655743647e-01
9.756581286580546797e-01
8.950528386867748765e-01
6.807734698327104761e-01
6.272726014167084863e-01
9.750563865159682653e-01
8.912816551868183446e-01
7.761502031242655253e-01
7.072266139678681229e-01
9.748353196633673390e-01
8.843672716110896337e-01
8.396107093640873265e-01
7.414245134300517792e-01
9.672242796173723400e-01
8.874873033196193362e-01
8.647605151517185895e-01
7.811068924426536331e-01
9.661279761426814217e-01
8.730627147638502228e-01
8.861163540596432853e-01
7.886002703232329880e-01
9.575714032494880845e-01
8.542133678825355458e-01
8.897323269053666328e-01
7.673212224967098649e-01
7.918752999174231144e-01
5.970836579884930551e-01
8.710927368437539897e-01
9.059729031135455024e-01
8.653170371480735090e-01
9.704937854410546905e-01
9.124029915423167436e-01
8.083835162746169090e-01
9.524877114636070008e-01
8.222236044728640225e-01
9.009657778449585708e-01
7.693257879671253630e-01
9.226070586435294318e-01
7.655777030747035194e-01
8.622230352832326306e-01
6.991293644645443228e-01
8.429888634811981696e-01
6.516151809801561390e-01
7.181142977498873314e-01
5.246643736596067198e-01
5.169982053879197403e-01
3.335096343620152504e-01
1.049770542667039508e-01
3.834058764418082910e-02
1.042886115324279106e-01
1.944216938360346092e-01
5.030304164867019923e-01
7.385956639038266935e-01
7.441469609742065172e-01
9.392200903869662998e-01
8.231959920582752055e-01
9.572500032205090159e-01
8.939247905765975721e-01
9.822978171096832245e-01
8.985662650504963045e-01
9.520633807286732475e-01
9.373535574835627493e-01
9.603594065547360614e-01
9.189141960729018122e-01
9.211389949536972210e-01
9.469683941749540423e-01
9.225783296916656440e-01
9.262733784940793136e-01
8.837927093002267975e-01
9.477538249088636180e-01
8.762955517123396376e-01
9.183883120334725980e-01
8.311339981716980851e-01
9.364081665130369325e-01
8.101034259964452477e-01
8.948347187740287589e-01
7.470937209874685125e-01
9.095723135724420594e-01
7.078288146518326718e-01
8.369139085811178047e-01
6.198123711316545492e-01
8.651709289605040709e-01
5.716377881660674731e-01
5.998881940182928529e-01
4.331410160613555771e-01
2.279566354411945162e-02
2.650420987069568649e-02
1.539777047910902141e-01
1.996873803512374812e-01
3.327370989546573066e-01
4.233892016991649410e-01
4.821373040383136743e-01
6.033756099926204097e-01
5.964748492041519468e-01
7.341996361047279374e-01
6.710531376072206289e-01
8.133309058582004480e-01
7.271372726761772265e-01
8.733795864786115803e-01
7.612043648162891696e-01
9.039873131661524397e-01
7.892851273555452352e-01
9.341135709229932971e-01
8.036074998780204925e-01
9.442771209611956484e-01
8.164150508826227837e-01
9.579411577722125593e-01
8.224427268944767278e-01
9.836847075445184219e-01
8.285506788891332519e-01
9.841338208210825833e-01
8.232804468291494704e-01
9.809467651772320052e-01
8.201022611116327576e-01
9.895102323505249320e-01
8.074017818165462046e-01
9.856182429136994827e-01
7.947353314128433599e-01
9.929796144753089138e-01
7.716351442981467246e-01
9.881108207864380821e-01
7.301187310355584659e-01
9.908535161438222216e-01
7.056613932988129445e-01
9.892871644863096003e-01
6.614857906992926972e-01
9.948173659949639536e-01
5.996065616032636436e-01
9.898031458705401908e-01
5.320280133402836009e-01
9.946606132159134805e-01
4.441877844814272058e-01
9.898132058789900212e-01
3.574032315365464063e-01
9.937081621691612465e-01
2.576352985159203191e-01
9.896369391320227749e-01
1.738271815949577470e-01
9.906115766408513101e-01
9.324385075566946068e-02
9.894610919985628028e-01
4.286459399849602836e-02
9.559349575179950653e-01
1.152198888752051578e-02
1.000000000000000072e-18
4.144699141805793623e-03
6.781051982176686810e-01
1.965184622187355831e-02
9.053720227519662656e-01
4.957978996876687833e-02
8.755442136384700147e-01
9.097602095038574699e-02
9.042323333530418727e-01
1.414386547716999509e-01
8.945480788801780658e-01
1.967306771615615346e-01
9.022219296085756124e-01
2.551952994433231980e-01
8.977386141826152466e-01
3.114251041452790747e-01
8.991011370392010260e-01
3.671850526454047414e-01
8.963582045083213767e-01
4.183015778083620240e-01
8.939773992151290871e-01
4.688587893397515582e-01
8.862284585142157223e-01
4.887674216212015699e-01
8.918574030821193599e-01
5.315161510871007078e-01
8.874654067526775991e-01
5.571886398331863388e-01
8.797597874783460448e-01
5.731464382043377492e-01
8.728076744879974536e-01
5.685884118930036868e-01
8.546857469956217201e-01
5.196910570361723547e-01
8.126663123796268318e-01
2.616049320240546039e-01
4.732932275385732801e-01
7.182211476943622941e-01
9.091716755976194664e-01
9.092886540422580044e-01
9.003600153338714440e-01
8.841104416111773556e-01
8.920022975876729099e-01
8.724464269618583678e-01
8.836890900930262083e-01
8.726640995843726323e-01
8.793370311170287668e-01
1.000000000000000072e-18
