1.000000000000000072e-18
6.369257795361384752e-11
1.263648229205094837e-10
1.881951903189203212e-10
2.493457824861196012e-10
3.099646324238391969e-10
3.701876366186155988e-10
4.301401991082024545e-10
4.899386367233877772e-10
5.496913858410143379e-10
6.095000434169102160e-10
6.694602690626521083e-10
7.296625701367619205e-10
7.901929879739263687e-10
8.511337002720353814e-10
9.125635521398521327e-10
9.745585262577723119e-10
1.037192160925792452e-09
1.100535923393428256e-09
1.164659544727830000e-09
1.229631321532739525e-09
1.295518389046510927e-09
1.362386969492090251e-09
1.430302599003505147e-09
1.499330335992180992e-09
1.569534953427856707e-09
1.640981117180388907e-09
1.713733552290158435e-09
1.787857198798006899e-09
1.863417358564077311e-09
1.940479834332465755e-09
2.019111062151369632e-09
2.099378238131867449e-09
2.181349440419970461e-09
2.265093747163185783e-09
2.350681351172446637e-09
2.438183671910815714e-09
2.527673465380810222e-09
2.619224932430400795e-09
2.712913825953330073e-09
2.808817557421100775e-09
2.907015303150846250e-09
3.007588110685114834e-09
3.110619005635185138e-09
3.216193099318885826e-09
3.324397697506364687e-09
3.435322410572372036e-09
3.549059265341623192e-09
3.665702818903279294e-09
3.785350274662975235e-09
3.908101600894163497e-09
4.034059652045897156e-09
4.163330293061218621e-09
4.296022526958081470e-09
4.432248625924221977e-09
4.572124266178180645e-09
4.715768666849835057e-09
4.863304733136766620e-09
5.014859203996247206e-09
5.170562804637182003e-09
5.330550404081676085e-09
5.494961178072360738e-09
5.663938777608296728e-09
5.837631503400870262e-09
6.016192486549249203e-09
6.199779875744849496e-09
6.388557031324811555e-09
6.582692726505091709e-09
6.782361356136995397e-09
6.987743153342518026e-09
7.199024414398890893e-09
7.416397732256714738e-09
7.640062239091898203e-09
7.870223858308312634e-09
8.107095566425508315e-09
8.350897665304389251e-09
8.601858065183844896e-09
8.860212579021053115e-09
9.126205228651714330e-09
9.400088563307945468e-09
9.682123991057120538e-09
9.972582123750147220e-09
1.027174313609489963e-08
1.057989713949911972e-08
1.089734457135717779e-08
1.122439660048687767e-08
1.156137554945569517e-08
1.190861533457102349e-08
1.226646192434664730e-08
1.263527381729537541e-08
1.301542253994061118e-08
1.340729316598133675e-08
1.381128485759125423e-08
1.422781142988145082e-08
1.465730193960520634e-08
1.510020129923810299e-08
1.555697091762233908e-08
1.602808936842267959e-08
1.651405308770560485e-08
1.701537710201688464e-08
1.753259578840366145e-08
1.806626366790004943e-08
1.861695623407113580e-08
1.918527081829379047e-08
1.977182749353613564e-08
2.037727001849006531e-08
2.100226682400520232e-08
2.164751204387415564e-08
2.231372659212601087e-08
2.300165928909579946e-08
2.371208803865759351e-08
2.444582105913428025e-08
2.520369817052780125e-08
2.598659214085596622e-08
2.679541009452782579e-08
2.763109498584637879e-08
2.849462714089319225e-08
2.938702587122305851e-08
3.030935116298212216e-08
3.126270544525870628e-08
3.224823544168156910e-08
3.326713410950075243e-08
3.432064267061498810e-08
3.541005273925858019e-08
3.653670855131640544e-08
3.770200930051332218e-08
3.890741158701403641e-08
4.015443198427695307e-08
4.144464973033772318e-08
4.277970955003613040e-08
4.416132461507600368e-08
4.559127964919295136e-08
4.707143418611681355e-08
4.860372598846204972e-08
5.019017463613203747e-08
5.183288529333129950e-08
5.353405266379352048e-08
5.529596514439568486e-08
5.712100918791967770e-08
5.901167388634930923e-08
6.097055578676230226e-08
6.300036395258389489e-08
6.510392528372602499e-08
6.728419010993911593e-08
6.954423807255369930e-08
7.188728431070826669e-08
7.431668596911547361e-08
7.683594904545628870e-08
7.944873559659025630e-08
8.215887132392864936e-08
8.497035355957762179e-08
8.788735967616898805e-08
9.091425594472506993e-08
9.405560686640385499e-08
9.731618500557894820e-08
1.007009813534359257e-07
1.042152162530818242e-07
1.078643509191396623e-07
1.116540995868698780e-07
1.155904423281035127e-07
1.196796385736528856e-07
1.239282413844093566e-07
1.283431125160635143e-07
1.329314383253011389e-07
1.377007465684272691e-07
1.426589241467319900e-07
1.478142358564511941e-07
1.531753442050189753e-07
1.587513303593925285e-07
1.645517162966113295e-07
1.705864882314703740e-07
1.768661214012035140e-07
1.834016062925027016e-07
1.902044764019733618e-07
1.972868376273780367e-07
2.046613993936757678e-07
2.123415076250602821e-07
2.203411796819057949e-07
2.286751413898074573e-07
2.373588662968316767e-07
2.464086173046501763e-07
2.558414908295679734e-07
2.656754636605352847e-07
2.759294426931798918e-07
2.866233177317904324e-07
2.977780175650236144e-07
3.094155695360738059e-07
3.215591628441750115e-07
3.342332158316704281e-07
3.474634475297047850e-07
3.612769537558239908e-07
3.757022880786839054e-07
3.907695479887438315e-07
4.065104666393718632e-07
4.229585105504926070e-07
4.401489836968255745e-07
4.581191384351730485e-07
4.769082937603447917e-07
4.965579614172872967e-07
5.171119804382724613e-07
5.386166607186655233e-07
5.611209362933258604e-07
5.846765290283683779e-07
6.093381235001620989e-07
6.351635538956720165e-07
6.622140038357427002e-07
6.905542200964441852e-07
7.202527412836055808e-07
7.513821426027090830e-07
7.840192979611972585e-07
8.182456607436916366e-07
8.541475647133373328e-07
8.918165466156147236e-07
9.313496921952752200e-07
9.728500074838358654e-07
1.016426817375556937e-06
1.062196193685197803e-06
1.110281415072977829e-06
1.160813461432364141e-06
1.213931545566686123e-06
1.269783685233225763e-06
1.328527318910463497e-06
1.390329968948377818e-06
1.455369956095863736e-06
1.523837169766532808e-06
1.595933898808346176e-06
1.671875727986962337e-06
1.751892505882770042e-06
1.836229390441278738e-06
1.925147979012097832e-06
2.018927530369277540e-06
2.117866286931731556e-06
2.222282906205517640e-06
2.332518011357875142e-06
2.448935871816378998e-06
2.571926225876532186e-06
2.701906258509674081e-06
2.839322748904660839e-06
2.984654403767312184e-06
3.138414394058263804e-06
3.301153114694461359e-06
3.473461188792869529e-06
3.655972740325185716e-06
3.849368961607315319e-06
4.054382004901282055e-06
4.271799230598113974e-06
4.502467848021029213e-06
4.747299988888467908e-06
5.007278257962460362e-06
5.283461810443710227e-06
5.576993011333511053e-06
5.889104738349674796e-06
6.221128397153844077e-06
6.574502725732696993e-06
6.950783473903027846e-06
7.351654054225651104e-06
7.778937272287570932e-06
8.234608257536414630e-06
8.720808730856964105e-06
9.239862762123129429e-06
9.794294190346406693e-06
1.038684590112504046e-05
1.102050118128603342e-05
1.169850739938491564e-05
1.242440229364201091e-05
1.320204318660274837e-05
1.403563948908155521e-05
1.492978890567661380e-05
1.588951781139332864e-05
1.692032633492553050e-05
1.802823876039461447e-05
1.921985994757952900e-05
2.050243857295232607e-05
2.188393811262463089e-05
2.337311662654219241e-05
2.497961656443161330e-05
2.671406600230118785e-05
2.858819293875092154e-05
3.061495453900133016e-05
3.280868351871622432e-05
3.518525421817782927e-05
3.776227134090372054e-05
4.055928483237395722e-05
4.359803497006861433e-05
4.690273244493703723e-05
5.050037906059023630e-05
5.442113568934304151e-05
5.869874534003042356e-05
6.337102065634970497e-05
6.848040693238907964e-05
7.407463387402027160e-05
8.020747193878220228e-05
8.693961226334755404e-05
9.433969307642919389e-05
1.024855002736065090e-04
1.114653757254537513e-04
1.213798741917564638e-04
1.323437187962376086e-04
1.444881163617648312e-04
1.579635081449545320e-04
1.729428494648882811e-04
1.896255344770184309e-04
2.082421113349886487e-04
2.290599701212034660e-04
2.523902337747446398e-04
2.785961442634711646e-04
3.081033171430379064e-04
3.414123438703374545e-04
3.791143617042866420e-04
4.219103981488661484e-04
4.706355481222232375e-04
5.262893821296606937e-04
5.900744481514876016e-04
6.634453700918638676e-04
7.481719366690257108e-04
8.464208279551554623e-04
9.608624094883378135e-04
1.094811589985294781e-03
1.252415479837813142e-03
1.438906116941645816e-03
1.660944819720107249e-03
1.927097364633335039e-03
2.248498774864406396e-03
2.639797441060025025e-03
3.120518139635104337e-03
3.717065619171219370e-03
4.465728983580459673e-03
5.417287269176339869e-03
6.644245525929383389e-03
8.252523009774611132e-03
1.040093671115819955e-02
1.333488347315038743e-02
1.744713494900447873e-02
2.339354075634752367e-02
3.232870482256740979e-02
4.643068695132446938e-02
7.019955088596606385e-02
1.138609227590710871e-01
1.992964028123037912e-01
3.299293087178924999e-01
3.753340422005286836e-01
3.102481950458182425e-01
2.120263131200273432e-01
1.436615996606112611e-01
1.022409255785140109e-01
7.661463054768048730e-02
5.998318425489173461e-02
4.867408840009544019e-02
4.066889394733314012e-02
3.480916132692037784e-02
3.039911581726160300e-02
2.700301310767894147e-02
2.433765289480608815e-02
2.221290147597912434e-02
2.049743177633642222e-02
1.909825218330726826e-02
1.794806406701388024e-02
1.699721960399912940e-02
1.620846841729035176e-02
1.555344319280464911e-02
1.501025765832802138e-02
1.456183276390862411e-02
1.419470972256984057e-02
1.389819486630601390e-02
1.366373462900982889e-02
1.348445264032960451e-02
1.335480253647315999e-02
1.327030416107873728e-02
1.322734004550380968e-02
1.322299509102413742e-02
1.325492629802436581e-02
1.332125194755548990e-02
1.342045143431412797e-02
1.355126851750814744e-02
1.371261259934582893e-02
1.390345514417675073e-02
1.412272161068893819e-02
1.436918290563736662e-02
1.464135347556502764e-02
1.493740455751128154e-02
1.525509994308978275e-02
1.559175794857579553e-02
1.594423837815915623e-02
1.630894907189866724e-02
1.668186482401960713e-02
1.705855259672948987e-02
1.743420029742704519e-02
1.780365042375214174e-02
1.816144312261307528e-02
1.850187473735040444e-02
1.881907750311824501e-02
1.910712397100905111e-02
1.936015651673312146e-02
1.957253849918704283e-02
1.973901983860029338e-02
1.985490650839549787e-02
1.991622115712026256e-02
1.991984118696327535e-02
1.986360134924610582e-02
1.974635028740373208e-02
1.956795421563273588e-02
1.932924557544760114e-02
1.903191941134355428e-02
1.867838466814936149e-02
1.827158106613830865e-02
1.781477431621500754e-02
1.731134315453048550e-02
1.676457126476263090e-02
1.617745613942743119e-02
1.555254603183802743e-02
1.489181624257674558e-02
1.419659808102749152e-02
1.346757911084366967e-02
1.270490305083363594e-02
1.190841328540821753e-02
1.107810605580666387e-02
1.021488645948279150e-02
9.321744622245348860e-03
8.405469562142966339e-03
7.478948666264311970e-03
6.563883124525425952e-03
5.693291382754630571e-03
4.912460620744441529e-03
4.276321169186168142e-03
3.841356216955293338e-03
3.652170511978959384e-03
3.726728510243421198e-03
4.047465476336303825e-03
4.564064001592898177e-03
5.207203827134766587e-03
5.906223207985701953e-03
6.602803418100653896e-03
7.257033366759570170e-03
7.846905648456298579e-03
8.364340456747471064e-03
8.810455351878196742e-03
9.191558418144356660e-03
9.516310711729633609e-03
9.793958358471334391e-03
1.003335505084435031e-02
1.024249983067709348e-02
1.042838075394717824e-02
1.059698451073913701e-02
1.075338612291663366e-02
1.090186950265199101e-02
1.104605257377332637e-02
1.118900417177778016e-02
1.133334751095293330e-02
1.148134902125127338e-02
1.163499332802764817e-02
1.179604599049935247e-02
1.196610586426729780e-02
1.214664891202355337e-02
1.233906512097749687e-02
1.254468998388669730e-02
1.276483180774138151e-02
1.300079595144510228e-02
1.325390697032378072e-02
1.352552956390125523e-02
1.381708918393934928e-02
1.413009316004994360e-02
1.446615323558488389e-02
1.482701046807471251e-02
1.521456351972403157e-02
1.563090141533000910e-02
1.607834182910629350e-02
1.655947580272356182e-02
1.707721938459115171e-02
1.763487186883631874e-02
1.823617892973169313e-02
1.888539683035789229e-02
1.958735094906867077e-02
2.034747822062213385e-02
2.117183916509359290e-02
2.206708184496556854e-02
2.304033862105343833e-02
2.409903835592872717e-02
2.525062262774831895e-02
2.650216417940308433e-02
2.785989704806522346e-02
2.932867691153492190e-02
3.091139339618417456e-02
3.260835172220683670e-02
3.441663113596107187e-02
3.632941781549912930e-02
3.833530779038406971e-02
4.041758715116500894e-02
4.255352506550627578e-02
4.471375775302810496e-02
4.686189170745312660e-02
4.895450072122504992e-02
5.094171823337858424e-02
5.276861608064117859e-02
5.437749596238675848e-02
5.571109235246640701e-02
5.671650455819342296e-02
5.734947535571820881e-02
5.757847117958966171e-02
5.738795810895150340e-02
5.678035193841687173e-02
5.577634438172023035e-02
5.441360766180641795e-02
5.274415276380289147e-02
5.083076035676589721e-02
4.874286727038986550e-02
4.655211682645016280e-02
4.432761433611569213e-02
4.213097403957290904e-02
4.001161866896953134e-02
3.800332536165398900e-02
3.612320200157041750e-02
3.437368081839855399e-02
3.274691415942811157e-02
3.122997933998139519e-02
2.980924460577061286e-02
2.847301348487031938e-02
2.721247834718662495e-02
2.602154063844989984e-02
2.489612155269779400e-02
2.383340163009984095e-02
2.283120459665405333e-02
2.188758268496642304e-02
2.100058050925525041e-02
2.016812837673525108e-02
1.938801719010613267e-02
1.865791820985686356e-02
1.797542304159014184e-02
1.733808896975409103e-02
1.674348158126804514e-02
1.618921096412708621e-02
1.567296031745853482e-02
1.519250718316592953e-02
1.474573815913190165e-02
1.433065818566205130e-02
1.394539550365417498e-02
1.358820328093347102e-02
1.325745875867232609e-02
1.295166061858611661e-02
1.266942513132983394e-02
1.240948152457932094e-02
1.217066690746308223e-02
1.195192100530609834e-02
1.175228089281549031e-02
1.157087586226742890e-02
1.140692252338334524e-02
1.125972020111584704e-02
1.112864667452444396e-02
1.101315428266073579e-02
1.091276641055162477e-02
1.082707435886347269e-02
1.075573459375346250e-02
1.069846636802684360e-02
1.065504970039611934e-02
1.062532369583560690e-02
1.060918518623804596e-02
1.060658766631040854e-02
1.061754049436553979e-02
1.064210832077695443e-02
1.068041069764646619e-02
1.073262181079798032e-02
1.079897025841431574e-02
1.087973877799102741e-02
1.097526379283890463e-02
1.108593460853128480e-02
1.121219203500819876e-02
1.135452613689077669e-02
1.151347271672104391e-02
1.168960800498108563e-02
1.188354085562596911e-02
1.209590151136307780e-02
1.232732568865198622e-02
1.257843231102311922e-02
1.284979265418511284e-02
1.314188790881336451e-02
1.345505115285605680e-02
1.378938837197120869e-02
1.414467137065240736e-02
1.452019305421398641e-02
1.491457249974731045e-02
1.532549335909354910e-02
1.574935442725882914e-02
1.618080589251768078e-02
1.661213965860860661e-02
1.703249920572449949e-02
1.742687817718087048e-02
1.777489633600872962e-02
1.804939427032733676e-02
1.821500603792502310e-02
1.822710487272589594e-02
1.803194795351406240e-02
1.756955198988631450e-02
1.678180452521483776e-02
1.562921817312529563e-02
1.411944628886729718e-02
1.234691357523267849e-02
1.053314000799476444e-02
9.043070633853511620e-03
8.346049762711162806e-03
8.910377046615045732e-03
1.106807041668301031e-02
1.492043533489696532e-02
2.033112158062267902e-02
2.699092635257873893e-02
3.450116434787145470e-02
4.243469904890635747e-02
5.036656853265423367e-02
5.788761054881974566e-02
6.461766304690347296e-02
7.022735712056991930e-02
7.446735807741927671e-02
7.719632765912247396e-02
7.839682778519192763e-02
7.817227484252742276e-02
7.672518167671495137e-02
7.432294517387692812e-02
7.125946303779968904e-02
6.781936284874544307e-02
6.424926951301940248e-02
6.073918949298703213e-02
5.741607657292299022e-02
5.434930063851691612e-02
5.156435925849365415e-02
4.905913518601320855e-02
4.681782786146244241e-02
4.482033875852683286e-02
4.304731538157988147e-02
4.148219619609723463e-02
4.011164162553472468e-02
3.892531195746200962e-02
3.791551006918024436e-02
3.707690846958991426e-02
3.640642482906851496e-02
3.590324786526834927e-02
3.556900132866790132e-02
3.540804057671259608e-02
3.542789072813512519e-02
3.563985300138221984e-02
3.605982629222763414e-02
3.670941629693032227e-02
3.761743789303405305e-02
3.882196263789384344e-02
4.037312792418955298e-02
4.233701378405713145e-02
4.480101067265540582e-02
4.788123424127242733e-02
5.173262329026918904e-02
5.656214016007698325e-02
6.264418563008458674e-02
7.033245225566064907e-02
8.004621349101408156e-02
9.215774149932422221e-02
1.065552500292041849e-01
1.213007115629551186e-01
1.299457625621725232e-01
1.251568948946351900e-01
1.322405768265760839e-01
1.828843023814485935e-01
2.128637094559001630e-01
1.816583662877074845e-01
1.258379131684053132e-01
8.006749081952546643e-02
5.295865078801466341e-02
3.852957552492953380e-02
2.974254399204440819e-02
2.346466091436579665e-02
1.868562930709909836e-02
1.499217137338453194e-02
1.212379489731288916e-02
9.884738542233225886e-03
8.125107682165138082e-03
6.731385686715370652e-03
5.618311808624197080e-03
4.721975071047561714e-03
3.994340674049832313e-03
3.399106927412957023e-03
2.908644371401519942e-03
2.501758356722123822e-03
2.162057808225160624e-03
1.876763433277341998e-03
1.635832764288104417e-03
1.431313684700179180e-03
1.256863309261671167e-03
1.107387189482914860e-03
9.787666558816274925e-04
8.676511838967898224e-04
7.712990892218493395e-04
6.874544140865621262e-04
6.142511160188735561e-04
5.501380032488783090e-04
4.938195462632069196e-04
4.442089211467021822e-04
4.003905386650994302e-04
3.615899758106205092e-04
3.271497189028681652e-04
2.965094955972191098e-04
2.691902504039749423e-04
2.447810283900689549e-04
2.229281918847490068e-04
2.033265178334198186e-04
1.857118181811996552e-04
1.698547991474773226e-04
1.555559325488549882e-04
1.426411572338662996e-04
1.309582640625095180e-04
1.203738458541066269e-04
1.107707159794599086e-04
1.020457170419055906e-04
9.410785534016123275e-05
8.687670827819636012e-05
8.028106116070474164e-05
7.425773733716104462e-05
6.875059178512321503e-05
6.370964323112749675e-05
5.909032401406828691e-05
5.485283027440712440e-05
5.096155784096371814e-05
4.738461149549094047e-05
4.409337721196470697e-05
4.106214856366707268e-05
3.826779982392436755e-05
3.568949940229265537e-05
3.330845819477153293e-05
3.110770821498382184e-05
2.907190753838477095e-05
2.718716815399815074e-05
2.544090379490883397e-05
2.382169522372912200e-05
2.231917079401505712e-05
2.092390040276882309e-05
1.962730120060412106e-05
1.842155364156413476e-05
1.729952663943905687e-05
1.625471075639516971e-05
1.528115848667242630e-05
1.437343081627740358e-05
1.352654934177390028e-05
1.273595331973962438e-05
1.199746109520125325e-05
1.130723542403595368e-05
1.066175226233945860e-05
1.005777264632889078e-05
9.492317330475661221e-06
8.962643890139623357e-06
8.466226028743581756e-06
8.000734859120733363e-06
7.564021954651260484e-06
7.154103988635197099e-06
6.769148800443927542e-06
6.407462744702572767e-06
6.067479195374680740e-06
5.747748090424963842e-06
5.446926414938513134e-06
5.163769531382694695e-06
4.897123275279049845e-06
4.645916743051667446e-06
4.409155706374051560e-06
4.185916594051795082e-06
3.975340988459378900e-06
3.776630588880070593e-06
3.589042598850960225e-06
3.411885498863073649e-06
3.244515169560722567e-06
3.086331333980144222e-06
2.936774290409486752e-06
2.795321910176990300e-06
2.661486877120997378e-06
2.534814147691026875e-06
2.414878612602989497e-06
2.301282942747710766e-06
2.193655603649468708e-06
2.091649024212439647e-06
1.994937906791013387e-06
1.903217666791993351e-06
1.816202991075825775e-06
1.733626505379876404e-06
1.655237541853005553e-06
1.580800998573609641e-06
1.510096283632966882e-06
1.442916337009378408e-06
1.379066724041623889e-06
1.318364794840584201e-06
1.260638904458731378e-06
1.205727689074655703e-06
1.153479393848110954e-06
1.103751248462650343e-06
1.056408886703328729e-06
1.011325806717332268e-06
9.683828688794942351e-07
9.274678284351575537e-07
8.884749003208523229e-07
8.513043537722945924e-07
8.158621345197952808e-07
7.820595125456176292e-07
7.498127535377292278e-07
7.190428123202989394e-07
6.896750466755565746e-07
6.616389500942569696e-07
6.348679021046203012e-07
6.092989349331777672e-07
5.848725153455660827e-07
5.615323406027700769e-07
5.392251475482784081e-07
5.179005339153084349e-07
4.975107910111643940e-07
4.780107469980212649e-07
4.593576200470481283e-07
4.415108806956222115e-07
4.244321227862037171e-07
4.080849424105269776e-07
3.924348243241465420e-07
3.774490353348456519e-07
3.630965242037273645e-07
3.493478276305001383e-07
3.361749819247731959e-07
3.235514399930158341e-07
3.114519932968015388e-07
2.998526984617599266e-07
2.887308082389308269e-07
2.780647065406507683e-07
2.678338472921179091e-07
2.580186968574672929e-07
2.486006798154342416e-07
2.395621278749249436e-07
2.308862317348442386e-07
2.225569957055728673e-07
2.145591949216798149e-07
2.068783349866476429e-07
1.995006139009304543e-07
1.924128861343716132e-07
1.856026287130538003e-07
1.790579091991342184e-07
1.727673554499935772e-07
1.667201270504063855e-07
1.609058883181799484e-07
1.553147827900837076e-07
1.499374091008054995e-07
1.447647981731428201e-07
1.397883916428226174e-07
1.350000214461038790e-07
1.303918905027947790e-07
1.259565544315206613e-07
1.216869042379339294e-07
1.175761499202485872e-07
1.136178049398532486e-07
1.098056715079486070e-07
1.061338266421494086e-07
1.025966089497387853e-07
9.918860609690450237e-08
9.590464292570328541e-08
9.273977018277611258e-08
8.968925382599943292e-08
8.674856487722551417e-08
8.391336979117073417e-08
8.117952131224882195e-08
7.854304979279644463e-08
7.600015494769353047e-08
7.354719802181695515e-08
7.118069434813527510e-08
6.889730627552417052e-08
6.669383644657767570e-08
6.456722140682511306e-08
6.251452552780457141e-08
6.053293522745191033e-08
5.861975347218861681e-08
5.677239454596439717e-08
5.498837907235100085e-08
5.326532927653505813e-08
5.160096447481195022e-08
4.999309677985031783e-08
4.843962701064769304e-08
4.693854079671406820e-08
4.548790486657595537e-08
4.408586351124990415e-08
4.273063521382951698e-08
4.142050943681298817e-08
4.015384355925197117e-08
3.892905995622021206e-08
3.774464321350962320e-08
3.659913747083297453e-08
3.549114388716983430e-08
3.441931822223435435e-08
3.338236852835080229e-08
3.237905294733255871e-08
3.140817760723750885e-08
3.046859461413799852e-08
2.955920013430393053e-08
2.867893256242582685e-08
2.782677077173797282e-08
2.700173244211009069e-08
2.620287246237752006e-08
2.542928140337350654e-08
2.468008405830141039e-08
2.395443804726025420e-08
2.325153248289481505e-08
2.257058669429325086e-08
2.191084900640291227e-08
2.127159557236641065e-08
2.065212925631395324e-08
2.005177856426690800e-08
1.946989662092370409e-08
1.890586019021195109e-08
1.835906873758883028e-08
1.782894353217699220e-08
1.731492678690990621e-08
1.681648083495469482e-08
1.633308734076036472e-08
1.586424654415974487e-08
1.540947653603111123e-08
1.496831256409253875e-08
1.454030636747400586e-08
1.412502553877404054e-08
1.372205291236894821e-08
1.333098597780164135e-08
1.295143631713012110e-08
1.258302906516965474e-08
1.222540239161022254e-08
1.187820700403878746e-08
1.154110567094028103e-08
1.121377276379224233e-08
1.089589381740977093e-08
1.058716510773367265e-08
1.028729324629149263e-08
9.995994790595051367e-09
9.712995869769909650e-09
9.438031824743533159e-09
9.170846862347137911e-09
8.911193722713119056e-09
8.658833359377791896e-09
8.413534631520425947e-09
8.175074007795815807e-09
7.943235281236732239e-09
7.717809294724015852e-09
7.498593676541689906e-09
7.285392585550437456e-09
7.078016465531644486e-09
6.876281808268117224e-09
6.680010924941585186e-09
6.489031725441979154e-09
6.303177505192804731e-09
6.122286739109811298e-09
5.946202882318259289e-09
5.774774177262484551e-09
5.607853466849306865e-09
5.445298013270879589e-09
5.286969322158389942e-09
5.132732971719721845e-09
4.982458446515458760e-09
4.836018975528006031e-09
4.693291374174937028e-09
4.554155889914566316e-09
4.418496051084812193e-09
4.286198518607235025e-09
4.157152940177559827e-09
4.031251806548345403e-09
3.908390309492703696e-09
3.788466201015702805e-09
3.671379653354135167e-09
3.557033119275324758e-09
3.445331192148098156e-09
3.336180465217205899e-09
3.229489389461717751e-09
3.125168129358910641e-09
3.023128415806913606e-09
2.923283395377930744e-09
2.825547474980475280e-09
2.729836160898433548e-09
2.636065891045418641e-09
2.544153859122243888e-09
2.454017829186536339e-09
2.365575938935120065e-09
2.278746489752353801e-09
2.193447721286054804e-09
2.109597567967183756e-09
2.027113394477901350e-09
1.945911706683590893e-09
1.865907833958279129e-09
1.787015578130512936e-09
1.709146823431144495e-09
1.632211100801793851e-09
1.556115098683366577e-09
1.480762110892874525e-09
1.406051410348684746e-09
1.331877535132913899e-09
1.258129470573871433e-09
1.184689707549760249e-09
1.111433152869473754e-09
1.038225862134928351e-09
9.649235586079656137e-10
8.913698928661360722e-10
8.173943868610804834e-10
7.428099916138897584e-10
6.674101691385761847e-10
5.909653848220069599e-10
5.132188643908193452e-10
4.338814269333156798e-10
3.526251482065112931e-10
2.690755308967799070e-10
1.828017522662659832e-10
9.330441242579264627e-11
1.000000000000000072e-18
3.984147589003996133e-03
3.729626043472755552e-03
3.840878269468195414e-03
4.236238667010984449e-03
4.506774818413610169e-03
3.743841527775316428e-03
4.052990916583194131e-03
4.223784644738510369e-03
3.712420310108215712e-03
4.045543631251187142e-03
4.325049911008947180e-03
4.438475326398615486e-03
4.293352342838551230e-03
3.907879063779051872e-03
3.713861122106993946e-03
3.837334223587072005e-03
4.370180698106030867e-03
3.576436339322251832e-03
3.778992988147001839e-03
4.319609103277624595e-03
4.035545044069424950e-03
3.562347358354859671e-03
4.338521636387825814e-03
4.436877438371226133e-03
3.485097792115312513e-03
3.491283273312847154e-03
3.563172956355226649e-03
3.690144779688398716e-03
3.886605983047430359e-03
3.836365524528301436e-03
3.539037836341182592e-03
4.521498436362540382e-03
4.209683520537543279e-03
3.790124182926805398e-03
3.666341709271572075e-03
3.964260432948012343e-03
4.125683339914408901e-03
4.315089178139514675e-03
4.453633011413491057e-03
3.808937130760671908e-03
4.694573369112327137e-03
4.587610134050079842e-03
5.239657287389537510e-03
3.930143679654961308e-03
4.139227837901445807e-03
4.946332917806209838e-03
4.134111964955364954e-03
4.383017421848146161e-03
4.384884925183847419e-03
5.161598126504323390e-03
4.043778597093886963e-03
4.109914874718072382e-03
4.944594323335043708e-03
4.631246169835591224e-03
4.313082802557767839e-03
4.541243062327999895e-03
4.184475969644607662e-03
4.841220130644496335e-03
4.444626067318347210e-03
4.614111800361427040e-03
4.900026634891737308e-03
4.418538762549743468e-03
3.896762563664851568e-03
5.005831502191683720e-03
3.908241309478456549e-03
4.955088847836881284e-03
4.550825479179793596e-03
4.261292542408121747e-03
4.349891474678933140e-03
4.308315418742303046e-03
4.387735092141825666e-03
4.360345516170598297e-03
4.046925700227454840e-03
4.694668806523125994e-03
4.734135642426555955e-03
4.766849994282100315e-03
3.940330388715292294e-03
4.464195011420052199e-03
4.055177051067498407e-03
4.788108409170890867e-03
3.767419556099889100e-01
3.563504320630015987e-01
3.770525844780228120e-01
2.907169362569660409e-01
3.604053956178113749e-01
3.732826041458167099e-01
2.919693984081938032e-01
3.750548213512547857e-01
3.613978572475580187e-01
3.292949145893410146e-01
3.148339666067755394e-01
3.561541652165495231e-01
3.265179998119026039e-01
3.767688583174544914e-01
3.361379338365996228e-01
3.336095962314153951e-01
3.762009332849149956e-01
2.676681241072120243e-01
3.768451401719084548e-01
3.454376093334360909e-01
3.758130029055030685e-01
3.463078272983254324e-01
3.736759216711089127e-01
3.738071753014342580e-01
3.430355436211721676e-01
3.736559006129595017e-01
3.516918681049976403e-01
3.592594729308521417e-01
3.345675017940377693e-01
3.151458687227559619e-01
3.720188255383972131e-01
3.754957255066112554e-01
3.716922368162264290e-01
3.653061914921826303e-01
3.718435637918169334e-01
3.026279580956608428e-01
3.710113165524958623e-01
2.792149825900503979e-01
3.681069091166875307e-01
3.760165630218272326e-01
2.095397294659234189e-01
1.957586725327453703e-01
1.892472868715132650e-01
1.714121928068071121e-01
2.057393612879311606e-01
2.129101817843568334e-01
1.906047773950780844e-01
2.022881379960260739e-01
2.115745064989940638e-01
1.888037921117889928e-01
1.997102217091354381e-01
1.810862232376992953e-01
1.794791679921970973e-01
1.537729534175986401e-01
2.117977426075454694e-01
2.005386456260013217e-01
2.093823619655323098e-01
1.929028978707135744e-01
2.129184950072503246e-01
1.595942465457408921e-01
1.816897019334906827e-01
1.510640920027328249e-01
1.665675450914122779e-01
1.991532251070629589e-01
2.100620590332747117e-01
2.110827220920834524e-01
1.955645836969404638e-01
1.618832519469893816e-01
1.499356254658490983e-01
1.590779878612781917e-01
1.621298857626067569e-01
2.086880361243778070e-01
1.975114372102601545e-01
2.123936808966055689e-01
2.121832703852848390e-01
1.971775564240129675e-01
2.095526425364575007e-01
2.038238570436949337e-01
1.611360423627196947e-01
1.779766109582199551e-01
3.640382352429506752e-02
3.678998531410394152e-02
3.600335419555730776e-02
3.615081637160343780e-02
3.606094199677291334e-02
3.685076221082533854e-02
3.620177445184716292e-02
3.627880778071427420e-02
3.608317631302665474e-02
3.652584944622647156e-02
3.634562395530076956e-02
3.674830827668636168e-02
3.695774578781205189e-02
3.694320019683870748e-02
3.671796611201498528e-02
3.626920286979494479e-02
3.643777551249920837e-02
3.669233946540913921e-02
3.625302725367594847e-02
3.668701003903845903e-02
3.618497092473916404e-02
3.616678639652733812e-02
3.613771349294707391e-02
3.628182657244230502e-02
3.691318403624750666e-02
3.671576288566744811e-02
3.643131009843941087e-02
3.690626447909425151e-02
3.611662079158050459e-02
3.632113403840006582e-02
3.660557419335416091e-02
3.610797353590145670e-02
3.683258640702369302e-02
3.646673624911988404e-02
3.608426245287229411e-02
3.627273270046366821e-02
3.611405937969752733e-02
3.678669234497553009e-02
3.626999120333534304e-02
3.674127632815384764e-02
1.324718761879048294e-02
1.323416991276950977e-02
1.322599914994445486e-02
1.323884804041598230e-02
1.322713859725394535e-02
1.322025698551167888e-02
1.322672754029431512e-02
1.322026820216884446e-02
1.322066220024692429e-02
1.322653412832472050e-02
1.323246238232179961e-02
1.323099435664559960e-02
1.322063742836334342e-02
1.322026100886200366e-02
1.322151477995157573e-02
1.322552628669964279e-02
1.322310698074818588e-02
1.322254574107148591e-02
1.322321733021091655e-02
1.322628747695996608e-02
1.322236996911318151e-02
1.322064326939785019e-02
1.323310543452381298e-02
1.322308200108051647e-02
1.323595193996809395e-02
1.322989794919557892e-02
1.322759630615261833e-02
1.322340581218627888e-02
1.322083852267352290e-02
1.322967392581412410e-02
1.322038632108348856e-02
1.322934516200385997e-02
1.322117788996584817e-02
1.322797368401799033e-02
1.322152259545860895e-02
1.324345810680536972e-02
1.323886570834525468e-02
1.322291073481739708e-02
1.324673150559813918e-02
1.322329663595742631e-02
7.798666409617321937e-02
7.728704437906358526e-02
7.608333781650361560e-02
7.576701053482684522e-02
7.548749167907246871e-02
7.786934863067890289e-02
7.722497575600215103e-02
7.663024163160347957e-02
7.803491752884543498e-02
7.569633207922960016e-02
7.523723960469914929e-02
7.615290406550230540e-02
7.504415264801803098e-02
7.601753127867912074e-02
7.696496131993114942e-02
7.660372415333345508e-02
7.597367303263137528e-02
7.736383022765802586e-02
7.738061668700092766e-02
7.684876703144609411e-02
7.802164221777475872e-02
7.553430114507647675e-02
7.785746880797227154e-02
7.672609532329599524e-02
7.736772896488369744e-02
7.791978369337240751e-02
7.602377034610076356e-02
7.763497622395297559e-02
7.700637373856833445e-02
7.784984876197521830e-02
7.800340251459508822e-02
7.702400897318351092e-02
7.618167590113658627e-02
7.694958176142779882e-02
7.786197860300608786e-02
7.517223103091533187e-02
7.658850903336339444e-02
7.501580688031320165e-02
7.615977654107289330e-02
7.787685080134608417e-02
1.778753350168967365e-02
1.802299978471374672e-02
1.814856772111731256e-02
1.765125815689627675e-02
1.783464694057018685e-02
1.765055202628701761e-02
1.768063182353315707e-02
1.769052856347091973e-02
1.772032910861609870e-02
1.811086482866259423e-02
1.793649747133340550e-02
1.795171796831203717e-02
1.794710971482471606e-02
1.770607669638422921e-02
1.806907526854930821e-02
1.771569983898202069e-02
1.769668776412735081e-02
1.789669019884614423e-02
1.805479904114743253e-02
1.762708701916868709e-02
1.778315318935787606e-02
1.803842427003066184e-02
1.779204312666768373e-02
1.815038368887113632e-02
1.773558099323501239e-02
1.821418809233206829e-02
1.821169975614198369e-02
1.815997190388031132e-02
1.773613361597988283e-02
1.807233741426904003e-02
1.808519636822413998e-02
1.780133935168742160e-02
1.782976564001382755e-02
1.814514760873396984e-02
1.763028573244345906e-02
1.763722714257573085e-02
1.811082458560850719e-02
1.816230356564944859e-02
1.790703227583298821e-02
1.815764453388592561e-02
1.661057203390385595e-02
1.647674340375611390e-02
1.636288593124837071e-02
1.656170603334887817e-02
1.674723971280641516e-02
1.681503738149154464e-02
1.692091680827236336e-02
1.659439080447576084e-02
1.664190062397872052e-02
1.677761802295870894e-02
1.709231760220967719e-02
1.686564054557436118e-02
1.683939579029931910e-02
1.700056238180872731e-02
1.632978073804170621e-02
1.704655293511175146e-02
1.666790275373613434e-02
1.704993109158231893e-02
1.673037740119764569e-02
1.650016749236937405e-02
1.645448658166651784e-02
1.685262119444137438e-02
1.707241106772422468e-02
1.678957211885438727e-02
1.688650017933727640e-02
1.705769982895608688e-02
1.664192010104149563e-02
1.634522961146780973e-02
1.687350468430735134e-02
1.676343641465247170e-02
1.664209350300828449e-02
1.662394471432053489e-02
1.691221851846881619e-02
1.668784773461312598e-02
1.702423259782960899e-02
1.644185476358962783e-02
1.695372156770702521e-02
1.679124643623439508e-02
1.644848679971213160e-02
1.641602813084585069e-02
2.069340374222572443e-02
2.037782653037847891e-02
2.020864567047331653e-02
2.002546963478355618e-02
2.065501142730458151e-02
2.079936522741301572e-02
2.025839837838336668e-02
1.976002537373794388e-02
2.064950018411608121e-02
2.100705932685770910e-02
1.973021370132773192e-02
2.027232827025876247e-02
2.099127118546700518e-02
2.104734831030998995e-02
2.062727600924015720e-02
2.002256163802231675e-02
2.093444907447062839e-02
1.991277440363239601e-02
1.988065131807215460e-02
2.060553581543195234e-02
2.037216762766714054e-02
1.984590069033266915e-02
2.103116165231449369e-02
1.972896826768027329e-02
2.082857140084055231e-02
2.057271309728734773e-02
2.000875719414613868e-02
2.087821598901995479e-02
2.075222498132863608e-02
2.012245992352792306e-02
2.042234648598348357e-02
2.066080145060171167e-02
2.027331635055714537e-02
2.038814958854083884e-02
2.063080529992537479e-02
2.009297207374187780e-02
2.086994398575902840e-02
1.980430053418682362e-02
2.075900889673419625e-02
2.060254773906519676e-02
5.728514950856215121e-02
5.703861489802061063e-02
5.717038496682682464e-02
5.742217474537997940e-02
5.757039319618324769e-02
5.753570089653598646e-02
5.731608513802463611e-02
5.735186981417345065e-02
5.740140846094292371e-02
5.757659190453719156e-02
5.696638980342719205e-02
5.715582440769398365e-02
5.717208552793078685e-02
5.751574836163519250e-02
5.755358864686910270e-02
5.742291154520234170e-02
5.738754810696537062e-02
5.757016266605433086e-02
5.718488243449641045e-02
5.750437012943773740e-02
5.706124033574539595e-02
5.720095576359532363e-02
5.720931006287149900e-02
5.755391015801921556e-02
5.741957012840176455e-02
5.711579950220234403e-02
5.757069603754434717e-02
5.735219061237386423e-02
5.726719153251643574e-02
5.702748623868813399e-02
5.701018184404558348e-02
5.740765607016552058e-02
5.747746750264805943e-02
5.720545962707002108e-02
5.719283753651607100e-02
5.752580705304428249e-02
5.707538574786594210e-02
5.738976398120818750e-02
5.719632775542548425e-02
5.713869031369009366e-02
3.980218288443457264e-03
4.535552613328184234e-03
3.627781744683201692e-01
1.942001134466989909e-01
3.643304433091344718e-02
1.322347464858726618e-02
7.682715671212826669e-02
1.792993152426023210e-02
1.669244376317906634e-02
2.038253472231174937e-02
1.000000000000000072e-18
