1.000000000000000072e-18
1.000000000000000072e-18
1.000000000000000072e-18
1.000000000000000072e-18
1.000000000000000072e-18
1.000000000000000072e-18
1.000000000000000072e-18
1.000000000000000072e-18
1.000000000000000072e-18
1.000000000000000072e-18
1.000000000000000072e-18
1.000000000000000072e-18
1.000000000000000072e-18
1.000000000000000072e-18
1.000000000000000072e-18
1.000000000000000072e-18
1.000000000000000072e-18
1.000000000000000072e-18
1.000000000000000072e-18
1.000000000000000072e-18
1.000000000000000072e-18
1.000000000000000072e-18
1.000000000000000072e-18
1.000000000000000072e-18
1.000000000000000072e-18
1.000000000000000072e-18
1.000000000000000072e-18
1.000000000000000072e-18
1.000000000000000072e-18
1.000000000000000072e-18
1.000000000000000072e-18
1.000000000000000072e-18
9.411945969061230599e-02
3.778484523591617572e-01
1.733875154131436225e-01
2.318151827330322545e-01
3.351279165647963494e-07
5.017301776833098526e-01
8.575816398556093123e-01
4.190683263095178093e-16
1.000000000000000072e-18
1.000000000000000072e-18
1.000000000000000072e-18
1.000000000000000072e-18
1.000000000000000072e-18
1.000000000000000072e-18
1.000000000000000072e-18
4.238068501603652061e-02
6.466155389605922343e-02
4.052104667355131695e-02
1.070985465315047735e-01
6.488865981894692547e-02
4.412570836331550228e-02
1.000000000000000072e-18
1.000000000000000072e-18
1.000000000000000072e-18
1.000000000000000072e-18
1.000000000000000072e-18
1.000000000000000072e-18
1.000000000000000072e-18
1.441494777749344694e-18
3.307207227703366781e-02
7.438058244367751204e-02
1.500659713225065929e-08
8.830152831233042954e-02
6.995573930681515951e-02
4.202890319315337186e-01
1.700817786306207599e-02
1.000000000000000072e-18
1.000000000000000072e-18
1.000000000000000072e-18
1.000000000000000072e-18
1.000000000000000072e-18
1.000000000000000072e-18
1.000000000000000072e-18
1.000000000000000072e-18
1.000000000000000072e-18
1.000000000000000072e-18
1.000000000000000072e-18
1.000000000000000072e-18
1.000000000000000072e-18
1.000000000000000072e-18
1.000000000000000072e-18
1.000000000000000072e-18
1.000000000000000072e-18
1.000000000000000072e-18
1.000000000000000072e-18
1.000000000000000072e-18
1.000000000000000072e-18
1.000000000000000072e-18
1.000000000000000072e-18
1.000000000000000072e-18
1.000000000000000072e-18
1.000000000000000072e-18
1.000000000000000072e-18
1.000000000000000072e-18
1.000000000000000072e-18
1.000000000000000072e-18
1.000000000000000072e-18
1.000000000000000072e-18
4.703767544358715997e-15
1.000000000000000072e-18
9.747443257014740782e-09
1.937031320726974146e-18
1.794534508873280032e-02
1.167695668929146577e-15
2.360330417607244251e-03
1.273030557157331655e-01
1.000000000000000072e-18
3.329308161876904574e-04
8.488192076355901170e-06
2.395116756278802458e-05
3.954462685066994403e-04
4.695113391545994776e-17
1.246127835425028929e-16
9.869785954943249077e-15
3.309825207218351124e-13
5.746343126867050045e-17
1.350214579009777826e-05
4.136680515886967449e-17
1.610289390168371912e-08
3.626218223259426200e-04
3.606430809767040301e-04
9.283217040583842839e-05
6.995571188296025814e-05
1.316094548106464871e-05
1.918240676209055670e-11
2.041010387114198172e-13
3.753306791739026644e-04
6.463094332807740525e-03
1.544719807314654247e-01
4.397992695061544652e-03
1.530202780849771252e-02
1.164750538394073505e-04
5.680119511133590172e-05
7.590907112075345742e-02
2.861555984933995041e-03
2.241773122199057847e-02
3.421375822013635742e-02
7.525816707463696409e-03
5.514623383837711850e-05
2.812076778690154833e-04
1.030982945221710367e-04
9.054760010542931004e-02
9.877644024623901536e-04
1.153879187372759251e-03
4.650607340819643736e-04
6.096258695558793737e-04
1.210004012272284171e-02
1.190684944834078936e-04
2.905330717864111276e-03
9.148762274675448572e-03
6.918442214625510414e-04
1.452221786883661162e-03
2.388260560904107246e-04
5.939838312282592599e-04
1.465876739448763143e-02
1.980292610146768700e-04
4.932316028247406270e-05
5.556262965713729650e-05
2.026160618741410652e-02
9.306078235263193113e-05
3.616092161134265115e-04
1.359356896260433423e-03
1.591066555961170035e-04
4.282531917554562306e-01
8.915403037593949351e-04
5.128687924420955412e-05
4.150241109501916908e-04
1.213374922808677266e-03
1.434945951853997285e-03
3.144717438776407081e-01
3.201070797534312116e-04
1.822676102938122940e-04
1.345378233728952797e-03
9.779844932016841519e-03
1.880348372280457939e-02
4.177791535894733246e-03
2.082598941266073939e-03
3.486859267645748585e-03
1.442701744363170287e-02
1.539470266232513551e-04
7.168590964163435580e-03
1.447229495286591868e-03
4.687120733165463585e-03
2.420909039508145622e-02
2.434229541295882537e-01
3.898424892271523320e-03
5.681906312176958351e-03
3.863288128487116224e-02
7.377508141064786917e-02
9.004916412176548063e-03
1.511292696882420711e-02
2.997477807913754037e-04
2.717967331490732386e-03
9.285843492940891886e-04
2.639760277270693928e-03
5.634663797590191425e-01
3.070026755528988335e-02
5.446889287562430362e-03
2.124773297192488267e-02
4.047000796195573957e-02
3.559508610352860557e-03
5.742863387111784429e-03
8.072638636637544801e-03
5.376695917492915755e-03
1.311992690075358854e-02
1.370436680111132913e-02
1.505598978008280443e-02
4.441261144940596844e-02
9.502700988409551897e-04
8.083715213925199428e-02
1.376272915958856244e-02
7.735283432225337902e-03
2.380053202449990482e-02
8.247699579224224836e-03
6.563428465655267718e-01
3.198796535633305349e-02
1.204980725895619595e-02
8.789647998860102745e-04
1.226330037932582377e-02
2.120117179620349679e-02
2.785323301975593455e-02
7.413066456605060806e-02
2.335411612206544484e-03
1.469287034118748085e-03
1.328255070373565022e-03
3.573668511548506732e-01
1.400900972828586166e+00
2.328085426466349958e-02
3.513068984954458712e-02
4.460692248701904616e-01
1.068870920937348276e-03
5.090729318279701640e-03
1.175590128363087532e-03
1.917892527452625534e-02
2.054022616656647066e-02
2.385938862331454802e-02
1.017855843898781032e+00
1.127659692987079965e-01
5.588653182986982187e-03
1.082788302904625971e-03
2.515088270964146444e-01
1.386859835123471513e-03
5.643704992441191115e-03
2.090492997580600462e-02
7.924503057929979666e-03
2.712112735707713704e-02
7.729635976363416483e-02
9.544860392036684862e-03
1.356982385658490387e+00
2.276607860904077477e-02
8.162541317610329250e-03
1.019594108619233455e-02
1.118657238523771726e-02
5.671964115752831624e-03
1.273295302815135310e-01
3.343075690454125337e-02
1.873736582475987386e-02
6.125899551761131850e-02
5.954456756268483933e-03
6.168505309248407606e-03
8.200242191089496258e-01
5.344455973500866416e-03
3.849652737693235599e-02
1.271325877972102170e+00
6.434981054418098534e-01
2.835201454959663039e-02
6.417565428421931339e-02
6.843192190095699276e-03
5.268463766750209470e-03
1.013601959593587835e-02
4.002668255444810086e-01
2.194173834758515185e-01
7.683706539907034228e-02
2.182847818562903552e-01
3.241674370827254403e-01
3.036245434204253718e-02
9.559037727247592375e-01
2.968926170393317715e-02
7.321821057901608046e-03
7.337569356738142812e-01
1.471224784716397907e-02
2.463712532156025481e-01
3.967417063313970205e-02
6.054667449758881909e-02
3.800622731487427602e-02
3.722306217423601571e-02
2.223617700611884088e-02
2.003271470751815178e-02
1.261884265241794423e-02
8.648816264190469991e-03
4.083911256801397993e-02
4.908498283139060142e-02
3.827800773382711297e-02
1.927973574772463561e-01
1.592697604382055376e-02
2.556347941957509140e-01
9.416610479211913465e-02
3.706729191202536855e-01
3.826433072485383585e-02
2.362983090674171671e-01
1.697968585386136486e-01
5.635940769535342093e-02
3.691487218143258420e-01
2.724153079852346948e-02
1.204935354394672253e-01
1.534293888965056890e-02
1.260688217878233042e-01
1.352139831889028754e-01
9.144830707458818930e-02
1.978756644107798335e-01
4.273551203989488928e-02
4.766695726007340594e-01
2.009887519623643898e-02
1.416570484301969690e-02
4.361734092368180216e-02
3.965912272613099365e-02
1.208364121491677795e-03
1.617378188581211074e-01
1.344047117404749588e-02
3.620418822814349125e-01
1.785806621801458091e-02
1.871691770655805817e-02
6.237548883560818571e-04
1.674698876377685771e-04
3.754181331188621157e-02
1.601088913691655485e-02
3.335482685454174831e-04
1.206315241218459781e-02
3.565925358884855165e-03
1.806304418108662518e-02
5.592416498624860378e-03
6.276739976429238175e-04
1.973541162249627112e-02
1.126418793910712035e-02
1.203821677612435526e-01
7.896632161943932526e-02
1.007268217111183806e-01
7.011162081092413203e-04
7.794326939030232770e-03
1.858402271133656209e-03
2.151519705368481680e-03
9.929571204822247588e-03
1.170474769482183902e-01
1.382661560708096093e-01
1.379351817110347211e-01
1.256758025414303759e-01
6.020116643394893968e-02
8.782458568198778237e-02
9.050602731313155125e-02
2.182779353236208655e-02
2.415530242060213162e-01
1.298816251503725372e+00
1.064432372817668282e-01
2.814653402139181138e-01
1.100878769162224741e-01
1.087439974034901391e-01
7.093514788430921314e-02
2.240900181653749518e-02
3.525610385048454920e-01
2.438966986108949686e-01
1.756538938882777900e-01
1.631580636032778364e-01
1.639880962495079697e-01
3.182460776842879063e-02
4.204315364133451305e-02
1.651324634224174970e-01
4.175055687229080048e-01
1.697339289038932719e-01
1.389251180173406708e-01
1.467769153829873163e+00
4.666299089913795994e-02
8.803506438816550983e-02
2.968833810688989785e-02
4.359365956148487931e-02
2.362145938225572728e-01
3.873320884317382196e-01
1.954871839768874131e-01
1.737923153454930536e-01
8.406739828000259207e-02
1.262209314802264504e-01
2.823991764576701952e-02
1.847320819816164472e-01
2.172387599446983786e-01
7.135327753897870995e-01
2.820326233493458679e-01
7.399772508958950556e-01
1.258979070170354597e-01
3.090440330610759109e-02
6.495465972514395669e-02
1.574210457319889511e-01
2.284826671311109281e-01
2.354995693316534466e-01
1.715183049072540877e-01
2.715703968985384575e-01
2.635254765892626749e-01
1.577171309873111049e-01
7.642860589666715387e-02
2.152289418271005061e-01
1.269901939137886515e+00
2.821789761714134648e-01
1.124384809260021267e+00
3.999088543380593386e-01
4.095401648083476370e-02
3.978516639865496696e-02
5.483810258894501743e-02
6.057211631677492797e-02
5.583683979625716498e-01
5.686636108750542373e-01
2.255140508449576253e-01
2.347160459293634316e-01
2.989649850886634264e-01
1.980953466818249631e-01
7.917275440751408988e-02
2.917260198755844969e-01
3.746023374729892108e-01
5.499693643044045732e-01
4.203793473021585902e-01
7.017133121056221556e-01
8.956813925213009953e-02
6.057033693887532017e-02
4.703500955356076235e-02
5.567434965146015463e-02
4.494894616435733958e-01
2.579049105703639655e-01
3.486447120201714434e-01
4.627021256144019934e-01
1.007140862858635216e-01
6.089469630792859745e-02
2.681204476327331276e-01
3.587372027747202097e-01
1.380478514334337437e+00
3.910335416398793007e-01
1.404725173423428952e+00
3.981624965652268977e-01
1.641446724011447755e-01
7.796404946448416695e-02
6.471692860828923144e-02
5.680722190072898248e-02
3.119766670810141251e-01
3.068972656868391713e-01
6.361681981718514400e-01
3.121764316225721370e-01
6.128542625750820622e-02
7.071383432508754341e-02
4.055183277489458060e-01
9.583116871254999947e-02
2.996806660721743065e-01
2.402694218018920913e-01
5.833104346131263718e-01
7.385179321893206028e-01
6.359324977471036977e-02
6.360735531577577095e-02
6.445827928467517953e-02
6.263021468837040584e-02
2.325820160332651154e-01
2.314538017504497169e-01
6.794235575881757416e-01
4.040827173850105036e-01
9.672761911461517361e-04
1.918279514310475991e-04
9.632680193241816013e-02
2.509801093126975413e-01
8.921537486864857674e-03
2.567917976926792009e-02
1.393864884786441376e-02
1.154266428264677990e-04
2.473250624493961939e-04
4.497689897492931238e-04
1.409725635918255560e-01
2.604489625262464004e-05
4.297044138259866662e-06
3.563286431173764419e-06
2.489357729170121821e-07
2.984487292661471357e-06
1.168944111554342586e-06
1.789350253241925141e-03
2.848373417923043358e-03
8.300297311672672119e-06
7.087083293512649477e-06
1.101263080132382456e-05
1.671251546156812844e-05
6.711139058447598621e-04
8.645587644978629249e-03
4.407258073522460351e-02
2.425729938115389031e-04
3.362558393203726043e-02
3.630503888575653852e-05
3.014834815952340680e-02
5.717141330579460501e-01
3.569757629995894410e-01
2.934052113680311186e-03
2.096715736806269159e-02
9.383117088182915677e-03
3.550756172440962255e-02
2.669693846747454857e-02
8.044339548025693232e-02
7.129306277579898488e-02
8.985345540075616311e-02
1.983604061099403237e-02
1.783511044266230736e-02
1.158243815247038226e-02
9.756427836903448780e-02
1.777006050743767385e-01
1.017817951538267096e-01
2.330742887795998197e-01
7.002794587930467884e-02
9.723189879313814954e-02
2.568559043168067157e-02
8.041991793348163275e-02
2.394295042622520547e-02
5.610417428410908736e-01
1.894873642083253484e-01
2.803552142241966250e-01
6.042421436889641173e-01
3.231402930048060673e-02
3.185237030779022871e-02
2.826566579740486668e-02
3.109945868411730791e-02
1.859893645290801034e-01
1.888154708642688084e-01
1.843123202308192543e-01
1.865263102337264001e-01
3.289637375936423774e-02
2.873192507860631434e-02
7.868986444372319533e-02
2.599461315428900146e-02
4.238708751012377207e-01
2.936312611243477311e-01
6.457890526320414493e-01
4.877353045792757191e-01
3.858051021928571300e-02
5.584428718833114869e-02
6.948371357380056512e-02
6.361355068646588895e-02
2.675733212543390804e-01
3.039149678325111514e-01
3.642784376936246682e-01
2.781268509401283451e-01
2.830480098391149196e-02
2.899635739864720244e-02
6.341131874879149533e-02
7.971116701676823901e-02
8.116760428354286017e-01
6.751484015578238518e-01
8.743300633077097928e-01
7.531289723295706562e-01
5.800510375446638750e-02
5.493091053034374754e-02
9.132321173499748090e-02
7.758436664662271554e-02
3.859933579593511355e-01
3.537946717225012305e-01
4.117866669961428028e-01
3.601034230108344780e-01
8.294634008896983879e-02
1.053643133712323099e-01
9.125812714230414902e-02
3.670165212087402040e-02
4.956255687531538889e-01
7.496431271158152665e-01
4.837427524815572921e-01
5.783888870401303617e-01
6.786763837243450781e-02
8.375823726606748676e-02
4.795175726418991757e-02
6.868369915900143785e-02
4.711483593576848428e-01
5.268093589668485510e-01
4.440534578350204820e-01
5.949151653800057726e-01
5.895021695001610024e-02
4.259018281614901369e-02
1.797077557950797072e-02
1.418989916052684243e-02
8.153774561924369557e-01
4.998353042103930166e-01
5.013842302033162390e-01
5.087157626060940796e-01
6.026493697572996716e-02
4.903030126344054551e-02
5.697680790330116041e-02
9.057891833446128638e-02
4.312112068706914214e-01
4.193621391360458084e-01
3.859892728361827841e-01
4.935852303100830563e-01
1.877066036973016813e-02
2.649654079939192317e-02
2.904890795199280978e-02
4.108853562194623998e-02
9.647819618774011730e-01
7.760130523541203251e-01
9.277136442224644952e-01
8.879968338742230127e-01
3.428541504921103766e-02
1.008828044880778485e-01
7.211506024362587808e-02
7.223966783196004993e-02
4.654928532475237080e-01
4.586511657781500162e-01
4.795618540029531474e-01
7.682458760665831221e-01
2.672915323041906085e-02
1.579197190374275611e-02
1.551413414110632168e-02
1.109068432651676150e-02
4.929922042770323865e-01
4.458845017334116534e-01
7.715609799510800837e-01
7.077972125159361916e-01
6.546030441534257671e-02
7.659625166891642634e-02
3.483893834384173965e-02
1.339668142955048255e-02
3.823024993719973952e-01
4.585770353889278561e-01
4.036404462163547535e-01
3.483651942090564280e-01
3.939110472385520811e-02
2.948841022081120228e-02
6.319118010617262582e-03
9.740710849543084832e-03
4.769472928234243514e-01
5.356532319719516932e-01
9.218451229725883600e-01
9.397687699943115813e-01
1.316891397231665511e-02
1.721625224908479579e-02
6.610414097225500440e-02
5.992965768969423998e-03
3.213693703747493857e-01
3.195277275917264292e-01
9.392324809518742823e-01
9.130610129564561417e-01
4.207662014791237713e-03
4.678906955721465546e-03
3.760376721943221520e-03
3.680187743238875955e-03
4.018748351625774928e-01
3.114830311645071514e-01
3.763962162371026765e-01
3.204671696215902754e-01
1.444423477433525241e-02
8.529934126533703087e-03
1.425272884526851934e-02
2.552810188448088186e-02
8.839244065911167070e-01
3.190520174359556260e-01
7.315536508608510013e-01
7.122399705793627245e-01
7.932073210069241764e-02
2.333904288786919218e-03
6.977973367134435168e-02
5.371732366721172769e-02
2.086303788959256167e-01
1.925264943491304392e-01
5.591949871684446238e-01
1.926147983238634953e-01
3.418084497163881297e-04
1.115047755656700060e-03
1.649189617862657775e-02
1.232181338975798981e-03
5.592790387759654092e-01
8.702814099683323090e-02
7.162213848776961544e-01
1.302024580466131787e-01
1.862871659836446651e-03
1.353857632208881404e-02
1.131660682354511480e-03
7.122297445270901750e-02
1.077793996534144316e-01
2.974642343193849570e-01
4.153996260298944421e-01
1.016165922021677187e-01
3.153205049547211673e-04
1.124224176956614234e-05
3.331581560761146628e-04
8.348219491659196034e-04
3.249190091743461156e-02
1.215429589309603578e-03
1.497993890026712016e-01
8.087064927549734994e-02
7.491038818177350048e-09
8.045213753704824632e-05
5.675257521474490988e-06
9.636480320115959567e-04
4.698350901245655631e-02
4.288999514748511655e-06
3.322620715642693738e-05
5.274575268335230434e-04
1.801947227343953486e-09
2.365877995389571600e-12
3.026671534698116822e-04
6.403842611230479618e-05
1.826596512552295276e-05
1.280800399943629771e-02
1.275843282296594897e-02
1.947097627026424268e-09
1.301650115774421145e-04
7.463448726929664281e-13
8.875877404578486930e-04
4.108086557046760902e-05
2.172165874743920890e-06
1.441103289478192477e-05
5.877649144888711287e-08
1.068115870563442434e-10
1.000000000000000072e-18
1.000000000000000072e-18
1.000000000000000072e-18
1.000000000000000072e-18
1.405594878765465948e-09
9.268470233308510214e-09
2.114988737897730703e-03
7.468977195003483061e-02
2.376916550633869176e-07
4.796812520168292542e-09
1.614558906362783424e-04
9.917408441046861441e-11
4.155857148042743825e-10
4.669431960007464187e-09
1.018438606333165516e-03
1.786586679611198364e-07
7.937673153947688580e-09
1.324881665093654270e-10
2.984176928128865272e-04
2.553734355425892749e-02
4.274359800392054298e-09
1.122455281395110405e-03
2.024204482999156934e-04
1.071443063107183416e-02
8.090875122066870043e-04
4.445959389571375680e-04
5.392709295691819893e-09
6.743232971343575931e-04
1.307407701899643022e-03
9.576660965269813419e-02
1.362506572482425054e-03
6.611774913637122331e-02
5.668663188595525482e-02
1.222422541352855552e-01
1.111724622724144084e-03
1.726303701218123005e-04
1.525429847470736663e-02
1.023269678307466568e-01
1.936921078596186008e-01
1.066284546905431514e-02
3.113199356888615536e-03
8.046313582923180028e-04
6.447581436447667735e-02
8.171352732371528222e-04
9.944771203832764722e-03
1.274574038175610088e-02
3.846793815488709634e-02
1.968105144568556009e-01
2.335082457863483021e-02
2.839196553935613952e-03
5.037309073938185666e-02
4.078636785765604039e-02
1.035399135817239025e-01
3.831494918001460137e-02
2.805622852528574795e-02
1.927701877351817306e-01
4.978412494611265775e-03
2.209222688107969623e-01
1.352483088396118013e-02
1.886945627299010247e-02
2.202030959171241351e-02
3.201969815146277765e-01
7.102220673148955388e-02
2.613640213472800955e-02
1.581378421602060852e-02
4.036711644904495376e-03
3.566016629335771321e-02
1.113251593784689471e-02
2.740538716647223927e-01
1.795961697847157645e-01
5.800195179246438182e-02
5.780733233096454343e-02
6.885966616217259820e-03
4.905151527352952234e-02
7.355945296127149730e-03
1.850381040915253031e-02
7.790955252693698707e-02
3.862010256882031367e-01
3.954921176936750798e-02
5.887709847780534661e-02
4.739092328611910210e-02
3.245789261288160171e-02
4.141325175459290714e-02
1.321092911875439702e-01
1.848802850371263629e-01
2.495482377551277997e-01
5.040661464704455919e-02
3.417471415368843468e-01
1.557895963291743707e-02
1.384552879646126430e-02
1.345674784737948063e-02
2.142141176573886252e-02
1.372045117403421222e-01
3.549107148523717448e-01
1.406134599488355619e-01
4.916020648307959373e-01
4.081021346969005564e-02
3.725160146437486164e-01
2.464099994509287295e-01
2.601210035295966130e-02
7.078361722324613692e-02
7.338512132015556633e-02
1.262101840336688485e-01
5.994122180292414670e-02
4.795596122126667693e-02
4.783033622448711747e-02
2.422301258587400419e-02
3.968931500680258906e-02
1.153237615042918551e-01
3.488494393786218950e-01
1.994478287560667029e-01
5.243575805610524165e-01
2.769454685126273574e-01
4.584259595071897841e-01
7.014509045404558607e-02
8.529917553939661556e-02
7.992486610841498251e-02
9.550554907546218719e-02
7.934550144465069010e-02
6.122599548548951498e-02
1.160544320314503275e-01
4.195361281685083821e-02
1.063659573057731123e-01
9.248064178418119452e-02
1.131886921720023920e-01
5.722386989139585101e-01
4.486485570769785935e-01
1.679798299454283161e-01
7.774878185416845833e-01
3.022377247018331881e-01
1.029401127320343612e+00
1.280849223728473207e+00
5.614621754705614864e-02
1.139237659296433447e-01
7.127408671170046284e-02
6.017429817091974470e-02
1.108456691409680922e-01
1.105996902029978968e-01
1.921898057559033868e-01
1.319035379219274662e-01
1.142079223193275955e-01
9.879360361785620437e-02
7.074015714479194028e-02
8.290963078473957693e-02
3.786780530787701299e-02
1.002348908034603525e+00
5.198206677991046298e-01
9.819535137112663792e-01
9.184355146388299695e-02
1.934782623410392643e-01
8.257323153910489655e-02
1.877949101168250312e-01
6.861887208694204821e-03
2.202270168025169741e-02
6.848597812812268551e-03
8.250037223410503634e-03
1.628915437519195208e+00
8.165798276062012917e-01
1.158576980005381563e+00
6.757814554355896508e-01
1.579312294918345516e-01
1.543735503353898642e+00
1.372512752090761512e-01
1.447298368247225353e+00
1.133474254409680415e-01
1.344894259851384111e-01
6.687993146437060110e-02
8.954908185389985620e-02
6.700544632333864381e-02
3.468346075635025949e-02
5.022223161978166261e-02
3.247589586509061488e-02
6.185793153062350003e-01
4.813139794213662226e-01
3.251158425135015628e-01
8.819683825401043453e-01
5.492956740634846735e-01
1.539585438641408288e+00
7.145582948296023140e-01
7.306803423895389393e-01
1.161458633129741069e-01
6.076381147580361963e-02
5.711122325684307721e-02
9.342760704584418541e-02
5.097774823423670276e-02
5.294017159746652185e-02
4.828032494755146731e-02
7.366271284479153358e-02
1.417482866168682798e-01
1.220913140065178260e+00
9.597749260637853386e-01
1.318729961507861259e-01
2.098666166491588965e-08
1.519485524706351917e-07
6.669269948495715195e-01
1.503688628411703254e+00
1.694524099179964328e-06
1.228879685591846758e-05
6.697048859973993018e-01
1.503812556125240452e+00
1.298947405984211584e-05
9.455465984113926392e-05
6.747852258110779156e-01
1.505203957362714950e+00
4.937954229700539988e-05
3.620659349381538704e-04
6.911350022636330026e-01
1.508308362286915116e+00
1.329221864584335716e-04
9.873749537167258832e-04
7.417521812012622950e-01
1.543469189668119856e+00
2.973813015171991657e-04
2.260001204588398503e-03
1.363814064984953944e+00
5.763200362232088203e-01
4.328239247590712907e-03
5.380198270163970287e-04
1.424063916328618173e+00
6.552699799713777029e-01
8.093648765295950037e-03
8.736759028959459154e-04
1.418092858760144681e+00
6.799130966827464650e-01
1.827297983126283110e-02
9.692914167338344527e-04
1.457905810468637542e+00
5.196961782475451042e-01
5.939717333199171986e-03
7.690666677760641529e-03
7.886937832215693556e-01
1.323757950042973919e+00
5.221546598955993830e-03
1.806043499261995866e-02
8.604896624821084528e-01
1.240602290809903696e+00
2.676121809353805558e-02
6.911052727354490000e-03
1.079970497092419990e+00
1.010831590089906751e+00
3.518323519026914092e-02
9.560254606911415889e-03
7.525647222304772122e-01
1.322344933400277700e+00
3.873454011271125486e-02
1.374883166637453497e-02
1.725273376866384156e-01
4.343141039965745520e-01
5.563616173544073604e-03
2.172609625012552823e-03
3.467198618710269110e-03
8.852942653327854072e-02
7.718566852479580472e-03
1.178449248978833686e-01
8.384993109319149873e-02
1.309718572308238738e+00
1.589065072424722044e-02
1.346498962150186329e-01
1.661822619310960314e-01
1.778743934596093146e+00
2.260961299893211873e-02
1.584491856119017439e-01
2.240343286382637522e-01
1.863727018460123785e+00
2.932046125067939296e-02
1.836009683871535347e-01
2.636715199118640496e-01
1.839694822666348539e+00
3.813381112057661476e-02
2.156394232283866952e-01
3.009813056562647970e-01
1.724724480725308151e+00
4.920088909019647294e-02
2.490718807753378172e-01
3.486634317841204034e-01
1.424947883832434092e+00
6.328503709139693401e-02
2.807748750348856848e-01
3.892922306741086191e-01
7.204424890219844890e-01
7.345410413804021044e-02
2.947175332791955316e-01
2.511999958164645719e-01
2.837853719619428880e-02
1.433093733949961437e-02
4.174874261907584957e-06
1.768340583089875293e-04
5.201771781315624827e-04
2.595631488529083659e-03
2.139484728792020313e-02
9.121275283456721505e-03
1.304955523452864530e-01
1.289623979085861849e-02
1.311764342249280013e-01
1.995635542167628965e-02
4.444616280631427108e-01
2.392542490965224311e-02
2.212384944770631745e-01
2.613869835793815669e-02
7.060474648580072898e-01
3.376785358047017932e-02
2.815945034261347901e-01
2.837616991985431741e-02
8.599345412510223108e-01
4.255586760157793053e-02
3.189220576912843441e-01
3.664548567467017237e-02
8.354758774631103613e-01
4.707755506250274613e-02
3.990969190125223109e-01
1.394354491952101358e-02
1.012815055398630593e+00
5.669587662686090268e-02
3.854977276943300502e-01
1.242401419244670846e-02
9.466593521054137428e-01
6.363766689428729251e-02
3.839385253308105206e-01
8.820260222430055183e-03
8.319525952415935954e-01
7.437939429813414383e-02
3.521664897800266814e-01
4.999163901998065693e-03
7.152255354610674853e-01
6.820743061101711135e-02
3.379155207579708775e-01
2.746123561674537663e-03
4.970003833161118489e-01
7.422233149189964851e-02
2.677888804169761827e-01
1.136363966343382310e-03
2.881323550828681079e-01
7.794153688258491364e-02
1.708530940106506024e-01
3.245376346798639080e-04
1.150829581872175322e-01
8.035774303561526999e-02
6.381686288170715371e-02
4.478540908440023765e-05
1.924796260535345527e-02
8.180623404085840544e-02
3.986106219334101773e-03
5.707747417780313810e-07
4.904116791558204674e-05
1.000000000000000072e-18
3.730356312253113584e-06
1.465858630192330985e-06
2.617429493797852110e-04
1.643088009964100760e+00
2.040107169085810662e-03
1.143643111756199578e-04
6.143540410833968693e-03
1.647246969158880248e+00
1.316556454911226894e-02
8.213048423434717981e-04
2.951412945849613695e-02
1.654027724964442614e+00
2.952547625121178590e-02
2.854209754743078711e-03
8.104366017115714749e-02
1.658382094501944515e+00
4.374926559861246067e-02
6.922329886092495888e-03
1.648055177533955529e-01
1.665612647771513855e+00
5.277956056195516610e-02
1.347304163839816230e-02
2.735533020371436752e-01
1.661666312293112124e+00
6.109261984940492218e-02
2.392635741259237225e-02
3.843410053329224807e-01
1.662352437850451281e+00
6.201910227243347118e-02
4.150076656166824807e-02
4.304851720415979743e-01
1.649450823619249995e+00
5.614550846896648045e-02
1.153265851454784163e-01
1.036035499732349263e-01
1.280167861203077351e+00
1.043052674880497188e-01
9.119875315523587669e-03
1.653356074922373242e+00
1.622959752550725998e+00
6.575198533861446870e-02
3.194531942958391685e-02
1.541874645692049128e+00
1.584659021505758325e+00
5.599681441403027427e-02
4.553473083873951083e-02
1.000000000000000072e-18
