9.343222225032259409e-01
9.341710695856767499e-01
9.339890560340773362e-01
9.337698935537579459e-01
9.335060181341001684e-01
9.331883337698053671e-01
9.328059058377937696e-01
9.323455947559126100e-01
9.317916190412630639e-01
9.311250352480613390e-01
9.303231205480948507e-01
9.293586420135856452e-01
9.281989951281612861e-01
9.268051929355056728e-01
9.251306869177424730e-01
9.231200017454930240e-01
9.207071692847963451e-01
9.178139538546924436e-01
9.143478723251928786e-01
9.102000314099824019e-01
9.052428332777877618e-01
8.993276429036918262e-01
8.922825705079510117e-01
8.839106042749149683e-01
8.739884359098648581e-01
8.622664557299319910e-01
8.484705510064450840e-01
8.323065078926737970e-01
8.134679650293483721e-01
7.916489455759474492e-01
7.665619265333500909e-01
7.379620853912070011e-01
7.056776759891301154e-01
6.696453306737015776e-01
6.299474517867033052e-01
5.868469026837307423e-01
5.408123549514430861e-01
4.925265904465455091e-01
4.428706433433080569e-01
3.928795764482055364e-01
3.436709565545725265e-01
2.963537370856478281e-01
2.519312794607656558e-01
2.112153001412066244e-01
1.747660251949452181e-01
1.428678923802112477e-01
1.155417394434422179e-01
9.258649535887021609e-02
7.363844402499494790e-02
5.823515874354528998e-02
4.587357803516092791e-02
3.605580641816021059e-02
2.832041390383063101e-02
2.226017744945562454e-02
1.752898378455135936e-02
1.384116385372375496e-02
1.096626770501909348e-02
8.721636405871837500e-03
6.964393943393114642e-03
5.583841064917539204e-03
4.494751170323102799e-03
3.631746511990943931e-03
2.944741545712352762e-03
2.395342135401305576e-03
1.954051199329270155e-03
1.598128053554721513e-03
1.309963001821556720e-03
1.075850011710951810e-03
8.850626203092233028e-04
7.291585576574247281e-04
6.014557914041028215e-04
4.966365944460799861e-04
4.104471088715543319e-04
3.394681976432089242e-04
2.809396410609360669e-04
2.326244029498403384e-04
1.927031432767567119e-04
1.596916945101004980e-04
1.323760846461415172e-04
1.097610592404596870e-04
9.102906128128015215e-05
7.550736954154839723e-05
6.264164496267962993e-05
5.197454288387602433e-05
4.312835440153652374e-05
3.579087023706693864e-05
2.970383505863150627e-05
2.465349363936107305e-05
2.046283301139618143e-05
1.698520453657054272e-05
1.409907216993978007e-05
1.170368228173737167e-05
9.715489302425770358e-06
8.065202465886332978e-06
6.695343782896944237e-06
5.558227399910825927e-06
4.614286697324456332e-06
3.830688637348441175e-06
3.180185591653521909e-06
2.640163639381091628e-06
