1.239005970887231024e-05
1.239297565154325184e-05
1.239648578997110192e-05
1.240071067398659665e-05
1.240579506560409635e-05
1.241191268769757788e-05
1.241927184930553378e-05
1.242812208189522533e-05
1.243876192646995546e-05
1.245154800678712146e-05
1.246690550121828671e-05
1.248534007176527130e-05
1.250745120182818944e-05
1.253394670015071000e-05
1.256565778999299103e-05
1.260355362828972491e-05
1.264875313870639326e-05
1.270253044876038937e-05
1.276630759092627020e-05
1.284162380164936452e-05
1.293006366312926579e-05
1.303311478431969569e-05
1.315190711388181222e-05
1.328675663283213259e-05
1.343639170484653678e-05
1.359667812593973132e-05
1.375858636100889707e-05
1.390510206851695475e-05
1.400689508575080784e-05
1.401713700526617279e-05
1.386744068514432900e-05
1.346995615598125895e-05
1.273402294062661228e-05
1.160368624599568844e-05
1.010586317983261775e-05
8.373189043374486712e-06
6.606936106203523922e-06
4.996485878874497308e-06
3.655907348140423226e-06
2.614040964434593365e-06
1.842379809935077846e-06
1.288587096181486789e-06
8.987218929371341424e-07
6.271656697910281706e-07
4.389318296599096489e-07
3.085874270315211362e-07
2.181925537075496696e-07
1.553009888909318640e-07
1.113511330539699831e-07
8.047471526994095257e-08
5.865177326392315640e-08
4.312481896672101112e-08
3.199753865636216280e-08
2.396146974811152215e-08
1.811021449732173336e-08
1.381312709002322093e-08
1.062930196039616630e-08
8.248866992414995885e-09
6.452799883819398296e-09
5.085336812068509252e-09
4.034963617488870623e-09
3.221273186510689056e-09
2.585844415478807042e-09
2.085886713516643134e-09
1.689792382598301346e-09
1.374009577177633988e-09
1.120832534862387511e-09
9.168313206539316802e-10
7.517292309192162751e-10
6.175949343149550686e-10
5.082569595460734340e-10
4.188760909062586237e-10
3.456305588408339510e-10
2.854823127755513812e-10
2.360019818962502315e-10
1.952366303655862711e-10
1.616089644760505798e-10
1.338398476001605014e-10
1.108882362112422900e-10
9.190425118004722645e-11
7.619223995865334930e-11
6.318150384337089291e-11
5.240295536814972845e-11
4.347040037075796140e-11
3.606545382966830340e-11
2.992533079824437351e-11
2.483292664937633588e-11
2.060873066456707341e-11
1.710421533594518654e-11
1.419641888296595283e-11
1.178349638035029786e-11
9.781059871396582597e-12
8.119163054153844212e-12
6.739813896733503308e-12
5.594920581914192394e-12
4.644593786172274818e-12
3.855742434527658221e-12
3.200911478080782071e-12
2.657319482275550614e-12
2.206061329085152574e-12
