1.200364313895894014e-01
1.993568972406288609e+00
1.993568972406288609e+00
1.993568972406288609e+00
1.993568972406288609e+00
1.993568972406288609e+00
1.993568972406288609e+00
1.993568972406288609e+00
1.993568972406288609e+00
1.993568972406288609e+00
1.993568972406288609e+00
1.993568972406288609e+00
1.993568972406288609e+00
1.993568972406288609e+00
1.993568972406288609e+00
1.993568972406288609e+00
1.993568972406288609e+00
1.993568972406288609e+00
1.993568972406288609e+00
1.993568972406288609e+00
1.993568972406288609e+00
1.993568972406288609e+00
1.993568972406288609e+00
1.993568972406288609e+00
1.993568972406288609e+00
1.993568972406288609e+00
1.993568972406288609e+00
1.993568972406288609e+00
1.993568972406288609e+00
1.993568972406288609e+00
1.993568972406288609e+00
1.993568972406288609e+00
1.993568972406288609e+00
1.993568972406288609e+00
1.993568972406288609e+00
1.993568972406288609e+00
1.993568972406288609e+00
1.993568972406288609e+00
1.993568972406288609e+00
1.993568972406288609e+00
1.993568972406288609e+00
1.993568972406288609e+00
1.993568972406288609e+00
1.993568972406288609e+00
1.993568972406288609e+00
1.993568972406288609e+00
1.993568972406288609e+00
1.993568972406288609e+00
1.993568972406288609e+00
1.993568972406288609e+00
