3.085301468004720840e-36
6.216076088528084408e-33
1.230675130298168532e-32
1.816002813396715046e-32
2.367870153122712415e-32
2.878895316498499371e-32
3.344262975481103770e-32
3.761650471449304632e-32
4.130924505755286148e-32
4.453702533648125661e-32
4.732868816488170309e-32
4.972114354619102524e-32
5.175543501755367211e-32
5.347365958570721874e-32
5.491675067100648820e-32
5.612302601888351283e-32
5.712735406698580375e-32
5.796078423697398798e-32
5.865050175023739766e-32
5.921999283556449931e-32
5.968933331772426706e-32
6.007553810081972637e-32
6.039292915895151167e-32
6.065349503522893522e-32
6.086722602002974923e-32
6.104241691485907662e-32
6.118593440016811131e-32
6.130344922757145140e-32
6.139963532337190635e-32
6.147833885721083887e-32
6.154272071407537269e-32
6.159537583244041922e-32
6.163843268749893213e-32
6.167363590619460244e-32
6.170241466386010413e-32
6.172593916963209710e-32
6.174516722187922119e-32
6.176088251730932803e-32
6.177372613310780284e-32
6.178422237118647341e-32
6.179279995582705883e-32
6.179980940789846459e-32
6.180553727711155164e-32
6.181021779505496548e-32
6.181404241279084450e-32
6.181716760461047287e-32
6.181972125152544173e-32
6.182180786189789220e-32
6.182351284032305137e-32
6.182490597779082350e-32
6.182604430485791205e-32
6.182697442387261160e-32
6.182773441522632400e-32
6.182835539533902060e-32
6.182886278994162555e-32
6.182927737463903757e-32
6.182961612525939825e-32
6.182989291274180899e-32
6.183011907097119534e-32
6.183030386078227569e-32
6.183045484911277322e-32
6.183057821881838729e-32
6.183067902182760804e-32
6.183076138599671006e-32
6.183082868413153776e-32
6.183088367209535473e-32
6.183092860165575941e-32
6.183096531269143775e-32
6.183099530853297513e-32
6.183101981752344155e-32
6.183103984331812040e-32
6.183105620598417644e-32
6.183106957558224797e-32
6.183108049960551295e-32
6.183108942539963236e-32
6.183109671848174992e-32
6.183110267750841779e-32
6.183110754650586688e-32
6.183111152486291793e-32
6.183111477549608498e-32
6.183111743152112447e-32
6.183111960170413007e-32
6.183112137491569125e-32
6.183112282377009819e-32
6.183112400759898474e-32
6.183112497488101569e-32
6.183112576522711076e-32
6.183112641100250224e-32
6.183112693865215538e-32
6.183112736978377501e-32
6.183112772205245187e-32
6.183112800988390772e-32
6.183112824506498943e-32
6.183112843722658052e-32
6.183112859423782576e-32
6.183112872252845179e-32
6.183112882735206887e-32
6.183112891300128117e-32
6.183112898298345114e-32
6.183112904016445311e-32
