1.000000000000000056e-01
1.234285714285714164e+01
2.458571428571428541e+01
3.682857142857142918e+01
4.907142857142856940e+01
6.131428571428570962e+01
7.355714285714284983e+01
8.579999999999998295e+01
9.804285714285713027e+01
1.102857142857142776e+02
1.225285714285714107e+02
1.347714285714285438e+02
1.470142857142857054e+02
1.592571428571428385e+02
1.714999999999999716e+02
1.837428571428571331e+02
1.959857142857142662e+02
2.082285714285713993e+02
2.204714285714285609e+02
2.327142857142856940e+02
2.449571428571428271e+02
2.571999999999999886e+02
2.694428571428571217e+02
2.816857142857143117e+02
2.939285714285714448e+02
3.061714285714285779e+02
3.184142857142857110e+02
3.306571428571428442e+02
3.428999999999999773e+02
3.551428571428571672e+02
3.673857142857143003e+02
3.796285714285714334e+02
3.918714285714285666e+02
4.041142857142856997e+02
4.163571428571428328e+02
4.285999999999999659e+02
4.408428571428571558e+02
4.530857142857142890e+02
4.653285714285714221e+02
4.775714285714285552e+02
4.898142857142856883e+02
5.020571428571428214e+02
5.142999999999999545e+02
5.265428571428570876e+02
5.387857142857142208e+02
5.510285714285714675e+02
5.632714285714286007e+02
5.755142857142857338e+02
5.877571428571428669e+02
6.000000000000000000e+02
