3.224576114127969406e-01
3.154462362224026428e-01
3.072700247836326337e-01
2.977964407594906326e-01
2.869029715006863324e-01
2.744892729017268107e-01
2.604926119916492477e-01
2.449060013682199666e-01
2.277974144685405156e-01
2.093271975013046016e-01
1.897595379191214515e-01
1.694631528713840818e-01
1.488969326996139042e-01
1.285786733418675942e-01
1.090391737796014143e-01
9.076875526430662477e-02
7.416672554753142577e-02
5.950458857876177871e-02
4.691031303344455478e-02
3.637502797771718227e-02
2.777763605777207670e-02
2.091928818723812200e-02
1.555927942491841520e-02
1.144599926016702345e-02
8.339642325286094476e-03
6.026155786189712343e-03
4.323697573620144917e-03
3.083645555762962436e-03
2.188212216314155967e-03
1.546337068036139498e-03
1.089028425255314817e-03
7.648692365787966444e-04
5.360539703660512773e-04
3.750915426829832719e-04
2.621723973920829140e-04
1.831285466719687191e-04
1.278889922717194006e-04
8.933097793210626608e-05
6.243761873487802883e-05
4.368711725962784681e-05
3.061389124329814943e-05
2.149552606405190529e-05
1.513079951364989817e-05
1.068304132912805649e-05
7.570029865783381562e-06
5.386845928880638540e-06
3.851957723340839899e-06
2.769619162454631777e-06
2.003688550033425348e-06
1.459422347939705782e-06
1.070826947978884640e-06
7.918777328469843480e-07
5.904256287042445762e-07
4.439694692356237116e-07
3.367227937059464616e-07
2.575782454453175605e-07
1.986942254691200273e-07
1.545128888928115503e-07
1.210771815191779007e-07
9.555526004932497961e-08
7.590880728172184436e-08
6.066126384892761850e-08
4.873550674702221387e-08
3.933985639389794233e-08
3.188776726777793462e-08
2.594103860809132479e-08
2.116948489772069048e-08
1.732215560219216544e-08
1.420668372983780381e-08
1.167437640230279974e-08
9.609378304896677654e-09
7.920737788602755840e-09
6.536552716019817258e-09
5.399615360140122764e-09
4.464144936183888618e-09
3.693314932729844271e-09
3.057365726782425785e-09
2.532151704493817406e-09
2.098013678717830895e-09
1.738896945642475112e-09
1.441656436566944679e-09
1.195505592269861501e-09
9.915765576241195066e-10
8.225672813471908740e-10
6.824569645750120373e-10
5.662756336206994142e-10
4.699168415251355050e-10
3.899849310158680288e-10
3.236701328941693472e-10
2.686461824477082792e-10
2.229862230648817672e-10
1.850936112178553862e-10
1.536448991492239928e-10
1.275427942080558575e-10
1.058773089634740608e-10
8.789364802396791252e-11
7.296564407503352788e-11
6.057377084440363321e-11
5.028693514563631028e-11
4.174739206427988697e-11
