9.230811527968876273e-01
9.230427010659428833e-01
9.229963894458798057e-01
9.229406121955938680e-01
9.228734359304937573e-01
9.227925329497301821e-01
9.226951010779724793e-01
9.225777673306612137e-01
9.224364721920937926e-01
9.222663306820123585e-01
9.220614656677391663e-01
9.218148080407415623e-01
9.215178574075373330e-01
9.211603958361951339e-01
9.207301459479159123e-01
9.202123632559675581e-01
9.195893511554170674e-01
9.188398854082057143e-01
9.179385334404954744e-01
9.168548524260067278e-01
9.155524492115921786e-01
9.139878850179984360e-01
9.121094090656071129e-01
9.098555086207492648e-01
9.071532695455049033e-01
9.039165527904367003e-01
9.000440104330710289e-01
8.954169924523889268e-01
8.898974356403051011e-01
8.833258825157022098e-01
8.755198544511262337e-01
8.662729021496170523e-01
8.553547782261735621e-01
8.425133157438543519e-01
8.274787386040941550e-01
8.099712456936201121e-01
7.897127517257113150e-01
7.664435615289961756e-01
7.399444085959291373e-01
7.100636063497642869e-01
6.767479776678567704e-01
6.400747733557727859e-01
6.002801593575776140e-01
5.577784646844587968e-01
5.131658601046011903e-01
4.672031497476619721e-01
4.207753049776044030e-01
3.748300142002877200e-01
3.303027784372697395e-01
2.880402219199048597e-01
2.487346169060301593e-01
2.128803545504399097e-01
1.807578696094042647e-01
1.524441886223022180e-01
1.278439745065226285e-01
1.067321564421243874e-01
8.879923707362769036e-02
7.369240709460352090e-02
6.104848275803066715e-02
5.051737827640993134e-02
4.177675126810705131e-02
3.453949092613145533e-02
2.855602135103915695e-02
2.361323590884123122e-02
1.953150902214649542e-02
1.616081992405752482e-02
1.337666073037015353e-02
1.107612303761744063e-02
9.174363621119051640e-03
7.601525948445374790e-03
6.300121593608727817e-03
5.222837516790129059e-03
4.330718639960294720e-03
3.591671137782643641e-03
2.979234472166391364e-03
2.471575822816356877e-03
2.050667144826945516e-03
1.701611532563676761e-03
1.412091383214552623e-03
1.171915856907658048e-03
9.726493173701059080e-04
8.073058814418331746e-04
6.700980101420901235e-04
5.562293442429107511e-04
4.617238202437303971e-04
3.832845815957389201e-04
3.181773942528601218e-04
2.641342414987997065e-04
2.192735558303397076e-04
1.820341816448367849e-04
1.511206803797574471e-04
1.254580124915414424e-04
1.041539764846433926e-04
8.646806867501273823e-05
7.178566015845931549e-05
5.959657892384684607e-05
4.947734275889233488e-05
4.107641865397205594e-05
3.410199177738743362e-05
2.831181581184109651e-05
