1.000000000000000021e-02
1.097498765493056146e-02
1.204503540258782326e-02
1.321941148466028795e-02
1.450828778495939428e-02
1.592282793341092198e-02
1.747528400007683849e-02
1.917910261672488639e-02
2.104904144512020903e-02
2.310129700083160542e-02
2.535364493970111363e-02
2.782559402207124277e-02
3.053855508833415444e-02
3.351602650938842465e-02
3.678379771828634015e-02
4.037017258596553582e-02
4.430621457583882455e-02
4.862601580065353118e-02
5.336699231206309957e-02
5.857020818056667133e-02
6.428073117284321958e-02
7.054802310718645553e-02
7.742636826811269413e-02
8.497534359086446332e-02
9.326033468832199691e-02
1.023531021899026366e-01
1.123324032978027659e-01
1.232846739442066547e-01
1.353047774579807516e-01
1.484968262254464932e-01
1.629750834620644351e-01
1.788649529057435017e-01
1.963040650040271395e-01
2.154434690031884481e-01
2.364489412645408295e-01
2.595024211399737379e-01
2.848035868435802032e-01
3.125715849688237014e-01
3.430469286314919430e-01
3.764935806792469308e-01
4.132012400115338546e-01
4.534878508128584174e-01
4.977023564332111460e-01
5.462277217684342601e-01
5.994842503189411476e-01
6.579332246575682053e-01
7.220809018385467848e-01
7.924828983539177196e-01
8.697490026177834288e-01
9.545484566618341882e-01
1.047615752789665233e+00
1.149756995397736903e+00
1.261856883066021062e+00
1.384886371393873050e+00
1.519911082952934755e+00
1.668100537200059241e+00
1.830738280295369780e+00
2.009233002565047776e+00
2.205130739903045534e+00
2.420128264794383366e+00
2.656087782946686904e+00
2.915053062825178731e+00
3.199267137797384475e+00
3.511191734215134641e+00
3.853528593710531247e+00
4.229242874389498752e+00
4.641588833612781961e+00
5.094138014816380178e+00
5.590810182512228721e+00
6.135907273413176100e+00
6.734150657750828550e+00
7.390722033525782386e+00
8.111308307896871739e+00
8.902150854450392004e+00
9.770099572992256398e+00
1.072267222010324339e+01
1.176811952434999142e+01
1.291549665014884063e+01
1.417474162926806258e+01
1.555676143930472222e+01
1.707352647470692020e+01
1.873817422860384951e+01
2.056512308348653661e+01
2.257019719633921540e+01
2.477076355991711409e+01
2.718588242732942817e+01
2.983647240283340452e+01
3.274549162877731590e+01
3.593813663804629499e+01
3.944206059437659917e+01
4.328761281083061618e+01
4.750810162102798273e+01
5.214008287999689628e+01
5.722367659350220492e+01
6.280291441834259558e+01
6.892612104349701951e+01
7.564633275546290747e+01
8.302175681319752698e+01
9.111627561154895716e+01
1.000000000000000000e+02
