9.535046511912415035e-01
9.528029755644634724e-01
9.520689877954763292e-01
9.513012536959541965e-01
9.504982805545998392e-01
9.496585152613106207e-01
9.487803423880752929e-01
9.478620822997142481e-01
9.469019892311827391e-01
9.458982494000067742e-01
9.448489791287053574e-01
9.437522229844440558e-01
9.426059519722991276e-01
9.414080617650454341e-01
9.401563710009622765e-01
9.388486196577920939e-01
9.374824675109708627e-01
9.360554927085660282e-01
9.345651904651229858e-01
9.330089719027182538e-01
9.313841630596788601e-01
9.296880040883802598e-01
9.279176486669101775e-01
9.260701636466590614e-01
9.241425289752603911e-01
9.221316379177727507e-01
9.200342975974629134e-01
9.178472299154339931e-01
9.155670728571912997e-01
9.131903822429130457e-01
9.107136339456962659e-01
9.081332266297218458e-01
9.054454850498858676e-01
9.026466639348234011e-01
8.997329525309498699e-01
8.967004798212425687e-01
8.935453204847441100e-01
8.902635016238544807e-01
8.868510103191263871e-01
8.833038020444741178e-01
8.796178099873569467e-01
8.757889553088458179e-01
8.718131583881496560e-01
8.676863510766081866e-01
8.634044899838525522e-01
8.589635708261986746e-01
8.543596438563493267e-01
8.495888303558467580e-01
8.446473402247152151e-01
8.395314906246573727e-01
8.342377256623154658e-01
8.287626370919796148e-01
8.231029859607577048e-01
8.172557251554319890e-01
8.112180227567965529e-01
8.049872861124081069e-01
7.985611865108174223e-01
7.919376843260448329e-01
7.851150544842555590e-01
7.780919120769449471e-01
7.708672379430225874e-01
7.634404040082618526e-01
7.558111981625815767e-01
7.479798484358148869e-01
7.399470462224881917e-01
7.317139682878206486e-01
7.232822972889378921e-01
7.146542405241618212e-01
7.058325466285451100e-01
6.968205199435184571e-01
6.876220322706412258e-01
6.782415317535963606e-01
6.686840486327322308e-01
6.589551976346227358e-01
6.490611768011709248e-01
6.390087625661955428e-01
6.288053009432815754e-01
6.184586947181411887e-01
6.079773865789849241e-01
5.973703381734405404e-01
5.866470051199981217e-01
5.758173080582134062e-01
5.648915998750628775e-01
5.538806292891511607e-01
5.427955010369918121e-01
5.316476329442134663e-01
5.204487102164243595e-01
5.092106373241314099e-01
4.979454878946453222e-01
4.866654530526993705e-01
4.753827886782058254e-01
4.641097620639362820e-01
4.528585984685683519e-01
4.416414280596394626e-01
4.304702337362534825e-01
4.193568003071132533e-01
4.083126654767212926e-01
3.973490730668814419e-01
3.864769288640558242e-01
3.757067594438032732e-01
