1.000000000000000021e-02
1.023531021899026262e-02
1.047615752789664637e-02
1.072267222010323158e-02
1.097498765493056146e-02
1.123324032978027624e-02
1.149756995397735633e-02
1.176811952434998407e-02
1.204503540258782326e-02
1.232846739442065853e-02
1.261856883066020396e-02
1.291549665014883955e-02
1.321941148466028795e-02
1.353047774579806822e-02
1.384886371393873224e-02
1.417474162926805545e-02
1.450828778495939428e-02
1.484968262254465071e-02
1.519911082952933937e-02
1.555676143930472335e-02
1.592282793341092198e-02
1.629750834620644420e-02
1.668100537200059227e-02
1.707352647470690432e-02
1.747528400007683849e-02
1.788649529057435156e-02
1.830738280295367976e-02
1.873817422860384052e-02
1.917910261672488639e-02
1.963040650040270493e-02
2.009233002565046985e-02
2.056512308348651397e-02
2.104904144512020903e-02
2.154434690031884619e-02
2.205130739903045714e-02
2.257019719633920202e-02
2.310129700083160542e-02
2.364489412645407254e-02
2.420128264794382117e-02
2.477076355991711387e-02
2.535364493970111363e-02
2.595024211399735853e-02
2.656087782946686682e-02
2.718588242732940252e-02
2.782559402207124277e-02
2.848035868435801893e-02
2.915053062825177441e-02
2.983647240283340482e-02
3.053855508833415444e-02
3.125715849688236875e-02
3.199267137797384697e-02
3.274549162877728181e-02
3.351602650938842465e-02
3.430469286314918875e-02
3.511191734215130672e-02
3.593813663804627800e-02
3.678379771828634015e-02
3.764935806792467365e-02
3.853528593710529165e-02
3.944206059437656287e-02
4.037017258596553582e-02
4.132012400115338963e-02
4.229242874389498724e-02
4.328761281083059326e-02
4.430621457583882455e-02
4.534878508128582092e-02
4.641588833612779463e-02
4.750810162102798301e-02
4.862601580065353118e-02
4.977023564332111460e-02
5.094138014816380206e-02
5.214008287999684355e-02
5.336699231206309957e-02
5.462277217684342878e-02
5.590810182512222920e-02
5.722367659350219987e-02
5.857020818056667133e-02
5.994842503189409116e-02
6.135907273413175600e-02
6.280291441834252864e-02
6.428073117284321958e-02
6.579332246575682330e-02
6.734150657750821722e-02
6.892612104349699065e-02
7.054802310718645553e-02
7.220809018385464240e-02
7.390722033525778945e-02
7.564633275546291113e-02
7.742636826811269413e-02
7.924828983539176919e-02
8.111308307896872294e-02
8.302175681319744205e-02
8.497534359086446332e-02
8.697490026177834288e-02
8.902150854450388562e-02
9.111627561154896082e-02
9.326033468832199691e-02
9.545484566618342437e-02
9.770099572992256565e-02
1.000000000000000056e-01
