4.171406762111806314e-05
4.171435449890101928e-05
4.171469880462690355e-05
4.171511172365876299e-05
4.171560647683073372e-05
4.171619862312042463e-05
4.171690637296792249e-05
4.171775089135748224e-05
4.171875655505576813e-05
4.171995110597067214e-05
4.172136560886955027e-05
4.172303407108356041e-05
4.172499250655920016e-05
4.172727711522689254e-05
4.172992108435014889e-05
4.173294927714509651e-05
4.173636972011621817e-05
4.174016028383856664e-05
4.174424819898532948e-05
4.174847895570129940e-05
4.175256955264650333e-05
4.175603878408482841e-05
4.175810399698406142e-05
4.175752913874081250e-05
4.175240248168761567e-05
4.173981363057371684e-05
4.171538786522773829e-05
4.167262158692133545e-05
4.160194702035002160e-05
4.148944197011765115e-05
4.131510273372968571e-05
4.105063973725638933e-05
4.065688303818860289e-05
4.008117682076551305e-05
3.925570118738085253e-05
3.809854935584339490e-05
3.652043768122097394e-05
3.444035934606794593e-05
3.181163706229894126e-05
2.865385109212281495e-05
2.507697846293070943e-05
2.127902375780687299e-05
1.750759916069538294e-05
1.399848992105630658e-05
1.092130834194041962e-05
8.356274752444946236e-06
6.303866578759455248e-06
4.712176171424049707e-06
3.505364231319083967e-06
2.604270788311964470e-06
1.937773989060605510e-06
1.447176456814061370e-06
1.086514304042178325e-06
8.209840613746557463e-07
6.247947808034976243e-07
4.790904534969252054e-07
3.701939173746889710e-07
2.882232415914280237e-07
2.260454932066578529e-07
1.785054179191025602e-07
1.418657663678600358e-07
1.134051690235865784e-07
9.113086676576443816e-08
7.357407786687355152e-08
5.964433468413966581e-08
4.852569859059336206e-08
3.960264302593095019e-08
3.240694093829343605e-08
2.657943412912406691e-08
2.184236688045747832e-08
1.797924088992656878e-08
1.482004565553660457e-08
1.223034871967003532e-08
1.010317271860957524e-08
8.352897033092193219e-09
6.910640454876332458e-09
5.720735345248968627e-09
4.738012621460081673e-09
3.925694089112038298e-09
3.253743584295069362e-09
2.697567691811090930e-09
2.236985072415763097e-09
1.855403886180274301e-09
1.539161700330772582e-09
1.276993205621265435e-09
1.059599153820713624e-09
8.792959608563303000e-10
7.297299567407744345e-10
6.056437047595692549e-10
5.026844453586938606e-10
4.172467515773196696e-10
3.463430628407618711e-10
2.874970021941173731e-10
2.386553594504219149e-10
1.981153992667539053e-10
1.644647737950795965e-10
1.365318182261661933e-10
1.133444101162544118e-10
9.409589972567024328e-11
7.811688409803165123e-11
