5.897257340444169715e-01
5.882444849119028429e-01
5.867432999831152518e-01
5.852220343906768818e-01
5.836805464270877764e-01
5.821186974638982159e-01
5.805363520958783941e-01
5.789333786054569053e-01
5.773096487799208587e-01
5.756650382744371575e-01
5.739994266869209438e-01
5.723126977719370512e-01
5.706047395943363298e-01
5.688754446585921887e-01
5.671247101369405463e-01
5.653524380400367644e-01
5.635585352540413151e-01
5.617429139930263382e-01
5.599054917074109960e-01
5.580461913088794468e-01
5.561649414652164447e-01
5.542616766754067115e-01
5.523363375392695840e-01
5.503888707012897230e-01
5.484192293122003292e-01
5.464273730778455018e-01
5.444132683248805726e-01
5.423768883453587986e-01
5.403182135317372570e-01
5.382372314288603743e-01
5.361339370385821423e-01
5.340083328236479021e-01
5.318604291070165857e-01
5.296902439597236389e-01
5.274978035747944771e-01
5.252831422410608742e-01
5.230463026894254241e-01
5.207873360648543892e-01
5.185063020923652566e-01
5.162032692908298248e-01
5.138783150387613574e-01
5.115315257724245557e-01
5.091629969195654581e-01
5.067728333234146065e-01
5.043611490454749102e-01
5.019280675842638928e-01
4.994737220735151473e-01
4.969982552377472107e-01
4.945018194313040016e-01
4.919845769113025957e-01
4.894466997018992460e-01
4.868883697514200803e-01
4.843097789905054240e-01
4.817111293129973104e-01
4.790926326463684770e-01
4.764545109409429324e-01
4.737969962610757424e-01
4.711203307096761828e-01
4.684247664420079227e-01
4.657105656680738948e-01
4.629780005776664709e-01
4.602273534237697472e-01
4.574589163109052947e-01
4.546729912646258476e-01
4.518698901179198923e-01
4.490499344194043285e-01
4.462134553758275723e-01
4.433607937040343061e-01
4.404922996245121958e-01
4.376083325936484525e-01
4.347092612901054531e-01
4.317954633781803109e-01
4.288673254647183963e-01
4.259252428185816841e-01
4.229696192641035357e-01
4.200008669665813432e-01
4.170194062755279152e-01
4.140256654484479881e-01
4.110200804893269222e-01
4.080030949014133435e-01
4.049751594129786803e-01
4.019367318172546444e-01
3.988882766394518109e-01
3.958302648911946608e-01
3.927631738269976580e-01
3.896874866114150016e-01
3.866036920333489335e-01
3.835122842813809552e-01
3.804137625267883793e-01
3.773086307024613451e-01
3.741973971010786326e-01
3.710805741617163589e-01
3.679586780037090721e-01
3.648322281900062691e-01
3.617017473426509255e-01
3.585677607929201871e-01
3.554307962656114150e-01
3.522913834818297563e-01
3.491500538355210015e-01
3.460073400085851292e-01
3.428637756449373630e-01
3.397198949389069744e-01
3.365762323208911222e-01
3.334333220699871037e-01
3.302916979399632691e-01
3.271518928215250699e-01
3.240144383842065157e-01
3.208798646712633929e-01
3.177486998001252116e-01
3.146214695744756762e-01
3.114986971462537779e-01
3.083809026461059588e-01
3.052686028833718757e-01
3.021623109723046707e-01
2.990625360045548464e-01
2.959697827245013624e-01
2.928845512285776498e-01
2.898073366129017558e-01
2.867386287051453264e-01
2.836789117250130832e-01
2.806286640235567953e-01
2.775883577878521802e-01
2.745584587612350247e-01
2.715394259691059631e-01
2.685317114833578045e-01
2.655357601485077157e-01
2.625520093627348173e-01
2.595808888396200498e-01
2.566228203703772026e-01
2.536782176505494313e-01
2.507474860519062765e-01
2.478310224453211252e-01
2.449292150127921341e-01
2.420424430977505537e-01
2.391710770342289072e-01
2.363154780051118231e-01
2.334759979047265344e-01
2.306529792204746188e-01
2.278467549079335741e-01
2.250576483157674113e-01
2.222859730646061516e-01
2.195320329690245154e-01
2.167961220025143576e-01
2.140785241835748143e-01
2.113795135876808673e-01
2.086993542493004727e-01
2.060383001882688525e-01
2.033965953477897270e-01
2.007744736259445550e-01
1.981721588320042304e-01
1.955898647549865199e-01
1.930277951299893824e-01
1.904861436970719246e-01
1.879650942418771842e-01
1.854648206280866962e-01
1.829854868601896722e-01
1.805272471585601113e-01
1.780902460091034756e-01
1.756746182562696768e-01
1.732804891901249533e-01
1.709079746369279729e-01
1.685571810542016435e-01
1.662282056497165483e-01
1.639211364800474968e-01
1.616360525807168380e-01
1.593730240784306251e-01
1.571321123363562666e-01
1.549133700704527772e-01
1.527168414985992650e-01
1.505425624828468367e-01
1.483905606779400976e-01
1.462608556676700533e-01
1.441534591418438260e-01
1.420683750392738309e-01
1.400055997023265941e-01
1.379651220626608998e-01
1.359469237740177916e-01
1.339509794132856535e-01
1.319772566189226226e-01
1.300257162842469172e-01
1.280963127147731195e-01
1.261889938103772923e-01
1.243037012331605351e-01
1.224403705756659244e-01
1.205989315543609663e-01
1.187793081646263821e-01
1.169814188627401608e-01
1.152051767449639719e-01
1.134504897142294411e-01
1.117172606530239393e-01
1.100053876011442555e-01
1.083147639242370702e-01
1.066452784849897389e-01
1.049968158072122487e-01
1.033692562516299596e-01
1.017624761736914130e-01
1.001763480923706651e-01
9.861074085239709963e-02
9.706551978298726124e-02
9.554054685488902465e-02
9.403568084258231985e-02
9.255077746996384636e-02
9.108568956998211452e-02
8.964026722676401993e-02
8.821435792660031749e-02
8.680780670326483650e-02
8.542045627313984979e-02
8.405214718108355854e-02
8.270271793472579180e-02
8.137200513392175982e-02
8.005984360671677957e-02
7.876606653532383651e-02
7.749050557816052065e-02
7.623299099736344231e-02
7.499335177360771931e-02
7.377141572245597689e-02
7.256700961236796366e-02
7.137995926960047366e-02
7.021008968789901883e-02
6.905722513473329383e-02
6.792118925082221703e-02
6.680180514979215667e-02
6.569889551426812135e-02
6.461228268870150560e-02
6.354178877117962199e-02
6.248723569721494064e-02
6.144844532849649127e-02
6.042523953232826345e-02
5.941744026194303169e-02
5.842486963221121821e-02
5.744734999411493098e-02
5.648470400503983330e-02
5.553675469853149027e-02
5.460332555007271771e-02
5.368424053943167407e-02
5.277932421269816710e-02
5.188840174121037152e-02
5.101129897701144750e-02
5.014784250703354512e-02
4.929785970441312448e-02
4.846117877867225920e-02
4.763762882169769036e-02
4.682703985339748548e-02
4.602924286475538335e-02
4.524406985765096895e-02
4.447135388487633012e-02
4.371092908559492257e-02
4.296263072155372120e-02
4.222629520891318239e-02
4.150176015044505090e-02
4.078886436424671719e-02
4.008744791117045680e-02
3.939735212176783546e-02
3.871841961974634150e-02
3.805049434502471434e-02
3.739342157496532149e-02
3.674704794393408858e-02
3.611122146165476193e-02
3.548579153007457021e-02
3.487060895845008751e-02
3.426552597787548698e-02
3.367039625399189523e-02
3.308507489852934719e-02
3.250941847970308801e-02
3.194328503140737158e-02
3.138653406143934038e-02
3.083902655865089493e-02
3.030062499855231198e-02
2.977119334862324621e-02
2.925059707220603253e-02
2.873870313156424994e-02
2.823537999028166365e-02
2.774049761421092455e-02
2.725392747232859014e-02
2.677554253624271977e-02
2.630521727931894177e-02
2.584282767449892423e-02
2.538825119237876279e-02
2.494136679762955569e-02
2.450205494525137945e-02
2.407019757638468802e-02
2.364567811299854785e-02
2.322838145270740215e-02
2.281819396234259500e-02
2.241500347157632939e-02
2.201869926581708978e-02
2.162917207852575741e-02
2.124631408356402254e-02
2.087001888659672372e-02
2.050018151640515054e-02
2.013669841569344296e-02
1.977946743176760627e-02
1.942838780665721160e-02
1.908336016701565885e-02
1.874428651371665144e-02
1.841107021126657181e-02
1.808361597680704577e-02
1.776182986907602970e-02
1.744561927692037800e-02
1.713489290788793029e-02
1.682956077633210659e-02
1.652953419155080150e-02
1.623472574574864880e-02
1.594504930172047433e-02
1.566041998056596704e-02
1.538075414915012970e-02
1.510596940764003318e-02
1.483598457666182591e-02
1.457071968466900139e-02
1.431009595504618287e-02
1.405403579323388774e-02
1.380246277382684086e-02
1.355530162746196483e-02
1.331247822792779555e-02
1.307391957903609320e-02
1.283955380159326753e-02
1.260931012029010284e-02
1.238311885067597262e-02
1.216091138604928103e-02
1.194262018445754747e-02
1.172817875562214181e-02
1.151752164790557226e-02
1.131058443543242475e-02
1.110730370508807539e-02
1.090761704363124238e-02
1.071146302486260596e-02
1.051878119687482162e-02
1.032951206927566236e-02
1.014359710054725527e-02
9.960978685438864194e-03
9.781600142496576708e-03
9.605405701524112258e-03
9.432340491311506231e-03
9.262350527255071991e-03
9.095382699270277913e-03
8.931384759546209459e-03
8.770305310629630466e-03
8.612093793442982675e-03
8.456700475492323621e-03
8.304076439088144829e-03
8.154173569745720024e-03
8.006944544635141020e-03
7.862342821168140025e-03
7.720322625675879978e-03
7.580838942185987549e-03
7.443847501307722728e-03
7.309304769262611919e-03
7.177167936974911643e-03
7.047394909304564165e-03
6.919944294383828867e-03
6.794775393077334864e-03
6.671848188531129265e-03
6.551123335856644421e-03
6.432562151936218123e-03
6.316126605318983338e-03
6.201779306246327922e-03
6.089483496802161611e-03
5.979203041159259803e-03
5.870902415955269252e-03
5.764546700780382241e-03
5.660101568780362066e-03
5.557533277373526842e-03
5.456808659090535245e-03
5.357895112519660795e-03
5.260760593368973490e-03
5.165373605655615083e-03
5.071703192982535656e-03
4.979718929960552307e-03
4.889390913715140410e-03
4.800689755528796988e-03
4.713586572570885314e-03
4.628052979771385238e-03
4.544061081761386137e-03
4.461583464972344350e-03
4.380593189801638282e-03
4.301063782917730581e-03
4.222969229649641346e-03
4.146283966498796533e-03
4.070982873750375770e-03
3.997041268190546816e-03
3.924434895927278628e-03
3.853139925315383126e-03
3.783132939982385579e-03
3.714390931955139936e-03
3.646891294894557753e-03
3.580611817414735762e-03
3.515530676516294157e-03
3.451626431106925939e-03
3.388878015621452165e-03
3.327264733741088637e-03
3.266766252197067857e-03
3.207362594682492980e-03
3.149034135841519665e-03
3.091761595361990338e-03
3.035526032146892549e-03
2.980308838590693937e-03
2.926091734926216693e-03
2.872856763672297295e-03
2.820586284160521429e-03
2.769262967151338815e-03
2.718869789530524352e-03
2.669390029090243453e-03
2.620807259395253278e-03
2.573105344724632964e-03
2.526268435097411575e-03
2.480280961375296717e-03
2.435127630445654921e-03
2.390793420477837009e-03
2.347263576259104277e-03
2.304523604602785099e-03
2.262559269831887661e-03
2.221356589334395372e-03
2.180901829192337903e-03
2.141181499879446677e-03
2.102182352030152173e-03
2.063891372278191770e-03
2.026295779161202577e-03
1.989383019094385745e-03
1.953140762408864251e-03
1.917556899455501564e-03
1.882619536774418623e-03
1.848316993325103399e-03
1.814637796781260132e-03
1.781570679885771278e-03
1.749104576866969797e-03
1.717228619914017368e-03
1.685932135711536639e-03
1.655204642031759318e-03
1.625035844384333005e-03
1.595415632721291577e-03
1.566334078198359202e-03
1.537781429990222899e-03
1.509748112159855181e-03
1.482224720580203447e-03
1.455202019908274523e-03
1.428670940610205333e-03
1.402622576037361327e-03
1.377048179551072435e-03
1.351939161697549149e-03
1.327287087429555477e-03
1.303083673376639840e-03
1.279320785161309256e-03
1.255990434761208386e-03
1.233084777916793875e-03
1.210596111582862072e-03
1.188516871424521440e-03
1.166839629355454714e-03
1.145557091119375022e-03
1.124662093912241279e-03
1.104147604046207785e-03
1.084006714653824388e-03
1.064232643431078191e-03
1.044818730421002420e-03
1.025758435834036057e-03
1.007045337907619019e-03
9.886731308017533519e-04
9.706356225320184137e-04
9.529267329379762516e-04
9.355404916872678365e-04
9.184710363142061136e-04
9.017126102927732834e-04
8.852595611433699456e-04
8.691063385722126071e-04
8.532474926436382431e-04
8.376776719842612007e-04
8.223916220188059361e-04
8.073841832362491653e-04
7.926502894870396951e-04
7.781849663100811210e-04
7.639833292886963334e-04
7.500405824358705783e-04
7.363520166079965670e-04
7.229130079462730294e-04
7.097190163453862390e-04
6.967655839500908792e-04
6.840483336770803585e-04
6.715629677638510495e-04
6.593052663430138370e-04
6.472710860416040074e-04
6.354563586052077665e-04
6.238570895465945457e-04
6.124693568183848776e-04
6.012893095086664945e-04
5.903131665605379020e-04
5.795372155137499441e-04
5.689578112689652354e-04
5.585713748737828428e-04
5.483743923306303499e-04
5.383634134256556165e-04
5.285350505782403880e-04
5.188859777115197806e-04
5.094129291426006349e-04
5.001126984924166149e-04
4.909821376157233377e-04
4.820181555494004190e-04
4.732177174797849543e-04
4.645778437286480719e-04
4.560956087569428613e-04
4.477681401868602480e-04
4.395926178403015321e-04
4.315662727960888675e-04
4.236863864624840258e-04
4.159502896675666261e-04
4.083553617649428747e-04
4.008990297561222877e-04
3.935787674281269110e-04
3.863920945070802178e-04
3.793365758264312707e-04
3.724098205104505225e-04
3.656094811721433916e-04
3.589332531258774910e-04
3.523788736137986317e-04
3.459441210462649101e-04
3.396268142559977416e-04
3.334248117655825672e-04
3.273360110680747993e-04
3.213583479206183631e-04
3.154897956507939083e-04
3.097283644752648561e-04
3.040721008309867470e-04
2.985190867180923077e-04
2.930674390549773160e-04
2.877153090446553916e-04
2.824608815528735083e-04
2.773023744970569502e-04
2.722380382466320489e-04
2.672661550338880157e-04
2.623850383755921083e-04
2.575930325050668603e-04
2.528885118142726535e-04
2.482698803065123278e-04
2.437355710582014010e-04
2.392840456911052044e-04
2.349137938537144597e-04
2.306233327120668858e-04
2.264112064497257072e-04
2.222759857769932327e-04
2.182162674486378339e-04
2.142306737907234519e-04
2.103178522356892043e-04
2.064764748661065128e-04
2.027052379663444833e-04
1.990028615827483323e-04
1.953680890914287504e-04
1.917996867740821409e-04
1.882964434014745142e-04
1.848571698242317668e-04
1.814806985714864413e-04
1.781658834562288400e-04
1.749115991884305952e-04
1.717167409945830015e-04
1.685802242445425469e-04
1.655009840849425335e-04
1.624779750793138241e-04
1.595101708547187421e-04
1.565965637547522208e-04
1.537361644989616459e-04
1.509280018482270452e-04
1.481711222764175626e-04
1.454645896479140341e-04
1.428074849009653043e-04
1.401989057368213611e-04
1.376379663144446368e-04
1.351237969509234808e-04
1.326555438271678647e-04
1.302323686989637032e-04
1.278534486132870457e-04
1.255179756299130782e-04
1.232251565477935002e-04
1.209742126366621139e-04
1.187643793733988827e-04
1.165949061831882903e-04
1.144650561853716723e-04
1.123741059440312360e-04
1.103213452228676025e-04
1.083060767447945771e-04
1.063276159557646381e-04
1.043852907928657909e-04
1.024784414566792400e-04
1.006064201878406633e-04
9.876859104754215379e-05
9.696432970204114259e-05
9.519302321125601852e-05
9.345406982089346861e-05
9.174687875871606146e-05
9.007087003422941773e-05
8.842547424213756597e-05
8.681013236942319291e-05
8.522429560574824934e-05
8.366742515761161464e-05
8.213899206551303713e-05
8.063847702476222988e-05
7.916537020935655682e-05
7.771917109922940852e-05
7.629938831041317097e-05
7.490553942849310020e-05
7.353715084507553659e-05
7.219375759708190226e-05
7.087490320915533460e-05
6.958013953877209242e-05
6.830902662433144170e-05
6.706113253591601260e-05
6.583603322871381858e-05
6.463331239929409893e-05
6.345256134428343584e-05
6.229337882182461189e-05
6.115537091535846548e-05
6.003815090006253636e-05
5.894133911160990376e-05
5.786456281734095704e-05
5.680745608984343026e-05
5.576965968273689742e-05
5.475082090879976110e-05
5.375059352029990916e-05
5.276863759145777346e-05
5.180461940310884171e-05
5.085821132948135980e-05
4.992909172694736324e-05
4.901694482488476559e-05
4.812146061852561702e-05
4.724233476366811331e-05
4.637926847346584804e-05
4.553196841691937064e-05
4.470014661937088250e-05
4.388352036469156918e-05
4.308181209937731815e-05
4.229474933823959614e-05
4.152206457197812190e-05
4.076349517631101582e-05
4.001878332282431117e-05
3.928767589144732810e-05
3.856992438449869081e-05
3.786528484232026706e-05
3.717351776042538585e-05
3.649438800820585321e-05
3.582766474905111416e-05
3.517312136198590767e-05
3.453053536471820426e-05
3.389968833808926105e-05
3.328036585186964596e-05
3.267235739197430649e-05
3.207545628895460489e-05
3.148945964781509267e-05
3.091416827909083942e-05
3.034938663121276685e-05
2.979492272410168188e-05
2.925058808391980410e-05
2.871619767910230567e-05
2.819156985748109335e-05
2.767652628460985282e-05
2.717089188315931214e-05
2.667449477346266098e-05
2.618716621513442468e-05
2.570874054974707590e-05
2.523905514455155336e-05
2.477795033724431006e-05
2.432526938172107709e-05
2.388085839482198447e-05
2.344456630406841540e-05
2.301624479633263687e-05
2.259574826745521943e-05
2.218293377276543482e-05
2.177766097854244963e-05
2.137979211431982507e-05
2.098919192607485429e-05
2.060572763029029300e-05
2.022926886882812691e-05
1.985968766465432271e-05
1.949685837832801610e-05
1.914065766534937105e-05
1.879096443422257877e-05
1.844765980531970940e-05
1.811062707048833315e-05
1.777975165339986505e-05
1.745492107060685923e-05
1.713602489333078448e-05
1.682295470993794292e-05
1.651560408909149715e-05
1.621386854359605181e-05
1.591764549488742364e-05
1.562683423817312246e-05
1.534133590821484250e-05
1.506105344572734306e-05
1.478589156439832621e-05
1.451575671850984005e-05
1.425055707114209508e-05
1.399020246296849254e-05
1.373460438161174104e-05
1.348367593157726842e-05
1.323733180469576308e-05
1.299548825115991407e-05
1.275806305104536093e-05
1.252497548637059529e-05
1.229614631366694238e-05
1.207149773704578140e-05
1.185095338175760394e-05
1.163443826823972076e-05
1.142187878662227253e-05
1.121320267172520135e-05
1.100833897848609766e-05
1.080721805784911942e-05
1.060977153309831047e-05
1.041593227661273798e-05
1.022563438705257988e-05
1.003881316695848304e-05
9.855405100769686118e-06
9.675347833220462890e-06
9.498580148163769988e-06
9.325041947749545691e-06
9.154674232006621584e-06
8.987419078784670659e-06
8.823219624068556839e-06
8.662020042647569285e-06
8.503765529146244904e-06
8.348402279384281789e-06
8.195877472101678021e-06
8.046139250994819659e-06
7.899136707091083739e-06
7.754819861449537119e-06
7.613139648164890042e-06
7.474047897697310909e-06
7.337497320490001008e-06
7.203441490901993401e-06
7.071834831421401040e-06
6.942632597175794708e-06
6.815790860722682069e-06
6.691266497115493485e-06
6.569017169243535568e-06
6.449001313443542452e-06
6.331178125369133358e-06
6.215507546117713956e-06
6.101950248617399062e-06
5.990467624255847093e-06
5.881021769756096106e-06
5.773575474291114902e-06
5.668092206837031913e-06
5.564536103749923196e-06
5.462871956580574330e-06
5.363065200099466575e-06
5.265081900549292169e-06
5.168888744112712564e-06
5.074453025579494661e-06
4.981742637234361804e-06
4.890726057941650343e-06
4.801372342427719595e-06
4.713651110761542093e-06
4.627532538028830706e-06
4.542987344188760655e-06
4.459986784124304616e-06
4.378502637869424921e-06
4.298507201012717968e-06
4.219973275283279981e-06
4.142874159298786357e-06
4.067183639495086780e-06
3.992875981209059097e-06
3.919925919931998871e-06
3.848308652720002259e-06
3.777999829763391610e-06
3.708975546106466959e-06
3.641212333522868910e-06
3.574687152533862667e-06
3.509377384579755442e-06
3.445260824328003820e-06
3.382315672123803492e-06
3.320520526580305170e-06
3.259854377301970534e-06
3.200296597741175773e-06
3.141826938186617690e-06
3.084425518878790422e-06
3.028072823251194879e-06
2.972749691295333156e-06
2.918437313047070488e-06
2.865117222190346412e-06
2.812771289782158612e-06
2.761381718085612909e-06
2.710931034521167813e-06
2.661402085725100319e-06
2.612778031720312826e-06
2.565042340187028967e-06
2.518178780846049101e-06
2.472171419938332511e-06
2.427004614809286852e-06
2.382663008589048451e-06
2.339131524973083498e-06
2.296395363095120063e-06
2.254439992495961276e-06
2.213251148183134748e-06
2.172814825781203312e-06
2.133117276769877508e-06
2.094145003810698066e-06
2.055884756157168079e-06
2.018323525150814122e-06
1.981448539796156541e-06
1.945247262422620471e-06
1.909707384418202830e-06
1.874816822045916877e-06
1.840563712336482651e-06
1.806936409053864151e-06
1.773923478736141626e-06
1.741513696807965136e-06
1.709696043764716018e-06
1.678459701425851674e-06
1.647794049256517189e-06
1.617688660757361736e-06
1.588133299918904828e-06
1.559117917741743908e-06
1.530632648819848125e-06
1.502667807986522155e-06
1.475213887021447884e-06
1.448261551417949920e-06
1.421801637209513807e-06
1.395825147853516452e-06
1.370323251173380013e-06
1.345287276354849064e-06
1.320708710998529824e-06
1.296579198225361728e-06
1.272890533835563260e-06
1.249634663518715699e-06
1.226803680116370107e-06
1.204389820932822121e-06
1.182385465095624940e-06
1.160783130965711972e-06
1.139575473591880293e-06
1.118755282215458055e-06
1.098315477817261283e-06
1.078249110711318534e-06
1.058549358181957513e-06
1.039209522164083159e-06
1.020223026965637761e-06
1.001583417032275932e-06
9.832843547521326125e-07
9.653196183010068244e-07
9.476830995276378316e-07
9.303688018758659791e-07
9.133708383464683464e-07
8.966834294958249806e-07
8.803009014700278475e-07
8.642176840768334141e-07
8.484283088908686867e-07
8.329274073948662180e-07
8.177097091543683511e-07
8.027700400254385375e-07
7.881033203959837693e-07
7.737045634582032487e-07
7.595688735131027606e-07
7.456914443062109860e-07
7.320675573933899425e-07
7.186925805363173076e-07
7.055619661279666251e-07
6.926712496457570069e-07
6.800160481340681976e-07
6.675920587142812440e-07
6.553950571209511912e-07
6.434208962663298645e-07
6.316655048300293304e-07
6.201248858746338953e-07
6.087951154869143088e-07
5.976723414438353641e-07
5.867527819023705225e-07
5.760327241139393634e-07
5.655085231620023851e-07
5.551766007228693790e-07
5.450334438490245862e-07
5.350756037742781993e-07
5.252996947418754220e-07
5.157023928531685234e-07
5.062804349367163628e-07
4.970306174398843919e-07
4.879497953389135748e-07
4.790348810697370625e-07
4.702828434785094949e-07
4.616907067903832451e-07
4.532555495984218661e-07
4.449745038697899924e-07
4.368447539708386933e-07
4.288635357097227146e-07
4.210281353966164177e-07
4.133358889209224704e-07
4.057841808454995466e-07
3.983704435175336950e-07
3.910921561953925304e-07
3.839468441915250352e-07
3.769320780311434907e-07
3.700454726261867293e-07
3.632846864643002756e-07
3.566474208127351725e-07
3.501314189367962394e-07
3.437344653325250896e-07
3.374543849734476006e-07
3.312890425709348980e-07
3.252363418483781755e-07
3.192942248281582661e-07
3.134606711322504317e-07
3.077336972950326207e-07
3.021113560890201904e-07
2.965917358627719094e-07
2.911729598909231965e-07
2.858531857359147661e-07
2.806306046218806442e-07
2.755034408193544351e-07
2.704699510416891024e-07
2.655284238522516426e-07
2.606771790824795285e-07
2.559145672607127872e-07
2.512389690512995287e-07
2.466487947040158490e-07
2.421424835135328127e-07
2.377185032888093926e-07
2.333753498320450755e-07
2.291115464273601913e-07
2.249256433385740912e-07
2.208162173163625208e-07
2.167818711143969583e-07
2.128212330141289283e-07
2.089329563584192733e-07
2.051157190938133276e-07
2.013682233208821220e-07
1.976891948529217915e-07
1.940773827828620297e-07
1.905315590577250208e-07
1.870505180613202062e-07
1.836330762041515352e-07
1.802780715211243823e-07
1.769843632762206586e-07
1.737508315749615451e-07
1.705763769834432812e-07
1.674599201545180461e-07
1.644004014608427955e-07
1.613967806346473984e-07
1.584480364139043325e-07
1.555531661952714915e-07
1.527111856929989267e-07
1.499211286044152594e-07
1.471820462813269938e-07
1.444930074074347800e-07
1.418530976817063576e-07
1.392614195075651740e-07
1.367170916875604447e-07
1.342192491238686116e-07
1.317670425241463285e-07
1.293596381126811887e-07
1.269962173469439284e-07
1.246759766393864629e-07
1.223981270839860358e-07
1.201618941881999214e-07
1.179665176095866844e-07
1.158112508971914433e-07
1.136953612379039594e-07
1.116181292071632605e-07
1.095788485243770236e-07
1.075768258128272404e-07
1.056113803638624650e-07
1.036818439054869303e-07
1.017875603751183775e-07
9.992788569652476095e-08
9.810218756083523552e-08
9.630984521157161201e-08
9.455024923352130537e-08
9.282280134561915764e-08
9.112691419742533924e-08
8.946201116951950706e-08
8.782752617737923262e-08
8.622290347893080774e-08
8.464759748558623928e-08
8.310107257673885146e-08
8.158280291763636589e-08
8.009227228061574950e-08
7.862897386955425979e-08
7.719241014757194515e-08
7.578209266787980059e-08
7.439754190763033759e-08
7.303828710498161168e-08
7.170386609894475912e-08
7.039382517229144010e-08
6.910771889726574180e-08
6.784510998415176047e-08
6.660556913256493698e-08
6.538867488552102527e-08
6.419401348608170843e-08
6.302117873675455427e-08
6.186977186129898114e-08
6.073940136918718241e-08
5.962968292248080211e-08
5.854023920515178367e-08
5.747069979479370456e-08
5.642070103666280212e-08
5.538988592004361529e-08
5.437790395686957346e-08
5.338441106253587879e-08
5.240906943890893681e-08
5.145154745947941562e-08
5.051151955660903824e-08
4.958866611083003355e-08
4.868267334215178397e-08
4.779323320342191858e-08
4.692004327552968949e-08
4.606280666461970166e-08
4.522123190110936621e-08
4.439503284064896426e-08
4.358392856675231779e-08
