1.000000000000000072e-18
1.000000000000000072e-18
1.000000000000000072e-18
1.000000000000000072e-18
1.000000000000000072e-18
1.000000000000000072e-18
1.000000000000000072e-18
1.000000000000000072e-18
1.000000000000000072e-18
1.000000000000000072e-18
1.000000000000000072e-18
1.000000000000000072e-18
1.000000000000000072e-18
1.000000000000000072e-18
1.000000000000000072e-18
1.000000000000000072e-18
1.000000000000000072e-18
1.000000000000000072e-18
1.000000000000000072e-18
1.000000000000000072e-18
1.000000000000000072e-18
1.000000000000000072e-18
1.000000000000000072e-18
1.000000000000000072e-18
1.000000000000000072e-18
1.000000000000000072e-18
1.000000000000000072e-18
1.000000000000000072e-18
1.000000000000000072e-18
1.000000000000000072e-18
1.000000000000000072e-18
1.000000000000000072e-18
9.450977911314403790e-02
4.545957132647986398e-01
2.103301724968311137e-01
1.856588448942960712e-01
3.699882889419465127e-07
6.301952818773066678e-01
7.458834085531004243e-01
3.326907442598066873e-16
1.000000000000000072e-18
1.000000000000000072e-18
1.000000000000000072e-18
1.000000000000000072e-18
1.000000000000000072e-18
1.000000000000000072e-18
1.000000000000000072e-18
5.964024509070318947e-02
1.314991025699315252e-01
1.162619516972319411e-01
1.781463510321683319e-01
1.707462948409970982e-01
1.188088448760304117e-01
1.000000000000000072e-18
1.000000000000000072e-18
1.000000000000000072e-18
1.000000000000000072e-18
1.000000000000000072e-18
1.000000000000000072e-18
1.000000000000000072e-18
5.013912078427116251e-18
4.149482463112907915e-02
7.399536085812870312e-02
7.032340711104155376e-08
1.662453961539170910e-01
7.117915086966611349e-02
2.263283822638915699e-01
2.159379154738655382e-02
1.000000000000000072e-18
1.000000000000000072e-18
1.000000000000000072e-18
1.000000000000000072e-18
1.000000000000000072e-18
1.000000000000000072e-18
1.000000000000000072e-18
1.000000000000000072e-18
1.000000000000000072e-18
1.000000000000000072e-18
1.000000000000000072e-18
1.000000000000000072e-18
1.000000000000000072e-18
1.000000000000000072e-18
1.000000000000000072e-18
1.000000000000000072e-18
1.000000000000000072e-18
1.000000000000000072e-18
1.000000000000000072e-18
1.000000000000000072e-18
1.000000000000000072e-18
1.000000000000000072e-18
1.000000000000000072e-18
1.000000000000000072e-18
1.000000000000000072e-18
1.000000000000000072e-18
1.000000000000000072e-18
1.000000000000000072e-18
1.000000000000000072e-18
1.000000000000000072e-18
1.000000000000000072e-18
1.000000000000000072e-18
4.085908089789718115e-14
1.627870659829643699e-18
7.899566394052771262e-08
1.634621858699912852e-17
3.390998872085478066e-02
9.659895205863390037e-15
7.070782115838445021e-03
1.114571395327797754e-01
3.197871881829089704e-18
1.254833615923779113e-03
7.284133322535136764e-05
1.618632302890268804e-04
3.180639942271147255e-03
3.744981709591962932e-16
1.005909296654161386e-15
8.324262258829515489e-14
2.875835887841036349e-12
4.931265727765850010e-16
1.047874395346655522e-04
3.545118415586600516e-16
1.343561424930120605e-07
2.834445604416099308e-03
2.752030632709849718e-03
7.369964150951229497e-04
5.880387888725600865e-04
1.032232836279365100e-04
1.646636866162453155e-10
1.774430665405852495e-12
2.992270670137733499e-03
1.523028467459617771e-02
1.290962752230629396e-01
1.605523956713647560e-02
1.975627173666751404e-02
5.646250565504494588e-04
4.075901718971883161e-04
5.211805795560169041e-02
1.120612053840180228e-02
3.410082422841125005e-02
4.809165634543047241e-02
1.686269858481996564e-02
4.237352817143400690e-04
1.105850272417682615e-03
5.136225603695044164e-04
8.087874197282837740e-02
7.298536359178750543e-03
8.835077859616204815e-03
2.944442125680048206e-03
4.657370686789733677e-03
1.767674668205495778e-02
5.743337270031138560e-04
8.538938891032720954e-03
1.479096022554712495e-02
3.661535206457266697e-03
5.767165438235988609e-03
1.879894990694581068e-03
4.563351477147183956e-03
1.954146489064881309e-02
1.606324406639849517e-03
3.850866673736928541e-04
4.648820075781992566e-04
3.228509601955774355e-02
7.346204925209809866e-04
2.735814050943175500e-03
7.341853427753551944e-03
1.054348766696279038e-03
4.016914969317677553e-01
5.186748139322653814e-03
4.230681078917743676e-04
3.343697517626482117e-03
7.078225759917192161e-03
7.491886719182178772e-03
2.678115187632720273e-01
2.579211115478003552e-03
1.125527061006887123e-03
5.689725446037920652e-03
1.467448235185931857e-02
3.733383425927878918e-02
1.649617436241875706e-02
8.848443511075460705e-03
1.686525309122745286e-02
2.121096810364723334e-02
1.271647911275762197e-03
1.241380095490151117e-02
4.562713321488057021e-03
3.185132320676595241e-02
5.341681788271476078e-02
1.978571887026300269e-01
1.608537511629286668e-02
1.877000131372574820e-02
5.690232021496148540e-02
8.781682451678547718e-02
4.005819608377533814e-02
2.032019093556107839e-02
2.354622346440246074e-03
7.043905370323866669e-03
4.121878313394584416e-03
1.467056377690468746e-02
4.398222999276230061e-01
5.116171781354002246e-02
2.460225992921013030e-02
2.623017272780723413e-02
3.595592185447245986e-02
1.305878136995286543e-02
1.538594470571519844e-02
4.817531506345706926e-02
3.445865133965358290e-02
4.075843661267768148e-02
4.110253173156044187e-02
2.245432651688736292e-02
4.533830638972315835e-02
7.285547108898735372e-03
5.564768130226678544e-02
5.938824650321297000e-02
2.620068312414189360e-02
4.972009758696536996e-02
5.163066913841647676e-02
7.816548550857885802e-01
3.209770585375055357e-02
1.804038086911777944e-02
6.448242607808937592e-03
5.878239021365418149e-02
8.434393285313730726e-02
8.045837752995141368e-02
9.433989648821899943e-02
1.135077039277072007e-02
1.031399235909860775e-02
5.735068269008812905e-03
2.217702723321776093e-01
1.079818430721971811e+00
9.847491949303925629e-02
6.028237088953362910e-02
3.609733600558331368e-01
5.238883364932053061e-03
1.577972403931981321e-02
5.175980930972456408e-03
2.367474610358252796e-02
1.014128137749267383e-01
4.639589658313744008e-02
7.829200652139057803e-01
1.376367445840948611e-01
3.005444990277164607e-02
5.221571779958572926e-03
2.454051403316655222e-01
5.275648085597666945e-03
2.393279187706513766e-02
5.141656721135637320e-02
4.747033111714317466e-02
3.069321435867545383e-02
1.007111276561527130e-01
4.374694027503425037e-02
1.050364253416921745e+00
5.215154659935248432e-02
1.966872376208937331e-02
2.051171676873560570e-02
3.450566880605059061e-02
3.207539849544944338e-02
1.408582521063408421e-01
6.212704509795068109e-02
8.208140255146195718e-02
1.080156686393286547e-01
2.184414031262757461e-02
3.768152792114354277e-02
6.734358043581425424e-01
3.417642123182561276e-02
1.019495479617442135e-01
1.067519934134444570e+00
5.186443587452549409e-01
7.315625146594462169e-02
6.057120283744487493e-02
3.796503426968216022e-02
2.605935850538504406e-02
4.328216604184925015e-02
3.403506670614836471e-01
2.144047353115581256e-01
1.340316443183466322e-01
2.135913016461424840e-01
2.812573664312089661e-01
1.009549273963466914e-01
8.172200051630504891e-01
1.406743801935218530e-01
2.848877875515347033e-02
5.391944829170911557e-01
3.862637380551472988e-02
1.380140519506062868e-01
1.691764831773760747e-01
1.066303130354732120e-01
1.686810397089372748e-01
1.678474000809240529e-01
2.982027578425183387e-02
2.832398957698559205e-02
5.390982452537206732e-02
2.457543724498444798e-02
1.689314180609437221e-01
1.637115145720535458e-01
1.286205407337708551e-01
2.102918018953989221e-01
2.716147589891839548e-02
1.883137883918727939e-01
7.808693775612982058e-02
2.668383640044951211e-01
1.286526364051229776e-01
2.393376029072327160e-01
2.172008476823704681e-01
1.703175229840953875e-01
2.657988820530801655e-01
4.197894761844467998e-02
7.324069634829195874e-02
7.037422527923693771e-02
1.880897638384116388e-01
1.933979638632279396e-01
1.728351960082159522e-01
2.403800896122579300e-01
3.406782354220661696e-02
2.760767981882512601e-01
5.135037397799695202e-02
7.163452825045402150e-02
1.722597829046352280e-01
1.682233643121907318e-01
4.024669211201837085e-03
3.985362451058182542e-01
8.499688326407447980e-03
1.908180927381075698e-01
2.676636273422271922e-02
1.210971575607430045e-02
1.688381362917451382e-03
2.831794444943296291e-04
1.141238521245912380e-01
6.043727418740039992e-02
2.632310135417897067e-04
7.599119381820606048e-03
2.577728702889432039e-03
1.164981709003474336e-02
2.698528144276442220e-02
4.026716639572306203e-03
4.472276137439615967e-02
3.491494868781909455e-02
3.701946147213283078e-01
2.482069906529962844e-01
2.410946443168767162e-01
3.674878931863798928e-04
4.788172816836739482e-02
1.295960622846507697e-02
1.468474485720146043e-02
4.789231594724144975e-02
8.700204191266544540e-02
1.109730595439026579e-01
1.084478448710355369e-01
8.107296946788578040e-02
6.388656343415080596e-02
7.647781094367009369e-02
2.744798081053456684e-01
4.547817520549265330e-02
1.715196183078433467e-01
1.160485709878403604e+00
2.587143728919445440e-01
1.938897229145991608e-01
9.571840098572570454e-02
8.825035488483845558e-02
7.387743439668721657e-02
5.302470631958797198e-02
2.301024657734870305e-01
1.823641847683340478e-01
2.439900129264479522e-01
2.905937957952490769e-01
1.449343978169149727e-01
1.111225699258238109e-01
5.588171858066083575e-02
1.764244369675080082e-01
2.809833006351690754e-01
1.744539529997590765e-01
1.807134441952267523e-01
1.008537443441388737e+00
5.968831047215447660e-02
8.303214051122891071e-02
5.959218837775538680e-02
9.310779054450593617e-02
2.465462762110380290e-01
3.027373754715012577e-01
3.233769917552921647e-01
4.129205946393575410e-01
8.667155261533934785e-02
1.169334175985123347e-01
6.104483000262991843e-02
1.237734237576662427e-01
2.137219857741192164e-01
4.627735401483137334e-01
2.432341358228050088e-01
4.795277204980639141e-01
8.852069529963949024e-02
7.687087410279655475e-02
6.910075665948317569e-02
9.984642495143764007e-02
2.341748111520856046e-01
3.227793627167043766e-01
3.076044958552331399e-01
2.732855073423297032e-01
5.131885103946918214e-01
1.556200096702805846e-01
1.044288666200047511e-01
2.870154837225204481e-01
8.639844800184344198e-01
3.260738917272288928e-01
7.678955592737932712e-01
3.159760419762367434e-01
1.721562709643134625e-01
7.867764566597394704e-02
1.382117298958375207e-01
6.845600880316862757e-02
3.761279010571572101e-01
3.820654716924256622e-01
2.609007159158701072e-01
4.773159358566555488e-01
5.130286149018273845e-01
1.141156344126288691e-01
7.775303018294216217e-02
2.926739816095895175e-01
2.984816110639952336e-01
3.780694885361430835e-01
3.103229528312068108e-01
4.766177307161689747e-01
8.484460646534694450e-02
1.810023088133749514e-01
9.255828995407038018e-02
7.183109158477316014e-02
3.313283667804013954e-01
5.447226392099810965e-01
3.005466953078045345e-01
3.383344034390222133e-01
1.321196923319353234e-01
7.096846855565037970e-02
1.584159373673508231e-01
4.455226000869109693e-01
1.161449978604023991e+00
2.914101354812843603e-01
1.173477822438489415e+00
2.949502238114069530e-01
1.002249207662214564e-01
7.762118237981162350e-02
1.950009554386190613e-01
1.102811711092549773e-01
3.311359702314773945e-01
3.585991300242966640e-01
4.441128324995072263e-01
3.302599054840340553e-01
7.602072747451954493e-02
7.449488582199642606e-02
3.122863864506889575e-01
1.568867959577768534e-01
2.465538016983062630e-01
2.097545218658380395e-01
3.904625921583342318e-01
6.448927694167122526e-01
9.697114875018895963e-02
9.707531252440619596e-02
1.029430446372217867e-01
8.862576920643890077e-02
1.901443428245296330e-01
1.861411118600540537e-01
8.671235978660736254e-01
4.576724405021869169e-01
5.762460308190867422e-04
9.924904743097658403e-05
1.560772522746521063e-01
1.412491782908451010e-01
2.772336317420701773e-02
1.238899451581799982e-01
5.653398330462646587e-02
9.132169787278335391e-05
1.299411406909314339e-04
2.471256651122765639e-04
7.955347446910288056e-02
1.256959122819221533e-05
2.513039643850229899e-06
2.060888642724027376e-06
1.279451192232786592e-07
1.708772315242161744e-06
8.239679155664770039e-06
1.044020457351643727e-02
1.632474010673485090e-02
6.452185981300420246e-05
1.475494639925397122e-05
2.569862510660776320e-05
4.371472983846829498e-05
4.821910215862783809e-03
3.557778950855165767e-02
6.866480778713109079e-02
1.673332150691431153e-03
6.338391289189353184e-02
1.192884129343725142e-04
6.398492597996070785e-02
5.025651468351994833e-01
4.754183991519888020e-01
1.674792657747222260e-02
4.742989802237548846e-02
4.473130089435704837e-02
6.445716547522928330e-02
5.928196506232641383e-02
2.128388439322594916e-01
2.171973446111788442e-01
1.851741379015456324e-01
4.396778179388317193e-02
6.914946981095121403e-02
4.175688655410817601e-02
8.644492657451514905e-02
2.769613897202000685e-01
1.913579372562077829e-01
3.521655731624689922e-01
2.172908744875202969e-01
8.894975669053788170e-02
6.972329551151171256e-02
8.064174412230573630e-02
1.160905873512334818e-01
4.437229881334937009e-01
3.598284566076199731e-01
4.122564171289739843e-01
5.409024282398181560e-01
6.506659258157035386e-02
9.256215506691659045e-02
9.870345870448021808e-02
9.928259274188905303e-02
3.156280917194897451e-01
3.130829515274932140e-01
3.323976904499538754e-01
3.148001823392238552e-01
1.371077765306837337e-01
9.144262141784095799e-02
9.552635958015648354e-02
1.152682565489838440e-01
5.471672758082477550e-01
4.516549506403678693e-01
5.724564960346547604e-01
5.911689436698044364e-01
1.474487810626586570e-01
8.806342562220002834e-02
8.220585941000595198e-02
9.080399526338217564e-02
4.003870330627774532e-01
4.459617887405815662e-01
5.391516633108615064e-01
4.071243165185470247e-01
1.205599927580410236e-01
1.414973947711353208e-01
1.002510510609087996e-01
7.671946795768393168e-02
6.530473912621552746e-01
5.969251287259312866e-01
6.104122733664447686e-01
6.650812541491945007e-01
1.414608355572627985e-01
1.022271228593320952e-01
7.962722082868277373e-02
7.537670710849153632e-02
5.389383600772522653e-01
4.872114989739467772e-01
5.642442007165868745e-01
5.061399870075374841e-01
8.063148219851321019e-02
9.691471459419340184e-02
8.138259184101366561e-02
1.690209146997628809e-01
6.028801240159472608e-01
5.669507058428598922e-01
6.382907584903598774e-01
6.494541731930331130e-01
7.089443607612497256e-02
9.116913330154949313e-02
1.464617490822616164e-01
6.534255122933960158e-02
6.314045180868415041e-01
6.476230568506342600e-01
6.204169603444870118e-01
6.481741090629000723e-01
5.891435079470212777e-02
6.053843909886742758e-02
7.704435498038041119e-02
6.970258956109492976e-02
6.679878107802077469e-01
6.129895613667246668e-01
6.145168980277229132e-01
6.216463380926154914e-01
2.374250612470018840e-01
5.926400141622707729e-02
1.519713115979116069e-01
1.202384095571189804e-01
5.388977549993541061e-01
5.664714598351751063e-01
4.919784955378289082e-01
6.067529025468978432e-01
4.612769662247771102e-02
6.377871041756580373e-02
4.613589013814790862e-02
5.960676503695932354e-02
6.828119546090449798e-01
6.295050738726317707e-01
6.475505081082949532e-01
7.594904936036497300e-01
4.741441076685484757e-02
1.072181522164828149e-01
6.878094587958402673e-02
7.492530852081290271e-02
6.350658392239096894e-01
5.518582435638481609e-01
6.445354771308052788e-01
7.737799511789027473e-01
3.901101149059615913e-02
5.402582835028505587e-02
5.419736207689184598e-02
5.719108523907392994e-02
5.869382592624927675e-01
6.133754040435408506e-01
5.635130947212606545e-01
5.662953524459750643e-01
5.560555491573149905e-02
2.833598863424666159e-01
4.157853858352014709e-02
3.617993890750744596e-02
4.315933363185449623e-01
5.396954001916425270e-01
5.910874600010539437e-01
4.112875851350212830e-01
4.309679057742514530e-02
3.993773343103028395e-02
2.565640231667246085e-02
2.591242206164247330e-02
5.886977859813140590e-01
5.964458414093321004e-01
6.628605029932619352e-01
7.314264130861980462e-01
2.762386980439710676e-02
2.984281375365281652e-02
1.418387881214367985e-01
2.598023050129834310e-02
3.844164883238222474e-01
5.515584986852672955e-01
7.385881049550908628e-01
7.956613654743746045e-01
1.543944945374287753e-02
1.576236603022195676e-02
1.521829794713790325e-02
1.519377381501002891e-02
4.102085137373307488e-01
4.614759129661258341e-01
4.038867080144464272e-01
5.487560057107243594e-01
2.478606422837228984e-02
1.898619987906562459e-02
2.466984785013266041e-02
3.081339911767967676e-02
7.625271606703587501e-01
3.184681055832148666e-01
5.002025558429217256e-01
4.859836119087133088e-01
2.854225816271869220e-01
1.314692805190233529e-02
1.436882677826583077e-01
4.414789632827370580e-02
3.668381588838922069e-01
4.372693497186533884e-01
3.787030616007180939e-01
4.371657948818114536e-01
2.194981683885626009e-03
7.577038165572535199e-03
2.218641301898720275e-02
6.774070310956859312e-03
6.052074167081589184e-01
2.547075291757960325e-01
5.123833648038775834e-01
1.867231224172652415e-01
6.694995792345781460e-03
1.999476923276721427e-02
6.449887332868850173e-03
1.091573338958153061e-01
2.100657385534204225e-01
2.672568397641952864e-01
4.135487314273359472e-01
1.038095945040166668e-01
2.309581340466067452e-03
9.069168516519557875e-05
2.183419270969954619e-03
3.500511358149381233e-03
8.065425145540744412e-02
7.224359169209781245e-03
1.397222176864733600e-01
2.633632252691202602e-01
5.292600806635811237e-08
4.819951967711507876e-04
4.630773161657761208e-05
4.498848392811076805e-03
4.962310515221339535e-02
1.622626883160119613e-05
1.875832227342295075e-04
3.879100282767901017e-03
1.217780250414162037e-08
1.294589924491396123e-11
1.685634533840505095e-03
4.045810347176033526e-04
9.121359477806827739e-05
6.481475564310237858e-02
3.852488868320301518e-02
3.032139004119765521e-09
9.949746717359873958e-04
3.935771352024105983e-12
4.268537779013308053e-03
3.114524000871775659e-04
7.320783694087543183e-06
6.859761302231535832e-05
1.235507222533954017e-07
1.374908681581488344e-10
1.000000000000000072e-18
1.000000000000000072e-18
1.000000000000000072e-18
1.000000000000000072e-18
8.576106129848348426e-09
6.127196082055708770e-08
1.046497311111791242e-02
1.722555347961058358e-01
1.888269639255971101e-06
3.530969020987666262e-08
9.292400830217483441e-04
6.504226109350130750e-10
2.402105346502817948e-09
3.000071884427061520e-08
6.600016297208837618e-03
1.318057715518567713e-06
5.918800901579020943e-08
8.770879790752362857e-10
1.942562285497077910e-03
3.824677071774186532e-02
2.736003072455659986e-08
7.370470704871198361e-03
1.359316996282733565e-03
3.728572021392692615e-02
4.038218674327517105e-03
2.409022201723923402e-03
3.981753582714760501e-08
3.550343022337537277e-03
8.405054716403721413e-03
1.299673517557621283e-01
8.695569906040753055e-03
1.593765941671709263e-01
6.817024049152602128e-02
1.183302803427022931e-01
7.200413145507343279e-03
1.166925707942695432e-03
4.825611510756241951e-02
1.343301673312532474e-01
2.991382667822848340e-01
3.717129540885339561e-02
1.261594720568953373e-02
5.837623300020202376e-03
7.451391548885996641e-02
5.766856344728168646e-03
4.601578633600567070e-02
5.384539102929561394e-02
1.057587355675659452e-01
2.969127791563373475e-01
3.990487142545087046e-02
1.863694707128264391e-02
6.642085198921093836e-02
5.825629617149605949e-02
2.285910024156893039e-01
1.221063373643554995e-01
8.275930060712957670e-02
2.955277389694394019e-01
2.078187018839530026e-02
2.031714094628024603e-01
3.164966712140725169e-02
3.994367916768690879e-02
8.089589350591948336e-02
2.802674989532271121e-01
1.855741208001242537e-01
9.460266444775175532e-02
4.326686427335458413e-02
2.135412627024756496e-02
5.667142578602515218e-02
3.995680268646763927e-02
2.679235511468928133e-01
2.858850445671240470e-01
1.592999927562142870e-01
1.588669201126492736e-01
4.168691826623257407e-02
7.511917477247241626e-02
4.019425851325679477e-02
4.885041512062309604e-02
1.978934057460829399e-01
3.304082075760615966e-01
1.127723838262236211e-01
1.612328837822431804e-01
7.970137564571559696e-02
6.097645154173030047e-02
6.867550905833919028e-02
1.406977110610581894e-01
2.820862083683828292e-01
3.027982926392687180e-01
1.388828244168242021e-01
3.226923031943184084e-01
6.782148548163759172e-02
7.314710286605960454e-02
7.355372379764578417e-02
6.513490171775249138e-02
2.583841480427737092e-01
4.107137384417887671e-01
2.821045844015936388e-01
3.786825473583563806e-01
7.710108703731499702e-02
3.184963942282521554e-01
2.212745076187738191e-01
6.869453769314688707e-02
1.633227416303377755e-01
1.654577862142242173e-01
2.524442787614908368e-01
1.668027487402312103e-01
9.539218628534912314e-02
1.022533971369471162e-01
1.132596185278681583e-01
1.009723740276388948e-01
2.231983968517685102e-01
4.780761262759110064e-01
3.505242356122691971e-01
4.087535238603579035e-01
2.511616355886683860e-01
3.849645685653909633e-01
1.129510675962671490e-01
1.353500364184626048e-01
2.209384496011648491e-01
1.891711269996457223e-01
1.733773147009357307e-01
1.817033904832628388e-01
1.625786109101717281e-01
1.677901672197710248e-01
1.449274170210854140e-01
1.515546410914590525e-01
2.116384599106763131e-01
4.516349820126797088e-01
5.374751371598738281e-01
2.640867372657654255e-01
6.102693152823492895e-01
2.856884703929168934e-01
7.796612124728956594e-01
9.135265603729014749e-01
1.794600571450448434e-01
2.384218794052976875e-01
1.668589905102330906e-01
1.515030181215641925e-01
2.549226557120887748e-01
2.563344862829235460e-01
3.404458653234977983e-01
2.164879797688948337e-01
2.181954982770872853e-01
2.367713692873568698e-01
1.656479411010230440e-01
2.032297403454690066e-01
3.639459667870602322e-02
7.800185192251118949e-01
4.944944621013365182e-01
6.255466168830172702e-01
1.360923404005880410e-01
1.821673739969344730e-01
1.839793738237213150e-01
2.103936558654322109e-01
2.924453911058796235e-02
6.924405581230762274e-02
2.556962681427988465e-02
4.745504756290173931e-02
1.124828990589674893e+00
6.113234479017712886e-01
7.747613493117069261e-01
5.178648766561940731e-01
1.699070517830956473e-01
1.097650074475298387e+00
1.603423818982259719e-01
1.035131755471188963e+00
1.792125721277603445e-01
1.842078357053216209e-01
2.353038022701483545e-01
1.885785446820240352e-01
1.170209914840776855e-01
1.267871241925386527e-01
1.265099484900239490e-01
1.362861428142813913e-01
5.072325713835286187e-01
4.131878887502073994e-01
3.009837402184769584e-01
6.575948315032270619e-01
4.475317921829367607e-01
1.089368410026362088e+00
5.573330631161252935e-01
5.784392497998034344e-01
1.726256628226353063e-01
1.893722600477823481e-01
2.111586777098657941e-01
1.655445636208362492e-01
1.614535885587662367e-01
1.692296262140800256e-01
1.694379328953747044e-01
1.549656349061580007e-01
1.819939287015778506e-01
9.083891272214866808e-01
7.405359210164020878e-01
1.802145820668062393e-01
1.678037244858989047e-07
1.214121058158595585e-06
8.162743592265285786e-01
1.197012391460657632e+00
1.349136632703363530e-05
9.724919261458015937e-05
8.166484919956507049e-01
1.196850989404800725e+00
1.025465522987834119e-04
7.340433633046064294e-04
8.173841980372685834e-01
1.196855682233828322e+00
3.849592912451400232e-04
2.731550468000909851e-03
8.224229136614062963e-01
1.197190060376950749e+00
1.019256032562423529e-03
7.172631836712330122e-03
8.403202678152504879e-01
1.205220837364081143e+00
2.231681850512004690e-03
1.564746782120602850e-02
1.157560998116540230e+00
7.616082275427993320e-01
2.834832666225514664e-02
3.953426398676654525e-03
1.172245019757945705e+00
7.937789897515172832e-01
4.936283977346066221e-02
6.270348781468719837e-03
1.167695266516241892e+00
7.957347353285650904e-01
9.780709345415231071e-02
6.907654590412476772e-03
1.101642496979245989e+00
6.154483634382521551e-01
3.615675983350753742e-02
4.723374515061748435e-02
8.299321823611840454e-01
1.142473009738458112e+00
3.210148681043360069e-02
9.685746425604437049e-02
8.308006647298267211e-01
1.111962543957506044e+00
1.318506761056108256e-01
4.064641280590673006e-02
1.050813884586084601e+00
8.376780496622167060e-01
1.606695185291316386e-01
5.268453613629379972e-02
8.994452543469060313e-01
8.230177441852872811e-01
1.648046303406299484e-01
6.767115794546359198e-02
4.127008740267671394e-01
4.459140154884408402e-01
2.447215667554793889e-02
1.533964909941020176e-03
2.078692616470958349e-02
3.124719179695236715e-01
4.611026899906312676e-02
3.730141612184243449e-01
2.954557154164865196e-01
1.132159379306435065e+00
8.500922764688934041e-02
4.102609448393573777e-01
4.360377219626169754e-01
1.255053290926193998e+00
1.109143349464759148e-01
4.526142949890592515e-01
4.950894543131751924e-01
1.275191572532740958e+00
1.326303406327747347e-01
4.915982599023489552e-01
5.123218684522552469e-01
1.264407132680202439e+00
1.563827713959617394e-01
5.344819456321052709e-01
5.103894300062217226e-01
1.227617948849531793e+00
1.777721966269616427e-01
5.689701142613445839e-01
4.842255287094416882e-01
1.126216598405162861e+00
1.870544544958920585e-01
5.820030569533567455e-01
3.844782447854224738e-01
8.416061211001288900e-01
1.472456289109408678e-01
5.311727502824533653e-01
1.418710488099605982e-01
1.339812104026437689e-01
1.806918635917505872e-02
2.437342355805024724e-06
1.264684466637515815e-03
3.637659305742579376e-03
1.503333157461930747e-02
5.183260929003385975e-02
4.863330369011004128e-02
2.070845234156960535e-01
6.728612310207535141e-02
2.188195146462627028e-01
9.926832584498798684e-02
4.384991740897002943e-01
1.157798793414654970e-01
3.416799286160706606e-01
1.258048478854195962e-01
5.765497579878000600e-01
1.534490539670188558e-01
4.123880856929069694e-01
1.350504434719850266e-01
6.366408612423571922e-01
1.832553573304480932e-01
4.391847449953246718e-01
1.642207123290785331e-01
5.653456579065019305e-01
1.945774488184993101e-01
5.867895989104163768e-01
7.631900623645504478e-02
7.272707820545381008e-01
2.245710390944586077e-01
4.994602064034047162e-01
6.923909107276683683e-02
6.582028436356638368e-01
2.425400985397922482e-01
4.683106073195220098e-01
5.170583100024472856e-02
5.775845149633254128e-01
2.679819360854520660e-01
3.996125260055048978e-01
3.154349770045957596e-02
5.254314995294071533e-01
2.528009124086308956e-01
3.743600369679298545e-01
1.832823016121528509e-02
3.836807987748093174e-01
2.662493770471976440e-01
2.845880025885155207e-01
8.069114696432681116e-03
2.515656081140321132e-01
2.739210310194758469e-01
1.841321070701956719e-01
2.433012672520448207e-03
1.277109467734877934e-01
2.785840603370887125e-01
8.567621807454896266e-02
3.496208694961772914e-04
3.567383947406378014e-02
2.812734930185910032e-01
1.381633637852652634e-02
4.553503850646577406e-06
2.995750237479590070e-04
1.000000000000000072e-18
2.935831613001167343e-05
1.167649687462225181e-05
1.707175987792613125e-03
1.215440412972560225e+00
1.021096230865425371e-02
8.810316743270924303e-04
2.594147670656771210e-02
1.214441752228576643e+00
4.400459562670117758e-02
5.946776301227520330e-03
8.640925756847431249e-02
1.212682210969634689e+00
8.580093737943440824e-02
1.902379224128437907e-02
1.772026173079812028e-01
1.208851024024709675e+00
1.248054699211465501e-01
4.192180622192846068e-02
2.860716261481086597e-01
1.203668761447378888e+00
1.553481669123975561e-01
7.361263130599415838e-02
3.900135002983130539e-01
1.197136499744373861e+00
1.817422660459634964e-01
1.167792579672043141e-01
4.905138764760000880e-01
1.186086960772531951e+00
1.921001531745131496e-01
1.763862025544106760e-01
5.340378867210526792e-01
1.168118408317307289e+00
1.794567095766869680e-01
3.472990556248464200e-01
2.330150249225640957e-01
8.573499857990783957e-01
2.967912842753083758e-01
5.277988868301460718e-02
1.137032683509769937e+00
1.147109207178745871e+00
2.369578399509943423e-01
1.437721861309630977e-01
1.079784749715585912e+00
1.119885198941381832e+00
2.125797235282367859e-01
1.851254920032575080e-01
1.000000000000000072e-18
