1.000000000000000072e-18
7.653596816737984542e-12
1.571173895408828248e-11
2.419206303342600457e-11
3.311295213463476046e-11
4.249356795582432720e-11
5.235388440998032060e-11
6.271472272567935513e-11
7.359778812228968304e-11
8.502570813355835891e-11
9.702207265709696157e-11
1.096114758111416339e-10
1.228195596839646611e-10
1.366730600655565585e-10
1.511998542556732928e-10
1.664290110470055643e-10
1.823908429871982734e-10
1.991169610286234509e-10
2.166403316802798803e-10
2.349953367819824415e-10
2.542178360270247080e-10
2.743452323659362004e-10
2.954165404306491928e-10
3.174724581254948800e-10
3.405554415389242568e-10
3.647097833376845014e-10
3.899816948135309845e-10
4.164193917612520549e-10
4.440731843760105869e-10
4.729955713677429718e-10
5.032413385005523167e-10
5.348676617759077164e-10
5.679342154897917164e-10
6.025032854059970887e-10
6.386398873004398280e-10
6.764118911447696673e-10
7.158901512116173955e-10
7.571486423988266271e-10
8.002646030856636891e-10
8.453186848506790799e-10
8.923951093984201527e-10
9.415818330607095629e-10
9.929707192578554535e-10
1.046657719325752840e-09
1.102743062136761008e-09
1.161331452965322149e-09
1.222532282073682796e-09
1.286459843518919831e-09
1.353233564709787558e-09
1.422978247270688247e-09
1.495824319800667176e-09
1.571908103147597404e-09
1.651372088851914524e-09
1.734365231450365797e-09
1.821043255368569010e-09
1.911568977171626142e-09
2.006112643985032337e-09
2.104852288943308088e-09
2.207974104572258042e-09
2.315672835061305707e-09
2.428152188436661906e-09
2.545625269703139611e-09
2.668315036083009847e-09
2.796454775544789907e-09
2.930288609882798053e-09
3.070072023680602826e-09
3.216072420568386059e-09
3.368569708265047634e-09
3.527856913982851843e-09
3.694240831863372840e-09
3.868042704211002631e-09
4.049598938393505637e-09
4.239261861388366941e-09
4.437400514070534699e-09
4.644401487460355371e-09
4.860669803282005618e-09
5.086629841322493832e-09
5.322726316229277354e-09
5.569425306542654558e-09
5.827215338926747205e-09
6.096608530741048331e-09
6.378141794284701246e-09
6.672378106247173923e-09
6.979907846114337145e-09
7.301350207507441900e-09
7.637354686676288938e-09
7.988602652626996086e-09
8.355809003641405402e-09
8.739723915239532743e-09
9.141134684950041532e-09
9.560867679588110268e-09
9.999790391097186985e-09
1.045881360739014875e-08
1.093889370503251597e-08
1.144103507104167328e-08
1.196629266153866089e-08
1.251577470548185035e-08
1.309064556223736282e-08
1.369212874230458652e-08
1.432151010111382199e-08
1.498014121645563446e-08
1.566944296078676371e-08
1.639090928038959267e-08
1.714611119414704785e-08
1.793670102553197952e-08
1.876441688230636584e-08
1.963108739938692049e-08
2.053863676135811823e-08
2.148909002221588778e-08
2.248457874110128003e-08
2.352734695404544268e-08
2.461975750309986784e-08
2.576429874567333922e-08
2.696359166845285642e-08
2.822039743195057729e-08
2.953762537350634720e-08
3.091834149849522676e-08
3.236577749154587697e-08
3.388334028178976507e-08
3.547462219853268121e-08
3.714341175629383385e-08
3.889370511089866146e-08
4.072971823125715780e-08
4.265589983463482592e-08
4.467694513662636407e-08
4.679781047071750262e-08
4.902372883626636648e-08
5.136022643798771115e-08
5.381314028461247216e-08
5.638863691931634941e-08
5.909323235984688599e-08
6.193381333200349775e-08
6.491765988631599925e-08
6.805246949444633777e-08
7.134638272903378505e-08
7.480801063849650659e-08
7.844646393669441401e-08
8.227138413644345457e-08
8.629297676569055633e-08
9.052204681575616599e-08
9.497003658255460652e-08
9.964906607410336131e-08
1.045719761710980983e-07
1.097523747418912595e-07
1.152046859289863897e-07
1.209442028412807125e-07
1.269871439048214393e-07
1.333507131449688471e-07
1.400531646946917981e-07
1.471138718474230703e-07
1.545534009986575783e-07
1.623935908484461024e-07
1.706576372673533489e-07
1.793701842615380222e-07
1.885574215085837849e-07
1.982471889749204784e-07
2.084690891683214781e-07
2.192546076254708242e-07
2.306372422852859975e-07
2.426526424539416530e-07
2.553387581279008136e-07
2.687360005070761201e-07
2.828874146022142239e-07
2.978388649191974882e-07
3.136392352889089878e-07
3.303406440053867975e-07
3.479986755378849835e-07
3.666726301952396104e-07
3.864257932444472357e-07
4.073257251208396648e-07
4.294445745158024949e-07
4.528594162911437453e-07
4.776526163483174766e-07
5.039122257776131329e-07
5.317324068289458856e-07
5.612138934840528803e-07
5.924644896722451352e-07
6.255996084608250434e-07
6.607428558698171867e-07
6.980266633121784158e-07
7.375929730485413015e-07
7.795939814741725345e-07
8.241929455295658584e-07
8.715650580501336912e-07
9.218983984506756607e-07
9.753949657829884277e-07
1.032271801917476588e-06
1.092762213390264481e-06
1.157117101335037735e-06
1.225606409894261623e-06
1.298520704589251039e-06
1.376172893335862837e-06
1.458900104137666016e-06
1.547065734987774015e-06
1.641061693183949198e-06
1.741310843130156360e-06
1.848269683786840438e-06
1.962431279269540400e-06
2.084328468713016696e-06
2.214537384452642353e-06
2.353681310867420373e-06
2.502434919927469418e-06
2.661528923647380341e-06
2.831755188327220059e-06
3.013972360736847057e-06
3.209112062347746660e-06
3.418185714433939851e-06
3.642292064457628458e-06
3.882625492750332740e-06
4.140485188240019969e-06
4.417285293025498182e-06
4.714566128151872676e-06
5.034006627219539085e-06
5.377438120720801075e-06
5.746859632543574162e-06
6.144454871261920885e-06
6.572611123053634319e-06
7.033940280826701730e-06
7.531302275953502548e-06
8.067831215561777994e-06
8.646964570383628402e-06
9.272475806621774128e-06
9.948510911227675680e-06
1.067962932465861413e-05
1.147084987008590205e-05
1.232770235494098712e-05
1.325628562171574863e-05
1.426333294259848611e-05
1.535628578982857340e-05
1.654337717419033875e-05
1.783372593216264523e-05
1.923744356308722616e-05
2.076575547759257879e-05
2.243113882499513545e-05
2.424747942969299763e-05
2.623025079586764608e-05
2.839671864975818231e-05
3.076617509607379919e-05
3.336020719026065447e-05
3.620300559654939323e-05
3.932172004415222393e-05
4.274686954923183395e-05
4.651281688633223689e-05
5.065831862972244170e-05
5.522716431753544046e-05
6.026892101395011665e-05
6.583980287590225416e-05
7.200368942158337472e-05
7.883332124000698926e-05
8.641170811901237097e-05
9.483379231742703158e-05
1.042084193705951648e-04
1.146606809212200062e-04
1.263347092912740712e-04
1.393970227465094901e-04
1.540405448229098051e-04
1.704894522282454790e-04
1.890050457492399919e-04
2.098928900143956402e-04
2.335115345378687150e-04
2.602832151161678679e-04
2.907070480075789982e-04
3.253753784007743454e-04
3.649941417277590815e-04
4.104083581005679346e-04
4.626342293260754523e-04
5.228997755557480498e-04
5.926965765069374358e-04
6.738460261139495163e-04
7.685846418006066910e-04
8.796744795501184678e-04
1.010546692191764597e-03
1.165488810597113201e-03
1.349889407085521058e-03
1.570557096957914990e-03
1.836133229997496735e-03
2.157616018389093854e-03
2.549000347671454610e-03
3.027992813938671420e-03
3.616639426680078474e-03
4.341395561728048254e-03
5.231428348346691543e-03
6.312254588609612221e-03
7.588311948947011609e-03
9.002364658586416851e-03
1.035779604598415470e-02
1.122596624529836364e-02
1.102039066960443410e-02
9.651087818827600376e-03
8.765836092967521642e-03
1.262749697121736195e-02
2.967893372026689930e-02
8.072380159545104739e-02
2.107651671958549189e-01
2.494310664509347963e-01
5.539759481975170541e-02
5.384028316268619357e-02
5.238592285362026618e-02
4.458533066847825826e-02
3.703270680749991273e-02
3.100990335537848197e-02
2.638693568419530830e-02
2.283421962817260703e-02
2.006946831440708720e-02
1.788471738451901175e-02
1.613195810386522724e-02
1.470597076471140061e-02
1.353116211100040267e-02
1.255242453832982642e-02
1.172895093077330232e-02
1.103005400526984973e-02
1.043231552937384961e-02
9.917617215447743079e-03
9.471760966740431706e-03
9.083487834847072881e-03
8.743770367193480150e-03
8.445294997944913229e-03
8.182078316945007312e-03
7.949178852687631761e-03
7.742477819318267090e-03
7.558510232940208844e-03
7.394333243478629081e-03
7.247422310590600006e-03
7.115588523064760723e-03
6.996912271411043910e-03
6.889689856496841389e-03
6.792390595478658283e-03
6.703622662557781435e-03
6.622106341825410858e-03
6.546653626792753485e-03
6.476153227825605721e-03
6.409560096331526000e-03
6.345888591880302632e-03
6.284208445147829517e-03
6.223642730579232243e-03
6.163367165568456839e-03
6.102610189850083203e-03
6.040653431780363194e-03
5.976832316322612700e-03
5.910536695055869719e-03
5.841211470444687345e-03
5.768357241711445128e-03
5.691531021127926339e-03
5.610347064588474229e-03
5.524477837676572932e-03
5.433655106453156962e-03
5.337671107759299309e-03
5.236379721952118087e-03
5.129697544924274009e-03
5.017604737819511378e-03
4.900145522862619368e-03
4.777428192319125265e-03
4.649624504520842409e-03
4.516968355588206994e-03
4.379753637176691736e-03
4.238331218278971850e-03
4.093105021596220999e-03
3.944527200774906872e-03
3.793092462185020802e-03
3.639331612007788621e-03
3.483804444235460551e-03
3.327092115820104185e-03
3.169789179870245114e-03
3.012495465022129761e-03
2.855807997876976933e-03
2.700313165201866702e-03
2.546579303518382940e-03
2.395149886406254449e-03
2.246537455501603723e-03
2.101218411359249798e-03
1.959628746938120447e-03
1.822160771443444467e-03
1.689160837562829085e-03
1.560928052531985978e-03
1.437713924431298189e-03
1.319722870748224561e-03
1.207113497239558231e-03
1.100000541783157249e-03
9.984573701459313871e-04
9.025189080294307746e-04
8.121848957670832047e-04
7.274233578664922361e-04
6.481741883649171478e-04
5.743527638371838037e-04
5.058535080491907265e-04
4.425533449590080709e-04
3.843149894167375799e-04
3.309900370120032447e-04
2.824218256991678781e-04
2.384480518476803557e-04
1.989031320758246452e-04
1.636203095770708015e-04
1.324335096555534074e-04
1.051789539208473440e-04
8.169654615872196546e-05
6.183104542296984042e-05
4.543304352432272645e-05
3.235976496776616696e-05
2.247570764662109772e-05
1.565314236802007008e-05
1.177248867465357204e-05
1.072258354262206042e-05
1.240085846076817314e-05
1.671343920479338130e-05
2.357518136810490524e-05
3.290965344701767291e-05
4.464907803629658724e-05
5.873424049859648501e-05
7.511437334699296909e-05
9.374702353604150574e-05
1.145979089011158565e-04
1.376407691217820133e-04
1.628572158130461205e-04
1.902365856669315230e-04
2.197757999726947925e-04
2.514792333328449980e-04
2.853585939593705528e-04
3.214328175749207091e-04
3.597279766524972178e-04
4.002772064995490037e-04
4.431206495239212737e-04
4.883054189061995180e-04
5.358855828420071299e-04
5.859221705062746862e-04
6.384832009272458893e-04
6.936437360392193460e-04
7.514859593094754767e-04
8.120992815053418691e-04
8.755804753830195592e-04
9.420338413409920985e-04
1.011571406389019613e-03
1.084313159141355202e-03
1.160387323951755749e-03
1.239930677771857500e-03
1.323088913837247669e-03
1.410017056870985740e-03
1.500879935148683635e-03
1.595852715497178683e-03
1.695121508108610262e-03
1.798884048950308160e-03
1.907350468548366920e-03
2.020744157029728729e-03
2.139302736536697128e-03
2.263279153494034308e-03
2.392942904730066371e-03
2.528581413149539985e-03
2.670501570553192837e-03
2.819031467324891946e-03
2.974522331097535516e-03
3.137350699204584977e-03
3.307920852773536032e-03
3.486667543780061496e-03
3.674059050324948554e-03
3.870600599902703116e-03
4.076838205597805437e-03
4.293362966086970191e-03
4.520815887177256215e-03
4.759893290532981637e-03
5.011352884420884786e-03
5.276020581955341744e-03
5.554798164700555825e-03
5.848671903873080280e-03
6.158722268107428774e-03
6.486134866146756051e-03
6.832212795265526876e-03
7.198390592066640330e-03
7.586250011794628753e-03
7.997537895576759329e-03
8.434186421813899548e-03
8.898336077472677325e-03
9.392361725433595251e-03
9.918902181801280901e-03
1.048089374596798337e-02
1.108160813580549853e-02
1.172469525377699273e-02
1.241423112052035711e-02
1.315477112004897337e-02
1.395140834479162081e-02
1.480983622167486580e-02
1.573641361897704788e-02
1.673822910967876637e-02
1.782315878042165305e-02
1.899990865155251618e-02
2.027802809203877593e-02
2.166787423049543540e-02
2.318049896675191887e-02
2.482741958331666568e-02
2.662022121644937178e-02
2.856992515485468412e-02
3.068604257900653040e-02
3.297522198572822721e-02
3.543939580567645464e-02
3.807334730925860528e-02
4.086166813806696441e-02
4.377518131321995326e-02
4.676708958456898824e-02
4.976939332860799703e-02
5.269049670201453317e-02
5.541531492141751891e-02
5.780944561457285191e-02
5.972882034550453662e-02
6.103545521731008894e-02
6.161840222948448270e-02
6.141704940016375069e-02
6.044206431928001583e-02
5.878778635946226711e-02
5.662833976353563725e-02
5.418856567930509238e-02
5.168557243570409687e-02
4.925726042775552954e-02
4.692302829193000652e-02
4.461476208762223117e-02
4.225426066852413370e-02
3.981101170330863387e-02
3.730868495944885538e-02
3.480059107126789314e-02
3.234387397605618247e-02
2.998498386124046067e-02
2.775535450366895668e-02
2.567258915078277082e-02
2.374357808228236277e-02
2.196772641030921014e-02
2.033961751629291895e-02
1.885099028141497615e-02
1.749211743814051492e-02
1.625272324211940456e-02
1.512256902574586094e-02
1.409180857261821754e-02
1.315118838938450496e-02
1.229214596761205383e-02
1.150684264753314666e-02
1.078815588554175517e-02
1.012964748112511922e-02
9.525518654160403109e-03
8.970559016061120661e-03
8.460093888855572605e-03
7.989932698632573604e-03
7.556320028211029917e-03
7.155890168672629503e-03
6.785625530871445751e-03
6.442818977962243635e-03
6.125039958509347938e-03
5.830104216361968288e-03
5.556046800903623184e-03
5.301098081154221112e-03
5.063662467262326945e-03
4.842299555025725462e-03
4.635707427870595920e-03
4.442707872731474494e-03
4.262233289300277998e-03
4.093315094795491049e-03
3.935073447943171140e-03
3.786708135832300443e-03
3.647490485516692148e-03
3.516756178643162985e-03
3.393898862043179254e-03
3.278364460235125375e-03
3.169646107277226954e-03
3.067279625529931251e-03
2.970839487770323990e-03
2.879935206888965295e-03
2.794208104215954291e-03
2.713328413485636015e-03
2.636992682662256480e-03
2.564921440405848029e-03
2.496857097941616952e-03
2.432562060580026764e-03
2.371817026183053144e-03
2.314419450540354441e-03
2.260182161956905689e-03
2.208932109402922308e-03
2.160509230375439772e-03
2.114765426200287957e-03
2.071563633891868039e-03
2.030776984910129344e-03
1.992288042230727207e-03
1.955988108093659542e-03
1.921776595633781053e-03
1.889560458337185243e-03
1.859253671922539257e-03
1.830776763826417368e-03
1.804056385985501002e-03
1.779024927064279220e-03
1.755620160680657852e-03
1.733784926540514384e-03
1.713466841709584921e-03
1.694618039532496149e-03
1.677194933956890899e-03
1.661158007239161996e-03
1.646471619199261355e-03
1.633103836357408791e-03
1.621026279426677347e-03
1.610213987752928157e-03
1.600645299387800074e-03
1.592301745550880540e-03
1.585167958282658694e-03
1.579231590108480694e-03
1.574483244522666657e-03
1.570916416057115518e-03
1.568527438614915337e-03
1.567315440619805079e-03
1.567282305347626661e-03
1.568432634554948980e-03
1.570773713188185075e-03
1.574315472525173246e-03
1.579070448547166116e-03
1.585053731632690525e-03
1.592282902768388242e-03
1.600777950338367521e-03
1.610561160122582014e-03
1.621656969330192467e-03
1.634091773218944877e-03
1.647893669983516466e-03
1.663092125978034774e-03
1.679717538771866156e-03
1.697800669770065758e-03
1.717371910838555492e-03
1.738460340149835647e-03
1.761092510788735219e-03
1.785290900872900724e-03
1.811071935224329655e-03
1.838443464946410517e-03
1.867401561346818291e-03
1.897926442964418484e-03
1.929977307201849067e-03
1.963485779208988622e-03
1.998347618123395494e-03
2.034412232790049156e-03
2.071469454998911205e-03
2.109232900072448812e-03
2.147319119788132502e-03
2.185221639389816478e-03
2.222278907364602131e-03
2.257635249486135334e-03
2.290194250050535136e-03
2.318564844428803746e-03
2.341002265258589413e-03
2.355349657997453036e-03
2.358993069068217926e-03
2.348854929341249835e-03
2.321472773528175312e-03
2.273246122269193502e-03
2.200991989968372701e-03
2.103034100500098414e-03
1.981159325882974383e-03
1.843875749486776055e-03
1.711405324908113045e-03
1.622540569149331187e-03
1.642598152456881642e-03
1.870053016451070750e-03
2.437587659499804767e-03
3.503118230526412573e-03
5.230323971210291273e-03
7.766079329905576333e-03
1.122816070824415174e-02
1.571332403421657475e-02
2.132370141613606704e-02
2.819735450557731005e-02
3.652276818083032006e-02
4.651235812233646405e-02
5.829742101513775421e-02
7.168902610221040972e-02
8.577124809930164462e-02
9.847737756755714500e-02
1.067181961732845963e-01
1.077393091381282642e-01
1.010871913064950028e-01
8.904302769505224868e-02
7.493013898969780318e-02
6.130193921833876347e-02
4.941483978251902387e-02
3.957915168956111646e-02
3.163802706942979437e-02
2.527876850963654484e-02
2.018062729647640205e-02
1.606853688456312892e-02
1.272424666529166012e-02
9.981704784912014822e-03
7.718489123282021996e-03
5.847805999616730727e-03
4.312474160915394025e-03
3.081118896255763059e-03
2.146381814133625256e-03
1.524776472235772227e-03
1.257631642573401980e-03
1.412219065504389604e-03
2.081585697969736640e-03
3.380832139015020263e-03
5.436830236190028608e-03
8.368147987512427124e-03
1.225283065460025869e-02
1.708375624939045129e-02
2.271355939933467766e-02
2.879267710184862938e-02
3.470869293893258378e-02
3.955654509750462094e-02
4.222060888692272251e-02
4.169086660011681045e-02
3.761438051766045898e-02
3.072157190023282539e-02
2.261064190533727120e-02
1.495602161844554467e-02
8.840918076528392691e-03
4.638191991430786268e-03
2.243491685019033920e-03
1.328333726696559166e-03
1.480204934329517772e-03
2.259074342740715821e-03
3.241992822152837961e-03
4.090809206146536411e-03
4.614360162533245185e-03
4.775926143099457413e-03
4.642443490980566537e-03
4.317709104899929325e-03
3.896585556106179488e-03
3.447284573783878162e-03
3.011402015940100197e-03
2.610570463703441955e-03
2.253563667223365194e-03
1.941725097179747804e-03
1.672537593687816772e-03
1.441766482716302835e-03
1.244658588242834050e-03
1.076565333993355789e-03
9.332333892206447559e-04
8.109122555396427274e-04
7.063663146620244564e-04
6.168408541553906327e-04
5.400091749843674224e-04
4.739150262742075734e-04
4.169174037226763222e-04
3.676408031944556850e-04
3.249319300667881621e-04
2.878228103264299492e-04
2.554997636065874816e-04
2.272775167202687721e-04
2.025777107942300966e-04
1.809111042498350182e-04
1.618628535873239006e-04
1.450803412460489558e-04
1.302631034485374792e-04
1.171544859573649214e-04
1.055347205090273965e-04
9.521516945762179235e-05
8.603353175791281649e-05
7.784984102284327927e-05
7.054311721781918317e-05
6.400855873032268385e-05
5.815518207045468867e-05
5.290383316158728629e-05
4.818550777758489261e-05
4.393992975696179660e-05
4.011434465196522716e-05
3.666249383963101526e-05
3.354374014646474084e-05
3.072232097265492336e-05
2.816670895055754895e-05
2.584906350125452666e-05
2.374475939592495940e-05
2.183198069355773191e-05
2.009137030064055498e-05
1.850572695258814585e-05
1.705974270830521713e-05
1.573977512508021987e-05
1.453364917894958445e-05
1.343048474680936362e-05
1.242054609617240874e-05
1.149511035735791848e-05
1.064635239808588549e-05
9.867243895919950453e-06
9.151464721331696193e-06
8.493325012851055670e-06
7.887696553727770264e-06
7.329952253296089295e-06
6.815912701229890303e-06
6.341798903644005861e-06
5.904190430292921313e-06
5.499988305106997305e-06
5.126382060627901597e-06
4.780820452768086197e-06
4.460985397598694332e-06
4.164768748121683113e-06
3.890251577537616729e-06
3.635685677496266236e-06
3.399477016154815467e-06
3.180170932379617370e-06
2.976438869785110884e-06
2.787066478093402446e-06
2.610942930013759567e-06
2.447051319901539046e-06
2.294460026227033478e-06
2.152314933670159321e-06
2.019832422724694919e-06
1.896293045273532803e-06
1.781035813876701730e-06
1.673453040669826729e-06
1.572985668942975430e-06
1.479119046787184358e-06
1.391379097765734317e-06
1.309328848482433692e-06
1.232565277263635827e-06
1.160716452012562902e-06
1.093438928696824312e-06
1.030415384946390781e-06
9.713524659147364703e-07
9.159788219333245729e-07
8.640433196025481325e-07
8.153134098429418751e-07
7.695736381060237394e-07
7.266242834373653065e-07
6.862801144179746199e-07
6.483692512004134591e-07
6.127321239206632250e-07
5.792205187194218164e-07
5.476967034591878554e-07
5.180326259884700127e-07
4.901091784899443132e-07
4.638155220654132199e-07
4.390484662635360884e-07
4.157118987537418082e-07
3.937162607976018449e-07
3.729780645718806606e-07
3.534194487610522279e-07
3.349677691646704524e-07
3.175552213607943933e-07
3.011184927339209300e-07
2.855984414172176446e-07
2.709397999174054784e-07
2.570909013882352954e-07
2.440034266975435448e-07
2.316321705952352782e-07
2.199348254365525928e-07
2.088717810486860961e-07
1.984059394499268290e-07
1.885025432407948841e-07
1.791290165867632747e-07
1.702548178032760287e-07
1.618513026367724184e-07
1.538915974109328527e-07
1.463504812762289664e-07
1.392042768636713236e-07
1.324307487008756277e-07
1.260090088009149178e-07
1.199194288821470893e-07
1.141435587208574679e-07
1.086640501784956059e-07
1.034645864817426044e-07
9.852981636711301662e-08
9.384529273236705782e-08
8.939741546504870892e-08
8.517337814419436176e-08
8.116111833479223329e-08
7.734927121624097704e-08
7.372712630588960662e-08
7.028458705698440068e-08
6.701213312712301988e-08
6.390078512869872719e-08
6.094207168701476197e-08
5.812799864477126215e-08
5.545102026363245136e-08
5.290401228465203173e-08
5.048024671949628004e-08
4.817336825381929446e-08
4.597737215278370831e-08
4.388658356671486173e-08
4.189563814225421097e-08
3.999946385117062219e-08
3.819326395528973122e-08
3.647250103180274686e-08
3.483288198858405430e-08
3.327034400412504708e-08
3.178104133127081538e-08
3.036133290821165845e-08
2.900777072410985526e-08
2.771708889039027177e-08
2.648619337210498010e-08
2.531215233690560521e-08
2.419218708206917369e-08
2.312366350270863872e-08
2.210408406679940141e-08
2.113108026497604116e-08
2.020240550519894900e-08
1.931592842439764855e-08
1.846962659105100364e-08
1.766158057439144933e-08
1.688996835752977221e-08
1.615306007328379676e-08
1.544921304288996324e-08
1.477686709906513823e-08
1.413454017608978971e-08
1.352082415070805019e-08
1.293438091867815930e-08
1.237393869278552175e-08
1.183828850903290742e-08
1.132628092856894415e-08
1.083682292370617694e-08
1.036887493711185347e-08
9.921448103944674326e-09
9.493601627348876620e-09
9.084440298315403881e-09
8.693112151480706901e-09
8.318806248952222089e-09
7.960750584740907447e-09
7.618210102834192022e-09
7.290484822370993079e-09
6.976908063778260455e-09
6.676844770101075498e-09
6.389689918109076434e-09
6.114867014086154887e-09
5.851826669518742079e-09
5.600045252182754324e-09
5.359023608397808354e-09
5.128285852469955312e-09
4.907378219577649847e-09
4.695867978578806033e-09
4.493342401422198981e-09
4.299407786041246374e-09
4.113688529791038414e-09
3.935826250659165018e-09
3.765478953642676547e-09
3.602320239833325029e-09
3.446038555894719183e-09
3.296336481748521105e-09
3.152930054410758848e-09
3.015548126037199925e-09
2.883931754346953778e-09
2.757833623696285285e-09
2.637017495173430582e-09
2.521257684175339356e-09
2.410338564014556461e-09
2.304054094185117767e-09
2.202207371992280281e-09
2.104610206323713371e-09
2.011082712406181468e-09
1.921452926456534281e-09
1.835556439195027202e-09
1.753236047245804769e-09
1.674341421502699260e-09
1.598728791588416015e-09
1.526260645582626670e-09
1.456805444239193738e-09
1.390237348954336929e-09
1.326435962787907427e-09
1.265286083876602406e-09
1.206677470613826035e-09
1.150504618003930683e-09
1.096666544629939157e-09
1.045066589703874820e-09
9.956122196963881148e-10
9.482148440692685239e-10
9.027896396591480183e-10
8.592553832843412851e-10
8.175342921693297029e-10
7.775518718020949842e-10
7.392367708598328510e-10
7.025206428571657192e-10
6.673380141888361283e-10
6.336261582559047424e-10
6.013249753800921607e-10
5.703768782263280085e-10
5.407266824675998631e-10
5.123215024397762554e-10
4.851106515469527462e-10
4.590455471897761985e-10
4.340796200008822162e-10
4.101682271822806553e-10
3.872685697498071125e-10
3.653396134996440297e-10
3.443420135209008758e-10
3.242380420872260958e-10
3.049915197685428157e-10
2.865677496118860607e-10
2.689334542478593060e-10
2.520567157861182331e-10
2.359069183701613667e-10
2.204546932679188503e-10
2.056718663807163686e-10
1.915314080589187261e-10
1.780073851179117759e-10
1.650749149533166973e-10
1.527101216591389686e-10
1.408900940572137632e-10
1.295928455507473429e-10
1.187972757188607459e-10
1.084831335730962180e-10
9.863098240052850179e-11
8.922216612178721017e-11
8.023877709564146324e-11
7.166362530504451913e-11
6.348020886264079915e-11
5.567268577659401291e-11
4.822584692044939226e-11
4.112509015331285401e-11
3.435639553917387302e-11
2.790630161659837870e-11
2.176188267223771727e-11
1.591072697382198845e-11
1.034091592031026034e-11
5.041004068839952815e-12
1.000000000000000072e-18
1.045775042205638466e-02
9.944846502537843178e-03
1.042255813403494477e-02
1.040616774314093509e-02
1.022059195837037721e-02
1.090282279537885951e-02
1.125587607085278691e-02
1.061725939099877371e-02
1.118605038629254950e-02
1.008839313390235554e-02
9.860162371026739286e-03
1.119350313804087088e-02
1.118051451231515114e-02
9.884156826281501398e-03
9.942211498561311436e-03
1.090946923067514368e-02
1.088690088007007901e-02
1.011415952169449420e-02
1.108915396448883865e-02
1.063012097603658647e-02
1.051420958803127997e-02
1.042279070658922759e-02
1.073072129660305497e-02
1.129182543318004578e-02
1.060926515756405175e-02
1.129463081806391170e-02
1.014350823002796269e-02
1.078757784284362607e-02
1.104070277266740868e-02
1.073855061804434262e-02
1.068062593530029816e-02
1.077999573608019040e-02
1.089344407898374528e-02
9.995760506731822537e-03
1.129434811261917186e-02
1.128670097774171419e-02
1.054815071985442873e-02
1.011433076430971398e-02
9.879684596924674309e-03
1.052657032908003651e-02
4.746561084997625093e-03
4.739725763467484733e-03
4.664266797765584741e-03
4.740257738749932212e-03
4.758016970865732755e-03
4.720125708281082584e-03
4.774088557028005435e-03
4.762041520760745134e-03
4.762391170259746773e-03
4.761460858932771607e-03
4.724823738699431008e-03
4.748129886665553717e-03
4.771789820619798915e-03
4.744007989560321444e-03
4.775585355144185487e-03
4.758289838991385662e-03
4.727296333642656660e-03
4.666012171658122376e-03
4.616613857715825761e-03
4.724272575154758735e-03
4.696623983236726876e-03
4.774130170895769451e-03
4.733691262453512856e-03
4.628729679946610998e-03
4.759816357172905014e-03
4.686820502014124243e-03
4.765114439181807222e-03
4.769352836090086194e-03
4.742082439436818425e-03
4.759917477563715797e-03
4.686422362947688380e-03
4.665815589922936261e-03
4.702822111061912003e-03
4.744178250509933914e-03
4.773319519349322922e-03
4.773375434687723157e-03
4.609490481448119160e-03
4.753551247761158768e-03
4.647971880519176542e-03
4.775495153892730417e-03
2.703488842227890210e-01
2.870890032248940016e-01
1.546831004649929786e-01
2.861056891546684411e-01
2.404246316291606678e-01
2.513030736508998775e-01
1.344701662564438127e-01
2.468591345279713134e-01
1.150066422883726514e-01
2.528879445644255375e-01
2.875234885576832822e-01
2.624112669640098483e-01
1.553842834845071685e-01
1.351527039251863571e-01
2.646493909973754999e-01
1.095479172140887414e-01
2.831783277288559830e-01
1.637969025502542531e-01
2.437163947719827306e-01
2.397598216498168233e-01
1.039253761568274814e-01
2.441412795682493253e-01
2.238726593073485094e-01
2.674930252218697402e-01
2.905354379394287090e-01
2.060278572921069862e-01
2.193494144759914888e-01
2.076095613481789837e-01
1.965415022737299622e-01
2.832033651175455136e-01
2.905529096049486171e-01
2.056304174751652503e-01
2.903772249715275700e-01
2.869202220691272620e-01
1.143834675341656587e-01
1.031612744307598972e-01
2.903167970747156934e-01
2.605277946154850310e-01
2.479116778314366387e-01
2.757505930726789067e-01
4.175894136609910323e-02
4.191606040616518980e-02
4.243642219789350856e-02
4.178306333338901307e-02
4.231047148419510989e-02
4.107614834974721713e-02
4.067801842645279997e-02
4.243615321060917323e-02
4.208180540421957438e-02
4.184705569482330412e-02
4.112501799087849713e-02
4.187270908930697949e-02
4.138542257735549484e-02
4.213999146248359473e-02
4.219790086290845649e-02
4.224316030825608220e-02
4.219274640556756190e-02
4.233514852767229081e-02
4.218555479679574755e-02
4.138428828437275275e-02
4.120828295018746923e-02
4.234423092437746006e-02
4.242558493770538786e-02
4.243429416715337188e-02
4.222858604280269740e-02
4.237891265756870557e-02
4.082461099396684362e-02
4.219561142997671488e-02
4.243620834319077051e-02
4.222723519115800100e-02
4.176156076929063432e-02
4.218124777064230502e-02
4.113564427096147447e-02
4.204762049447643285e-02
4.096492044897359630e-02
4.234376282202929193e-02
4.159928631558439116e-02
4.242782470935493877e-02
4.067147346489648901e-02
4.237997071721047448e-02
6.234514309222040362e-03
6.233698725583574317e-03
6.187095948661359632e-03
6.257879595096133875e-03
6.193420639483906628e-03
6.229116120187201157e-03
6.259941163263839717e-03
6.205382347806965258e-03
6.221105598456028000e-03
6.266677145566890150e-03
6.185359752739083387e-03
6.186966950341754416e-03
6.204134774732717253e-03
6.232080610614597165e-03
6.272276195591708001e-03
6.245852667165182129e-03
6.257723233061280969e-03
6.208708598897588055e-03
6.185673681561959687e-03
6.281162568187245374e-03
6.212567086815929014e-03
6.246173327767405928e-03
6.196609989518831081e-03
6.268252891542668015e-03
6.268993887470695504e-03
6.277538737256245678e-03
6.221488327855980924e-03
6.252345412242751518e-03
6.269551559747824424e-03
6.227262852472386853e-03
6.210584357698922461e-03
6.265076330781622210e-03
6.254007189719174194e-03
6.283611160847928437e-03
6.258983518714698879e-03
6.215876707743041643e-03
6.270175385332287139e-03
6.282366388942740160e-03
6.264728002089040536e-03
6.216749025918644547e-03
1.066738622779399293e-01
1.056880411992926205e-01
1.008532742438859320e-01
1.001873736089545774e-01
1.082301707045762174e-01
1.080426592321171442e-01
1.081082089048914507e-01
1.037918929136240898e-01
1.081917357932068724e-01
1.081205776536669494e-01
1.076226337711243403e-01
1.060595607136014668e-01
1.076035189851642787e-01
1.035543677090066533e-01
1.031564311335892437e-01
1.028242886710805798e-01
1.078458539306084846e-01
1.066339051409919692e-01
1.008474896490077488e-01
1.026792759264534005e-01
1.082820277564540967e-01
1.077677946875641168e-01
1.048229290069736530e-01
1.045783373280315676e-01
1.045036397297873093e-01
1.082390581976183097e-01
1.077761905322542901e-01
1.069493013398183229e-01
1.046995656544433273e-01
1.051344787846534012e-01
1.046507948894314921e-01
1.058501685783487245e-01
1.073947727304932348e-01
1.041098135083470821e-01
1.081567241391203776e-01
1.072965866027747045e-01
1.048371041893694511e-01
1.081624734741276628e-01
1.045750929022012943e-01
1.064470631995257516e-01
5.619909890151832642e-03
5.688830412839190540e-03
5.703719208070943611e-03
5.712854439263892470e-03
5.707489787407362021e-03
5.689305381670129065e-03
5.702732341458910913e-03
5.633294364115823058e-03
5.676925902688971515e-03
5.653940238102196474e-03
5.652356336627208620e-03
5.708381537652002131e-03
5.697004256668734314e-03
5.632056467371698502e-03
5.692201047726154657e-03
5.725009673702295861e-03
5.654233928922701609e-03
5.643486184471472461e-03
5.677128284563156928e-03
5.613101959554714880e-03
5.607411627578477546e-03
5.711029419018973444e-03
5.676861135375746263e-03
5.612276935601270313e-03
5.648675006801746369e-03
5.662086493557469402e-03
5.655992739863158029e-03
5.701853312655939983e-03
5.639264782894332431e-03
5.699922811596688788e-03
5.686290406127670650e-03
5.616333593897249350e-03
5.703945755452529721e-03
5.714957282496298599e-03
5.619050003584919253e-03
5.621119856047829787e-03
5.697950182284044866e-03
5.670019707267215381e-03
5.727991410105755764e-03
5.679495686678147186e-03
4.510111313149334396e-03
4.603477689751887467e-03
5.602636701653678983e-03
5.010059332784605295e-03
3.270363717737518813e-03
3.776048646510913546e-03
4.230147069631307738e-03
5.256545184795283730e-03
4.852227041818753944e-03
3.884174315638059746e-03
3.436552270323068019e-03
4.238735797236429202e-03
3.099052644025077335e-03
4.578851443603787486e-03
3.798151880211176994e-03
3.954703671164205327e-03
4.593383018021511728e-03
4.838546088007657578e-03
4.010853477239876945e-03
3.438849212049659414e-03
4.799665256031717363e-03
4.308174588968555034e-03
4.371081448726873986e-03
5.240186262560745691e-03
3.970097620691057268e-03
5.621717025345662234e-03
4.714039212817992125e-03
5.703516807460201621e-03
3.516478164945118293e-03
5.586345114839544497e-03
4.516231100983727348e-03
4.255119582567243493e-03
3.208161365873500072e-03
3.776824983697975747e-03
3.747464563700362260e-03
3.754758583277412881e-03
5.506946714940638352e-03
4.845190103615431426e-03
4.645363865250174036e-03
5.506000676058883832e-03
1.968990493162164207e-02
1.947519553508203147e-02
2.029907538626707017e-02
2.001527709381729914e-02
2.022490914667599352e-02
2.035486521715947072e-02
1.893967164992802280e-02
2.098699999837580141e-02
2.029876582389793585e-02
1.916615486260700441e-02
1.947426036445199654e-02
2.090207579596319726e-02
1.933648735897101553e-02
2.015899794647721052e-02
2.040982775667129004e-02
1.896804689556798665e-02
1.918719479487862242e-02
1.991873494237178174e-02
2.018438263968870203e-02
2.001202174529156247e-02
1.983937587997204946e-02
1.956531147674186663e-02
1.952900118937435370e-02
2.073287340455823302e-02
1.924694932586097987e-02
2.015824030501556924e-02
2.100203373678124694e-02
1.992415317902213392e-02
1.947674797336776398e-02
1.940217612836706712e-02
2.065253122777248318e-02
1.896835697650825839e-02
1.936349586030852374e-02
1.966429736446717591e-02
1.898824564980674742e-02
1.945505672360067426e-02
2.046639024410895971e-02
2.066780843937687795e-02
2.018851467345015097e-02
1.893090351209604852e-02
4.373405150127102070e-02
4.424112596729894847e-02
4.455227485632248796e-02
4.389420446390339403e-02
4.271783982704594612e-02
4.374015324298671098e-02
4.189871598730587204e-02
4.168682114762390506e-02
4.171484731751324421e-02
4.459112048946946294e-02
4.417046698732844667e-02
4.295473947065327203e-02
4.236807188117135137e-02
4.183331263817903489e-02
4.367240530601334408e-02
4.390657552827386539e-02
4.434410040603255221e-02
4.165999581225081350e-02
4.484639330289866971e-02
4.232555977986886958e-02
4.236335260084640036e-02
4.138691398137658850e-02
4.484621993569023329e-02
4.262593456277721099e-02
4.130486842760984489e-02
4.116535614659112829e-02
4.500563949721984869e-02
4.254891082634582739e-02
4.344776348872944616e-02
4.489920201328085475e-02
4.393213977010305971e-02
4.464541122161790054e-02
4.393251168823304742e-02
4.214884731199384366e-02
4.116925686363408221e-02
4.462503756887676448e-02
4.500842306302572232e-02
4.116255514609358512e-02
4.384204061032616340e-02
4.135314635959695673e-02
4.844258949615882354e-02
4.455030833381730393e-02
4.430889342116300228e-02
4.731159062390788428e-02
4.715005997369811630e-02
4.772289073949620430e-02
4.627546252414539707e-02
4.506099149693769401e-02
4.798438743792354799e-02
4.880830044180574367e-02
4.409742231265204038e-02
4.742925779116409502e-02
4.539420125889804397e-02
4.721071761717026555e-02
4.441084039739844752e-02
4.425849521212788656e-02
4.590985801877397326e-02
4.847228141637929810e-02
4.752133568904302191e-02
4.554410648604852868e-02
4.874852418625941208e-02
4.783700938259165258e-02
4.650567898080403689e-02
4.618077943639355143e-02
4.761304013969474419e-02
4.600736486935019104e-02
4.467652659484901839e-02
4.842727543161498560e-02
4.796265694073893054e-02
4.881577629101788163e-02
4.479114268249580200e-02
4.527656876223074001e-02
4.443510718477022142e-02
4.811107668516676622e-02
4.727161123715227509e-02
4.448394948373635138e-02
4.580322842252379512e-02
4.750707794123938676e-02
4.586289186092008113e-02
4.447798838949432870e-02
1.082980711726820242e-02
4.770855641821780679e-03
2.692141846936362271e-01
4.232832538824175123e-02
6.234896875774658710e-03
1.061970266366473598e-01
5.666644973950425712e-03
4.286898307038274937e-03
1.996405742696460983e-02
4.313162417374975799e-02
1.000000000000000072e-18
