1.000000000000000072e-18
2.712759092472220954e-13
5.569880400332059015e-13
8.577709371740597641e-13
1.174286262388327690e-12
1.507223975607390672e-12
1.857303569734168035e-12
2.225275361382370076e-12
2.611921840254481039e-12
3.018059079949987764e-12
3.444538213134048036e-12
3.892246974145071245e-12
4.362111312273468258e-12
4.855097079107100486e-12
5.372211793511151408e-12
5.914506487989789070e-12
6.483077640368910889e-12
7.079069194938701136e-12
7.703674677406388665e-12
8.358139408233391729e-12
9.043762819163827434e-12
9.761900878001256767e-12
1.051396862694974255e-11
1.130144284011107838e-11
1.212586480602076670e-11
1.298884324140962238e-11
1.389205734270353692e-11
1.483725998211203076e-11
1.582628105551654070e-11
1.686103098974979542e-11
1.794350441725528984e-11
1.907578402654258403e-11
2.026004459729622406e-11
2.149855722947026825e-11
2.279369377619708236e-11
2.414793149086515060e-11
2.556385789927466043e-11
2.704417590837038081e-11
2.859170916366666946e-11
3.020940766813933137e-11
3.190035367605007265e-11
3.366776787590208248e-11
3.551501587750252176e-11
3.744561501892470261e-11
3.946324151003205196e-11
4.157173793014337587e-11
4.377512109838765132e-11
4.607759033632913185e-11
4.848353614352671497e-11
5.099754930784619154e-11
5.362443047356425095e-11
5.636920019159203086e-11
5.923710947752060018e-11
6.223365090463453666e-11
6.536457026058232290e-11
6.863587879801628586e-11
7.205386611124892446e-11
7.562511367279261598e-11
7.935650906560556091e-11
8.325526094891437528e-11
8.732891479767756529e-11
9.158536945806943569e-11
9.603289456382263612e-11
1.006801488608916635e-10
1.055361994906564634e-10
1.106105422848480152e-10
1.159131231284970831e-10
1.214543604505316636e-10
1.272451689051898472e-10
1.332969843111597411e-10
1.396217899193508638e-10
1.462321440844568648e-10
1.531412094199590741e-10
1.603627835210482151e-10
1.679113313450313712e-10
1.758020193442282768e-10
1.840507514521595161e-10
1.926742070299696299e-10
2.016898808866069856e-10
2.111161254932521122e-10
2.209721955199426441e-10
2.312782948302662926e-10
2.420556260784456580e-10
2.533264430621615253e-10
2.651141059940610060e-10
2.774431398651527616e-10
2.903392960842251422e-10
3.038296175890927559e-10
3.179425076379354620e-10
3.327078025022932180e-10
3.481568482974643386e-10
3.643225822012669431e-10
3.812396183282611388e-10
3.989443385439268590e-10
4.174749885217560275e-10
4.368717793660267866e-10
4.571769951442237175e-10
4.784351066956774130e-10
5.006928921072917303e-10
5.239995642731341403e-10
5.484069059824538258e-10
5.739694130104760616e-10
6.007444457181253130e-10
6.287923897010964801e-10
6.581768260651804481e-10
6.889647119441003209e-10
7.212265719181851284e-10
7.550367010373204632e-10
7.904733802002057528e-10
8.276191046938472473e-10
8.665608267531605132e-10
9.073902130605650728e-10
9.502039181698560447e-10
9.951038749080404714e-10
1.042197602883236087e-09
1.091598536306890384e-09
1.143426372424772857e-09
1.197807441943893251e-09
1.254875102942465489e-09
1.314770159857417729e-09
1.377641309259873379e-09
1.443645614253839331e-09
1.512949009467749980e-09
1.585726838753788558e-09
1.662164427866240525e-09
1.742457694559074236e-09
1.826813798725214787e-09
1.915451835396738614e-09
2.008603573638153594e-09
2.106514244594195310e-09
2.209443382202555257e-09
2.317665720350236420e-09
2.431472150542902566e-09
2.551170744471578724e-09
2.677087846200888945e-09
2.809569239072798128e-09
2.948981392818964188e-09
3.095712796808451320e-09
3.250175385827583508e-09
3.412806065298263205e-09
3.584068343395097538e-09
3.764454078122115693e-09
3.954485348062949207e-09
4.154716456228051701e-09
4.365736077193477690e-09
4.588169558565710582e-09
4.822681388719578929e-09
5.069977843751316806e-09
5.330809827671605676e-09
5.605975921043978172e-09
5.896325654561570108e-09
6.202763025458657923e-09
6.526250276186410226e-09
6.867811956455702436e-09
7.228539291577611563e-09
7.609594882031623628e-09
8.012217761376259605e-09
8.437728842009204938e-09
8.887536780902204061e-09
9.363144300303943088e-09
9.866155001549115971e-09
1.039828071355812222e-08
1.096134942139593501e-08
1.155731382441227169e-08
1.218826057804690121e-08
1.285642027840168993e-08
1.356417825419585510e-08
1.431408623679325273e-08
1.510887498567731445e-08
1.595146795411604855e-08
1.684499608788544366e-08
1.779281385888347671e-08
1.879851664536545334e-08
1.986595958146701610e-08
2.099927801077379677e-08
2.220290969207424954e-08
2.348161892024538847e-08
2.484052274163379251e-08
2.628511946149263499e-08
2.782131966123131767e-08
2.945547996565880165e-08
3.119443982532829601e-08
3.304556160681156380e-08
3.501677431458899870e-08
3.711662130262467137e-08
3.935431237202302771e-08
4.173978069394535864e-08
4.428374504474193080e-08
4.699777789366703447e-08
4.989437994331105475e-08
5.298706178981647338e-08
5.629043344497421256e-08
5.982030254649615422e-08
6.359378217731271247e-08
6.762940932106834585e-08
7.194727510063937983e-08
7.656916808129224297e-08
8.151873207214557884e-08
8.682164003123118925e-08
9.250578587347344690e-08
9.860149620043328379e-08
1.051417642193760345e-07
1.121625084013149313e-07
1.197028587480193594e-07
1.278054739022178788e-07
1.365168927498862450e-07
1.458879246362053926e-07
1.559740828563400896e-07
1.668360666989180665e-07
1.785402980260114603e-07
1.911595191826237194e-07
2.047734599575745857e-07
2.194695823856672414e-07
2.353439134107628788e-07
2.525019768476814427e-07
2.710598377193228095e-07
2.911452739413002648e-07
3.128990925241354027e-07
3.364766100151122762e-07
3.620493198708525269e-07
3.898067729122569305e-07
4.199587010547515837e-07
4.527374192358811237e-07
4.884005460076087129e-07
5.272340897769706170e-07
5.695559553529961272e-07
6.157199345162163774e-07
6.661202550446795689e-07
7.211967753416970352e-07
7.814409269245885136e-07
8.474025250514491836e-07
9.196975893002167453e-07
9.990173417307937665e-07
1.086138581296816595e-06
1.181935670596399151e-06
1.287394416317053558e-06
1.403628179660672187e-06
1.531896619919956572e-06
1.673627556107409668e-06
1.830442531773506564e-06
2.004186791555101621e-06
2.196964530532214698e-06
2.411180466809098119e-06
2.649589023782992281e-06
2.915352704194631262e-06
3.212111610091424605e-06
3.544066533388096647e-06
3.916078640026311485e-06
4.333789535750500584e-06
4.803766485422636343e-06
5.333678831066595677e-06
5.932513312342765818e-06
6.610838168402991013e-06
7.381128773957992168e-06
8.258171388758360406e-06
9.259566736227207981e-06
1.040636208275435346e-05
1.172384999648680336e-05
1.324258508887629727e-05
1.499968835307958566e-05
1.704053455193512884e-05
1.942095501668889988e-05
2.221014163443017946e-05
2.549451621214293042e-05
2.938294627524016663e-05
3.401386546323826730e-05
3.956512994799427134e-05
4.626787229429671323e-05
5.442630551100512913e-05
6.444656811175753354e-05
7.687962401965980474e-05
9.248657589451654505e-05
1.123407589010319129e-04
1.379921737322684018e-04
1.717415367134416694e-04
2.171153909753503861e-04
2.797285085753240278e-04
3.689364303626091490e-04
5.012142394309792096e-04
7.076332485683144158e-04
1.052121366575955183e-03
1.682085052672596150e-03
2.994511229881755172e-03
6.323462610947794271e-03
1.780553943371240844e-02
6.546858246226637534e-02
5.235005933389323685e-02
2.138316410257190547e-02
1.326099394601956173e-02
1.146279933417048563e-02
1.300481641072638410e-02
1.928461538394016933e-02
3.996989871392118976e-02
1.525919468270007240e-01
6.155837957272314309e-01
5.906866215184605751e-02
1.947393206657163645e-02
1.060795485994956398e-02
7.033142097921364633e-03
5.179835540953808479e-03
4.084741126015640003e-03
3.382736697288743141e-03
2.907117280587866170e-03
2.572241532236540715e-03
2.330287425494468982e-03
2.152824759048934181e-03
2.022114029330668306e-03
1.926665550768349913e-03
1.858829028836091928e-03
1.813418466718599333e-03
1.786895504108221028e-03
1.776868951014333713e-03
1.781781430275824595e-03
1.800711622609307404e-03
1.833251367298387169e-03
1.879434103764382642e-03
1.939701323912499959e-03
2.014900168832480139e-03
2.106309861690659584e-03
2.215698407517543034e-03
2.345414669872460979e-03
2.498525229311451476e-03
2.679011120651920552e-03
2.892047736802122373e-03
3.144403611586183214e-03
3.445013348437991809e-03
3.805811649243900918e-03
4.242968095302241532e-03
4.778752186690287188e-03
5.444415253231321521e-03
6.284757640499609270e-03
7.365567835505165001e-03
8.786094768361682808e-03
1.070057188283484242e-02
1.335631427370902874e-02
1.716199701122146995e-02
2.280678613953653761e-02
3.143630881604767696e-02
4.471114709644741225e-02
6.361208574645985103e-02
8.276726326745206808e-02
8.575896949543229675e-02
6.817787228665296573e-02
4.690744138466834690e-02
3.141089508508234512e-02
2.152750463381030918e-02
1.528750500034539023e-02
1.123815608762873675e-02
8.514314578733124181e-03
6.616796580959133540e-03
5.252656306261943402e-03
4.244593920881461861e-03
3.481655357940398841e-03
2.892143392249475753e-03
2.428344156158935858e-03
2.057650055069596296e-03
1.757240281482825737e-03
1.510799242675987981e-03
1.306436885310974499e-03
1.135337726665104543e-03
9.908632194065576226e-04
8.679429218487043785e-04
7.626537251102546815e-04
6.719240200867037435e-04
5.933224190512918989e-04
5.249046824162614941e-04
4.651013456552734919e-04
4.126342209625796613e-04
3.664536600171436234e-04
3.256909299434479379e-04
2.896217176578731213e-04
2.576379156057253118e-04
2.292256307929720028e-04
2.039479129025751800e-04
1.814310907970800510e-04
1.613538894253096459e-04
1.434387044262452448e-04
1.274445622668294448e-04
1.131614052008492427e-04
1.004054235780477437e-04
8.901522072087000794e-05
7.884864315778268877e-05
6.978014535572013544e-05
6.169858605254159687e-05
5.450537491562445949e-05
4.811290506511174632e-05
4.244322013062226727e-05
3.742687480627576279e-05
3.300195597175164749e-05
2.911323784494718512e-05
2.571144969888973408e-05
2.275263870063634690e-05
2.019761363676069094e-05
1.801145785303911995e-05
1.616310179137567661e-05
1.462494716165323416e-05
1.337253612405073774e-05
1.238425994448409513e-05
1.164110247434569924e-05
1.112641453678114575e-05
1.082571590788703637e-05
1.072652208823103438e-05
1.081819348844175237e-05
1.109180501861124993e-05
1.154003438794932738e-05
1.215706769905764554e-05
1.293852116892100815e-05
1.388137803331792961e-05
1.498393989876954755e-05
1.624579200148398240e-05
1.766778202052424993e-05
1.925201227676780289e-05
2.100184533404456891e-05
2.292192320800917187e-05
2.501820058576987367e-05
2.729799266924137535e-05
2.977003848217753561e-05
3.244458072993686593e-05
3.533346357804340661e-05
3.845025002718891399e-05
4.181036091629146959e-05
4.543123799079693649e-05
4.933253394151914658e-05
5.353633286307509252e-05
5.806740521613300553e-05
6.295350212328027027e-05
6.822569470745649663e-05
7.391876522266755908e-05
8.007165796352321008e-05
8.672799941516603421e-05
9.393669887028186633e-05
1.017526428592355821e-04
1.102374992923325984e-04
1.194606502985994591e-04
1.295002764865286625e-04
1.404446199032693542e-04
1.523934585238548604e-04
1.654598319058539805e-04
1.797720660073921783e-04
1.954761554818150958e-04
2.127385745334433036e-04
2.317496032908731294e-04
2.527272764572884934e-04
2.759220858050948598e-04
3.016225992897312636e-04
3.301621989853088628e-04
3.619271900810639049e-04
3.973665969701133333e-04
4.370040441822637561e-04
4.814522251173077136e-04
5.314305976679935999e-04
5.877871229106359759e-04
6.515250946742192229e-04
7.238364125006059926e-04
8.061430536889780101e-04
9.001490368543183613e-04
1.007905888459089631e-03
1.131895593264895059e-03
1.275136325574192887e-03
1.441318056547831981e-03
1.634977607959814568e-03
1.861726153428071425e-03
2.128546957719966957e-03
2.444187879667643858e-03
2.819682701895523044e-03
3.269048949228196138e-03
3.810229367808168083e-03
4.466372377630262701e-03
5.267587554760606167e-03
6.253371269613725199e-03
7.475983019535448193e-03
9.005175338210553992e-03
1.093485171219199872e-02
1.339245702756072798e-02
1.655218523309501255e-02
2.065335146541787820e-02
2.602528787388787984e-02
3.311923139059124582e-02
4.254424798935189933e-02
5.509463539103047480e-02
7.173360356622730805e-02
9.345403597963089504e-02
1.208788818493223560e-01
1.534699637878511325e-01
1.885067889513871719e-01
2.207347422983971241e-01
2.439773208087047673e-01
2.543656804759186207e-01
2.523131060603677200e-01
2.413918264682590742e-01
2.258032609885937680e-01
2.087457777612426457e-01
1.920947742012554804e-01
1.767242857370150966e-01
1.629151256932199199e-01
1.506511348831563457e-01
1.397932906535470921e-01
1.301709038736437729e-01
1.216260994025277764e-01
1.140346895280993644e-01
1.073157569527257715e-01
1.014352215781719746e-01
9.640436391006779182e-02
9.227158724819928270e-02
8.910358018095965171e-02
8.694940472149040311e-02
8.577749256115116405e-02
8.537474021952584646e-02
8.521414612862093785e-02
8.436330857329008004e-02
8.162053911714967080e-02
7.605584214970211032e-02
6.770938132812673316e-02
5.771487159319603488e-02
4.760072506496609152e-02
3.849931120220047992e-02
3.089682179222370123e-02
2.480864304751227711e-02
2.003103978703582241e-02
1.630640269247836047e-02
1.339825820747134362e-02
1.111401567484512388e-02
9.305007552647005103e-03
7.859154520310485809e-03
6.692656086498723067e-03
5.742850174343143085e-03
4.962661450190794521e-03
4.316470623379553909e-03
3.777099672356633818e-03
3.323626142509081456e-03
2.939798118054632453e-03
2.612879983440546255e-03
2.332806497818860555e-03
2.091558091456631203e-03
1.882695728437097302e-03
1.701011647584662429e-03
1.542264899715880145e-03
1.402979437087019301e-03
1.280288724239820545e-03
1.171815229499398531e-03
1.075576277741867228e-03
9.899099800453059483e-04
9.134165681221871093e-04
8.449116333892369487e-04
7.833886289368686105e-04
7.279886261587181339e-04
6.779757887795420483e-04
6.327173796918049951e-04
5.916673819355676303e-04
5.543530170190405244e-04
5.203635980036769911e-04
4.893412733427512278e-04
4.609733091572501941e-04
4.349856289542380666e-04
4.111373855729002721e-04
3.892163839995656607e-04
3.690352083488519850e-04
3.504279338271828418e-04
3.332473264491807329e-04
3.173624508707210902e-04
3.026566208620996845e-04
2.890256383880727021e-04
2.763762765466776998e-04
2.646249691817340326e-04
2.536966761669876133e-04
2.435238984329319656e-04
2.340458209840166361e-04
2.252075656041111547e-04
2.169595378073254689e-04
2.092568549681681519e-04
2.020588445469561820e-04
1.953286029838123333e-04
1.890326072246222033e-04
1.831403720113482789e-04
1.776241470549087831e-04
1.724586490424039498e-04
1.676208241371150492e-04
1.630896372303427622e-04
1.588458847159999652e-04
1.548720279962011864e-04
1.511520453007159971e-04
1.476712997250048686e-04
1.444164216687818627e-04
1.413752040966425889e-04
1.385365092500149902e-04
1.358901856204589736e-04
1.334269941523235801e-04
1.311385427815263123e-04
1.290172285397512121e-04
1.270561865623902765e-04
1.252492454362762490e-04
1.235908884118134632e-04
1.220762200852600900e-04
1.207009382323786091e-04
1.194613105459961722e-04
1.183541560987347400e-04
1.173768314197853635e-04
1.165272211426429525e-04
1.158037332508419370e-04
1.152052990227062329e-04
1.147313778559681092e-04
1.143819672411149486e-04
1.141576182512215243e-04
1.140594570290346939e-04
1.140892128831742759e-04
1.142492537592572019e-04
1.145426300345897276e-04
1.149731278041863541e-04
1.155453330906866034e-04
1.162647087330563839e-04
1.171376861038745201e-04
1.181717742917609202e-04
1.193756899888632063e-04
1.207595120752608163e-04
1.223348658341727891e-04
1.241151429181263624e-04
1.261157646877392310e-04
1.283544984550627184e-04
1.308518386064331813e-04
1.336314677204652177e-04
1.367208168560883640e-04
1.401517494605326766e-04
1.439614002401574087e-04
1.481932093952483963e-04
1.528982045923016223e-04
1.581365989645752495e-04
1.639797947204839432e-04
1.705129105858514010e-04
1.778379900907932853e-04
1.860781005502979086e-04
1.953826050215948294e-04
2.059339894371276837e-04
2.179567657812490119e-04
2.317291657750100015e-04
2.475986113204188435e-04
2.660023314121684251e-04
2.874950383947065470e-04
3.127863476994750163e-04
3.427917201301474131e-04
3.787022533513342902e-04
4.220808113908916743e-04
4.749949295493402913e-04
5.402007652604232926e-04
6.213968809953272256e-04
7.235708196349703407e-04
8.534624050548768283e-04
1.020159267610856518e-03
1.235811865160337539e-03
1.516396912955661957e-03
1.882378307096265607e-03
2.359082398380204452e-03
2.976788458763459690e-03
3.771147912133319697e-03
4.785619848127631998e-03
6.078837436196526944e-03
7.741019189560961571e-03
9.925890302683017252e-03
1.291214072352998669e-02
1.723146425358334025e-02
2.396980137429741489e-02
3.558308870818013142e-02
5.850818163621364365e-02
1.133948336570254067e-01
2.795512792164374094e-01
5.689281197128650547e-01
2.631327800126097571e-01
9.846582592025905634e-02
4.704566372804312724e-02
2.667203557548346315e-02
1.689151561534927432e-02
1.154047351091318403e-02
8.330839182905856732e-03
6.271123153904790797e-03
4.879628757387560224e-03
3.901106820490100879e-03
3.190857716475289756e-03
2.662378892386179242e-03
2.261781643761387548e-03
1.954483436309800270e-03
1.717947611409140164e-03
1.537602045716050195e-03
1.404545330733211750e-03
1.314347940194684258e-03
1.266616230417682469e-03
1.265201025501063370e-03
1.319099824296655898e-03
1.444302216529009955e-03
1.667182916564429948e-03
2.030828887324780205e-03
2.607616859977268317e-03
3.526546129879432057e-03
5.039291979471810512e-03
7.702100476854002384e-03
1.297376112293275804e-02
2.577282601450311614e-02
7.108124870362592107e-02
3.313625849159664849e-01
1.404365029196447678e-01
3.425332741645482904e-02
1.367783396792147943e-02
6.994473759389722295e-03
4.145052328879976836e-03
2.737238053534579458e-03
1.990905545127419178e-03
1.601756087914467559e-03
1.445943832910452078e-03
1.493622264655849758e-03
1.806222894324732231e-03
2.641886264050236945e-03
5.009328824545426252e-03
1.468695368900807194e-02
5.315484427178998605e-02
1.382006806749808484e-02
4.143526577636420273e-03
1.866472626166380778e-03
1.035041609616727540e-03
6.472898626401457330e-04
4.372536458428458606e-04
3.115161132543465649e-04
2.306998443063476361e-04
1.759390705241777356e-04
1.372955140249598640e-04
1.091365039689571898e-04
8.807878338403599139e-05
7.199209577057603775e-05
5.948181897131188406e-05
4.960458309550022334e-05
4.170429147859399332e-05
3.531363450949697190e-05
3.009282428357964095e-05
2.579030060599452910e-05
2.221684401726166155e-05
1.922811254286610870e-05
1.671261026635895356e-05
1.458324059813629403e-05
1.277127498737259965e-05
1.122198005875848810e-05
9.891402949883331983e-06
8.743978122039915257e-06
7.750725106065160956e-06
6.887876880692399180e-06
6.135825820025332046e-06
5.478306411982908244e-06
4.901756303102185853e-06
4.394812917113532058e-06
3.947914045942246175e-06
3.552978826864680633e-06
3.203151341902618300e-06
2.892593347161057976e-06
2.616315802915732173e-06
2.370041237966937396e-06
2.150090761087495340e-06
1.953290882693257252e-06
1.776896342035360609e-06
1.618525929608656678e-06
1.476108909827807589e-06
1.347840128607814662e-06
1.232142266427392531e-06
1.127633993771980083e-06
1.033103020632232436e-06
9.474832186816107327e-07
8.698351443203208874e-07
7.993294109698775817e-07
7.352324560150523730e-07
6.768943264110789504e-07
6.237381709431052550e-07
5.752511793667647976e-07
5.309767514786499811e-07
4.905077143840701845e-07
4.534804352917277270e-07
4.195697012248258558e-07
3.884842570167205683e-07
3.599629095987082115e-07
3.337711204852357311e-07
3.096980200010671999e-07
2.875537865692443363e-07
2.671673426071152813e-07
2.483843255224154816e-07
2.310652981764589664e-07
2.150841681629795378e-07
2.003267894848362790e-07
1.866897238162473103e-07
1.740791416154099236e-07
1.624098459840340447e-07
1.516044044251304108e-07
1.415923755864453244e-07
1.323096197419859255e-07
1.236976831988722602e-07
1.157032480553077046e-07
1.082776398062560393e-07
1.013763862209781156e-07
9.495882172113299681e-08
8.898773218724287632e-08
8.342903572970156627e-08
7.825149549063517842e-08
7.342646100569852324e-08
6.892763505928843476e-08
6.473086332062931886e-08
6.081394435843317494e-08
5.715645790404052364e-08
5.373960947221171739e-08
5.054608965918312861e-08
4.755994662301303473e-08
4.476647041477573839e-08
4.215208797352737567e-08
3.970426772563451612e-08
3.741143284200162649e-08
3.526288230683059615e-08
3.324871904032054365e-08
3.135978439652537324e-08
2.958759842765495175e-08
2.792430536842845213e-08
2.636262384959793324e-08
2.489580139925747597e-08
2.351757283469453771e-08
2.222212218699705956e-08
2.100404783587309207e-08
1.985833056370015593e-08
1.878030426606923604e-08
1.776562908141403675e-08
1.681026672504274444e-08
1.591045783328032010e-08
1.506270114177024490e-08
1.426373433846457434e-08
1.351051644667139037e-08
1.280021160689790719e-08
1.213017413826970560e-08
1.149793477118285108e-08
1.090118795265311795e-08
1.033778013469358514e-08
9.805698964068631028e-09
9.303063299020010327e-09
8.828113985129901165e-09
8.379205328430895183e-09
7.954797209265617940e-09
7.553447785292219507e-09
7.173806736469359900e-09
6.814609008891231637e-09
6.474669018007207045e-09
6.152875275095023302e-09
5.848185403893202509e-09
5.559621517057967157e-09
5.286265924630830254e-09
5.027257148996058531e-09
4.781786222901180904e-09
4.549093249025724192e-09
4.328464201326457583e-09
4.119227949983646039e-09
3.920753493229411718e-09
3.732447380672479414e-09
3.553751313955011794e-09
3.384139911692826852e-09
3.223118626675452581e-09
3.070221804239768335e-09
2.925010871591299418e-09
2.787072648637618218e-09
2.656017771621524107e-09
2.531479221508522117e-09
2.413110949693675215e-09
2.300586594155196350e-09
2.193598279699602892e-09
2.091855496417979623e-09
1.995084050911636321e-09
1.903025085248066625e-09
1.815434158979596747e-09
1.732080389900048830e-09
1.652745649529647489e-09
1.577223809610399041e-09
1.505320036162558903e-09
1.436850127900934087e-09
1.371639896039373614e-09
1.309524582723038225e-09
1.250348315524362580e-09
1.193963595619306060e-09
1.140230817428037223e-09
1.089017817659418049e-09
1.040199451841744741e-09
9.936571965555547849e-10
9.492787757070889554e-10
9.069578092952128605e-10
8.665934832305977184e-10
8.280902388637301326e-10
7.913574809697586205e-10
7.563093030224184188e-10
7.228642286678154367e-10
6.909449683818532660e-10
6.604781903625445565e-10
6.313943047716336055e-10
6.036272604983081886e-10
5.771143536721843982e-10
5.517960472035026087e-10
5.276158006753932690e-10
5.045199099570990461e-10
4.824573559477601896e-10
4.613796618984176060e-10
4.412407587954338384e-10
4.219968583213982083e-10
4.036063329405532555e-10
3.860296026843916354e-10
3.692290282398704437e-10
3.531688099678101678e-10
3.378148925022088030e-10
3.231348746031759755e-10
3.090979239563896047e-10
2.956746966311135735e-10
2.828372609265176863e-10
2.705590253526487505e-10
2.588146705079945978e-10
2.475800846300145232e-10
2.368323026086825037e-10
2.265494482657583969e-10
2.167106797143919817e-10
2.072961376248618607e-10
1.982868962326121960e-10
1.896649169345881686e-10
1.814130043289898138e-10
1.735147645621448236e-10
1.659545658542825113e-10
1.587175010834746415e-10
1.517893523141459688e-10
1.451565571631472256e-10
1.388061769026224824e-10
1.327258662047644973e-10
1.269038444390104891e-10
1.213288684373982205e-10
1.159902066486446190e-10
1.108776146060275185e-10
1.059813116384621276e-10
1.012919587581334163e-10
9.680063766185293197e-11
9.249883078684000966e-11
8.837840236495294360e-11
8.443158042256554590e-11
8.065093967619426894e-11
7.702938527679949195e-11
7.356013735827099763e-11
7.023671634807842788e-11
6.705292900039492195e-11
6.400285511416599364e-11
6.108083490067046660e-11
5.828145696704900082e-11
5.559954688409678785e-11
5.303015630835455627e-11
5.056855263013442653e-11
4.821020912066352292e-11
4.595079555296476628e-11
4.378616927244802280e-11
4.171236669448893827e-11
3.972559520745931275e-11
3.782222546084004873e-11
3.599878401911227392e-11
3.425194636314482929e-11
3.257853022176750040e-11
3.097548921711449578e-11
2.943990680819569428e-11
2.796899051795588122e-11
2.656006642985070535e-11
2.521057394069974295e-11
2.391806075725041578e-11
2.268017812454798591e-11
2.149467627480999455e-11
2.035940008608605058e-11
1.927228494053628233e-11
1.823135277267273163e-11
1.723470829840769550e-11
1.628053541621150871e-11
1.536709377212333832e-11
1.449271548077955242e-11
1.365580199501084194e-11
1.285482111694104081e-11
1.208830414386882953e-11
1.135484314254942661e-11
1.065308834581548155e-11
9.981745665770124330e-12
9.339574318077521777e-12
8.725384552142278159e-12
8.138035482226215641e-12
7.576433014796849513e-12
7.039527867628058520e-12
6.526313676396744939e-12
6.035825184723743756e-12
5.567136513804699754e-12
5.119359507965339973e-12
4.691642152649625119e-12
4.283167061521484246e-12
3.893150029516515843e-12
3.520838648835772973e-12
3.165510985014796912e-12
2.826474310339155679e-12
2.503063892008469433e-12
2.194641832572334314e-12
1.900595960281436864e-12
1.620338767106541601e-12
1.353306392284811260e-12
1.098957649354534621e-12
8.567730947329548800e-13
6.262541359854254803e-13
4.069221780188579368e-13
1.983178055151934626e-13
1.000000000000000072e-18
7.075899983994053677e-02
4.392301449774722866e-02
6.895101685014712323e-02
6.808545839225069174e-02
5.787256396059158731e-02
7.764131219022456232e-02
4.826745077460764533e-02
7.748711896727061843e-02
5.704771930164208305e-02
5.083577400910905403e-02
4.026614260143913937e-02
5.621769429002439200e-02
5.765229127104906648e-02
4.126985437903486764e-02
4.380441408838599282e-02
7.739794798513062457e-02
7.817539011355850720e-02
5.216429694343970025e-02
6.639423103379296642e-02
7.787893036168640204e-02
7.346675552813927701e-02
6.896320240162870374e-02
7.984913602503117269e-02
4.163095980557913328e-02
7.722963184392808711e-02
4.085601671458825856e-02
5.370569316740397836e-02
7.996579177172846720e-02
7.017632857526712176e-02
7.991136241570050147e-02
7.912628096260315713e-02
7.999622582061571840e-02
7.796426307192022565e-02
4.627475381753827499e-02
4.093891800717519569e-02
4.285445753826351567e-02
7.494391238991909843e-02
5.217320602210588631e-02
4.108083665394993145e-02
7.401961548055782658e-02
3.468601175557896321e-02
3.224520942101689880e-02
1.857749380139323350e-02
3.242173161923152247e-02
4.004509828182027664e-02
2.529888839020838151e-02
5.171378894918414459e-02
4.208776931315381942e-02
4.276300409071175090e-02
4.215859023210738465e-02
2.655348164056651333e-02
3.490981333779406837e-02
4.899198460898632201e-02
3.372849438531443089e-02
5.295671579205618595e-02
3.998586847088030083e-02
2.864038345011889197e-02
1.875464574441513405e-02
1.482484235981473830e-02
2.789063190553180485e-02
2.258658513335547527e-02
5.174935483741492648e-02
3.037941200065250036e-02
1.561680104731957668e-02
4.112567155561313442e-02
2.118684954395635978e-02
4.462015891107710963e-02
4.778789571809907710e-02
3.304351825885864374e-02
4.086818235384408887e-02
2.113392317404079804e-02
1.873451160641022642e-02
2.357953903612869384e-02
3.379055454350770454e-02
5.105656320675798499e-02
5.110426478284872676e-02
1.439824396121188073e-02
3.756906117487509439e-02
1.708188718694545957e-02
5.288778272059546648e-02
7.413897927201740234e-01
7.586056621494950969e-01
2.339588638534651210e-01
7.661101708331283788e-01
2.164193367899639453e-01
6.271330840321112099e-01
1.901154362051657443e-01
2.357389013920247745e-01
1.541310590916212253e-01
6.369729001015645986e-01
7.543404967373463776e-01
2.971767999532362037e-01
2.356256655131614974e-01
1.914764946770266263e-01
3.084895767381508613e-01
1.448796289626531342e-01
4.562123052442573767e-01
2.565063451866391175e-01
2.259627617215398399e-01
5.579111926139364019e-01
1.356603687591454721e-01
2.272447416996206393e-01
1.768075528777491856e-01
7.259700542484459618e-01
6.412226949880547311e-01
3.933477596704061940e-01
4.513516527681215029e-01
3.997927687690332466e-01
3.569859732448996126e-01
7.767814680363982482e-01
6.443734650105217288e-01
3.917461103018893276e-01
6.871439714326824655e-01
7.600899132170497730e-01
1.530586732672888084e-01
1.344294136701535691e-01
6.910966827512108335e-01
2.882537823026110613e-01
2.391724314894377035e-01
3.806211181431162216e-01
2.137589062068866452e-01
2.448194993852211843e-01
3.830200280940680435e-01
2.180649618716219984e-01
3.639603027861746387e-01
1.347538180896361570e-01
1.098653288274217960e-01
3.846666443323329965e-01
2.007918947853401526e-01
1.593235092052880941e-01
1.385400631294730622e-01
1.629505491569142595e-01
1.625368167545986620e-01
3.044869571023687271e-01
3.235053176184264911e-01
3.393620868325086248e-01
2.301284501940079608e-01
3.729038472608230403e-01
2.279319707051680743e-01
1.624158387930976222e-01
1.454642605718802217e-01
2.925283610956106450e-01
3.570163571877252862e-01
3.887158636343743812e-01
3.341713088922790842e-01
3.143160491402404166e-01
1.179610806143245316e-01
3.227250644461728268e-01
3.844164984131407392e-01
2.413868491179570197e-01
2.142191663388083311e-01
2.266394230867614656e-01
1.393895240325769558e-01
2.773176832781905077e-01
1.268139158474619332e-01
3.759450190210108511e-01
1.887112531199792720e-01
3.930663380461022482e-01
1.095279591870375879e-01
3.876487859115090862e-01
1.280742134333843346e-02
1.284737195961253853e-02
1.549164440819181775e-02
1.174099931160925252e-02
1.508687246840538163e-02
1.307550071302587130e-02
1.165372610066734219e-02
1.436340025538927756e-02
1.348965436368350715e-02
1.137572289128333143e-02
1.560558086659672924e-02
1.550006736368670160e-02
1.443638884507610250e-02
1.292721148669388927e-02
1.115271042159035782e-02
1.227160102624100940e-02
1.174766138068148238e-02
1.417150755547178821e-02
1.558488782663971367e-02
1.081309128268744674e-02
1.395374650267164687e-02
1.225696342852106852e-02
1.488871490350760635e-02
1.131223368811857394e-02
1.128257605618874712e-02
1.094951586392764464e-02
1.346940884403456835e-02
1.198052436350273246e-02
1.126033885101598853e-02
1.316955105029219211e-02
1.406500468081098992e-02
1.144081458805599159e-02
1.190778713075445541e-02
1.072248401447155157e-02
1.169413657830498457e-02
1.377099915780496953e-02
1.123554795903175529e-02
1.076838844986421559e-02
1.145505792972757557e-02
1.372344147060591824e-02
5.689830810031732966e-01
5.508489062965289396e-01
3.508632329860526533e-01
3.285719033855497573e-01
4.413289567525321977e-01
4.877294638126596360e-01
4.749193854867146403e-01
4.714226190809548411e-01
4.540520093297504278e-01
4.722150554563356861e-01
5.378433676508000971e-01
5.612204291746453189e-01
5.393246632135875185e-01
4.606418523198006487e-01
4.428016741504367526e-01
4.282386089483170566e-01
5.162192156038655222e-01
5.689490009372873969e-01
3.506612655126946643e-01
4.219961964824720524e-01
4.151655011286046748e-01
5.247865437218067752e-01
5.176329603849033623e-01
5.069674870068447969e-01
5.036515498928686441e-01
4.378833458059962491e-01
5.239226256767175460e-01
5.668999261308289572e-01
5.122950060851720888e-01
5.306080356545520571e-01
5.101605226047198904e-01
5.557744142184651848e-01
5.525394317616958428e-01
4.858949597411738042e-01
4.636281351331624223e-01
5.571334353064141265e-01
5.182401069804585259e-01
4.621526955217140076e-01
5.068239468508083378e-01
5.678191735245465832e-01
4.911150899565649985e-02
6.741525834386455363e-02
7.159173871169156878e-02
7.408792714768047682e-02
7.263094045190446324e-02
6.754944856863000224e-02
7.131805197802047747e-02
5.236036925519832463e-02
6.405495724355690645e-02
5.771628289719213378e-02
5.729214562731282934e-02
7.287503124208809246e-02
6.971852823066732041e-02
5.205209658652108079e-02
6.836689848504981515e-02
7.725829628811704819e-02
5.779514444444290577e-02
5.495571605077961830e-02
6.411188324560898599e-02
4.753219219360738795e-02
4.625089012991118881e-02
7.359548411699765036e-02
6.403674197618058894e-02
4.734422453464909308e-02
5.631424869817421713e-02
5.992719832448450967e-02
5.826880521434864291e-02
7.107374730346373293e-02
5.386859612803598235e-02
7.053562655351647281e-02
6.669740574249825860e-02
4.827560750574743514e-02
7.165447473193881089e-02
7.465072146117769647e-02
4.890926394054959103e-02
4.939743807914885598e-02
6.998377469632639791e-02
6.212095513355178622e-02
7.800022961544680888e-02
6.477858693429945636e-02
3.456751703367370518e-03
3.498568758904093724e-03
3.927506195887601158e-03
3.676842657151396711e-03
2.855398405485288886e-03
3.113182449755531357e-03
3.329066882650920552e-03
3.782279890609115906e-03
3.608329850600725235e-03
3.165720417799371827e-03
2.942596476968208866e-03
3.333039162185270302e-03
2.762394045650130425e-03
3.487573696825405859e-03
3.123986193728304703e-03
3.199583420015262789e-03
3.494064662938634828e-03
3.602351593800725334e-03
3.226325483948190055e-03
2.943782961846392720e-03
3.585325782245965369e-03
3.365020773971085823e-03
3.393794511524969408e-03
3.775337124425393737e-03
3.206933727922110094e-03
3.935426333854994546e-03
3.547638703225711697e-03
3.969286030512735389e-03
2.983603857435591748e-03
3.920736890673163014e-03
3.459503683919488374e-03
3.340606431727876410e-03
2.822022816522312422e-03
3.113562483406551607e-03
3.099160600183434745e-03
3.102744121068286634e-03
3.887655356283902398e-03
3.605255685237313424e-03
3.517214593065076059e-03
3.887260264447355528e-03
1.382827917905052606e-01
1.327976864241939559e-01
1.540148699172672608e-01
1.466684624469616893e-01
1.520945410861479496e-01
1.554588659853730070e-01
1.193959793175511930e-01
1.716862356573449766e-01
1.540068559301495110e-01
1.250064003604442475e-01
1.327739095051205520e-01
1.695292531701038663e-01
1.292834815310902330e-01
1.503878302398071742e-01
1.568806637814613714e-01
1.200936393133297808e-01
1.255322146698003571e-01
1.441737850269451116e-01
1.510451221251367104e-01
1.465842812184918742e-01
1.421266681250996089e-01
1.350937894057342437e-01
1.341674880811232484e-01
1.652052309949608722e-01
1.270295020203858205e-01
1.503682132638333169e-01
1.720670241190704886e-01
1.443136804315577337e-01
1.328371598958360267e-01
1.309445035578434280e-01
1.631418310370947033e-01
1.201012719281352725e-01
1.299656951924832438e-01
1.376261179193324358e-01
1.205912177561272725e-01
1.322858938307508447e-01
1.583427113551570398e-01
1.635346242573538222e-01
1.511521177657832449e-01
1.191807180572775349e-01
7.319455475924352417e-02
7.488576327819979062e-02
7.586491119244913317e-02
7.374085962746824985e-02
6.950137602177074159e-02
7.321556578137321247e-02
6.630057299766183021e-02
6.544929230030030465e-02
6.556233065674776928e-02
7.598383414837253658e-02
7.465699885902936372e-02
7.039386463994459775e-02
6.815441872227348541e-02
6.603866554104816100e-02
7.298142110607917787e-02
7.378260496546637515e-02
7.521496380987360841e-02
6.534097745384007117e-02
7.674633907113730114e-02
6.798854616803949591e-02
6.813602692940838590e-02
6.423218877229680546e-02
7.674583258328220026e-02
6.915066429475610899e-02
6.389709034679912081e-02
6.332548090098577553e-02
7.720491686552441446e-02
6.885492601556973680e-02
7.219189705310732896e-02
7.689988839843803214e-02
7.386865991254777664e-02
7.614877604002263933e-02
7.386990977755056309e-02
6.729449887196467528e-02
6.334149156242888101e-02
7.608705198915249879e-02
7.721281352796433017e-02
6.331398310631469739e-02
7.356411310713133200e-02
6.409437245096168134e-02
1.444436017844012432e-01
1.595719984054513874e-01
1.605997727989229018e-01
1.485884123303258253e-01
1.491955385930613942e-01
1.470601100378426118e-01
1.525543924226131498e-01
1.574363620041613065e-01
1.461011587114631194e-01
1.431404731272106490e-01
1.615099641766087890e-01
1.481486335641251373e-01
1.560701076434077017e-01
1.489670854318043136e-01
1.601642997176144501e-01
1.608158448466617818e-01
1.539962289423185693e-01
1.443371583718428552e-01
1.478059326954508368e-01
1.554622311247911559e-01
1.433523083398460241e-01
1.466404286612514873e-01
1.516581745765009648e-01
1.529255833199093806e-01
1.474658621228687738e-01
1.536094231457445503e-01
1.590393579043001826e-01
1.444985467791058686e-01
1.461804813971641359e-01
1.431140116631463288e-01
1.585584361249233742e-01
1.565500396142801565e-01
1.600609570904504009e-01
1.456400076965039259e-01
1.487383086011830335e-01
1.598533217630389580e-01
1.544211441051475120e-01
1.478589160052084517e-01
1.541831390185802175e-01
1.598786371452736721e-01
7.952522947473758541e-02
4.821033731037409342e-02
7.354235965834462485e-01
3.704582484646739005e-01
1.278874846720776982e-02
5.641350516503271795e-01
6.118349560466592590e-02
3.355246490698409086e-03
1.453444246546505281e-01
7.104865627603973444e-02
1.000000000000000072e-18
