1.000000000000000072e-18
3.929222567668152935e-12
8.018599972161229802e-12
1.227383374727860139e-11
1.670082971061155946e-11
2.130570562322743636e-11
2.609479915395362299e-11
3.107467616116776749e-11
3.625213930558381957e-11
4.163423700814253250e-11
4.722827276774393637e-11
5.304181485424797727e-11
5.908270639286095585e-11
6.535907585676942869e-11
7.187934798566508916e-11
7.865225514860433867e-11
8.568684917051779067e-11
9.299251364256761623e-11
1.005789767374916225e-10
1.084563245520766424e-10
1.166350149999116164e-10
1.251258922786917198e-10
1.339402019374612992e-10
1.430896065704000069e-10
1.525862021650141358e-10
1.624425351339102076e-10
1.726716200607410757e-10
1.832869581923582500e-10
1.943025567107553219e-10
2.057329488200001345e-10
2.175932146850454464e-10
2.298990032611243518e-10
2.426665550542796005e-10
2.559127258555880508e-10
2.696550114937031346e-10
2.839115736525468121e-10
2.987012668032593834e-10
3.140436663019957497e-10
3.299590977076516240e-10
3.464686673763456523e-10
3.635942943922955676e-10
3.813587438977068782e-10
3.997856618874724819e-10
4.188996115377585794e-10
4.387261111410823524e-10
4.592916737241556817e-10
4.806238484286437932e-10
5.027512637391261065e-10
5.257036726468309968e-10
5.495119998422852098e-10
5.742083910348567016e-10
5.998262645022036320e-10
6.264003649780511766e-10
6.539668199923520602e-10
6.825631987838570966e-10
7.122285739114641156e-10
7.430035856973683299e-10
7.749305096420592291e-10
8.080533269587210301e-10
8.424177983824035351e-10
8.780715414176858094e-10
9.150641111973738692e-10
9.534470851340208286e-10
9.932741515560174151e-10
1.034601202530301751e-09
1.077486431084877139e-09
1.121990433055942696e-09
1.168176313796820942e-09
1.216109799999006752e-09
1.265859356889475042e-09
1.317496311083136301e-09
1.371094979384928890e-09
1.426732803852456967e-09
1.484490493447736791e-09
1.544452172625113225e-09
1.606705537222113586e-09
1.671342018040955526e-09
1.738456952530572422e-09
1.808149765002669409e-09
1.880524155840229011e-09
1.955688300183553209e-09
2.033755056607144733e-09
2.114842186330638532e-09
2.199072583539103678e-09
2.286574517421666210e-09
2.377481886573713147e-09
2.471934486446164607e-09
2.570078290566109087e-09
2.672065746296669536e-09
2.778056085950093089e-09
2.888215654117392042e-09
3.002718252130335020e-09
3.121745500627435635e-09
3.245487221255332349e-09
3.374141838600326879e-09
3.507916803512732314e-09
3.647029039058979724e-09
3.791705410413372297e-09
3.942183220084167282e-09
4.098710729956022890e-09
4.261547711725273730e-09
4.430966027404577259e-09
4.607250241680638294e-09
4.790698268023709135e-09
4.981622050569808163e-09
5.180348283928043735e-09
5.387219173205711744e-09
5.602593236693975135e-09
5.826846153818216498e-09
6.060371661129244827e-09
6.303582499296355330e-09
6.556911414261417101e-09
6.820812215925359285e-09
7.095760897966422153e-09
7.382256822634020179e-09
7.680823974624402905e-09
7.992012288426554056e-09
8.316399053829041030e-09
8.654590404604875299e-09
9.007222895740616179e-09
9.374965174952901632e-09
9.758519754640706418e-09
1.015862489085710954e-08
1.057605657635484504e-08
1.101163065526519005e-08
1.146620506751506466e-08
1.194068223167598535e-08
1.243601157557107685e-08
1.295319222465379752e-08
1.349327585890725111e-08
1.405736974981512611e-08
1.464663998981552048e-08
1.526231492758199415e-08
1.590568882348726114e-08
1.657812574069275317e-08
1.728106368849416565e-08
1.801601903582952685e-08
1.878459121424720784e-08
1.958846773113435196e-08
2.042942951563903409e-08
2.130935662149254480e-08
2.223023431286154492e-08
2.319415956145103131e-08
2.420334798535343731e-08
2.526014126260992381e-08
2.636701505514433165e-08
2.752658748165845919e-08
2.874162818127256226e-08
3.001506801317653347e-08
3.135000944135468875e-08
3.274973765759517770e-08
3.421773250052226680e-08
3.575768123333910358e-08
3.737349224838286071e-08
3.906930977251482655e-08
4.084952965385824000e-08
4.271881631749966718e-08
4.468212098556625239e-08
4.674470126564192674e-08
4.891214222087351614e-08
5.119037904543864786e-08
5.358572148039066095e-08
5.610488011738042947e-08
5.875499475150838686e-08
6.154366495970512149e-08
6.447898309776378416e-08
6.756956992758825593e-08
7.082461310660532968e-08
7.425390879382744105e-08
7.786790665198739444e-08
8.167775855278483937e-08
8.569537132290579084e-08
8.993346390243910681e-08
9.440562932504006183e-08
9.912640197112198608e-08
1.041113305920041028e-07
1.093770576549042843e-07
1.149414056165746550e-07
1.208234707980117429e-07
1.270437256048634923e-07
1.336241299188804498e-07
1.405882525761252373e-07
1.479614039489248864e-07
1.557707807621502884e-07
1.640456244020262134e-07
1.728173941191574763e-07
1.821199566890027430e-07
1.919897942751345467e-07
2.024662324461369674e-07
2.135916905292615605e-07
2.254119567467650842e-07
2.379764908786454248e-07
2.513387575333930219e-07
2.655565934922707529e-07
2.806926130295368958e-07
2.968146556088394148e-07
3.139962809242125095e-07
3.323173169036243354e-07
3.518644670366317729e-07
3.727319842405123322e-07
3.950224194589022673e-07
4.188474543142593854e-07
4.443288284350563373e-07
4.715993735794162919e-07
5.008041684135115484e-07
5.321018298162624877e-07
5.656659589204579032e-07
6.016867628225788315e-07
6.403728760688179460e-07
6.819534097366621918e-07
7.266802602802561332e-07
7.748307154147325402e-07
8.267104003262547418e-07
8.826566145883080998e-07
9.430421185567917207e-07
1.008279437970649778e-06
1.078825767323488371e-06
1.155188566691712300e-06
1.237931963594157026e-06
1.327684091721146492e-06
1.425145522756947269e-06
1.531098976961798007e-06
1.646420533846006207e-06
1.772092607624152442e-06
1.909219005029872400e-06
2.059042447840734863e-06
2.222965022083033476e-06
2.402572114160088319e-06
2.599660515955731721e-06
2.816271532605350417e-06
3.054730116272034512e-06
3.317691287570046253e-06
3.608195407222527405e-06
3.929734242569537496e-06
4.286330261145777251e-06
4.682632209452169179e-06
5.124030843278282251e-06
5.616799726147056158e-06
6.168267386071192217e-06
6.787028929820589214e-06
7.483207613599696119e-06
8.268780076574459937e-06
9.157983265438778304e-06
1.016782695038460633e-05
1.131874378254186767e-05
1.263541998076576630e-05
1.414786529747107261e-05
1.589280287981345452e-05
1.791549098241664655e-05
2.027213369716558393e-05
2.303310382257977993e-05
2.628729831313172886e-05
3.014809189615429093e-05
3.476157296281899632e-05
4.031807681065545422e-05
4.706853191448802522e-05
5.534787799228508729e-05
6.560884763930116927e-05
7.847053093667717726e-05
9.478590280166335072e-05
1.157230482191691528e-04
1.427919424899620196e-04
1.773187056446589281e-04
2.149297735337609046e-04
2.987253806909579345e-04
4.531778671756449598e-04
6.312000354703051338e-04
9.160115110301750947e-04
1.381400105026846020e-03
2.111011977917297364e-03
3.009003993579974483e-03
3.370413975051049071e-03
3.215854596940767411e-03
2.325460578840498650e-03
1.617165245193041270e-03
1.155798359732515893e-03
8.595344100139990038e-04
6.640591645225514452e-04
5.302593656651336364e-04
4.353343763553659831e-04
3.657998201841009597e-04
3.134320550606588761e-04
2.730422952509889466e-04
2.412475156516955942e-04
2.157745905616534376e-04
1.950541386905373597e-04
1.779760095566958937e-04
1.637376716539303164e-04
1.517475929099876362e-04
1.415620989737736458e-04
1.328431513999799301e-04
1.253295175007021814e-04
1.188167048794854506e-04
1.131427502666662534e-04
1.081779924476479254e-04
1.038176035164470079e-04
9.997606027166354805e-05
9.658300033706096596e-05
9.358008002848051455e-05
9.091856603696542674e-05
8.855747094460704146e-05
8.646209616111463412e-05
8.460288318315970369e-05
8.295450039523245790e-05
8.149511140923065497e-05
8.020578448705698894e-05
7.907001246474588334e-05
7.807331986446296970e-05
7.720293928033842787e-05
7.644754317214842200e-05
7.579702026255100210e-05
7.524228806927547397e-05
7.477513490042133368e-05
7.438808603415016129e-05
7.407428989209258587e-05
7.382742087108755673e-05
7.364159617398967350e-05
7.351130451731936841e-05
7.343134502175600658e-05
7.339677493393792853e-05
7.340286510234308700e-05
7.344506234963428428e-05
7.351895805900936047e-05
7.362026243055581876e-05
7.374478397120234549e-05
7.388841386299324122e-05
7.404711491242812885e-05
7.421691482112713150e-05
7.439390353728065654e-05
7.457423445017007427e-05
7.475412917841555978e-05
7.492988567853237265e-05
7.509788936609964867e-05
7.525462689987170333e-05
7.539670223230108442e-05
7.552085448129940593e-05
7.562397713093237778e-05
7.570313802655336574e-05
7.575559959597285686e-05
7.577883870580111737e-05
7.577056555379178772e-05
7.572874100596286564e-05
7.565159181279408108e-05
7.553762318225637354e-05
7.538562824816107892e-05
7.519469404861894965e-05
7.496420371853146044e-05
7.469383469841175960e-05
7.438355286512174835e-05
7.403360259355102713e-05
7.364449285687040231e-05
7.321697956184140225e-05
7.275204439016065268e-05
7.225087047281857620e-05
7.171481525843490987e-05
7.114538094559468711e-05
7.054418283092599780e-05
6.991291587687243443e-05
6.925331972357966562e-05
6.856714225503207714e-05
6.785610167610221192e-05
6.712184685746631029e-05
6.636591544819900898e-05
6.558968892379473249e-05
6.479434330319144711e-05
6.398079369042357204e-05
6.314963001073712993e-05
6.230104021878254017e-05
6.143471570469985932e-05
6.054973137187914843e-05
5.964438952411709713e-05
5.871601165722122739e-05
5.776065447162708947e-05
5.677271417154012759e-05
5.574436339668473981e-05
5.466473265593827516e-05
5.351869333259427715e-05
5.228500448345776568e-05
5.093341714352590002e-05
4.942002270813423281e-05
4.767955965764345927e-05
4.561231420874499025e-05
4.306125444931290408e-05
3.977174710041661576e-05
3.532354715914591363e-05
2.904237267020782476e-05
2.006266667079291665e-05
8.601116653800698408e-06
1.125008139270422692e-06
9.861728267613611106e-06
2.772406174671632916e-05
4.035738075421513061e-05
4.683796863340881911e-05
4.990173945177657288e-05
5.129604534226955571e-05
5.187166517716633723e-05
5.203432077632306937e-05
5.198450539601745795e-05
5.182597146470808107e-05
5.161481007806878371e-05
5.138251624786902862e-05
5.114733927578947296e-05
5.092012473939721082e-05
5.070744714923455093e-05
5.051335218978555020e-05
5.034035730853496881e-05
5.019004279126679214e-05
5.006340966374488074e-05
4.996110116548654249e-05
4.988354246126086409e-05
4.983103030719402158e-05
4.980379151629575434e-05
4.980202166227984807e-05
4.982591110038455480e-05
4.987566276289329224e-05
4.995150458153221348e-05
5.005369838857129530e-05
5.018254651554449107e-05
5.033839690254494019e-05
5.052164726751743603e-05
5.073274871211228199e-05
5.097220902633194117e-05
5.124059587813716086e-05
5.153854002343302829e-05
5.186673863807173511e-05
5.222595885123339329e-05
5.261704154517817401e-05
5.304090547752601434e-05
5.349855177731542956e-05
5.399106886407181250e-05
5.451963783925582290e-05
5.508553840132498662e-05
5.569015533891418700e-05
5.633498566115576232e-05
5.702164642984184685e-05
5.775188336493416248e-05
5.852758030291397488e-05
5.935076959667811891e-05
6.022364355626778833e-05
6.114856704179691773e-05
6.212809133372561548e-05
6.316496942132678949e-05
6.426217286809169694e-05
6.542291043324131384e-05
6.665064865182389765e-05
6.794913460253663225e-05
6.932242112293560707e-05
7.077489476668481392e-05
7.231130683768186929e-05
7.393680788209888385e-05
7.565698607259958614e-05
7.747790998037655020e-05
7.940617630156505393e-05
8.144896318664526617e-05
8.361408991650973329e-05
8.591008377920832508e-05
8.834625512959318986e-05
9.093278176330409199e-05
9.368080391041340134e-05
9.660253135694494263e-05
9.971136443949817302e-05
1.030220309353924353e-04
1.065507411952092950e-04
1.103153642446829487e-04
1.143356280283672487e-04
1.186333474897497168e-04
1.232326847946502949e-04
1.281604467219775445e-04
1.334464250852082537e-04
1.391237870283792380e-04
1.452295231823826722e-04
1.518049629921999647e-04
1.588963680539051205e-04
1.665556160487444409e-04
1.748409898395065565e-04
1.838180884954682581e-04
1.935608794033268618e-04
2.041529131242441112e-04
2.156887251188692044e-04
2.282754506122862328e-04
2.420346802522236034e-04
2.571045840801159483e-04
2.736423284935108149e-04
2.918268034575469344e-04
3.118616623229723741e-04
3.339786497921747857e-04
3.584411481392308957e-04
3.855477977429495797e-04
4.156359306849787103e-04
4.490843745905794058e-04
4.863149088352500650e-04
5.277912479359578996e-04
5.740138397605730990e-04
6.255079487429529876e-04
6.828014115568595797e-04
7.463871267370232685e-04
8.166639330488848153e-04
8.938484936547994768e-04
9.778510912479361408e-04
1.068111565255585454e-03
1.163400532962838557e-03
1.261608351120446954e-03
1.359571093437392762e-03
1.453014492651151296e-03
1.536717999492983981e-03
1.604985289234751346e-03
1.652429595784777163e-03
1.674946610255299926e-03
1.670608710973384842e-03
1.640148516717338748e-03
1.586762250853889335e-03
1.515245347462459546e-03
1.430941742069322467e-03
1.339018448752777755e-03
1.244044488126804524e-03
1.149711288604753252e-03
1.058716555717219765e-03
9.728221931411707313e-04
8.930180020844979191e-04
8.197156453555571286e-04
7.529269083081066875e-04
6.924076028976435112e-04
6.377645624581867708e-04
5.885304766626796823e-04
5.442135299755693862e-04
5.043285741829417121e-04
4.684154049751651852e-04
4.360483819201596925e-04
4.068404504760830321e-04
3.804436899510553298e-04
3.565478179604298845e-04
3.348775889865653835e-04
3.151896846644773554e-04
2.972694644417394781e-04
2.809277941912410263e-04
2.659980726616909918e-04
2.523335138521313483e-04
2.398047053593911854e-04
2.282974402074838545e-04
2.177108070787767764e-04
2.079555175508604145e-04
1.989524464889696998e-04
1.906313615883998994e-04
1.829298192042766219e-04
1.757922054170957412e-04
1.691689033732658720e-04
1.630155700780092911e-04
1.572925078710066271e-04
1.519641177135081411e-04
1.469984231285903975e-04
1.423666551565453873e-04
1.380428900211378481e-04
1.340037323629785003e-04
1.302280379001345830e-04
1.266966702408470159e-04
1.233922873160042677e-04
1.202991535357836637e-04
1.174029743201030575e-04
1.146907501191056256e-04
1.121506474390949597e-04
1.097718847309768378e-04
1.075446312907648065e-04
1.054599175723440414e-04
1.035095555276542475e-04
1.016860677740185362e-04
9.998262454702496957e-05
9.839298753397634871e-05
9.691145980070214568e-05
9.553284112625331690e-05
9.425238814799706555e-05
9.306577879590762327e-05
9.196908056110195161e-05
9.095872220132979137e-05
9.003146853644929549e-05
8.918439803093663901e-05
8.841488289910477564e-05
8.772057150271009925e-05
8.709937284067547541e-05
8.654944295732823457e-05
8.606917311933166045e-05
8.565717963283169087e-05
8.531229519159782204e-05
8.503356166447268675e-05
8.482022424652472831e-05
8.467172691322355992e-05
8.458770913092640564e-05
8.456800379024660718e-05
8.461263634163667389e-05
8.472182512498376450e-05
8.489598289736204485e-05
8.513571957550962834e-05
8.544184622228519438e-05
8.581538031951285251e-05
8.625755238344447076e-05
8.676981399378206890e-05
8.735384732305419763e-05
8.801157627039078962e-05
8.874517932268955562e-05
8.955710428715883404e-05
9.045008506263036373e-05
9.142716064331117098e-05
9.249169657829164957e-05
9.364740914374020217e-05
9.489839252298836792e-05
9.624914933344269911e-05
9.770462488942098175e-05
9.927024564770273033e-05
1.009519623491462027e-04
1.027562984467352513e-04
1.046904044997382994e-04
1.067621193175351328e-04
1.089800387577664361e-04
1.113535932249802498e-04
1.138931350817403782e-04
1.166100373788728206e-04
1.195168055407456109e-04
1.226272039119821787e-04
1.259563993920672818e-04
1.295211247638945642e-04
1.333398647736952578e-04
1.374330685579452471e-04
1.418233926560968331e-04
1.465359796189756928e-04
1.515987781492030809e-04
1.570429118265460769e-04
1.629031048203039077e-04
1.692181746257764364e-04
1.760316038485656282e-04
1.833922054813831516e-04
1.913548990763466002e-04
1.999816188406116572e-04
2.093423791368483023e-04
2.195165283561530492e-04
2.305942289055807508e-04
2.426782094371516185e-04
2.558858458434313415e-04
2.703516404615043610e-04
2.862301849907233713e-04
3.036997126167609502e-04
3.229663696931397597e-04
3.442693681979483878e-04
3.678872183797243615e-04
3.941452879960055580e-04
4.234249918064510307e-04
4.561749837060583425e-04
4.929248043957349702e-04
5.343015280925921635e-04
5.810500466348415523e-04
6.340577145549702517e-04
6.943841254077478100e-04
7.632967417208764548e-04
8.423128537288946619e-04
9.332477061657708283e-04
1.038267273811245214e-03
1.159941511639345528e-03
1.301289001487107924e-03
1.465795254795832859e-03
1.657372297062229254e-03
1.880203753124615835e-03
2.138385071842725371e-03
2.435223913890894199e-03
2.772022998587647322e-03
3.146161477661350760e-03
3.548385416479463150e-03
3.959465325686296194e-03
4.346608441177636159e-03
4.659202384418843421e-03
4.818070468886903081e-03
4.671515815050341670e-03
3.842318749278343746e-03
1.826838262933448351e-03
8.835878362466157050e-04
1.833190892756437519e-03
2.441788060783254156e-03
2.623741422519922442e-03
2.599919462933725656e-03
2.487134749466502100e-03
2.340326634279848474e-03
2.185755984589771855e-03
2.035992738888485042e-03
1.896767461372042942e-03
1.770305522174058996e-03
1.657035972286921392e-03
1.556496709325436156e-03
1.467821463952165327e-03
1.390001791810628650e-03
1.322025673501746670e-03
1.262947975077116647e-03
1.211923479266311049e-03
1.168219742223712034e-03
1.131219351303053853e-03
1.100416300864206706e-03
1.075406920256958632e-03
1.055868776038553468e-03
1.041502447298105812e-03
1.031850572545562131e-03
1.025683369510394828e-03
1.018679920015881169e-03
9.933947694471044303e-04
8.713439389824419396e-04
4.115845376069431159e-04
1.122421964429680397e-04
3.475307470157671438e-04
5.228373129013705670e-04
6.184335163626631781e-04
6.729951427693492026e-04
7.051569432853641755e-04
7.231358884902732917e-04
7.306263929917804559e-04
7.292969638761821489e-04
7.199215522991116037e-04
7.029616782911480687e-04
6.788977763286188237e-04
6.484149841215766999e-04
6.124787861912534426e-04
5.723178835660578051e-04
5.293360373334895326e-04
4.849843823540315644e-04
4.406298105204462228e-04
3.974492837167335605e-04
3.563668563351139805e-04
3.180357720863824988e-04
2.828575803590200298e-04
2.510261303461521171e-04
2.225863742057790340e-04
1.975061349950828367e-04
1.757787761124628134e-04
1.576134637288042952e-04
1.423309560622293586e-04
7.606215825978006849e-05
9.125772184017252539e-05
8.534346245448898186e-05
7.719290099608203917e-05
6.924524618434828944e-05
6.196647397444024475e-05
5.543390988666501161e-05
4.961816957774203097e-05
4.445800421243866634e-05
3.988498377247627575e-05
3.583255295611730793e-05
3.223936691150350005e-05
2.905031026612328067e-05
2.621652872162629272e-05
2.369504201571725964e-05
2.144819693808499596e-05
1.944308186374344187e-05
1.765095971660445124e-05
1.604674459158107869e-05
1.460853133693872780e-05
1.331717937671086890e-05
1.215594812766851709e-05
1.111017960505801284e-05
1.016702320101416325e-05
9.315197611393634947e-06
8.544785180003880196e-06
7.847054357651725925e-06
7.214306445754498926e-06
6.639743261498792557e-06
6.117352798835508383e-06
5.641810355839021184e-06
5.208392950736604436e-06
4.812905157010881915e-06
4.451614755352663994e-06
4.121196830804261350e-06
3.818685141372083528e-06
3.541429753819041392e-06
3.287060087077477255e-06
3.053452627207369192e-06
2.838702683109915356e-06
2.641099641951457578e-06
2.459105259766471229e-06
2.291334587959999806e-06
2.136539192114820901e-06
1.993592367064576743e-06
1.861476092841921290e-06
1.739269510892624448e-06
1.626138729737174227e-06
1.521327794808929140e-06
1.424150679132497955e-06
1.333984170360072882e-06
1.250261545913325630e-06
1.172466941963932213e-06
1.100130334055489961e-06
1.032823057598430873e-06
9.701538054920925526e-07
9.117650479455180476e-07
8.573298263492511846e-07
8.065488789404014806e-07
7.591480611263534125e-07
7.148760277930249557e-07
6.735021488142070842e-07
6.348146323741738122e-07
5.986188336847821961e-07
5.647357292767440653e-07
5.330005393215264719e-07
5.032614824383455296e-07
4.753786491953750135e-07
4.492229820576259405e-07
4.246753508928295124e-07
4.016257143442069729e-07
3.799723584361311345e-07
3.596212047122816654e-07
3.404851810317131677e-07
3.224836488794418684e-07
3.055418816959957652e-07
2.895905893053798424e-07
2.745654840314105022e-07
2.604068845462632604e-07
2.470593538990890765e-07
2.344713685322461165e-07
2.225950154136301074e-07
2.113857146998242385e-07
2.008019656005881612e-07
1.908051133439467345e-07
1.813591353457254604e-07
1.724304448708109211e-07
1.639877106376791517e-07
1.560016909653027118e-07
1.484450811939397402e-07
1.412923732303619874e-07
1.345197261752114666e-07
1.281048470865083175e-07
1.220268810202814395e-07
1.162663095675644314e-07
1.108048571776932478e-07
1.056254046217118114e-07
1.007119090073287503e-07
9.604932980910215442e-08
9.162356042471839264e-08
8.742136481102431538e-08
8.343031879225505069e-08
7.963875566804027479e-08
7.603571578072469868e-08
7.261089973050861496e-08
6.935462495326838917e-08
6.625778539989572680e-08
6.331181407778088323e-08
6.050864823494947912e-08
5.784069698544213832e-08
5.530081119103240201e-08
5.288225542944020702e-08
5.057868189292506002e-08
4.838410607371349128e-08
4.629288410417552911e-08
4.429969163016116301e-08
4.239950410551414303e-08
4.058757840455664400e-08
3.885943565740522011e-08
3.721084522034770184e-08
3.563780970027792453e-08
3.413655095840596639e-08
3.270349702414336525e-08
3.133526985531716645e-08
3.002867388566485149e-08
2.878068530498959518e-08
2.758844202142889517e-08
2.644923425902657223e-08
2.536049574725408973e-08
2.431979546229999095e-08
2.332482988287225178e-08
2.237341572596591384e-08
2.146348313052803207e-08
2.059306925926125401e-08
1.976031229092314354e-08
1.896344577744046756e-08
1.820079334197334188e-08
1.747076369573323417e-08
1.677184595291540726e-08
1.610260522453573062e-08
1.546167847329015092e-08
1.484777061278837904e-08
1.425965083564631402e-08
1.369614915598421937e-08
1.315615315285230950e-08
1.263860490201507120e-08
1.214249808437046411e-08
1.166687526005877130e-08
1.121082529804701251e-08
1.077348095164707893e-08
1.035401657105351419e-08
9.951645944572847332e-09
9.565620260755420853e-09
9.195226184148817256e-09
8.839784037860164878e-09
8.498646086552230522e-09
8.171194913907409247e-09
7.856841888970983880e-09
7.555025716141556556e-09
7.265211063904803012e-09
6.986887267714915306e-09
6.719567102716426488e-09
6.462785622265087389e-09
6.216099058458840117e-09
5.979083781122284617e-09
5.751335311906499636e-09
5.532467390371126761e-09
5.322111089104668426e-09
5.119913975119114814e-09
4.925539314920472251e-09
4.738665320813162354e-09
4.558984436143256990e-09
4.386202657320484344e-09
4.220038890589223142e-09
4.060224341636269300e-09
3.906501936237933834e-09
3.758625770252646862e-09
3.616360587364602622e-09
3.479481283077200778e-09
3.347772433540714124e-09
3.221027847881492977e-09
3.099050142775562119e-09
2.981650338081552060e-09
2.868647472415963491e-09
2.759868237616100548e-09
2.655146631096561035e-09
2.554323625160529952e-09
2.457246852379829432e-09
2.363770306207421903e-09
2.273754056032143045e-09
2.187063975929679994e-09
2.103571486404670040e-09
2.023153308457522034e-09
1.945691229346530240e-09
1.871071879449469459e-09
1.799186519661980992e-09
1.729930838800083387e-09
1.663204760502841970e-09
1.598912259158840190e-09
1.536961184404906043e-09
1.477263093770243155e-09
1.419733093061488639e-09
1.364289684105637012e-09
1.310854619488328388e-09
1.259352763943541270e-09
1.209711962069260128e-09
1.161862912060419116e-09
1.115739045166423054e-09
1.071276410596057022e-09
1.028413565606500641e-09
9.870914705270725417e-10
9.472533884809696761e-10
9.088447895802831530e-10
8.718132593813240710e-10
8.361084113977385424e-10
8.016818034794614431e-10
7.684868578750724463e-10
7.364787848042708585e-10
7.056145093760537729e-10
6.758526016961314673e-10
6.471532100151552033e-10
6.194779967765509772e-10
5.927900774297014984e-10
5.670539618810454005e-10
5.422354984616343057e-10
5.183018202959015304e-10
4.952212939618597432e-10
4.729634703383042955e-10
4.514990375397897608e-10
4.307997758447240089e-10
4.108385145267272705e-10
3.915890905035448213e-10
3.730263087219567421e-10
3.551259042010968157e-10
3.378645056601427773e-10
3.212196006599980842e-10
3.051695021918227459e-10
2.896933166484396888e-10
2.747709131177323341e-10
2.603828939398795438e-10
2.465105664731082139e-10
2.331359160151517550e-10
2.202415798300498118e-10
2.078108222323346651e-10
1.958275106827467426e-10
1.842760928518506816e-10
1.731415746098446710e-10
1.624094989027792004e-10
1.520659254772692980e-10
1.420974114174197816e-10
1.324909924594179510e-10
1.232341650507534154e-10
1.143148691225224740e-10
1.057214715447322965e-10
9.744275023580473848e-11
8.946787889883848577e-11
8.178641235834277686e-11
7.438827247238676828e-11
6.726373459617850274e-11
6.040341457415383020e-11
5.379825623869791229e-11
4.743951939452789031e-11
4.131876826874789091e-11
3.542786040741261093e-11
2.975893600028733109e-11
2.430440761631268756e-11
1.905695033298950780e-11
1.400949224368371629e-11
9.155205327498467789e-12
4.487496667033128385e-12
1.000000000000000072e-18
1.506489022422110354e-04
1.440522391085168768e-04
1.666659028843978660e-04
1.470780819686553641e-04
1.707153348346223982e-04
1.800064017381698819e-04
1.543449034712858741e-04
1.358591744981379459e-04
1.649433136761081688e-04
1.515063946724215711e-04
1.685860707303813246e-04
1.555630008616139498e-04
1.677632185585869453e-04
1.342029039022044285e-04
1.336766007781162191e-04
1.730833180158481484e-04
1.335161591909246571e-04
1.847346880978843189e-04
1.398713980088502052e-04
1.452459561038805928e-04
1.670981668683092281e-04
1.425260688828297487e-04
1.657865732335527084e-04
1.475236246581045562e-04
1.392744446691786167e-04
1.787940551119157596e-04
1.822515806829101497e-04
1.729125929263083939e-04
1.594335198439776548e-04
1.513874360676822678e-04
1.470373134251424564e-04
1.353647554292333418e-04
1.815639494310097054e-04
1.576979048659918868e-04
1.551069594397684528e-04
1.476338331534710600e-04
1.552467100952941944e-04
1.838368274473990032e-04
1.340439767650654541e-04
1.368864797178346194e-04
7.096483362852614709e-05
7.872116097598642729e-05
6.862790933792733690e-05
7.190251845055548041e-05
7.381249663842102536e-05
7.887375778111857733e-05
6.910450614908960829e-05
7.882252077283620278e-05
6.864302500765244290e-05
7.902564729472992479e-05
7.179523306004278115e-05
7.206386054655292562e-05
7.201597436752804832e-05
7.520923015118019571e-05
7.517639406495572885e-05
7.936688574882224138e-05
7.342397183793210108e-05
7.315813829208673246e-05
7.104191736683197994e-05
7.341845506648825650e-05
7.730175077892956941e-05
7.807952164327156973e-05
6.806427327753633301e-05
7.687980958365431359e-05
7.743052775101177845e-05
7.537635780399721023e-05
7.988479545881559346e-05
6.891499992546737548e-05
7.393291768357298111e-05
6.741221548478914887e-05
7.519377087326612299e-05
6.977408995451624769e-05
6.741231438783344546e-05
7.883563193193059810e-05
7.251297664324232533e-05
7.840442240636352571e-05
7.298525310144021727e-05
6.998561948805330458e-05
7.957856160330720999e-05
7.514545256128845208e-05
3.357948036330218704e-03
3.395630574384209208e-03
3.190735459301601191e-03
3.308837894575237474e-03
3.118309945594193323e-03
2.919945285947572224e-03
3.385053318321205179e-03
3.175811960922339267e-03
3.199824321988985372e-03
3.391552206838053564e-03
3.376975287134686195e-03
3.393993473396902504e-03
3.346624542056334580e-03
3.032463629379153394e-03
2.794570300597684891e-03
3.385658323426056927e-03
3.248156523277174502e-03
3.394215023212474383e-03
3.396795092694838113e-03
2.877402465429132992e-03
3.364760234849756022e-03
3.324552973453393998e-03
3.138400757562356553e-03
3.392812589901926176e-03
3.376022262841847470e-03
3.154786884796373023e-03
3.152131240187110509e-03
2.898043273496817528e-03
3.103701473120888763e-03
3.175009061291987882e-03
2.789209439825681910e-03
3.256192128818825166e-03
3.202471505509930060e-03
3.373085944335390760e-03
3.314790410890614252e-03
2.730353092214650012e-03
2.726622687743415763e-03
3.012546744022662985e-03
3.179541340260428044e-03
3.396182297567651703e-03
5.304355562732354819e-04
4.872051788104631216e-04
4.896416597631820990e-04
4.750746622456253343e-04
4.909614277542645629e-04
5.446730897220818362e-04
5.280943666781722032e-04
5.423250553249350315e-04
5.283601183479094514e-04
4.758235778818498498e-04
4.891480870668969997e-04
5.269441783013742095e-04
4.749372353662498019e-04
4.806433777871764869e-04
4.877925940116930453e-04
4.718373353223968727e-04
5.374920265603812643e-04
4.982999996807618978e-04
4.720646958701852172e-04
5.149196172155306051e-04
5.309833629441992799e-04
5.158337841160012338e-04
4.797331630151036226e-04
4.945802601468864525e-04
5.186003299640632629e-04
4.876168752695609460e-04
5.231224685472658700e-04
5.285693086160707420e-04
5.407492467697387400e-04
4.746285387968632958e-04
5.219459502889834670e-04
5.251851092258531415e-04
4.788404119930453275e-04
4.800458915896288568e-04
5.409319474319546420e-04
4.806764998152488443e-04
4.848834136421299062e-04
5.288732574530411075e-04
5.133951939568129992e-04
5.316590878589895876e-04
7.381053385727908919e-05
7.392602664610135117e-05
7.367327963826380915e-05
7.387722263095013110e-05
7.378717470737720366e-05
7.396172725674620395e-05
7.369279094444081417e-05
7.389575765329961955e-05
7.391536588783648068e-05
7.377317512839508913e-05
7.398989907171921317e-05
7.372633935843370698e-05
7.387182723926306383e-05
7.384834889732013494e-05
7.394342296783623159e-05
7.399317488311280065e-05
7.366192828487447676e-05
7.391553786711354569e-05
7.386441754604221224e-05
7.387542235802268100e-05
7.376069806114232241e-05
7.388896935037073208e-05
7.384944634730487790e-05
7.370976612240993258e-05
7.389995570461933014e-05
7.383222796329897471e-05
7.371282437563780995e-05
7.373084726126386088e-05
7.395531379030590607e-05
7.366898385692499348e-05
7.380081740385287454e-05
7.390779197835122244e-05
7.374852082432336556e-05
7.396594868735829951e-05
7.371695588670282328e-05
7.383953070834332877e-05
7.389752474816125194e-05
7.377042074818276137e-05
7.396340426327542605e-05
7.388563905407165213e-05
1.857362216136895046e-03
1.889397869918017737e-03
1.939007836741580724e-03
1.857495567392316747e-03
1.937758926292901035e-03
2.012794995261212461e-03
1.833491093939413783e-03
1.964758866945889252e-03
1.911912832457820328e-03
1.875041920567959569e-03
1.867692677379847749e-03
1.853180494418946167e-03
2.042660193802268466e-03
1.915793347041639186e-03
1.904586245510871178e-03
1.855055454744944593e-03
1.836279283873117844e-03
1.930949452727520350e-03
1.900786733747783898e-03
1.999824114274052333e-03
1.937896223219649945e-03
1.842316776843463781e-03
2.011344375394999787e-03
1.875402908996966645e-03
2.051251245918349949e-03
1.983026728003700005e-03
1.896845789227513505e-03
2.051487179772892161e-03
2.027889312793165234e-03
1.836233312417185487e-03
1.986106877458271476e-03
2.039806124923636450e-03
1.910611470484353076e-03
1.857105354405960695e-03
1.998572743258196418e-03
1.841642904810531292e-03
2.036892804786696702e-03
1.884972679895252461e-03
1.847066932268584668e-03
1.956158733453032626e-03
7.430648038471268418e-05
7.430731479860658035e-05
7.450369874279072079e-05
7.447649140388355054e-05
7.454995292908266882e-05
7.446682477962608118e-05
7.457448061885032240e-05
7.436107211438365311e-05
7.454591124473964388e-05
7.446120332416473282e-05
7.430714258039790591e-05
7.435609015124927657e-05
7.453606263846489623e-05
7.451479744923809813e-05
7.437763988232300042e-05
7.438127712842500358e-05
7.452886809064623007e-05
7.455700387455259988e-05
7.447632157748037976e-05
7.439672879144541601e-05
7.442683726434408680e-05
7.439808064062852148e-05
7.458197042294124651e-05
7.451245785604632404e-05
7.449389020506617617e-05
7.450695874422437253e-05
7.457333484479816200e-05
7.431908159884438516e-05
7.444481824565776090e-05
7.442746414946170119e-05
7.431431853422988372e-05
7.431294232460136824e-05
7.431441521664220395e-05
7.434603964354619999e-05
7.432132536387803354e-05
7.458239486225087291e-05
7.443580334406621089e-05
7.450961616828179006e-05
7.458412342895428886e-05
7.449983439190014300e-05
4.300212521001336996e-03
3.798306729869104382e-03
4.332559064679557433e-03
4.058503670409379684e-03
4.148987386251838487e-03
3.898378129403283314e-03
4.050377651851472076e-03
4.353248267068341067e-03
3.970923142160882359e-03
4.140698892151533153e-03
4.322710817092137447e-03
4.175868180173740625e-03
3.854341832878786182e-03
4.103310021307096482e-03
4.046347885333546543e-03
4.108115184732636163e-03
4.247102971121503520e-03
3.790072148653174204e-03
4.192596313878475985e-03
3.857151081245601461e-03
4.170365471949298748e-03
4.302120513002747476e-03
4.360663367815115904e-03
4.291293099528462572e-03
4.375512446941656232e-03
3.882442383700100176e-03
4.368914716581790217e-03
4.265212412085132507e-03
4.392694458940241652e-03
3.791756409666709703e-03
4.218727154986733757e-03
4.013885424080128675e-03
3.912563653141045567e-03
4.350367075260828768e-03
4.374138480952384327e-03
3.898855463181820705e-03
3.995134137097643146e-03
4.142556149828210965e-03
3.887895258008530058e-03
3.942629616351170201e-03
2.584231955919941820e-04
2.572095204824683735e-04
2.440730114911376101e-04
2.588218963260180807e-04
2.597590811845452833e-04
2.597925766023265496e-04
2.450035048491083583e-04
2.411222447047422818e-04
2.520251245028927640e-04
2.513449846795119441e-04
2.599305794695126975e-04
2.597881788219288902e-04
2.426562158996135377e-04
2.633978157900011569e-04
2.593480085872226868e-04
2.486764888647628280e-04
2.661960652276612279e-04
2.513612682378287260e-04
2.569273219340876798e-04
2.642390040920193010e-04
2.475014792503717697e-04
2.460649461644578658e-04
2.481278369056003812e-04
2.463026720624235627e-04
2.532429511881591471e-04
2.631044636479882280e-04
2.477886739137777350e-04
2.516530167371131173e-04
2.574574479254978523e-04
2.423484467721574416e-04
2.664291394344376219e-04
2.586614112258035542e-04
2.458988333567995116e-04
2.439652817424042678e-04
2.450442624170248306e-04
2.617002222187261862e-04
2.579414296632063564e-04
2.564635423543409226e-04
2.659288545231657344e-04
2.499575897000633901e-04
1.419193071776530483e-03
1.514545656028590563e-03
1.450479009747111065e-03
1.464458577247609600e-03
1.475725176315109645e-03
1.405092640617228465e-03
1.507980040906042136e-03
1.472966281388936923e-03
1.440758637772422864e-03
1.455956915635082949e-03
1.431034417732042398e-03
1.462672354451420619e-03
1.452522435680476866e-03
1.511669020549651597e-03
1.485269409029960725e-03
1.437803873671958648e-03
1.444442839793432702e-03
1.492891997807602698e-03
1.421455132575530269e-03
1.456037516005914299e-03
1.468704841793494432e-03
1.513834230773553405e-03
1.444622818942983312e-03
1.457380894567139205e-03
1.477792478881105251e-03
1.419612765303752879e-03
1.418924187995501988e-03
1.497416648934055041e-03
1.407628264409857902e-03
1.471240791757874936e-03
1.528372106571149538e-03
1.470033556545327766e-03
1.453576693478174234e-03
1.538681794028525082e-03
1.415956415255511299e-03
1.498676134519502309e-03
1.406413622976070057e-03
1.465471449352973975e-03
1.496070150078635452e-03
1.412224303112181089e-03
1.217727287925441998e-03
1.175672523310244315e-03
1.161475188770841761e-03
1.192489113264919281e-03
1.237437279508072372e-03
1.200865436066182908e-03
1.254052879230626314e-03
1.253825660399082503e-03
1.199077970100852295e-03
1.179083158164930195e-03
1.232033784104371275e-03
1.316091722802161142e-03
1.259027436442141561e-03
1.207841242070559857e-03
1.268578474762959438e-03
1.251798168059014118e-03
1.221283426154611473e-03
1.229076514548041498e-03
1.260263812696702217e-03
1.301998556409658322e-03
1.197030936181172267e-03
1.230864971962335836e-03
1.291966731978293160e-03
1.286827342209925264e-03
1.312965777516886517e-03
1.269849851043078435e-03
1.302605962409235070e-03
1.251265742854402009e-03
1.313011655469458654e-03
1.257368275404521047e-03
1.192492331693471809e-03
1.186955564483246992e-03
1.255692463951172278e-03
1.161727590558037353e-03
1.184037464127471462e-03
1.237385188752405550e-03
1.177710045581631133e-03
1.298340743568352331e-03
1.285822397943634258e-03
1.313376944299665802e-03
1.556398102956092343e-04
7.382838522095931015e-05
3.388206963197204664e-03
5.083183570314326379e-04
7.381490096196941300e-05
1.936047885186318110e-03
7.443526371384577881e-05
4.113307602312108249e-03
2.531273816882092143e-04
1.477133754992023158e-03
1.000000000000000072e-18
