1.000000000000000072e-18
1.000000000000000072e-18
1.000000000000000072e-18
1.000000000000000072e-18
1.000000000000000072e-18
1.000000000000000072e-18
1.000000000000000072e-18
1.000000000000000072e-18
1.091324260850331111e-18
1.292398309388384488e-18
1.511841332988821666e-18
1.751112006114244965e-18
2.011780475398672250e-18
2.295536862468164655e-18
2.604200425075369537e-18
2.939729428736661705e-18
3.304231785318555750e-18
3.699976519635064812e-18
4.129406130123056903e-18
4.595149915091782849e-18
5.100038341930977974e-18
5.647118543053611551e-18
6.239671029283460807e-18
6.881227718926882916e-18
7.575591388942339325e-18
8.326856663497217747e-18
9.139432664846095150e-18
1.001806746193887452e-17
1.096787446355314797e-17
1.199436091512027728e-17
1.310345867186686888e-17
1.430155743552679205e-17
1.559554065778950768e-17
1.699282433096655739e-17
1.850139890519685165e-17
2.012987459202169425e-17
2.188753033648343379e-17
2.378436676422314518e-17
2.583116343653086179e-17
2.803954077516315361e-17
3.042202705018908521e-17
3.299213085840482984e-17
3.576441955723946635e-17
3.875460415983657130e-17
4.197963124147095778e-17
4.545778245598781864e-17
4.920878231391918148e-17
5.325391493176399410e-17
5.761615052507247744e-17
6.232028248696040620e-17
6.739307596906682122e-17
7.286342896434753598e-17
7.876254698118269373e-17
8.512413249677322477e-17
9.198459048555306227e-17
9.938325143624948636e-17
1.073626134002768276e-16
1.159686047554217560e-16
1.252508695235307547e-16
1.352630772504046966e-16
1.460632596418642297e-16
1.577141763535654712e-16
1.702837125553897700e-16
1.838453111361377651e-16
1.984784426829030778e-16
2.142691166643899305e-16
2.313104375711815581e-16
2.497032101214639297e-16
2.695565980313402281e-16
2.909888412780503483e-16
3.141280372562690942e-16
3.391129917465645264e-16
3.660941461858108730e-16
3.952345883575496150e-16
4.267111543116240734e-16
4.607156300838258567e-16
4.974560626250138647e-16
5.371581902732986579e-16
5.800670041218274419e-16
6.264484527580933339e-16
6.765913040901477281e-16
7.308091793428528203e-16
7.894427758172346132e-16
8.528622966737074463e-16
9.214701078422097767e-16
9.957036441986896099e-16
1.076038589398830882e-15
1.162992356250185146e-15
1.257127897259761446e-15
1.359057878044524283e-15
1.469449249670594348e-15
1.589028259729818517e-15
1.718585946110519853e-15
1.858984162019368868e-15
2.011162185913361030e-15
2.176143975663812618e-15
2.355046132560907344e-15
2.549086647750173810e-15
2.759594511452366209e-15
2.988020273944124999e-15
3.235947656871931905e-15
3.505106324148020110e-15
3.797385933561809446e-15
4.114851603478811812e-15
4.459760943748410192e-15
4.834582816386939001e-15
5.242018009943823927e-15
5.685022031925237778e-15
6.166830246502526030e-15
6.690985610256691677e-15
7.261369287238489875e-15
7.882234456521551244e-15
8.558243661111854616e-15
9.294510087022778616e-15
1.009664320605909638e-14
1.097079926598249001e-14
1.192373716793123168e-14
1.296288033401010308e-14
1.409638523872842756e-14
1.533321735742765473e-14
1.668323537413428840e-14
1.815728459166740883e-14
1.976730059977068509e-14
2.152642438417323910e-14
2.344913020267467317e-14
2.555136771573085410e-14
2.785072004100939710e-14
3.036657960674078939e-14
3.312034391058218387e-14
3.613563355268911006e-14
3.943853520791387683e-14
4.305787253715201296e-14
4.702550841724054590e-14
5.137668229861084004e-14
5.615038698710676805e-14
6.138978969913147127e-14
6.714270286675156475e-14
7.346211088224351600e-14
8.040675978199905663e-14
8.804181779172880336e-14
9.643961570472742901e-14
1.056804772611252974e-13
1.158536510600848835e-13
1.270583570935228329e-13
1.394049627677579491e-13
1.530163053116371816e-13
1.680291797943168637e-13
1.845960146374490274e-13
2.028867595563194435e-13
2.230910143621580074e-13
2.454204310727369465e-13
2.701114263908803315e-13
2.974282469144928999e-13
3.276664355463530957e-13
3.611567546044775446e-13
3.982696292432572768e-13
4.394201841553407495e-13
4.850739573379896235e-13
5.357533872133996395e-13
5.920451838695920737e-13
6.546087119651228607e-13
7.241855323020320847e-13
8.016102716712167150e-13
8.878230168469887808e-13
9.838834591832301322e-13
1.090987051887578390e-12
1.210483483602253970e-12
1.343897820444180108e-12
1.492954725389118923e-12
1.659606230293241705e-12
1.846063613676455584e-12
2.054834028724349952e-12
2.288762633277634290e-12
2.551081099830266314e-12
2.845463532289535095e-12
3.176090991702670245e-12
3.547726040412129741e-12
3.965798959275235303e-12
4.436507583028155248e-12
4.966933043454516849e-12
5.565174119437825276e-12
6.240503380183910854e-12
7.003548888580426061e-12
7.866505924859669537e-12
8.843384019608556047e-12
9.950295577940228422e-12
1.120579356775489475e-11
1.263126717660857684e-11
1.425140606541681282e-11
1.609474592648275833e-11
1.819431056621830991e-11
2.058836877572624796e-11
2.332132794418738485e-11
2.644479085825465761e-11
3.001880759863413743e-11
3.411336112081802019e-11
3.881013327525228344e-11
4.420460803930858949e-11
5.040858104621050817e-11
5.755315966677624155e-11
6.579235663763980347e-11
7.530740343166096149e-11
8.631193837076192290e-11
9.905826033686612057e-11
1.138448836920551915e-10
1.310256860423475532e-10
1.510210108131848076e-10
1.743311751714205613e-10
2.015529457035087407e-10
2.333996860332147423e-10
2.707260608250030908e-10
3.145584106122978015e-10
3.661322063824386847e-10
4.269383713281792530e-10
4.987807454597710946e-10
5.838476012318218226e-10
6.848009409374647807e-10
8.048883811253359199e-10
9.480838391245290398e-10
1.119265095186111885e-09
1.324438765399513975e-09
1.571026497731580857e-09
1.868230589522014315e-09
2.227503127137453908e-09
2.663150737433603327e-09
3.193117919343178135e-09
3.840006831672440913e-09
4.632411978621063307e-09
5.606676803879585157e-09
6.809219185805373416e-09
8.299629215102805034e-09
1.015482282074566697e-08
1.247464982485564259e-08
1.538952150750756949e-08
1.907086616144868461e-08
2.374558064969211925e-08
2.971618298016195399e-08
3.738918254763957985e-08
4.731542710873543688e-08
6.024811354466648188e-08
7.722718571397683300e-08
9.970370101221740929e-08
1.297256565921119522e-07
1.702198873546664447e-07
2.254268682143608731e-07
3.015837448541868885e-07
4.080192850096751516e-07
5.589493005374632244e-07
7.764963237560787618e-07
1.095916324163405667e-06
1.574947326278520837e-06
2.311176175801009063e-06
3.475761701809077950e-06
5.382454189799429141e-06
8.638122795927950993e-06
1.449788279224501950e-05
2.579102326765668926e-05
4.967642160150056768e-05
1.075032551148752738e-04
2.814746297154956047e-04
1.074569341721897352e-03
1.175972217514391696e-02
8.430713550771894507e-03
2.131917721910592603e-03
1.225901856374120216e-03
9.935251481197962531e-04
9.983603129541547810e-04
1.203281934458568306e-03
1.776122815734581650e-03
3.552336159820737062e-03
1.415639512152598242e-02
2.150366534271944685e-01
7.044394181408616257e-03
1.914163502478148909e-03
8.569906832553485319e-04
4.811808262056369977e-04
3.083002247938527074e-04
2.156525393870499865e-04
1.606989572733713827e-04
1.256608342642818565e-04
1.020872383683512350e-04
8.556250323156055354e-05
7.360541977078862872e-05
6.473896558923004918e-05
5.804169342067048813e-05
5.291603277855293599e-05
4.896166559256367047e-05
4.590296203860185978e-05
4.354567756130389499e-05
4.175018973592862023e-05
4.041444170386296211e-05
3.946277259300828247e-05
3.883842473267398179e-05
3.849840990825127962e-05
3.840992886916780492e-05
3.854784135669427747e-05
3.889286868829681205e-05
3.943032681062928589e-05
4.014926234601495254e-05
4.104191331904134935e-05
4.210344922028990653e-05
4.333196748022685502e-05
4.472873903429661226e-05
4.629870741528307305e-05
4.805125661562124027e-05
5.000127619317650186e-05
5.217057198038988787e-05
5.458970278361032765e-05
5.730037500441805210e-05
6.035860874807881478e-05
6.383901712888457019e-05
6.784074263740544287e-05
7.249591922022751280e-05
7.798206535104136420e-05
8.454073057203799252e-05
9.250634518626264205e-05
1.023522277691257972e-04
1.147665036029897189e-04
1.307824426277169995e-04
1.520129580581021790e-04
1.810969410570624646e-04
2.226093605317096529e-04
2.850839655828775378e-04
3.860369282153983984e-04
5.664547334271090653e-04
9.425518330815115670e-04
1.965699675789362409e-03
6.981278046611812116e-03
5.456862517207842211e-01
8.041081777753270043e-03
1.808650801760885302e-03
7.511046801375500636e-04
3.991733735243855295e-04
2.426745243697307568e-04
1.606400410496415304e-04
1.127984876061801506e-04
8.272455082522590171e-05
6.273601132441786123e-05
4.886542217639925462e-05
3.890351358553591259e-05
3.154492271511360031e-05
2.598050717171148690e-05
2.168846851008492127e-05
1.832093645737791117e-05
1.563932976537572920e-05
1.347597235220930935e-05
1.171048226106011803e-05
1.025479617036815602e-05
9.043412571277547777e-06
8.026882282686319524e-06
7.167372687126220512e-06
6.435587217775259142e-06
5.808589147849911461e-06
5.268240215935368845e-06
4.800064463112974237e-06
4.392410746247292422e-06
4.035828053704992702e-06
3.722594436333926945e-06
3.446358174756657759e-06
3.201861871184667228e-06
2.984728447547320448e-06
2.791293807180441253e-06
2.618474988640982345e-06
2.463665543110678688e-06
2.324651958797443784e-06
2.199546478393350779e-06
2.086732774348515044e-06
1.984821775904784436e-06
1.892615561546763057e-06
1.809077697329516418e-06
1.733308755775961256e-06
1.664526020741834690e-06
1.602046591899348241e-06
1.545273263717788369e-06
1.493682679393357808e-06
1.446815358549781852e-06
1.404267275013624977e-06
1.365682722320992570e-06
1.330748253439129028e-06
1.299187520234276005e-06
1.270756869591966872e-06
1.245241578421122340e-06
1.222452630306884751e-06
1.202223953299294295e-06
1.184410052003023146e-06
1.168883978371025259e-06
1.155535594879655509e-06
1.144270091453223005e-06
1.135006723915133412e-06
1.127677747112933080e-06
1.122227520391636603e-06
1.118611766932226975e-06
1.116796971759511116e-06
1.116759906061727823e-06
1.118487267941859812e-06
1.121975431910503179e-06
1.127230301395367977e-06
1.134267260335938261e-06
1.143111221600886714e-06
1.153796771551890148e-06
1.166368411619239782e-06
1.180880899287927518e-06
1.197399692453067239e-06
1.216001502725580101e-06
1.236774964989484179e-06
1.259821432369612376e-06
1.285255907804893308e-06
1.313208125684674220e-06
1.343823799546560492e-06
1.377266054714911931e-06
1.413717068049810184e-06
1.453379940759957116e-06
1.496480834606671809e-06
1.543271406906160869e-06
1.594031585661214267e-06
1.649072733087070643e-06
1.708741253938506450e-06
1.773422714636117355e-06
1.843546550520400201e-06
1.919591451985792000e-06
2.002091536193823230e-06
2.091643430061321171e-06
2.188914412911075515e-06
2.294651794352061694e-06
2.409693735603127080e-06
2.534981761798569627e-06
2.671575260321539221e-06
2.820668317773987474e-06
2.983609318153891309e-06
3.161923810110754147e-06
3.357341255489661136e-06
3.571826399434467328e-06
3.807616160038473022e-06
4.067263130478377829e-06
4.353687028431187504e-06
4.670235728807572849e-06
5.020757892525639421e-06
5.409689677064137960e-06
5.842158611095234926e-06
6.324108471282138271e-06
6.862449961360573463e-06
7.465243224235139098e-06
8.141919800105015741e-06
8.903553689067017046e-06
9.763193835734628020e-06
1.073627383075024520e-05
1.184111919975743792e-05
1.309957871076691376e-05
1.453781421298854193e-05
1.618729437698077854e-05
1.808605240203624821e-05
2.028028781163683704e-05
2.282642006178295610e-05
2.579374003002691764e-05
2.926785923299836988e-05
3.335523283791951270e-05
3.818914175416326777e-05
4.393767747525579551e-05
5.081450597136272663e-05
5.909353334540177680e-05
6.912911954779681414e-05
8.138429067957182175e-05
9.647065762733585028e-05
1.152057521886207486e-04
1.386967523104514041e-04
1.684649989651367994e-04
2.066349891208201081e-04
2.562278544533645470e-04
3.216289868906351489e-04
4.093553209379876385e-04
5.293574204798747081e-04
6.973172443130418348e-04
9.388936608331887321e-04
1.298008756723729919e-03
1.854133860212140664e-03
2.761454563333954997e-03
4.347469903463097377e-03
7.398380864138625647e-03
1.416216730610968602e-02
3.306132441542914552e-02
1.141439195619999986e-01
6.301161577527553126e-01
2.060944465796415714e-01
6.527422906067581465e-02
3.296653531322722014e-02
2.093866130582798524e-02
1.516918129635773035e-02
1.196696817580613324e-02
1.002342666916339331e-02
8.778342817338450135e-03
7.958853211507377692e-03
7.419199221175004980e-03
7.076150252526018994e-03
6.879959765996751866e-03
6.800174569677255865e-03
6.818274837962623805e-03
6.923728848081719088e-03
7.111901189354536724e-03
7.383064823294560076e-03
7.742146822012062682e-03
8.199018987344340592e-03
8.769213151819318930e-03
9.474900620363879700e-03
1.034574172589197184e-02
1.141853803309410796e-02
1.273293047858429540e-02
1.431658521940693332e-02
1.614635149460773647e-02
1.806593012115227659e-02
1.966394442838012221e-02
2.023716374948661065e-02
1.912748777951580811e-02
1.638655837480363156e-02
1.288826692259722670e-02
9.584504049962630154e-03
6.940025143991161716e-03
4.994793249922514083e-03
3.615337381668245770e-03
2.646983388458678740e-03
1.964818299988915339e-03
1.479375666607505311e-03
1.129424273342843335e-03
8.736357616830819428e-04
6.840894212749890979e-04
5.417692796078205086e-04
4.335751019540539861e-04
3.503656770403995981e-04
2.856779936453928228e-04
2.348831599956346006e-04
1.946244637355370706e-04
1.624388458446340995e-04
1.364987601490131046e-04
1.154339420568474789e-04
9.820685441021436064e-05
8.402462587935156750e-05
7.227609430117970936e-05
6.248632015931680729e-05
5.428339192062990338e-05
4.737397126305644074e-05
4.152511513522875677e-05
3.655064876571817732e-05
3.230086817307197900e-05
2.865469947771416055e-05
2.551368582802286653e-05
2.279734439801029542e-05
2.043955800011064457e-05
1.838575344420398025e-05
1.659068213008034151e-05
1.501666454944587453e-05
1.363219429968840006e-05
1.241082230912411507e-05
1.133026066678886720e-05
1.037165946419554822e-05
9.519020628685913427e-06
8.758720751228004422e-06
8.079121035225163844e-06
7.470247192497382986e-06
6.923525738290896369e-06
6.431565948527873584e-06
5.987978933042050755e-06
5.587226993348263136e-06
5.224497781933778453e-06
4.895598845018592502e-06
4.596868975330216419e-06
4.325103473980613109e-06
4.077490958162578604e-06
3.851559782783711844e-06
3.645132491582161788e-06
3.456286994054878725e-06
3.283323392233236151e-06
3.124735566612570809e-06
2.979186781772200134e-06
2.845488696052193091e-06
2.722583261355776855e-06
2.609527082921538757e-06
2.505477878118401221e-06
2.409682730651080152e-06
2.321467884193835544e-06
2.240229859145242600e-06
2.165427709333635355e-06
2.096576263252467005e-06
2.033240217705067638e-06
1.975028971353542973e-06
1.921592102225713838e-06
1.872615407251187366e-06
1.827817433798148264e-06
1.786946443317576168e-06
1.749777755861824946e-06
1.716111431672845951e-06
1.685770252433730104e-06
1.658597970315576455e-06
1.634457797773602485e-06
1.613231115272827799e-06
1.594816377859115842e-06
1.579128204825141886e-06
1.566096639731628002e-06
1.555666570801273744e-06
1.547797304268871330e-06
1.542462285703857419e-06
1.539648966675839337e-06
1.539358816462215431e-06
1.541607480853240867e-06
1.546425092548613176e-06
1.553856740219060348e-06
1.563963106090255146e-06
1.576821284965634083e-06
1.592525801020651400e-06
1.611189842567056714e-06
1.632946739413078378e-06
1.657951712564022097e-06
1.686383931975507208e-06
1.718448925077002128e-06
1.754381387057093851e-06
1.794448453723736533e-06
1.838953509467123963e-06
1.888240616882678566e-06
1.942699671479641111e-06
2.002772405255981690e-06
2.068959387568696828e-06
2.141828201678073268e-06
2.222023011856804536e-06
2.310275780615817890e-06
2.407419450408770540e-06
2.514403471667078687e-06
2.632312142399859669e-06
2.762386327960949633e-06
2.906049258169011833e-06
3.064937259473327335e-06
3.240936480917801648e-06
3.436226925407827698e-06
3.653335416654470982e-06
3.895199535897800819e-06
4.165245075508863176e-06
4.467480210736638296e-06
4.806610427979129945e-06
5.188179322850636963e-06
5.618741766086184100e-06
6.106077724843997131e-06
6.659457346124410933e-06
7.289970922028213667e-06
8.010941278789190606e-06
8.838441244030070573e-06
9.791945513480788222e-06
1.089515492489339769e-05
1.217704243661937403e-05
1.367318471022865700e-05
1.542746192753945554e-05
1.749423218503166072e-05
1.994111620780320449e-05
2.285256337297325279e-05
2.633440996466922628e-05
3.051968124836133573e-05
3.557592102637113427e-05
4.171433679445784247e-05
4.920099003382462567e-05
5.837007852943872825e-05
6.963895465696544481e-05
8.352376650977923916e-05
1.006533515426937724e-04
1.217771924722344087e-04
1.477611162222190473e-04
1.795629756376019301e-04
2.181820694947535179e-04
2.645841772351734773e-04
3.196223513059151143e-04
3.840012654213237797e-04
4.583597168739991616e-04
5.435534622974604090e-04
6.411993015247678934e-04
7.545165604660705782e-04
8.895431569491580063e-04
1.057006692194031134e-03
1.275639095572095229e-03
1.578918922258230407e-03
2.030432067084704095e-03
2.763221102958082764e-03
4.097368848994184520e-03
6.979805148767522123e-03
1.534050747035646881e-02
6.075762836217301482e-02
2.313282845045865344e-01
2.764085238342412279e-02
8.392171450724638521e-03
3.850494380452476259e-03
2.159051782246112008e-03
1.363518295415385058e-03
9.324624109709909667e-04
6.755991290281802104e-04
5.117309979970109408e-04
4.017049347361524277e-04
3.248577810340624677e-04
2.695006319493675555e-04
2.286481542922289467e-04
1.979374759531143490e-04
1.745447549500279494e-04
1.565898562798164492e-04
1.427944463342732673e-04
1.322785777454294018e-04
1.244365774337496456e-04
1.188605409900996387e-04
1.152940714733917914e-04
1.136068822543324528e-04
1.137858122581678397e-04
1.159414901059373405e-04
1.203336307544832049e-04
1.274232173660075069e-04
1.379691156643949657e-04
1.532053819249044706e-04
1.751767879027381477e-04
2.074090249697759002e-04
2.563506185735094415e-04
3.347931370902524034e-04
4.711102278991013991e-04
7.391719111508635812e-04
1.385664806276817873e-03
3.705919343731523506e-03
3.147284104112230141e-02
3.098573728398339167e-02
3.532397494415529839e-03
1.282689983556529242e-03
6.676413194644738227e-04
4.180664900008317173e-04
2.946835165823604493e-04
2.266841812248243996e-04
1.874186935879188832e-04
1.654777493468394093e-04
1.560352787420744858e-04
1.581658046652161193e-04
1.750474310822787937e-04
2.183134583549031945e-04
3.284622859568780365e-04
7.142622555198630940e-04
5.079347650579719119e-03
2.967123876588836136e-03
3.126075191688343986e-04
9.266248169559054826e-05
3.853960566070995089e-05
1.902832214167422484e-05
1.043412806066434267e-05
6.145427587447378107e-06
3.813553369993277359e-06
2.463303755554726911e-06
1.642729867100236384e-06
1.124504843315640564e-06
7.867815169577297791e-07
5.608418790678658396e-07
4.062807875196799175e-07
2.984977155607329546e-07
2.220643642256629636e-07
1.670547450576035186e-07
1.269392561137723255e-07
9.733763568106316151e-08
7.525995199828731081e-08
5.863331524236673602e-08
4.600033632156183377e-08
3.632327319498679064e-08
2.885459576156622032e-08
2.305008974963114950e-08
1.850967772802973286e-08
1.493658474971188885e-08
1.210882068851266343e-08
9.859041728317131193e-09
8.060181964689060058e-09
6.615103426520436024e-09
5.449074006873861084e-09
4.504254968679273022e-09
3.735629547095928220e-09
3.107973825185460459e-09
2.593587486470903525e-09
2.170582745353369377e-09
1.821586213687533932e-09
1.532748308814994522e-09
1.292983165800383012e-09
1.093382355870603922e-09
9.267604096454594079e-10
7.873008378424610648e-10
6.702791757563590950e-10
5.718453525164215745e-10
4.888519687837174630e-10
4.187182609682998286e-10
3.593219258511138422e-10
3.089127857795227256e-10
2.660436432739410830e-10
2.295147159501076443e-10
1.983288397234216198e-10
1.716552406237646444e-10
1.488001480112026370e-10
1.291828879981074107e-10
1.123163805500746522e-10
9.779118597556927752e-11
8.526242064809189919e-11
7.443899872739347926e-11
6.507476467628429439e-11
5.696116688376649762e-11
4.992119061135288225e-11
4.380432256912497390e-11
3.848236264047041197e-11
3.384593289653017707e-11
2.980156185833327432e-11
2.626924437441199187e-11
2.318039558301271192e-11
2.047613208633594231e-11
1.810582536394032779e-11
1.602588213590501805e-11
1.419871428473286097e-11
1.259186740207794622e-11
1.117728231682703180e-11
9.930668305026569344e-12
8.830970256433980063e-12
7.859915019452869713e-12
7.001624580857820895e-12
6.242285751971810790e-12
5.569867704254413911e-12
4.973880085857642846e-12
4.445165606498872129e-12
3.975721941732095782e-12
3.558548612647293912e-12
3.187515170505055895e-12
2.857247580202180859e-12
2.563030170204577853e-12
2.300720914857893721e-12
2.066678150326434608e-12
1.857697108193742563e-12
1.670954889564896918e-12
1.503962704475264137e-12
1.354524372457044717e-12
1.220700225174652004e-12
1.100775675231515058e-12
9.932338200061327117e-13
8.967315385712303324e-13
8.100786157947904591e-13
7.322194926334736839e-13
6.622172971085990908e-13
5.992398579271031354e-13
5.425474433803366840e-13
4.914820030366985576e-13
4.454577196967649061e-13
4.039527048288092034e-13
3.665016928611518426e-13
3.326896087979087879e-13
3.021459000885241139e-13
2.745395378945449524e-13
2.495746051806127850e-13
2.269863996823070504e-13
2.065379890047423276e-13
1.880171630812085755e-13
1.712337361403583502e-13
1.560171563394627587e-13
1.422143864441428132e-13
1.296880234790604193e-13
1.183146292310187326e-13
1.079832469344570942e-13
9.859408247774191056e-14
9.005733109499568195e-14
8.229213280315576215e-14
7.522564185095336584e-14
6.879219720297892653e-14
6.293258262067991790e-14
5.759336625088196108e-14
5.272631081573118148e-14
4.828784653690521165e-14
4.423859983973969076e-14
4.054297168562885533e-14
3.716876008734162878e-14
3.408682198386570008e-14
3.127077019950331017e-14
2.869670169524076820e-14
2.634295374696090818e-14
2.418988506168582811e-14
2.221967917586418207e-14
2.041616777402201068e-14
1.876467182647959476e-14
1.725185867541725032e-14
1.586561340283045860e-14
1.459492299501001416e-14
1.342977197883613764e-14
1.236104834775602468e-14
1.138045872197585732e-14
1.048045179994345663e-14
9.654149258285263536e-15
8.895283346419004421e-15
8.198140501336220959e-15
7.557510378677865912e-15
6.968639759165308263e-15
6.427190845581626420e-15
5.929203515585727195e-15
5.471061140350431728e-15
5.049459618959622512e-15
4.661379314190820553e-15
4.304059607227003286e-15
3.974975817397312515e-15
3.671818258602200888e-15
3.392473226970458473e-15
3.135005734802589939e-15
2.897643824239879257e-15
2.678764310588990945e-15
2.476879820025492988e-15
2.290626999684732584e-15
2.118755790077270609e-15
1.960119660486684630e-15
1.813666717645910419e-15
1.678431606655101815e-15
1.553528130905335985e-15
1.438142524792347231e-15
1.331527319329752668e-15
1.232995746467883476e-15
1.141916633060551188e-15
1.057709740054096956e-15
9.798415066506473545e-16
9.078211629695550724e-16
8.411971781355675385e-16
7.795540137981647735e-16
7.225091558663393074e-16
6.697103997551757529e-16
6.208333667136301772e-16
5.755792308584447652e-16
5.336726384000204498e-16
4.948598022311254919e-16
4.589067565750330656e-16
4.255977577728591112e-16
3.947338185431381974e-16
3.661313641833030493e-16
3.396210002139938066e-16
3.150463819025315634e-16
2.922631769514667133e-16
2.711381134093171045e-16
2.515481055612557604e-16
2.333794511943940409e-16
2.165270942109271087e-16
2.008939470889327427e-16
1.863902681693308851e-16
1.729330891832224586e-16
1.604456888305066684e-16
1.488571085817052230e-16
1.381017072039868025e-16
1.281187508120482167e-16
1.188520355176951972e-16
1.102495400011088187e-16
1.022631055538596529e-16
9.484814135105542871e-17
8.796335289909073850e-17
8.157049177812388463e-17
7.563412495608904885e-17
7.012142209500617850e-17
6.500195940197125382e-17
6.024753869743401173e-17
5.583202048330229521e-17
5.173116989397592049e-17
4.792251450533380640e-17
4.438521306088116154e-17
4.109993425125605321e-17
3.804874475379869432e-17
3.521500580347844394e-17
3.258327762558470167e-17
3.013923111480717933e-17
2.786956619498056480e-17
2.576193633930021431e-17
2.380487877257958989e-17
2.198774991539267339e-17
2.030066566510118808e-17
1.873444614099176003e-17
1.728056455034830765e-17
1.593109985946345898e-17
1.467869297853665774e-17
1.351650619234208181e-17
1.243818558960445530e-17
1.143782626337998614e-17
1.050994007254038280e-17
9.649425770811287558e-18
8.851541324873877453e-18
8.111878256876102400e-18
7.426337859438565509e-18
6.791109142967265067e-18
6.202648385870259553e-18
5.657660168218761545e-18
5.153079778539425444e-18
4.686056891855664256e-18
4.253940424864573706e-18
3.854264481289913349e-18
3.484735307053068205e-18
3.143219180983962443e-18
2.827731172403814675e-18
2.536424702086331673e-18
2.267581847874646034e-18
2.019604340637856457e-18
1.791005200312851014e-18
1.580400965531518710e-18
1.386504473795893297e-18
1.208118152363126314e-18
1.044127782957669562e-18
1.000000000000000072e-18
1.000000000000000072e-18
1.000000000000000072e-18
1.000000000000000072e-18
1.000000000000000072e-18
1.000000000000000072e-18
1.000000000000000072e-18
1.000000000000000072e-18
1.000000000000000072e-18
1.000000000000000072e-18
2.627128770441844799e-02
1.351836429505708440e-02
1.747442216437302548e-02
1.878545040559734605e-02
1.292201319034695824e-02
7.258515505898959982e-03
3.191077473931051844e-02
5.662725028911861150e-03
1.996197040441204107e-02
2.797295362565109869e-02
1.509938737599885936e-02
3.240631800042691191e-02
1.606658374292298241e-02
4.819226933164320360e-03
4.583628763661543905e-03
1.097632877226622193e-02
4.514606850423917919e-03
5.742806891729822401e-03
8.559114122240000719e-03
1.542050056620934348e-02
1.690343214892790422e-02
1.141999029298847515e-02
1.870228643228375592e-02
1.967693003232991178e-02
8.033444169265990809e-03
7.753129446967819624e-03
6.466506843649594966e-03
1.110206756946675345e-02
2.916764380477298441e-02
2.774581586579008899e-02
1.870515258743553691e-02
5.393462135429810504e-03
6.693613302692473684e-03
3.137973022037755799e-02
3.231651141400462834e-02
1.990115428903669118e-02
3.235626039893620132e-02
5.988393723534085784e-03
4.746565330214065626e-03
6.275737798404758087e-03
7.842646340028871371e-03
2.843664688673939143e-03
2.246070401691906485e-03
1.574239062595368319e-02
3.958909369318776988e-02
2.707949134149730680e-03
2.777397887152940111e-03
2.752363160294696211e-03
2.260674865324769581e-03
2.582702017257860160e-03
1.444733676085484600e-02
1.794754435158353589e-02
1.725919398120413784e-02
1.570142874475556963e-02
1.607225964664471887e-02
2.332497280875670594e-03
4.174754194204155500e-02
3.905429460931040403e-02
8.264390463353206429e-03
4.172499207196699034e-02
4.842246313088933822e-03
3.549602933666376210e-03
1.782589131304912261e-03
5.868042495148787820e-03
4.582782076885945181e-03
1.397330304318582933e-02
2.019862446636596504e-03
2.547343116608480340e-03
3.768667288523405712e-02
1.395519134949970916e-03
1.587467186799763549e-02
3.863630859307798371e-03
1.395568694038008296e-03
2.740889609567608888e-03
2.586713098198319127e-02
3.161766971777803508e-03
3.593816680579747097e-02
4.327203159833287183e-03
2.196008146657758148e-03
1.643169461860050778e-02
9.604778971663223419e-02
2.813026525577787540e-01
4.749890959999890361e-02
9.602562375169537701e-02
1.963531637841780392e-02
2.361290149925158663e-02
1.747649429053774184e-01
4.479099117951888809e-02
2.716387015138468919e-02
2.234190327192736580e-01
1.395677572926231347e-01
3.539678107410235697e-01
1.459303331772787149e-01
2.955463601626513379e-02
1.901094596657037367e-02
1.782360782498718932e-01
6.248856914840994481e-02
2.561599557078949041e-01
3.152085517076521626e-01
2.192123261553623886e-02
1.936507021202795442e-01
1.119241422294947191e-01
2.109429918535622034e-02
2.373375812775216920e-01
2.407868598173580899e-01
2.244422948413411084e-02
2.221447951684879865e-02
2.271688214853728738e-02
1.868853909361866544e-02
4.465493300736843307e-02
1.306022744228916774e-02
6.545861364811986216e-02
2.750066341549715562e-02
2.266767433900846451e-01
5.689888801031325882e-02
1.434839250893787249e-02
1.625175713720962770e-02
2.828332747629335939e-02
2.482431445593419328e-02
2.944152162673632223e-01
2.865036963798799768e-02
3.793815079496348081e-02
4.857208034763971921e-02
1.508378910209860410e-02
5.625770454384530772e-02
1.119959097496072559e-02
3.518382247418603420e-02
1.273224243220813165e-02
3.433706226404785455e-02
1.580076788915071168e-02
4.609068253205574062e-02
3.922898396468238458e-02
1.495748857710629647e-02
2.191087822353528572e-02
4.016266886016903181e-02
1.248042943539998811e-02
1.705468211589598881e-02
1.628159843211194058e-01
1.264056342221163767e-02
2.074181215779059284e-01
2.738218850758662379e-02
1.737779243715957267e-01
2.051461957216667992e-02
8.936053216360659301e-02
1.084815666749422008e-01
3.947748395246923614e-02
5.899521936126873867e-02
3.369154081979163634e-02
1.394252059183814958e-02
1.467945701651481895e-02
6.806724630502776485e-02
4.687868629116166003e-02
1.926973832178906221e-02
2.097905514271379210e-02
1.379362919501202905e-02
2.196432119580499220e-02
3.071569045718456487e-02
3.278513152949734388e-02
2.858638706871725610e-01
2.592933276383947022e-02
9.321093477590377424e-05
8.887334708478078493e-05
1.002576904675371621e-04
9.057773679039487320e-05
9.423361912057220979e-05
8.772485110819576394e-05
9.907573501807575070e-05
8.991066609859183639e-05
8.923166707878627956e-05
9.487556354383182755e-05
8.686993848527152192e-05
9.720465230527015573e-05
9.077678375622241097e-05
9.167014176396347800e-05
8.830412786923097805e-05
8.677325842896460638e-05
1.009814737962313753e-04
8.922582749685786080e-05
9.105386748106739081e-05
9.064390205722365544e-05
9.546752730497934315e-05
9.015203427303039097e-05
9.162736104426090326e-05
9.810530249126800601e-05
8.976305101651466285e-05
9.231076138552552521e-05
9.793575903985240506e-05
9.696711880120081905e-05
8.792560116111074197e-05
1.005283098461070749e-04
9.362928201537881723e-05
8.949080730766277613e-05
9.606446974991735715e-05
8.759398720651966974e-05
9.770916390699521767e-05
9.201769407525081548e-05
8.984837785832268582e-05
9.500459118454458317e-05
8.767274422844645830e-05
9.027167747459133600e-05
1.118435584478521955e-01
2.053126761065834638e-01
2.675430833286362997e-01
1.121307823350118638e-01
2.705682241863219262e-01
8.443750754742071485e-02
7.195248227888079162e-02
1.871420787441334666e-01
2.758209646398637749e-01
1.575692090097166320e-01
1.366465676583308864e-01
1.032458297232687061e-01
5.571029422697096334e-02
2.827352797688873487e-01
2.569277015184005530e-01
1.070040077671550321e-01
7.559214792351787171e-02
2.833657698492545451e-01
2.449565453684472982e-01
1.034497626190388625e-01
2.702446000257593406e-01
8.429505929505187733e-02
8.631924812438797334e-02
1.586666589425984597e-01
5.006075206979178349e-02
1.369401995090475943e-01
2.316002524495223425e-01
4.991765007455694486e-02
6.782441188633510365e-02
7.553028573845713134e-02
1.299294611419760381e-01
5.779365387261813092e-02
2.729729942065979298e-01
1.112926275993562364e-01
1.055691275834174658e-01
8.326433440379897577e-02
6.003861244737727920e-02
1.898559782755100955e-01
9.201952571202848263e-02
2.149379633303674653e-01
2.456543580899963122e-02
2.497013257413092241e-02
2.353185758447856601e-02
4.383863425675986469e-02
1.098241642756743464e-02
5.758076442911410492e-02
8.017499508658279539e-03
1.085222467819164788e-01
1.162258622998573777e-02
6.863001746814624549e-02
2.488579616176780918e-02
9.009647829738717806e-02
1.343307031718869379e-02
1.908524330943826841e-02
2.276717566064535292e-01
2.753168900941962427e-01
1.503112966139707324e-02
9.983682574190251569e-03
4.403671981106963007e-02
6.215619129869853765e-01
3.007578812966168469e-01
6.557241080867923788e-01
7.345972062627378202e-03
1.991302896547538642e-02
2.885831767445763696e-02
2.207972485306146371e-02
8.128134656513300721e-03
3.191768980306593229e-02
1.256030873322477870e-01
2.906252256895366926e-01
2.879591693973632127e-02
2.797828756123657903e-02
2.885468833098949956e-02
6.447752385994541535e-02
3.356503453691202232e-02
7.310422869289160200e-03
1.887995488998913673e-01
2.099150851367047321e-02
7.168226414119845818e-03
2.544253359252641317e-02
3.752671667531994482e-04
2.968734800431636553e-04
3.813170353670501580e-04
3.345647316461216486e-04
3.490027110164551890e-04
3.107906778722187768e-04
3.333069708223123620e-04
3.852824137919530966e-04
3.213099275927142106e-04
3.476450417063404173e-04
3.794563259388204421e-04
3.534587548738017757e-04
3.045866656681780506e-04
3.416114275283051497e-04
3.326854547554601127e-04
3.423787754865670590e-04
3.656921509432457850e-04
2.957562199184808789e-04
3.562742392472341229e-04
3.049785903202663763e-04
3.525398367210598634e-04
3.756192030263852508e-04
3.867229644793566653e-04
3.736291842196668074e-04
3.896398385403503843e-04
3.085304925993806132e-04
3.883384391563444353e-04
3.689100746011339353e-04
3.930707851322059153e-04
2.959844106071442640e-04
3.607410419441697976e-04
3.277309182602895646e-04
3.128174675960006127e-04
3.847254816955009648e-04
3.893681051002257937e-04
3.108586488291504657e-04
3.249099333856013015e-04
3.479486111405560183e-04
3.093019202010380882e-04
3.171609231852806415e-04
6.626388272955049397e-01
6.336454453486793925e-01
1.432256307330005418e-01
6.669030656547845215e-01
6.660719992177204229e-01
6.657646260892471357e-01
1.595639603020370112e-01
1.035569720865445881e-01
3.833487836785443026e-01
3.520364781575288093e-01
6.643028940088862022e-01
6.658060453243265231e-01
1.221513040059820782e-01
5.510672212424408967e-01
6.683024872614722334e-01
2.504626803749719910e-01
4.244554049334890999e-01
3.527614029833682219e-01
6.238310251506524740e-01
5.124107114358673609e-01
2.160201649791062550e-01
1.810853493030863404e-01
2.336661271495293069e-01
1.863763763737861512e-01
4.440277644098694076e-01
5.642193702504765263e-01
2.239155092079270770e-01
3.659587842954818426e-01
6.413865732412257215e-01
1.181003276517288425e-01
4.146270168511542731e-01
6.655167264488872636e-01
1.774950519480697486e-01
1.414707351335798835e-01
1.603307877077032317e-01
6.210430040046128752e-01
6.538956533709253671e-01
6.056283714824584052e-01
4.359385949051697851e-01
2.949659561909678818e-01
1.594657042176231276e-02
1.910951881206387343e-02
1.709844675988297577e-02
1.758684424290630349e-02
1.796394172000022327e-02
1.541084644637690480e-02
1.893572321198523992e-02
1.787312869666862064e-02
1.674789417715677464e-02
1.729224809642524244e-02
1.638999912570991702e-02
1.752561680023931659e-02
1.717108067278322325e-02
1.903451118924362820e-02
1.826966243786721372e-02
1.663983854868731141e-02
1.688168939804743363e-02
1.850354641344057610e-02
1.603181928294852496e-02
1.729507745994236095e-02
1.773086872251102009e-02
1.909113722307930611e-02
1.688819758973307897e-02
1.734213629498953385e-02
1.803129737950422140e-02
1.596240427532228875e-02
1.593642220547940302e-02
1.863764703164514855e-02
1.550764140293272100e-02
1.781581106672131681e-02
1.944346671331101395e-02
1.777547718607698501e-02
1.720839845931612655e-02
1.966120758481907857e-02
1.582421381531973550e-02
1.867431416063919380e-02
1.546129416191049585e-02
1.762139689383071528e-02
1.859812424776295658e-02
1.568263009144668305e-02
8.500259879276102909e-03
8.264255017596556022e-03
8.188925701811429828e-03
8.356251849196555392e-03
8.618002116381967906e-03
8.403236954802769526e-03
8.721105222535600887e-03
8.719670547374028594e-03
8.393144284389029638e-03
8.282666602049279514e-03
8.585242776734466549e-03
9.141220825330004240e-03
8.752691329744712381e-03
8.442974119427525820e-03
8.814299272884025538e-03
8.706899714579162050e-03
8.521150592815662783e-03
8.567469527666744800e-03
8.760594508147005396e-03
9.040487324194853083e-03
8.381630370546526779e-03
8.578205138282427381e-03
8.970779908762362143e-03
8.935685268996036018e-03
9.118585978366062009e-03
8.822597601691068228e-03
9.044760249951575709e-03
8.703555237200594208e-03
9.118916957406505985e-03
8.742118769618084650e-03
8.356269751554573286e-03
8.325640809371767995e-03
8.731478453813029672e-03
8.190246713430849104e-03
8.309633190134509129e-03
8.617684539618836181e-03
8.275239256111505473e-03
9.014883039796705438e-03
8.928870726400155514e-03
9.121553567352802885e-03
3.241014857913415009e-02
3.936309972331054896e-02
3.161728944153663345e-01
8.368742663732617881e-01
9.302604235542582091e-05
2.744038101079633862e-01
1.938417443950925523e-01
3.432105942766231800e-04
4.380654991464214554e-01
1.800990089529284910e-02
1.000000000000000072e-18
