1.000000000000000072e-18
3.225582974175082194e-13
6.627812255207037630e-13
1.021469543173943654e-12
1.399459375886241651e-12
1.797623811497436648e-12
2.216874570793359908e-12
2.658163756741871160e-12
3.122485686232993048e-12
3.610878808409235411e-12
4.124427713884048374e-12
4.664265239372880243e-12
5.231574672497169131e-12
5.827592061772457281e-12
6.453608637056854571e-12
7.110973346013542641e-12
7.801095512437475349e-12
8.525447622606174881e-12
9.285568246143304507e-12
1.008306509823187657e-11
1.091961825037854062e-11
1.179698349732044139e-11
1.271699588807340952e-11
1.368157342955423127e-11
1.469272097166785253e-11
1.575253428323178538e-11
1.686320432862519451e-11
1.802702175558843814e-11
1.924638160517275452e-11
2.052378825544544138e-11
2.186186061119594841e-11
2.326333755256908233e-11
2.473108365626730694e-11
2.626809520372606332e-11
2.787750649147178407e-11
2.956259645972461684e-11
3.132679565621040103e-11
3.317369355310876589e-11
3.510704623607228968e-11
3.713078448533370243e-11
3.924902227005440224e-11
4.146606567827755249e-11
4.378642230613438844e-11
4.621481113130832381e-11
4.875617289720876859e-11
5.141568103583584537e-11
5.419875315894358994e-11
5.711106314883605207e-11
6.015855388196231640e-11
6.334745062042256081e-11
6.668427510856666882e-11
7.017586041405802342e-11
7.382936655511879043e-11
7.765229695814482833e-11
8.165251579251990459e-11
8.583826623226549665e-11
9.021818969714342055e-11
9.480134612900018640e-11
9.959723536252512275e-11
1.046158196531809023e-10
1.098675474288964856e-10
1.153633783361843743e-10
1.211148096556777273e-10
1.271339041667147721e-10
1.334333195455137828e-10
1.400263393867276610e-10
1.469269059437755137e-10
1.541496546892898624e-10
1.617099508034081526e-10
1.696239277043967950e-10
1.779085277433539149e-10
1.865815451924625659e-10
1.956616716645034617e-10
2.051685441101675204e-10
2.151227955491035519e-10
2.255461087006844194e-10
2.364612726912430829e-10
2.478922430259718609e-10
2.598642050260080955e-10
2.724036409443091210e-10
2.855384009880070489e-10
2.992977784899413385e-10
3.137125894881615789e-10
3.288152569894345291e-10
3.446399002112107261e-10
3.612224291162916105e-10
3.786006445756168938e-10
3.968143445172553961e-10
4.159054364440828626e-10
4.359180567286845927e-10
4.568986971220357759e-10
4.788963389425863841e-10
5.019625954446094465e-10
5.261518628993501459e-10
5.515214809596829012e-10
5.781319029190084372e-10
6.060468765180833510e-10
6.353336359996516764e-10
6.660631061605066380e-10
6.983101192040254562e-10
7.321536452537853228e-10
7.676770374508297651e-10
8.049682926238294094e-10
8.441203285933356297e-10
8.852312792487398513e-10
9.284048086200513339e-10
9.737504452567569553e-10
1.021383938323088609e-09
1.071427636924005563e-09
1.124010894289370258e-09
1.179270498566103250e-09
1.237351132100248737e-09
1.298405861233694213e-09
1.362596658794767283e-09
1.430094961628936319e-09
1.501082265696662688e-09
1.575750761461213453e-09
1.654304012501081748e-09
1.736957680511515227e-09
1.823940300108443071e-09
1.915494107118137360e-09
2.011875924328796936e-09
2.113358108997988858e-09
2.220229566755265183e-09
2.332796836913881401e-09
2.451385254613199393e-09
2.576340195656354951e-09
2.708028410389442376e-09
2.846839453493431772e-09
2.993187217130311625e-09
3.147511575507831517e-09
3.310280149604542232e-09
3.481990201536250121e-09
3.663170668852018649e-09
3.854384349927047036e-09
4.056230252582556141e-09
4.269346119112098571e-09
4.494411142042844226e-09
4.732148886216538184e-09
4.983330434149236024e-09
5.248777773135253925e-09
5.529367444209638847e-09
5.826034474892492340e-09
6.139776619621933282e-09
6.471658933960043590e-09
6.822818711047750041e-09
7.194470811412232187e-09
7.587913420120462360e-09
8.004534268452262834e-09
8.445817360766659452e-09
8.913350251093297968e-09
9.408831918232238039e-09
9.934081292837068453e-09
1.049104649513550240e-08
1.108181484766256720e-08
1.170862373370821379e-08
1.237387237917729097e-08
1.308013464330963192e-08
1.383017291229120505e-08
1.462695319930589540e-08
1.547366156514156487e-08
1.637372198519275794e-08
1.733081580174183292e-08
1.834890291490347676e-08
1.943224488176208549e-08
2.058543011122621584e-08
2.181340136218519387e-08
2.312148577495031916e-08
2.451542769098452592e-08
2.600142454390328634e-08
2.758616613604838021e-08
2.927687765002397459e-08
3.108136678393469995e-08
3.300807544324083447e-08
3.506613647178739383e-08
3.726543596040607009e-08
3.961668173437752974e-08
4.213147869193594915e-08
4.482241174601000565e-08
4.770313721180754445e-08
5.078848358511648617e-08
5.409456277203174162e-08
5.763889296216228366e-08
6.144053448650426995e-08
6.552024017070547888e-08
6.990062188743987315e-08
7.460633523159340329e-08
7.966428449307728332e-08
8.510385038910538039e-08
9.095714334635554512e-08
9.725928550012976902e-08
1.040487250101417133e-07
1.113675867899884964e-07
1.192620643203015319e-07
1.277828578766725202e-07
1.369856652675069368e-07
1.469317320616119216e-07
1.576884693114683973e-07
1.693301479705987741e-07
1.819386805918911944e-07
1.956045025135851963e-07
2.104275666333013857e-07
2.265184680890339831e-07
2.439997177707782704e-07
2.630071866516621843e-07
2.836917465428998931e-07
3.062211371516547313e-07
3.307820943880461489e-07
3.575827808894036289e-07
3.868555669057119163e-07
4.188602182652031867e-07
4.538875584155883832e-07
4.922636838896565003e-07
5.343548274400420374e-07
5.805729811092439873e-07
6.313824133776373026e-07
6.873072411834644534e-07
7.489402501977143662e-07
8.169531967409829593e-07
8.921088740361188655e-07
9.752752865220636036e-07
1.067442351836504897e-06
1.169741644864998383e-06
1.283469817247685313e-06
1.410116475888966797e-06
1.551397494529940337e-06
1.709294975565531258e-06
1.886105391446747414e-06
2.084497838405869922e-06
2.307584860136430612e-06
2.559008987041242108e-06
2.843049045429563932e-06
3.164751501434005182e-06
3.530093730867095139e-06
3.946188312570557547e-06
4.421540466371795770e-06
4.966374945824679390e-06
5.593054568597034792e-06
6.316620905942290834e-06
7.155499657196284914e-06
8.132430778584188354e-06
9.275709495912216589e-06
1.062086374046107688e-05
1.221295432344736999e-05
1.410977993170083520e-05
1.638642356450496448e-05
1.914183307033121291e-05
2.250856530114973781e-05
2.666759372162182790e-05
3.187148894912543049e-05
3.848197214900191669e-05
4.703322966809586316e-05
5.834378764235932766e-05
7.372553608137010753e-05
9.540148952945025059e-05
1.274129369578262997e-04
1.778067200462404309e-04
2.646827797070724778e-04
4.363763220725273774e-04
8.604743305138697063e-04
2.448801414243867089e-03
1.581198574493017026e-02
7.786229124393822913e-03
2.106018932196092319e-03
1.228653844449863891e-03
1.099122572446579408e-03
1.298795268912648817e-03
1.874887879044718954e-03
3.223621608072932149e-03
6.879859984441207693e-03
2.430994556499438408e-02
1.858576304700852722e-01
7.340211625024760378e-03
2.864775250033194630e-03
1.867225598020527981e-03
1.389302095650347046e-03
1.097395194376556225e-03
9.024398923385594865e-04
7.656640181695648041e-04
6.663261986715866315e-04
5.922512356586736920e-04
5.358850885479746673e-04
4.923456148961765548e-04
4.583714627412561809e-04
4.317229953030696146e-04
4.108262897160367376e-04
3.945541541426213325e-04
3.820873761840432015e-04
3.728245201752283106e-04
3.663219805021974106e-04
3.622534106146089268e-04
3.603818864584369328e-04
3.605406598126902301e-04
3.626198690623751836e-04
3.665575162604335397e-04
3.723336228527480301e-04
3.799668769745422211e-04
3.895133631570552859e-04
4.010671703163379786e-04
4.147628384572128908e-04
4.307797517258888970e-04
4.493487342551038969e-04
4.707612743811487028e-04
4.953820142953119449e-04
5.236654253773487776e-04
5.561779864040419276e-04
5.936277553356245594e-04
6.369040719430534968e-04
6.871314001001378128e-04
7.457432602930487171e-04
8.145852200299961163e-04
8.960606884196564139e-04
9.933409909267157910e-04
1.110673995698819791e-03
1.253847280228859639e-03
1.430899693835567575e-03
1.653243125379392185e-03
1.937482000939924273e-03
2.308458017600815114e-03
2.804519879292400285e-03
3.486970645921390853e-03
4.457582632677413795e-03
5.891833387903264163e-03
8.101138672061487106e-03
1.163285763045767036e-02
1.730391821710654601e-02
2.536570322456609475e-02
3.186390596376839635e-02
2.922365092754569335e-02
2.061281727110614650e-02
1.335153543953178194e-02
8.767349913255718247e-03
5.996756226885215264e-03
4.276592738538862945e-03
3.162335373673490213e-03
2.409728760811343049e-03
1.882154369474218396e-03
1.500313368280536573e-03
1.216301265732142164e-03
1.000065303720331289e-03
8.320970327466406437e-04
6.993418875982345198e-04
5.928255713038388212e-04
5.062296228237353696e-04
4.350099452773319771e-04
3.758359337625436685e-04
3.262245013785928442e-04
2.842957797778091649e-04
2.486066435739391609e-04
2.180351228314900104e-04
1.916987682498111454e-04
1.688960913213622328e-04
1.490639541512638099e-04
1.317461565057320076e-04
1.165699970443780911e-04
1.032285889567899215e-04
9.146737920311740334e-05
8.107377346157975144e-05
7.186907987164319338e-05
6.370220103762442166e-05
5.644465617687195649e-05
4.998662391338726171e-05
4.423377446511823810e-05
3.910471692076615118e-05
3.452892914743797007e-05
3.044506889772750330e-05
2.679958788669440558e-05
2.354558809834367701e-05
2.064187286324958590e-05
1.805215540702528420e-05
1.574439538943396259e-05
1.369024001135732360e-05
1.186455098598492425e-05
1.024500236702876266e-05
8.811737136837845906e-06
7.547072759222909523e-06
6.435247730943976663e-06
5.462202625529874670e-06
4.615390292843892822e-06
3.883610818963543634e-06
3.256867611172793486e-06
2.726241589377042561e-06
2.283780967187679783e-06
1.922404516229820664e-06
1.635816544021321887e-06
1.418432093413859555e-06
1.265311101504447629e-06
1.172100447227957742e-06
1.134982976826492198e-06
1.150632730916201212e-06
1.216175710657184360e-06
1.329155617395123249e-06
1.487504083183543609e-06
1.689514981343140997e-06
1.933822468744360478e-06
2.219382466527348324e-06
2.545457334927276661e-06
2.911603541956968751e-06
3.317662165939099806e-06
3.763752109165003809e-06
4.250265935074578266e-06
4.777868275007690884e-06
5.347496783433334350e-06
5.960365653242813385e-06
6.617971735812870052e-06
7.322103344728652483e-06
8.074851857945410458e-06
8.878626271457665568e-06
9.736170898981147219e-06
1.065058645757464117e-05
1.162535482947490601e-05
1.266436784677121912e-05
1.377196050914371886e-05
1.495294911719001299e-05
1.621267488656844081e-05
1.755705370329705984e-05
1.899263279046576542e-05
2.052665518416817625e-05
2.216713306505533910e-05
2.392293116563456106e-05
2.580386167719700904e-05
2.782079232001950100e-05
2.998576952344601091e-05
3.231215899740137059e-05
3.481480637452758506e-05
3.751022107557112374e-05
4.041678711600842641e-05
4.355500524900437538e-05
4.694777165321879715e-05
5.062069935416098760e-05
5.460248975265365737e-05
5.892536307094604523e-05
6.362555827554185867e-05
6.874391517083440776e-05
7.432655397389868821e-05
8.042567089857567057e-05
8.710047224984138095e-05
9.441827445394981768e-05
1.024558035791950551e-04
1.113007355638028959e-04
1.210535279871460367e-04
1.318296063547081439e-04
1.437619832470838038e-04
1.570044082752512565e-04
1.717351718729986975e-04
1.881617182611364160e-04
2.065262647504676505e-04
2.271126790466451565e-04
2.502549376593824772e-04
2.763475827840332463e-04
3.058587202656855254e-04
3.393462688563254675e-04
3.774783969613415579e-04
4.210593902094929676e-04
4.710626141063426657e-04
5.286728179771436973e-04
5.953408384090633958e-04
6.728549044278897507e-04
7.634343749116073025e-04
8.698540810558626343e-04
9.956108540035599978e-04
1.145148832305205788e-03
1.324167613623622192e-03
1.540048581612677315e-03
1.802451948832063970e-03
2.124163679711333751e-03
2.522313147094085162e-03
3.020148377412800508e-03
3.649661116395204030e-03
4.455522784394812946e-03
5.501061275510467537e-03
6.877425904885387485e-03
8.717690909870033644e-03
1.121835263569830737e-02
1.467086182383749160e-02
1.950295726847877179e-02
2.631506041442475963e-02
3.584695826451887030e-02
4.868129193370041019e-02
6.432382126292290891e-02
7.970393273323399252e-02
8.924218527245378341e-02
8.917658865366935583e-02
8.137944958980843080e-02
7.056090526482303171e-02
6.011199338279134274e-02
5.134942873194078827e-02
4.442405635996359015e-02
3.907675752908514738e-02
3.497996379665208044e-02
3.184857719634263951e-02
2.946070869649385776e-02
2.765049267426238425e-02
2.629532309173898685e-02
2.530423874367625225e-02
2.460884531438813777e-02
2.415658660785780301e-02
2.390586789363519787e-02
2.382261534603686420e-02
2.387804376659308225e-02
2.404761595342154792e-02
2.431137289978946292e-02
2.465592324981576156e-02
2.507822909182643237e-02
2.559054865778667004e-02
2.622381926283924233e-02
2.702228063069857592e-02
2.801415584526792055e-02
2.913487085113175210e-02
3.009496544821190292e-02
3.029006420306435896e-02
2.902675343087054299e-02
2.613075367852685238e-02
2.222977874544621729e-02
1.822489168790279723e-02
1.469713703192072202e-02
1.182542413205907653e-02
9.566667067190628981e-03
7.807681404466219541e-03
6.434880414775241524e-03
5.355201791565516664e-03
4.497713783424795060e-03
3.809700695571828933e-03
3.252172566097578758e-03
2.796159700139303622e-03
2.419949238013662397e-03
2.107098813107818880e-03
1.845024128530123406e-03
1.623993424222031643e-03
1.436406640061465949e-03
1.276273712252147530e-03
1.138832989084876714e-03
1.020269132132255738e-03
9.175023835961402564e-04
8.280295769686060129e-04
7.498030603696915087e-04
6.811376813131820402e-04
6.206387418114711532e-04
5.671457670344172289e-04
5.196883005285870714e-04
4.774509190403822940e-04
4.397453681386563444e-04
4.059882363744244044e-04
3.756829658721830821e-04
3.484052793980852705e-04
3.237913150326889315e-04
3.015279186785100023e-04
2.813446654068594904e-04
2.630072729424945042e-04
2.463121415619990437e-04
2.310818095944993831e-04
2.171611564399335747e-04
2.044142184458828677e-04
1.927215092690692170e-04
1.819777571197958902e-04
1.720899877809440605e-04
1.629758954483243667e-04
1.545624539775586315e-04
1.467847296000400069e-04
1.395848630173159195e-04
1.329111943345474660e-04
1.267175088113593512e-04
1.209623850981119937e-04
1.156086306496014647e-04
1.106227914948218038e-04
1.059747255928657244e-04
1.016372307027217539e-04
9.758571910394270126e-05
9.379793267837543253e-05
9.025369284262653718e-05
8.693468064101139855e-05
8.382424299711438963e-05
8.090722170148913358e-05
7.816980220191094048e-05
7.559937967612050515e-05
7.318444021764657905e-05
7.091445526329942289e-05
6.877978764478423360e-05
6.677160786361811188e-05
6.488181937397772940e-05
6.310299181711410792e-05
6.142830128761160807e-05
5.985147682942586531e-05
5.836675246115653103e-05
5.696882411780039031e-05
5.565281097228709479e-05
5.441422066614992153e-05
5.324891803614514586e-05
5.215309697375607894e-05
5.112325509832219792e-05
5.015617096291745321e-05
4.924888354583102857e-05
4.839867381021371331e-05
4.760304814072451165e-05
4.685972348931327896e-05
4.616661408303522027e-05
4.552181956538211248e-05
4.492361445934297517e-05
4.437043885557123777e-05
4.386089024288296876e-05
4.339371641107558035e-05
4.296780936794135120e-05
4.258220022356155995e-05
4.223605500567829605e-05
4.192867138034272784e-05
4.165947626229627891e-05
4.142802430984856481e-05
4.123399730954867547e-05
4.107720446691516682e-05
4.095758363110512892e-05
4.087520349391491952e-05
4.083026681718341950e-05
4.082311475783792878e-05
4.085423237684423332e-05
4.092425543763925121e-05
4.103397862175016956e-05
4.118436531485622336e-05
4.137655914628134390e-05
4.161189749971222935e-05
4.189192725392725544e-05
4.221842306084004398e-05
4.259340852585787393e-05
4.301918072447572471e-05
4.349833857168594186e-05
4.403381566031397962e-05
4.462891830468990585e-05
4.528736967199943457e-05
4.601336106132022068e-05
4.681161160740318714e-05
4.768743795233602368e-05
4.864683575549738880e-05
4.969657531606269332e-05
5.084431408221169854e-05
5.209872944182089875e-05
5.346967596205003223e-05
5.496837220946819565e-05
5.660762348823094903e-05
5.840208834422806565e-05
6.036859857667179190e-05
6.252654487239675811e-05
6.489834315015034500e-05
6.751000041193328698e-05
7.039180350396015559e-05
7.357915985636022643e-05
7.711362614432739151e-05
8.104416896540754805e-05
8.542871094748719725e-05
9.033602569889835577e-05
9.584805445956220689e-05
1.020627236317571900e-04
1.090973405928439698e-04
1.170926262835520469e-04
1.262173913498412878e-04
1.366737521981504166e-04
1.487025739538043922e-04
1.625884619463844607e-04
1.786630340358822604e-04
1.973043442995318713e-04
2.189292529656763778e-04
2.439746136624202689e-04
2.728634164534222365e-04
3.059556771219022839e-04
3.434943834893946059e-04
3.855774442932796415e-04
4.322150857973684583e-04
4.835519585852659391e-04
5.403113416265428346e-04
6.044333326933719070e-04
6.797803451036265026e-04
7.728143799037662460e-04
8.934252454805652289e-04
1.056553575144577803e-03
1.285858255177737847e-03
1.621893704972948193e-03
2.140875357796928353e-03
3.002053891380243675e-03
4.586722969931109929e-03
8.003973093989900228e-03
1.764258349058300465e-02
6.302771573689799900e-02
2.022346570566214419e-01
3.811188413676670772e-02
1.219910406034017958e-02
5.736538930617093163e-03
3.273837311855035213e-03
2.093836780389532470e-03
1.442813669833008326e-03
1.047687770407000184e-03
7.907927712081797966e-04
6.148666271739705721e-04
4.894140054903386257e-04
3.970295354171259690e-04
3.272234687901755907e-04
2.733965676801506858e-04
2.312579839129079743e-04
1.979536203892371684e-04
1.715664867434078984e-04
1.508230683858426862e-04
1.349205494634996179e-04
1.234300683973563032e-04
1.162527841426105418e-04
1.136183482272495215e-04
1.161244918852926441e-04
1.248250903499592969e-04
1.413853987981717071e-04
1.683419399961912566e-04
2.095402018374732515e-04
2.708969939705464574e-04
3.617972106612727333e-04
4.978211701310774825e-04
7.064955030422598835e-04
1.040617301751904037e-03
1.613081513871993718e-03
2.704080999564952275e-03
5.179607869721420885e-03
1.288635907034036375e-02
6.011471154890424967e-02
1.188818721855113142e-01
1.783824975664237075e-02
5.964792164141950043e-03
2.805093718791830133e-03
1.558743685365291450e-03
9.546567051762716669e-04
6.236785358024953766e-04
4.280450566304217592e-04
3.076120677260688616e-04
2.337260522214798714e-04
1.931956270954729438e-04
1.835854473356573384e-04
2.173959190269731225e-04
3.512862885290461657e-04
8.829461548124915068e-04
5.464676797743333106e-03
7.699687645008107019e-03
1.197305738603462316e-03
4.645065159889835834e-04
2.501823682336541243e-04
1.578154046777214604e-04
1.089764199333880928e-04
7.971153709098205040e-05
6.065025540232499128e-05
4.748185680040976339e-05
3.798134767767339553e-05
3.089704125441186628e-05
2.547621800732569085e-05
2.124156684498867766e-05
1.787712338408557365e-05
1.516619559190544301e-05
1.295572279712111968e-05
1.113486619195697080e-05
9.621642455817884718e-06
8.354296645713464538e-06
7.285570601007804290e-06
6.378797406776558043e-06
5.605180132732219813e-06
4.941857926847625992e-06
4.370507291292273163e-06
3.876314419677644518e-06
3.447209434966994333e-06
3.073288481959789029e-06
2.746372543361859365e-06
2.459667093901392019e-06
2.207497030442206322e-06
1.985098420733122309e-06
1.788453576255016268e-06
1.614159469199034507e-06
1.459322034298370996e-06
1.321470725437602813e-06
1.198489038889427461e-06
1.088557709483512296e-06
9.901080299395393876e-07
9.017833050137573937e-07
8.224068792811817170e-07
7.509555049088903260e-07
6.865370687221988300e-07
6.283718945374780825e-07
5.757769906250425771e-07
5.281527333044581997e-07
4.849715735726416229e-07
4.457684299876356183e-07
4.101324920827655157e-07
3.777002076560199870e-07
3.481492668997973178e-07
3.211934284651435111e-07
2.965780587156888644e-07
2.740762768127094456e-07
2.534856158203856122e-07
2.346251244705873896e-07
2.173328461666737454e-07
2.014636217041227775e-07
1.868871704176416441e-07
1.734864113306629000e-07
1.611559916271070739e-07
1.498009945839147194e-07
1.393358031557853711e-07
1.296830988216006461e-07
1.207729781915495049e-07
1.125421723227278162e-07
1.049333557710534249e-07
9.789453417800807119e-08
9.137850070155873106e-08
8.534235289218882013e-08
7.974706272152851808e-08
7.455709342095028512e-08
6.974005760434295593e-08
6.526641185319056466e-08
6.110918354960324075e-08
5.724372626830665097e-08
5.364750049363958290e-08
5.029987682236982997e-08
4.718195915621838116e-08
4.427642568654785015e-08
4.156738573393291720e-08
3.904025073254335294e-08
3.668161784787174563e-08
3.447916489024984530e-08
3.242155533901215009e-08
3.049835242600602181e-08
2.869994134475682229e-08
2.701745875512302680e-08
2.544272884450991163e-08
2.396820528718469679e-08
2.258691851434712465e-08
2.129242777047857946e-08
2.007877748716402389e-08
1.894045755493126266e-08
1.787236711742905521e-08
1.686978155116723509e-08
1.592832232862250781e-08
1.504392949329909715e-08
1.421283650276836219e-08
1.343154722016954062e-08
1.269681485650266781e-08
1.200562268555762398e-08
1.135516637078198713e-08
1.074283775902115008e-08
1.016621001006418305e-08
9.623023943492884186e-09
9.111175495601314248e-09
8.628704189281192501e-09
8.173782528876786931e-09
7.744706240202077771e-09
7.339885283296342078e-09
6.957835572141425383e-09
6.597171341563155103e-09
6.256598106954591619e-09
5.934906167347465279e-09
5.630964606781771340e-09
5.343715752921010612e-09
5.072170055481747722e-09
4.815401350327069855e-09
4.572542478044792251e-09
4.342781228530560449e-09
4.125356585542839239e-09
3.919555247420811345e-09
3.724708402178544711e-09
3.540188737025356076e-09
3.365407664036904621e-09
3.199812745224049792e-09
3.042885301634343636e-09
2.894138192387728491e-09
2.753113750700802898e-09
2.619381865009184642e-09
2.492538194259024512e-09
2.372202507318037213e-09
2.258017137261203030e-09
2.149645542020737614e-09
2.046770963564053347e-09
1.949095178379367741e-09
1.856337332613497121e-09
1.768232855724730989e-09
1.684532446987656496e-09
1.605001129623689905e-09
1.529417367730423553e-09
1.457572241550558551e-09
1.389268676959466683e-09
1.324320725360126787e-09
1.262552890460594224e-09
1.203799498671591948e-09
1.147904110103881108e-09
1.094718967368298083e-09
1.044104479586334259e-09
9.959287392089345731e-10
9.500670694156748432e-10
9.064016000275925595e-10
8.648208700160261755e-10
8.252194548268344143e-10
7.874976168667093913e-10
7.515609776152953282e-10
7.173202099354766708e-10
6.846907492545972251e-10
6.535925223820015812e-10
6.239496928145219101e-10
5.956904214609410107e-10
5.687466417902217629e-10
5.430538484767918678e-10
5.185508986792756753e-10
4.951798251480914750e-10
4.728856604116497505e-10
4.516162713415640839e-10
4.313222034443095471e-10
4.119565342702656207e-10
3.934747353717731072e-10
3.758345422793421314e-10
3.589958320003260891e-10
3.429205075768436595e-10
3.275723892700524872e-10
3.129171119661560382e-10
2.989220284256447524e-10
2.855561180218504303e-10
2.727899006375936235e-10
2.605953554099100739e-10
2.489458440327089530e-10
2.378160383455376530e-10
2.271818519539380022e-10
2.170203756428584127e-10
2.073098163595655925e-10
1.980294395565289056e-10
1.891595146977297805e-10
1.806812637441059351e-10
1.725768124451969372e-10
1.648291442746931473e-10
1.574220568575902360e-10
1.503401207458926555e-10
1.435686404085696738e-10
1.370936173095806959e-10
1.309017149553984437e-10
1.249802258006380007e-10
1.193170399070134013e-10
1.139006152571649095e-10
1.087199496307115590e-10
1.037645539553952718e-10
9.902442705133949528e-11
9.449003169124552468e-11
9.015227190389860866e-11
8.600247145259273665e-11
8.203235342405082709e-11
7.823402086718737564e-11
7.459993842452984354e-11
7.112291490244012618e-11
6.779608672935583282e-11
6.461290225417041559e-11
6.156710683962449503e-11
5.865272870811448741e-11
5.586406549976504769e-11
5.319567150486234870e-11
5.064234553487425695e-11
4.819911939830844914e-11
4.586124694951992642e-11
4.362419368037730591e-11
4.148362682635517791e-11
3.943540596019237811e-11
3.747557404774942123e-11
3.560034894207552054e-11
3.380611529302509095e-11
3.208941685099392233e-11
3.044694914450893634e-11
2.887555251251719380e-11
2.737220547324003992e-11
2.593401841245104659e-11
2.455822757494880757e-11
2.324218934386669887e-11
2.198337479328761129e-11
2.077936450039774765e-11
1.962784360415171013e-11
1.852659709810735884e-11
1.747350534573788532e-11
1.646653980715229645e-11
1.550375896672462098e-11
1.458330445169274032e-11
1.370339733229813621e-11
1.286233459453063657e-11
1.205848577700873605e-11
1.129028976395740602e-11
1.055625172666660633e-11
9.854940206200573867e-12
9.184984330499259865e-12
8.545071159366872408e-12
7.933943151168759574e-12
7.350395745377478692e-12
6.793275055401715864e-12
6.261475666414213421e-12
5.753938533162905025e-12
5.269648972997988740e-12
4.807634749590856293e-12
4.366964243042554619e-12
3.946744702297779797e-12
3.546120575980903898e-12
3.164271917963536932e-12
2.800412864157133387e-12
2.453790177194278216e-12
2.123681855829536335e-12
1.809395806043605661e-12
1.510268570983162651e-12
1.225664117009566759e-12
9.549726732600048297e-13
6.976096222534203648e-13
4.530144391910532206e-13
2.206496777153600717e-13
1.000000000000000072e-18
2.322190647619756798e-02
1.719642555350003876e-02
1.392402811494542099e-02
2.044479939935724827e-02
1.105320927208123562e-02
6.838570875649483891e-03
2.366449025455268432e-02
9.460628866604686021e-03
1.536411173801387892e-02
2.357410391530841490e-02
1.247098444926371917e-02
2.321614973700831738e-02
1.307330086485961745e-02
8.347920501039596958e-03
8.024916452057731520e-03
9.701555112871608488e-03
7.929242129092206950e-03
5.542588122019684489e-03
1.281428078447546630e-02
1.851363927879500978e-02
1.358247807036780906e-02
1.552445333680883138e-02
1.464388501748922419e-02
2.087991651986681810e-02
1.225500694058535844e-02
7.243951009145068592e-03
6.171804059347314741e-03
9.791620797085400299e-03
2.043130337647798209e-02
2.353397945320839443e-02
2.040411627701107372e-02
9.112679853805651445e-03
6.365279365927623868e-03
2.187492162157848169e-02
2.341496673750613142e-02
2.098465693171511909e-02
2.335782235239525564e-02
5.758310849371734395e-03
8.248886255396211536e-03
1.022843529232545651e-02
1.428123722598932666e-02
3.451536969011251288e-03
6.207990083412540799e-03
1.849774203723611454e-02
1.732135864520561661e-02
3.310004113124334624e-03
7.324071677236249425e-03
3.356610740495941363e-03
6.239979892766638059e-03
3.177028965245149578e-03
1.808546914643961376e-02
1.904911356255428734e-02
1.889496744238454429e-02
1.098040923275621708e-02
1.111231284775041073e-02
2.904327578684864734e-03
1.884645898513911608e-02
1.960087615438205200e-02
1.464832871747555505e-02
1.886491587857371671e-02
5.275450606989137009e-03
4.147932335674729340e-03
5.152153654668777116e-03
6.060703723486386002e-03
5.062581013715842723e-03
1.033107074338765474e-02
2.549639688329908074e-03
6.852700077708447947e-03
1.678223714808127834e-02
4.207081098183874761e-03
1.104233489781074676e-02
9.325169751096215945e-03
4.207205977566233143e-03
3.344597909650395308e-03
2.001443694518540567e-02
3.773313944066353232e-03
1.992293410126108610e-02
1.007698568528268140e-02
2.751440221985701484e-03
1.123788378643959980e-02
1.287649381818823380e-01
2.812647524237643637e-01
4.628920682462872582e-02
9.050411953195350301e-02
3.241899879480326929e-02
2.322395150101874001e-02
2.061488681478503837e-01
4.371045075481547193e-02
4.313798678092990030e-02
2.445474537667411963e-01
1.739839981950297154e-01
2.951214845070100345e-01
1.323478448799972618e-01
2.901440100468371391e-02
1.873913278530486143e-02
2.091176469155140438e-01
6.035355560160084870e-02
2.665390938296875456e-01
2.977078819211407268e-01
2.157415244085527511e-02
1.697194412512931516e-01
1.041963860481443238e-01
3.452945066749651959e-02
2.542754252367111500e-01
2.049557432102498689e-01
3.646687133475500636e-02
3.613812500630855101e-02
2.235003835343016276e-02
3.103960318580940500e-02
4.358058958053807191e-02
1.298526278738681462e-02
6.309680014326234099e-02
4.360845334369869986e-02
1.945268909023224468e-01
8.246297069684484227e-02
1.422252619836088076e-02
1.606058256517669050e-02
2.777692187691668119e-02
3.984994989154630463e-02
2.881361866601068744e-01
5.707472634522343241e-02
1.325486313932989213e-01
1.481385139541584739e-01
7.157101287637084031e-02
1.565209807784301577e-01
3.118592883375647523e-02
6.379765169301621075e-02
3.416602890223116584e-02
6.298616455370245615e-02
7.432521303815689540e-02
1.449695493447556160e-01
6.746264144604063873e-02
7.107878642181256201e-02
9.518813570018500037e-02
1.362781911545795088e-01
6.098940525269101742e-02
4.164772457480646339e-02
1.904294078429500936e-01
6.166700022334873493e-02
1.235931037290657619e-01
5.563325743237677867e-02
1.181404869821124082e-01
9.081132814115389085e-02
1.771928484759376365e-01
1.027442074835733105e-01
1.351590557280246407e-01
8.159880439865251078e-02
6.235642662442273526e-02
3.638870602931100484e-02
6.998772094574252922e-02
8.661640579146645536e-02
7.357698857200900555e-02
8.672081181259255755e-02
9.229149149311834111e-02
3.612106749948237883e-02
9.535135730418412003e-02
1.182814471466899775e-01
6.145540143663058563e-02
1.330004887534174396e-01
5.391900152425403714e-02
1.446696171608583383e-03
1.349779869306833068e-03
1.605676958656893560e-03
1.387765438795131312e-03
1.469658718214824624e-03
1.324258792127097455e-03
1.578894006512529405e-03
1.372883034194269901e-03
1.357754838627765184e-03
1.484092753505415405e-03
1.305302861980175543e-03
1.536587489758973893e-03
1.392209953501590122e-03
1.412178536235664424e-03
1.337123267885933445e-03
1.303161463998375258e-03
1.622099062642602370e-03
1.357624822422266991e-03
1.398399784674463466e-03
1.389242651418948682e-03
1.497416498938056997e-03
1.378265720219564805e-03
1.411221523984146266e-03
1.556937414005555090e-03
1.369592385842400553e-03
1.426518349723856095e-03
1.553104558008875247e-03
1.531225060663133145e-03
1.328715191626756841e-03
1.611815250249259198e-03
1.456084529255476968e-03
1.363526065891830941e-03
1.510865154900562120e-03
1.321354828000358226e-03
1.547983430615703423e-03
1.419956154061899735e-03
1.371494380762771368e-03
1.486995774188163734e-03
1.323102403309432120e-03
1.380934803919830773e-03
1.272775104182587436e-01
1.900545065958971214e-01
1.997747641774120508e-01
1.275219393375827681e-01
2.016176148969425486e-01
8.313029340256461452e-02
8.962530795351501822e-02
1.535535584322628155e-01
2.170944378397552388e-01
1.619476567136697298e-01
1.471068954964074305e-01
1.197922577391070248e-01
5.847111120635507114e-02
2.180686397964176071e-01
2.119457521873168160e-01
1.231045902096991052e-01
9.338217589595509960e-02
2.102539700452942251e-01
2.077132251246207040e-01
9.795858797876808022e-02
2.014184920813849866e-01
1.020933457907064884e-01
8.464598868310864443e-02
1.626814016384276473e-01
5.324416152572343519e-02
1.218115521167950632e-01
2.023502918526580707e-01
5.310996022839700736e-02
6.923836410394577923e-02
9.331888885868921957e-02
1.170273552864785072e-01
6.036452121766869294e-02
2.164896517007888488e-01
1.268076588035051133e-01
9.954847601589911221e-02
1.010813538027205555e-01
6.238491206720293836e-02
1.817853078717151516e-01
1.095127325264327461e-01
1.697372819828641688e-01
3.181251867454128190e-02
3.179848536834316286e-02
2.407784443263717711e-02
2.543199336192936144e-02
2.178425876299109817e-02
2.590770082883271999e-02
2.060111182962343426e-02
3.043375257396589706e-02
2.198210781898995991e-02
2.618212293228754442e-02
3.180140109195942616e-02
3.059520142454116506e-02
2.246696464345306066e-02
2.352363072121100782e-02
2.985293090788404893e-02
2.971697648327572064e-02
2.282324393131358528e-02
2.144089172648320704e-02
2.544038599916098944e-02
2.910899975644052479e-02
2.780527877716331558e-02
2.905362042771382491e-02
2.024679682604162839e-02
2.364039199084724124e-02
2.456753027065975564e-02
2.391500119342853184e-02
2.065562563907942517e-02
3.157581707717770081e-02
2.696957556100351011e-02
2.777675490299669203e-02
3.167146923371627620e-02
3.169771883629872444e-02
3.166960159697580768e-02
3.090082555546503490e-02
3.152820533191188351e-02
2.022682671250094696e-02
2.739289901833009966e-02
2.378227570341831520e-02
2.014562009614135479e-02
2.427085260734943364e-02
4.767410955225969207e-04
4.133068216984221439e-04
4.814630568216748149e-04
4.443910021957348400e-04
4.559929190713493067e-04
4.249304191982147816e-04
4.433729667879881360e-04
4.845476737604791518e-04
4.335993861863334615e-04
4.549083075640582220e-04
4.800128386142139174e-04
4.595438998948227498e-04
4.197713433294119820e-04
4.500724762853075631e-04
4.428694583182675925e-04
4.506889394865893597e-04
4.692260861911012361e-04
4.123656477388768990e-04
4.617806953153682299e-04
4.200983092016504915e-04
4.588127188645896109e-04
4.770164032974710767e-04
4.856662991973937434e-04
4.754592204277856326e-04
4.879282188046556493e-04
4.230550037889787684e-04
4.869195443644664181e-04
4.717576073545021436e-04
4.905835963044998665e-04
4.125579744584512414e-04
4.653188736021836411e-04
4.388447896134387363e-04
4.266082553079799224e-04
4.841149245396215712e-04
4.877176737169986180e-04
4.249867472720148020e-04
4.365444604777404380e-04
4.551509332860435852e-04
4.236956265216063793e-04
4.301916522510857311e-04
8.961590169569864928e-02
8.927463405410078490e-02
8.153416907764771127e-02
8.971444277420190239e-02
8.991998101890547046e-02
8.992665455963684551e-02
8.231835318820739100e-02
7.883704920459430610e-02
8.710165015438484093e-02
8.672976276720816002e-02
8.995366355090139709e-02
8.992578098906572892e-02
8.027791050159450992e-02
9.038168095455598183e-02
8.983431148072820727e-02
8.507810183038952423e-02
9.039364082188276750e-02
8.673890096851651077e-02
8.918630180790441953e-02
9.041535849463236407e-02
8.425515673283325013e-02
8.317186169657961314e-02
8.470100638175381835e-02
8.335689723151766539e-02
8.771721908339699669e-02
9.036366712785350030e-02
8.446160596953525279e-02
8.690067837232967607e-02
8.934943155394986514e-02
7.999539458837399974e-02
9.038202088677982360e-02
8.967557936669184881e-02
8.304122678859823803e-02
8.144125405795618611e-02
8.235194155517561176e-02
9.023150263690980777e-02
8.948790785840739226e-02
8.903371621067610042e-02
9.040464112564369770e-02
8.590909733803170356e-02
2.565549226365654994e-02
2.900784852168198161e-02
2.689194604857443605e-02
2.740926554584647429e-02
2.780645047947529272e-02
2.507140706760507126e-02
2.882529928164970570e-02
2.771095314719148814e-02
2.651825420007688366e-02
2.709765901501062779e-02
2.613445520083967216e-02
2.734460550280778252e-02
2.696911475419020571e-02
2.892900327968479790e-02
2.812736737823224448e-02
2.640262842939244611e-02
2.666113222320409121e-02
2.837245740547855374e-02
2.574787969869486021e-02
2.710065788502626777e-02
2.756116676793379794e-02
2.898851653929872263e-02
2.666807418055900519e-02
2.715051797910674608e-02
2.787722520823370312e-02
2.567266330063901897e-02
2.564448430147928115e-02
2.851291491759634991e-02
2.517739702106161492e-02
2.765063184754566750e-02
2.936081896972931107e-02
2.760816129212422324e-02
2.700872926078879202e-02
2.959418417247245553e-02
2.552262723143708736e-02
2.855132092364694521e-02
2.512667268929242442e-02
2.744573274396470280e-02
2.847151936572302547e-02
2.536849153992332476e-02
2.418342995925664568e-02
2.407602499898415377e-02
2.404328360834376982e-02
2.411713866175954624e-02
2.423892748838172087e-02
2.413853756136631265e-02
2.428821021526206964e-02
2.428752092340067184e-02
2.413392045236686934e-02
2.408416141108582487e-02
2.422339169659644756e-02
2.449252520544398237e-02
2.430340769554852759e-02
2.415681752019486345e-02
2.433315893266434909e-02
2.428138915142544901e-02
2.419320371837192785e-02
2.421499158491455944e-02
2.430721653556729492e-02
2.444324730176229005e-02
2.412866657134036044e-02
2.422006301821249402e-02
2.440921343732284365e-02
2.439210840397287861e-02
2.448144537104312429e-02
2.433717611560361899e-02
2.444533561610091194e-02
2.427978454661895713e-02
2.448160736254809122e-02
2.429831621499790179e-02
2.411714676745742650e-02
2.410333560894190041e-02
2.429319667809032648e-02
2.404384960718802117e-02
2.409616447426719127e-02
2.423877656705013955e-02
2.408087323480397751e-02
2.443073836879646604e-02
2.438878973297236435e-02
2.448289782873376563e-02
2.317923070769187244e-02
1.725152931165510259e-02
2.610030617977318057e-01
1.648289719107834395e-01
1.442549085439608515e-03
2.040231932102181678e-01
2.741797578671536367e-02
4.513567146040791235e-04
8.766158071013280262e-02
2.785474747073582447e-02
1.000000000000000072e-18
