1.000000000000000072e-18
1.249545073429587361e-14
2.567479236724626289e-14
3.956900734204831926e-14
5.421044562433173813e-14
6.963288636340898353e-14
8.587160244713463439e-14
1.029634280928565130e-13
1.209468296243245019e-13
1.398619795922462736e-13
1.597508344043491627e-13
1.806572156395449722e-13
2.026268952298900730e-13
2.257076847037130690e-13
2.499495286934871870e-13
2.754046029227492404e-13
3.021274168977738002e-13
3.301749215416743946e-13
3.596066220212699461e-13
3.904846960304858070e-13
4.228741178081097719e-13
4.568427881827747834e-13
4.924616709537240179e-13
5.298049359326654526e-13
5.689501089896655823e-13
6.099782294646132253e-13
6.529740153256138208e-13
6.980260364764781332e-13
7.452268966375177509e-13
7.946734242472846698e-13
8.464668728575206671e-13
9.007131315198122362e-13
9.575229456900770285e-13
1.017012149206358728e-12
1.079301907926422820e-12
1.144518975644575714e-12
1.212795962941831106e-12
1.284271619660699263e-12
1.359091131734684485e-12
1.437406433144274088e-12
1.519376533815024830e-12
1.605167864319967078e-12
1.694954638298013018e-12
1.788919233552436813e-12
1.887252592849112813e-12
1.990154645493259323e-12
2.097834750826003732e-12
2.210512164848626348e-12
2.328416531253020850e-12
2.451788398211693154e-12
2.580879762360550262e-12
2.715954641492001712e-12
2.857289677566229350e-12
3.005174771743753574e-12
3.159913753244128607e-12
3.321825083943682546e-12
3.491242600740208975e-12
3.668516297834486481e-12
3.854013151208950167e-12
4.048117987721993356e-12
4.251234401383929677e-12
4.463785719537409359e-12
4.686216021832222508e-12
4.918991215062626256e-12
5.162600167124637888e-12
5.417555903553140030e-12
5.684396870314189150e-12
5.963688266757069486e-12
6.256023452876585008e-12
6.562025435296580933e-12
6.882348436664992230e-12
7.217679553448574277e-12
7.568740507432314138e-12
7.936289496569170683e-12
8.321123151186995082e-12
8.724078601947224077e-12
9.146035666363769520e-12
9.587919161132251733e-12
1.005070134799331108e-11
1.053540452135911193e-11
1.104310374647282736e-11
1.157492975745078503e-11
1.213207202517539377e-11
1.271578200567167101e-11
1.332737658031004974e-11
1.396824169993928062e-11
1.463983624586985308e-11
1.534369612150100897e-11
1.608143858932444355e-11
1.685476686904061110e-11
1.766547501360452716e-11
1.851545308117473605e-11
1.940669262218099460e-11
2.034129250206419760e-11
2.132146508167100526e-11
2.234954277883091342e-11
2.342798503629596166e-11
2.455938572300485690e-11
2.574648099755002607e-11
2.699215766478362578e-11
2.829946205871831870e-11
2.967160948726662837e-11
3.111199427693196901e-11
3.262420045833942100e-11
3.421201313647620237e-11
3.587943059273564560e-11
3.763067716932974571e-11
3.947021699038084237e-11
4.140276857805230946e-11
4.343332042644196201e-11
4.556714760067904944e-11
4.780982943376801930e-11
5.016726839922699936e-11
5.264571024353586542e-11
5.525176546885009507e-11
5.799243226342084872e-11
6.087512098471633426e-11
6.390768030842157503e-11
6.709842516537230846e-11
7.045616659808713062e-11
7.399024367899766745e-11
7.771055764379443882e-11
8.162760840558863504e-11
8.575253362894143727e-11
9.009715055730707035e-11
9.467400080319597097e-11
9.949639832751552718e-11
1.045784808531834524e-10
1.099352649784386430e-10
1.155827052773581127e-10
1.215377576992245788e-10
1.278184476046386737e-10
1.344439428049404569e-10
1.414346320028052359e-10
1.488122090659977715e-10
1.565997636036390648e-10
1.648218783551032515e-10
1.735047339463015036e-10
1.826762216169513600e-10
1.923660645758947293e-10
2.026059487001372759e-10
2.134296633575125524e-10
2.248732532033399731e-10
2.369751818788080781e-10
2.497765086237502908e-10
2.633210789098809317e-10
2.776557303032236857e-10
2.928305148774717829e-10
3.088989396244867525e-10
3.259182264452343018e-10
3.439495934557321112e-10
3.630585595094302306e-10
3.833152740217492923e-10
4.047948743861869125e-10
4.275778734966296158e-10
4.517505801398715526e-10
4.774055552984790852e-10
5.046421077103169329e-10
5.335668323707459491e-10
5.642941960406580364e-10
5.969471742427551512e-10
6.316579446947194977e-10
6.685686426470477937e-10
7.078321841718212272e-10
7.496131640937939589e-10
7.940888359756157703e-10
8.414501823738547095e-10
8.919030844829655700e-10
9.456696012926272637e-10
1.002989369514027412e-09
1.064121136798936506e-09
1.129344442200038295e-09
1.198961459423190471e-09
1.273299020226171978e-09
1.352710837351978546e-09
1.437579948679623388e-09
1.528321406868782265e-09
1.625385241708872635e-09
1.729259725707370943e-09
1.840474977223756881e-09
1.959606939739680507e-09
2.087281780730438864e-09
2.224180759156311902e-09
2.371045616929195710e-09
2.528684556952263005e-09
2.697978878620361791e-09
2.879890351173987020e-09
3.075469416216932721e-09
3.285864323268278567e-09
3.512331316697874414e-09
3.756246009114347169e-09
4.019116095620081211e-09
4.302595585777568066e-09
4.608500756188357148e-09
4.938828056925128164e-09
5.295774240456958633e-09
5.681759023109940827e-09
6.099450637640683633e-09
6.551794692538253942e-09
7.042046820872185024e-09
7.573809680889208973e-09
8.151074964594918228e-09
8.778271182260507605e-09
9.460318123875486920e-09
1.020268905760648135e-08
1.101148191598117896e-08
1.189350094983748488e-08
1.285635060684526073e-08
1.390854372662265827e-08
1.505962655197390748e-08
1.632032355306569973e-08
1.770270567062871591e-08
1.922038633383897793e-08
2.088875053468088806e-08
2.272522339004642824e-08
2.474958605608954601e-08
2.698434865517249082e-08
2.945519213720258841e-08
3.219149385997286629e-08
3.522695531705262846e-08
3.860035510641591120e-08
4.235645623976073445e-08
4.654710467546316791e-08
5.123256610775592524e-08
5.648316136994974473e-08
6.238127842712649875e-08
6.902386239779234661e-08
7.652551653518529819e-08
8.502238970377094311e-08
9.467708401355155604e-08
1.056848962813704249e-07
1.182818181338245765e-07
1.327548754800480578e-07
1.494556090499978100e-07
1.688178142633464445e-07
1.913811174436681675e-07
2.178226382815409285e-07
2.489999882169049967e-07
2.860103603372538843e-07
3.302727681603493068e-07
3.836440644461672311e-07
4.485850141659770466e-07
5.284017694634382530e-07
6.276029748360813638e-07
7.524376625967173693e-07
9.117218626786648123e-07
1.118137117993838795e-06
1.390320407934315529e-06
1.756319828795361560e-06
2.259484174463676113e-06
2.968850893509969866e-06
3.998202614843306486e-06
5.542658384210716509e-06
7.952820339167798595e-06
1.189506776053785468e-05
1.872682328721601573e-05
3.146844337987246684e-05
5.767862226623419233e-05
1.196926644662163345e-04
3.028568488272420037e-04
1.125886877274101441e-03
1.199950471580697731e-02
8.405334135422918088e-03
2.130911635823270426e-03
1.226018442789762047e-03
9.977225229943367888e-04
1.010149223938570061e-03
1.229409482866133030e-03
1.832056074003724682e-03
3.680142382862051486e-03
1.454617955703346906e-02
2.136946879675510613e-01
7.056251010211703374e-03
1.951377074661976053e-03
8.962199200783280530e-04
5.162882820436870716e-04
3.387142598545527482e-04
2.420625584333211246e-04
1.839188321586495074e-04
1.463792653618958980e-04
1.208435148823334461e-04
1.027717092432546032e-04
8.958823414195336756e-05
7.974617347218486418e-05
7.227256935953086455e-05
6.653175483712342041e-05
6.209506979958282868e-05
5.866568750013500914e-05
5.603346850634518677e-05
5.404689599410473361e-05
5.259509758028404309e-05
5.159602215650507031e-05
5.098848505381360955e-05
5.072671187484100515e-05
5.077654021663163770e-05
5.111275332493838726e-05
5.171721287335198170e-05
5.257758016487183408e-05
5.368649460562896925e-05
5.504113175184857735e-05
5.664310036322613872e-05
5.849866483565878319e-05
6.061930041877587160e-05
6.302260738122286612e-05
6.573363060849199521e-05
6.878665774444494381e-05
7.222760822812452069e-05
7.611718616570098156e-05
8.053506449473622590e-05
8.558551544766035846e-05
9.140513365529327739e-05
9.817366551971828384e-05
1.061295539829546701e-04
1.155928002146816005e-04
1.269994513310552468e-04
1.409550673660754541e-04
1.583201627246763057e-04
1.803515377535262602e-04
2.089456220486322620e-04
2.470777659802833310e-04
2.996415790003915361e-04
3.751677571917120895e-04
4.896626686119534295e-04
6.761944431214976904e-04
1.012715980615905937e-03
1.722229955160897458e-03
3.680630294258669354e-03
1.345937041987075276e-02
3.878478950254840574e-01
1.407674078479666420e-02
3.394879513776977078e-03
1.452602023393232550e-03
7.884404106027844729e-04
4.876867638066037730e-04
3.276825198282264009e-04
2.331250888511819338e-04
1.729432262627839546e-04
1.324657593236649392e-04
1.040522325607195825e-04
8.341533690115621050e-05
6.800350829846957788e-05
5.622409960574842249e-05
4.704306116395674245e-05
3.976640060068069153e-05
3.391499305615036013e-05
2.914987657104476911e-05
2.522608051655822925e-05
2.196320481545006444e-05
1.922616417950466944e-05
1.691228327311949649e-05
1.494246371481890379e-05
1.325502266199734411e-05
1.180132099544533183e-05
1.054261297655694378e-05
9.447743919523080911e-06
8.491445813180724416e-06
7.653060601862472832e-06
6.915573351512212587e-06
6.264872679558172304e-06
5.689179719654550963e-06
5.178603363959973230e-06
4.724791031559401978e-06
4.320652347984868101e-06
3.960138940474505114e-06
3.638067760951748129e-06
3.349978420979272760e-06
3.092017287501041086e-06
2.860842772139111963e-06
2.653547509415430225e-06
2.467594073337368022e-06
2.300761608002434505e-06
2.151101304476728464e-06
2.016899085572611296e-06
1.896644193408133387e-06
1.789002634787847967e-06
1.692794643650805338e-06
1.606975480956139919e-06
1.530619020141459977e-06
1.462903668084313840e-06
1.403100252974845585e-06
1.350561576014413739e-06
1.304713376752174792e-06
1.265046504770566928e-06
1.231110125371149450e-06
1.202505815494002690e-06
1.178882429587048627e-06
1.159931634523771382e-06
1.145384028740481870e-06
1.135005774159990462e-06
1.128595680692957529e-06
1.125982692568782623e-06
1.127023733773715024e-06
1.131601876732178586e-06
1.139624804276584255e-06
1.151023540090961303e-06
1.165751427333486832e-06
1.183783339167453562e-06
1.205115108565112506e-06
1.229763168085671955e-06
1.257764393446990888e-06
1.289176147682456411e-06
1.324076525565552493e-06
1.362564800857411736e-06
1.404762081847858241e-06
1.450812183679153965e-06
1.500882729127493947e-06
1.555166492937063393e-06
1.613883008529339796e-06
1.677280460027576715e-06
1.745637887135782099e-06
1.819267735599059870e-06
1.898518791871505626e-06
1.983779547372255301e-06
2.075482045490856712e-06
2.174106273510595124e-06
2.280185172093441917e-06
2.394310347200934895e-06
2.517138583657147954e-06
2.649399276410276834e-06
2.791902915424408815e-06
2.945550783645019497e-06
3.111346055380206469e-06
3.290406515636688301e-06
3.483979160567702039e-06
3.693456986606481849e-06
3.920398332775429934e-06
4.166549209185495066e-06
4.433869127487771063e-06
4.724561049275872803e-06
5.041106190246128833e-06
5.386304566431619445e-06
5.763322350506800481e-06
6.175747329194492384e-06
6.627654027609243987e-06
7.123680406224134603e-06
7.669118458089758193e-06
8.270021559915467682e-06
8.933332089049746586e-06
9.667033646232702204e-06
1.048033326956837323e-05
1.138388035202306074e-05
1.239003066693061226e-05
1.351316607523201284e-05
1.477008328408997795e-05
1.618046865059651439e-05
1.776748074982763682e-05
1.955846862682011713e-05
2.158586184092408408e-05
2.388827930115756574e-05
2.651191847958264011e-05
2.951230628315621102e-05
3.295651966672687400e-05
3.692602086302624378e-05
4.152030307895842362e-05
4.686161381844233364e-05
5.310112379790919197e-05
6.042705351383107122e-05
6.907547795921816836e-05
7.934483538461026026e-05
9.161561967648606457e-05
1.063774199936931049e-04
1.242665195585307392e-04
1.461189003163885928e-04
1.730460991872228573e-04
2.065455814091004248e-04
2.486643085146306750e-04
3.022461336012854092e-04
3.713146307494318813e-04
4.616809613635928025e-04
5.819377476414433654e-04
7.451396052840718017e-04
9.717576114074984823e-04
1.295116315489012971e-03
1.771958619133666554e-03
2.504372277347505574e-03
3.689156127424457129e-03
5.741059651359453966e-03
9.645080585352659025e-03
1.816877182056306564e-02
4.131036624914402600e-02
1.320773190101741101e-01
5.123762851787553307e-01
2.183354655993973992e-01
7.644502125329442899e-02
3.929252857057112525e-02
2.498329452676912449e-02
1.802790420128873305e-02
1.413896405552211508e-02
1.176401369545573145e-02
1.023116954038585241e-02
9.211037722940206007e-03
8.526819894759642832e-03
8.077077941943218084e-03
7.800776272600227698e-03
7.660110029345679888e-03
7.631540567525789409e-03
7.700934442948635661e-03
7.860920047287323770e-03
8.109551475955385780e-03
8.449828589105558979e-03
8.889846500259408410e-03
9.443442119378950977e-03
1.013118160956795466e-02
1.098130784684908136e-02
1.202959197709432305e-02
1.331532906231866313e-02
1.486688761951924891e-02
1.666321846099531184e-02
1.855166903167483963e-02
2.012545818745141088e-02
2.068441472324824768e-02
1.956735930760426095e-02
1.681553132331880390e-02
1.329366134683872790e-02
9.953851128283343688e-03
7.267234335817257702e-03
5.279837519573175181e-03
3.861604543076184969e-03
2.859138445232286586e-03
2.147639043040463352e-03
1.637246114460270009e-03
1.266169388631464832e-03
9.925108216046441782e-04
7.878309856688162039e-04
6.326649481619960871e-04
5.135336194178193817e-04
4.209802351026301244e-04
3.482806415242986555e-04
2.905904016554731713e-04
2.443749545577511497e-04
2.070243370239039445e-04
1.765894163422882001e-04
1.515990354213783242e-04
1.309316884678695303e-04
1.137243971338302130e-04
9.930727041615702616e-05
8.715600404979887078e-05
7.685705065437281277e-05
6.808183501925605232e-05
6.056749202476256489e-05
5.410235357927422185e-05
4.851492488267659947e-05
4.366544671105692158e-05
3.943939003292231381e-05
3.574240577804569719e-05
3.249637853979089799e-05
2.963632366291780930e-05
2.710793298132261049e-05
2.486562261848702032e-05
2.287097175532606469e-05
2.109146762153076330e-05
1.949949166633210921e-05
1.807149668889654494e-05
1.678733593424351042e-05
1.562971371246677383e-05
1.458373365164365357e-05
1.363652574331903041e-05
1.277693724978511434e-05
1.199527558659264218e-05
1.128309367528945281e-05
1.063301013332643369e-05
1.003855814613111087e-05
9.494058038513305259e-06
8.994509496068153710e-06
8.535500133699219145e-06
8.113127707626974751e-06
7.723933750135443635e-06
7.364846796866882436e-06
7.033133693479796502e-06
6.726357726675851668e-06
6.442342535593758191e-06
6.179140932547948671e-06
5.935007904351462569e-06
5.708377182821282168e-06
5.497840870163581049e-06
5.302131685511823976e-06
5.120107465938458067e-06
4.950737611210771492e-06
4.793091208374974056e-06
4.646326611527421116e-06
4.509682285168624993e-06
4.382468747399221234e-06
4.264061472778125514e-06
4.153894634639874909e-06
4.051455583652094675e-06
3.956279973873177270e-06
3.867947459952237143e-06
3.786077899733722842e-06
3.710328005671735794e-06
3.640388396358938848e-06
3.575981006331187414e-06
3.516856818290524259e-06
3.462793887137446837e-06
3.413595629842218353e-06
3.369089359319042271e-06
3.329125044188793719e-06
3.293574279707037547e-06
3.262329458267467603e-06
3.235303130832916605e-06
3.212427553460693429e-06
3.193654415834785633e-06
3.178954751454967915e-06
3.168319031922362886e-06
3.161757450665431173e-06
3.159300404538697030e-06
3.160999185073425690e-06
3.166926894850715482e-06
3.177179608599941134e-06
3.191877803313960322e-06
3.211168087050699392e-06
3.235225262319878933e-06
3.264254767225677693e-06
3.298495546085374561e-06
3.338223411353757357e-06
3.383754970701237009e-06
3.435452207447495904e-06
3.493727819767862380e-06
3.559051444820390360e-06
3.631956918996880609e-06
3.713050755893423094e-06
3.803022060590026030e-06
3.902654144013556359e-06
4.012838156535975198e-06
4.134589128060474480e-06
4.269064885882632807e-06
4.417588425666125031e-06
4.581674440160783936e-06
4.763060871497200947e-06
4.963746554609482248e-06
5.186036272646838674e-06
5.432594864471751068e-06
5.706512428115848799e-06
6.011383176592708459e-06
6.351401155363622705e-06
6.731476865380986194e-06
7.157379906225778354e-06
7.635914131635349817e-06
8.175133588293722394e-06
8.784609811185054511e-06
9.475764036639062178e-06
1.026228177892666988e-05
1.116063227337091233e-05
1.219072187421964788e-05
1.337671906248869575e-05
1.474809983376773289e-05
1.634097658217492234e-05
1.819979195423934614e-05
2.037948231451798805e-05
2.294824407122552870e-05
2.599107020773117841e-05
2.961426263849468052e-05
3.395116430141062577e-05
3.916938363312434272e-05
4.547978394850963360e-05
5.314744563485883269e-05
6.250461910948367373e-05
7.396527603969091607e-05
8.804010493985928306e-05
1.053495470539587839e-04
1.266306838024856623e-04
1.527317530277760653e-04
1.845868324660608043e-04
2.231651030826399399e-04
2.693977253294694424e-04
3.241040395953196165e-04
3.879661541966452579e-04
4.616258573633018943e-04
5.459816702851968831e-04
6.427395032939901701e-04
7.552478142041788110e-04
8.896985066324036373e-04
1.056988569066832527e-03
1.276049699933554495e-03
1.580650234147040799e-03
2.034898724576367918e-03
2.772936789819715423e-03
4.117469705085538903e-03
7.022677594877890610e-03
1.544183244980406461e-02
6.091797535070198749e-02
2.304682827991943739e-01
2.807520839373390045e-02
8.542537425923063532e-03
3.924537165625148656e-03
2.202808065106696186e-03
1.392213122483771173e-03
9.525397687884639558e-04
6.902556012392676524e-04
5.227363583630603543e-04
4.101209715582410683e-04
3.313618644572696704e-04
2.745465391322234267e-04
2.325525157864906313e-04
2.009293519279521125e-04
1.767957358360323417e-04
1.582333739362612967e-04
1.439389301815715552e-04
1.330170991298799271e-04
1.248546146286351856e-04
1.190429898041189057e-04
1.153324058318718647e-04
1.136073429050570764e-04
1.138796489787130258e-04
1.162986423935671095e-04
1.211819235257824770e-04
1.290764399122326948e-04
1.408698287326813116e-04
1.579932725341589672e-04
1.828039722564664079e-04
2.193477744531626230e-04
2.749984537481538357e-04
3.643433203085593981e-04
5.196690097424587398e-04
8.248566748830500573e-04
1.559234100443647160e-03
4.181214888660849706e-03
3.472916728008035303e-02
3.588821602879596617e-02
4.044994618270109261e-03
1.452961716064820729e-03
7.468039626127666092e-04
4.608907897549362935e-04
3.197201542638333782e-04
2.418735399852271664e-04
1.966949410670091204e-04
1.709968143673651288e-04
1.590749062309675349e-04
1.595483502317607727e-04
1.753882356668568334e-04
2.182766446056622458e-04
3.294233122341983693e-04
7.219979978128869417e-04
5.131268878341330685e-03
3.169706416063864784e-03
3.445324143837862779e-04
1.062502938717125353e-04
4.636169839057390017e-05
2.419914224865179529e-05
1.412708381870058538e-05
8.914649005576661672e-06
5.960522400254507021e-06
4.168667097855772603e-06
3.022517049472169813e-06
2.257217579279655648e-06
1.727702735252624255e-06
1.350155291653566948e-06
1.073950192728448718e-06
8.673396237138041858e-07
7.097594621824533102e-07
5.875082835369713123e-07
4.912268930515452281e-07
4.143788191722422833e-07
3.523072400864971019e-07
3.016343379050374371e-07
2.598697658781380665e-07
2.251500173260754808e-07
1.960615899288802755e-07
1.715188921036387899e-07
1.506785821682378308e-07
1.328785723532508464e-07
1.175939960497360271e-07
1.044050131402554162e-07
9.297298969979567958e-08
8.302267732903888981e-08
7.432874202493939674e-08
6.670548154838041798e-08
5.999890469196223422e-08
5.408057741117896278e-08
4.884280298599357841e-08
4.419481825414716147e-08
4.005977016042370134e-08
3.637229626926951550e-08
3.307657621644548172e-08
3.012475295892320085e-08
2.747564634173488040e-08
2.509369919814619525e-08
2.294810953871575008e-08
2.101211251222470800e-08
1.926238356390611680e-08
1.767854017482736668e-08
1.624272418093933011e-08
1.493925026591474008e-08
1.375430903982063633e-08
1.267571533639872038e-08
1.169269412115251305e-08
1.079569780353509115e-08
9.976249867728954325e-09
9.226810637953167077e-09
8.540661722274489808e-09
7.911806269423962929e-09
7.334882654119580126e-09
6.805089599730459885e-09
6.318121070015575919e-09
5.870109527717457431e-09
5.457576377774844542e-09
5.077388595443232765e-09
4.726720691545965371e-09
4.403021293955086467e-09
4.103983730676079528e-09
3.827520089185205405e-09
3.571738301883359342e-09
3.334921871064637443e-09
3.115511900612648336e-09
2.912091147334495651e-09
2.723369843738145393e-09
2.548173077250169545e-09
2.385429539253095322e-09
2.234161481649474286e-09
2.093475739556313284e-09
1.962555696717899704e-09
1.840654085737490812e-09
1.727086528631800180e-09
1.621225734816439026e-09
1.522496283696152175e-09
1.430369927777725923e-09
1.344361359835971695e-09
1.264024394297836135e-09
1.188948518805029387e-09
1.118755776982824585e-09
1.053097947881839620e-09
9.916539914540141240e-10
9.341277328444133366e-10
8.802457612905893891e-10
8.297555220720389778e-10
7.824235822910528924e-10
7.380340533321094649e-10
6.963871546733486034e-10
6.572979053416093274e-10
6.205949307362442682e-10
5.861193738197309797e-10
5.537239008041906050e-10
5.232717924687369838e-10
4.946361131387386963e-10
4.676989501566446653e-10
4.423507173868033512e-10
4.184895169335884277e-10
3.960205538212977515e-10
3.748555988941667232e-10
3.549124956512743138e-10
3.361147071406226166e-10
3.183908994042919761e-10
3.016745582965844306e-10
2.859036367941332686e-10
2.710202301840101548e-10
2.569702767565505778e-10
2.437032818465884117e-10
2.311720632623988512e-10
2.193325163184503044e-10
2.081433968476463408e-10
1.975661207131279726e-10
1.875645784703976741e-10
1.781049639487619323e-10
1.691556156283922536e-10
1.606868697864925144e-10
1.526709244743032611e-10
1.450817134668756576e-10
1.378947894002829802e-10
1.310872153772471806e-10
1.246374643823746088e-10
1.185253259030550073e-10
1.127318192021179941e-10
1.072391127338492042e-10
1.020304492365978013e-10
9.709007607311443248e-11
9.240318042442073640e-11
8.795582897469693469e-11
8.373491175359325773e-11
7.972808982889288373e-11
7.592374656667899917e-11
7.231094219836078784e-11
6.887937145428362871e-11
6.561932404226680907e-11
6.252164776655745842e-11
5.957771409837200328e-11
5.677938602361479578e-11
5.411898800662920018e-11
5.158927792098412424e-11
4.918342080951849224e-11
4.689496434615369136e-11
4.471781588145919030e-11
4.264622096270654167e-11
4.067474322716426058e-11
3.879824557481934875e-11
3.701187253353634654e-11
3.531103373596821476e-11
3.369138843336538556e-11
3.214883097678406198e-11
3.067947720117538452e-11
2.927965165241119805e-11
2.794587560154501339e-11
2.667485579453213430e-11
2.546347388925107609e-11
2.430877653503621000e-11
2.320796605303218912e-11
2.215839167856262551e-11
2.115754132937765578e-11
2.020303386611006338e-11
1.929261181357189557e-11
1.842413451364583210e-11
1.759557168249914479e-11
1.680499734668746847e-11
1.605058413440825133e-11
1.533059789975496685e-11
1.464339265928296272e-11
1.398740582157190433e-11
1.336115369173567080e-11
1.276322723401122880e-11
1.219228807666296790e-11
1.164706474445558139e-11
1.112634910490754345e-11
1.062899301542174051e-11
1.015390515921688171e-11
9.700048058757037762e-12
9.266435256091280007e-12
8.852128650189863592e-12
8.456235981985559683e-12
8.077908458413551857e-12
7.716338507288784118e-12
7.370757655366120002e-12
7.040434522405997453e-12
6.724672924510679788e-12
6.422810080410633437e-12
6.134214914770036016e-12
5.858286452940419517e-12
5.594452301932871455e-12
5.342167212694868537e-12
5.100911719074758363e-12
4.870190849136020712e-12
4.649532904741704555e-12
4.438488305574737120e-12
4.236628493987146009e-12
4.043544897285021125e-12
3.858847944257423693e-12
3.682166132944048364e-12
3.513145146813926318e-12
3.351447016691987478e-12
3.196749325925322784e-12
3.048744456427345565e-12
2.907138873373518383e-12
2.771652446451507869e-12
2.642017805688609149e-12
2.517979729992228446e-12
2.399294566646306814e-12
2.285729680105332901e-12
2.177062928522453811e-12
2.073082166536046777e-12
1.973584772921811793e-12
1.878377201796378118e-12
1.787274556130851581e-12
1.700100182402680929e-12
1.616685285278871983e-12
1.536868561284664150e-12
1.460495850470076195e-12
1.387419805140216088e-12
1.317499574767129419e-12
1.250600506248728565e-12
1.186593858725814077e-12
1.125356532211321177e-12
1.066770809325759196e-12
1.010724109471412796e-12
9.571087548134359119e-13
9.058217474697831190e-13
8.567645573442602700e-13
8.098429200665767705e-13
7.649666445322275086e-13
7.220494295615905920e-13
6.810086892230335665e-13
6.417653863889465551e-13
6.042438741159532179e-13
5.683717444622194988e-13
5.340796843747691748e-13
5.013013382988240889e-13
4.699731771793968330e-13
4.400343735421268308e-13
4.114266823567773001e-13
3.840943274018569451e-13
3.579838928632887693e-13
3.330442199138246683e-13
3.092263080326025679e-13
2.864832208366797176e-13
2.647699962077875956e-13
2.440435605085490184e-13
2.242626466928316544e-13
2.053877161245989553e-13
1.873808839290712543e-13
1.702058477086578693e-13
1.538278194646248681e-13
1.382134605732518729e-13
1.233308196727659758e-13
1.091492733244965755e-13
9.563946931831583652e-14
8.277327249894912175e-14
7.052371299569186588e-14
5.886493674384695808e-14
4.777215819169267378e-14
3.722161509185877328e-14
2.719052528100855448e-14
1.765704535629478273e-14
8.600231161498840760e-15
1.000000000000000072e-18
2.627226675154457555e-02
1.376218960680691480e-02
1.729891838557206726e-02
1.899145187984940808e-02
1.283756079115296045e-02
7.242868629652201434e-03
3.155460085810420784e-02
5.829502228298630295e-03
1.972603411933715120e-02
2.789504638991689711e-02
1.497490642898168314e-02
3.196090486360213950e-02
1.592219468719113101e-02
4.968959282876535787e-03
4.728298301400193568e-03
1.092155807709997012e-02
4.657767930174247679e-03
5.736077468323756527e-03
8.771682425661090840e-03
1.565956376846765544e-02
1.674084075689302384e-02
1.165808353326168445e-02
1.849775362144942190e-02
1.986857977779044396e-02
8.239171606719821947e-03
7.733675252217736898e-03
6.456038090685430400e-03
1.104556206920922178e-02
2.868796587484906055e-02
2.767935363838234727e-02
1.891232772095098949e-02
5.554980888225097800e-03
6.681775727097503774e-03
3.087060845581118124e-02
3.190053985586722984e-02
2.008880724397015677e-02
3.193071990439529800e-02
5.980501489527861002e-03
4.894750413265441628e-03
6.453851350909543642e-03
8.285839260128500042e-03
2.885140594503825956e-03
2.405598702092749501e-03
1.636171645841589042e-02
3.772925544538111020e-02
2.747933147773130250e-03
2.968834557290123827e-03
2.792846278395125833e-03
2.421094106872585805e-03
2.621221709032276002e-03
1.505775041186992007e-02
1.856273848850180722e-02
1.787833702503907954e-02
1.548562344120735408e-02
1.583904320267141494e-02
2.367841624661777469e-03
4.013555884278271341e-02
3.808800871863103621e-02
8.724001827001790291e-03
4.012351147219110625e-02
4.894303825431388193e-03
3.597243647646706632e-03
1.913418287746689820e-03
5.917452282465904094e-03
4.634656127642125187e-03
1.383223921434883173e-02
2.050777121768817407e-03
2.725090609913676312e-03
3.593392223453723694e-02
1.501704590078507947e-03
1.565079137366463813e-02
4.117134870774327368e-03
1.501757347876920678e-03
2.781244805659430219e-03
2.625119421677147777e-02
3.206352097314763439e-03
3.544123199536459295e-02
4.605900977047074768e-03
2.229481061196476877e-03
1.618115405726259365e-02
9.745834749611802239e-02
2.818653748698873862e-01
4.745030521189528422e-02
9.579542477072708340e-02
2.012807798448928293e-02
2.359711591678638476e-02
1.763966647427994139e-01
4.474757586282673838e-02
2.778414859825614411e-02
2.247862504000343875e-01
1.411932202431942507e-01
3.513302491572640740e-01
1.453366030861301672e-01
2.953277462971416398e-02
1.899992215239749635e-02
1.798598057233950220e-01
6.240224652517493281e-02
2.571462459565418412e-01
3.149695459263335273e-01
2.190714374951763244e-02
1.925650188915196959e-01
1.115968339042324314e-01
2.161284254288699247e-02
2.385645525807554568e-01
2.391162284612338429e-01
2.298612879235832629e-02
2.275243587349908003e-02
2.270199152565927775e-02
1.916424476482042963e-02
4.461176616975238290e-02
1.305723126850821814e-02
6.536291494456375473e-02
2.812635929554218803e-02
2.251883738090049714e-01
5.793101187106256683e-02
1.434332627658803545e-02
1.624402688360118002e-02
2.826281846335984560e-02
2.540633755430060300e-02
2.947037310248821762e-01
3.167759239552364603e-02
4.395050392054802857e-02
5.625848095902664936e-02
1.742695080008552222e-02
6.513151408981032731e-02
1.255570521322510978e-02
3.872566352477433554e-02
1.425461637757606537e-02
3.781529672326443964e-02
1.825919570839355105e-02
5.338943939994984789e-02
4.306241532047917764e-02
1.728035427098171747e-02
2.535357212681951800e-02
4.652783439022215028e-02
1.440591744733973889e-02
1.902414182968600181e-02
1.851937129296751250e-01
1.459169536921347404e-02
2.099539197829132786e-01
3.030301454290321161e-02
1.783201445978366273e-01
2.373224859488766436e-02
1.030702553793797910e-01
1.146240051979126318e-01
4.573411200632232498e-02
6.398003580354931497e-02
3.712067752514833230e-02
1.559324814487061082e-02
1.695765426049065591e-02
7.343944591258758092e-02
5.120999573812967665e-02
2.228672666513437095e-02
2.427154694799747020e-02
1.542870287114853425e-02
2.541562940761199138e-02
3.557487226050898982e-02
3.614443320914501045e-02
2.810534419380542048e-01
2.872557673912033011e-02
1.421939100141297646e-04
1.345781540174077393e-04
1.546170210771835780e-04
1.375675081147277623e-04
1.439931816196400919e-04
1.325662363281715278e-04
1.525293449224340554e-04
1.363970198846415835e-04
1.352062631435367113e-04
1.451232663265831688e-04
1.310699515194054920e-04
1.492275935629968351e-04
1.379168922224979494e-04
1.394856698768160829e-04
1.335807514782948527e-04
1.309008139836696490e-04
1.558961608722250866e-04
1.351960252439755818e-04
1.384033456318888825e-04
1.376836408017559398e-04
1.461658134786092563e-04
1.368204675350692071e-04
1.394105199188662826e-04
1.508164120312864369e-04
1.361380908090613915e-04
1.406112986850524798e-04
1.505172540270725389e-04
1.488087194536334441e-04
1.329177605200127985e-04
1.550952218471220851e-04
1.429297729333413541e-04
1.356606361033936580e-04
1.472175569478209752e-04
1.323371205549249332e-04
1.501174791742811859e-04
1.400962832924883533e-04
1.362877572972818140e-04
1.453504691597439142e-04
1.324750046755261690e-04
1.370303963132583685e-04
1.127935862974666220e-01
2.051519405595564893e-01
2.639716723268734633e-01
1.130803153058502625e-01
2.669317223891534696e-01
8.446711994187600103e-02
7.281619395757954472e-02
1.855558103950906979e-01
2.731660736384564636e-01
1.582243133025899584e-01
1.374917473063191065e-01
1.042030836066850930e-01
5.588485679385481880e-02
2.796627434276593438e-01
2.551573505126801256e-01
1.079599018741521366e-01
7.647609758201731611e-02
2.795349950557952101e-01
2.436437694803541554e-01
1.033019484982497793e-01
2.666148699247690157e-01
8.521758534973070121e-02
8.633409566803297575e-02
1.593091164729523168e-01
5.024531182283892977e-02
1.363360164051032331e-01
2.307318448438359093e-01
5.010238090143097345e-02
6.795664590817881989e-02
7.641391147512974213e-02
1.294351623030773613e-01
5.796294772079454982e-02
2.704694738720426761e-01
1.122435585133175207e-01
1.053977343209202278e-01
8.418302195219709572e-02
6.020128560621929026e-02
1.900212060939564240e-01
9.296447925440118332e-02
2.126874932218818515e-01
4.732203874808237065e-02
4.807960259397292546e-02
3.745413373120995426e-02
6.366257528221333506e-02
1.881194135958613040e-02
7.932544306091160458e-02
1.403809455857440644e-02
1.763805204353634526e-01
1.982142534689267446e-02
9.094908994332523422e-02
4.792182922940672885e-02
1.527365429644454431e-01
2.263850345522024771e-02
3.110482755991744730e-02
2.837434622290896380e-01
3.112518741772369868e-01
2.508079361499451071e-02
1.722240611639103136e-02
6.389896218419857665e-02
3.950248715304098823e-01
2.379586168829498083e-01
3.966057855573386082e-01
1.293275686406580513e-02
3.230639476605805943e-02
4.474215052717066959e-02
3.540855370126046175e-02
1.421930300917042742e-02
6.089220275809283101e-02
1.407833180872157808e-01
2.336712331586887070e-01
5.518097583515940707e-02
5.367260795586560607e-02
5.528919950112851089e-02
1.156810109908096851e-01
6.387488356206603990e-02
1.287397775794140928e-02
1.828102814131023768e-01
3.385814024182719206e-02
1.263859082657232610e-02
4.010640409277083096e-02
3.793083346753670310e-04
3.015070544782515118e-04
3.853055380431487831e-04
3.389369061242156677e-04
3.532625458563153011e-04
3.153335702151256574e-04
3.376886380252756750e-04
3.892359801265084739e-04
3.257796141518857049e-04
3.519156954056824817e-04
3.834611098282383890e-04
3.576827262528532747e-04
3.091708813307546830e-04
3.459295320776357768e-04
3.370717946719801149e-04
3.466909032654980722e-04
3.698150001309844794e-04
3.003967528543391202e-04
3.604752768759595717e-04
3.095602375533105838e-04
3.567712477288486413e-04
3.796573281274753190e-04
3.906637603358914393e-04
3.776844738675852377e-04
3.935546513922209312e-04
3.130886028935186320e-04
3.922648650935614263e-04
3.730057099739145492e-04
3.969548273651651296e-04
3.006235263291797549e-04
3.649052730489318842e-04
3.321540733639256437e-04
3.173465568787837889e-04
3.886839741128363113e-04
3.932853454716996955e-04
3.154010806563940371e-04
3.293536985544991331e-04
3.522168502285830984e-04
3.138548572809367982e-04
3.216599426939258143e-04
5.288146714820116667e-01
5.141990274037291364e-01
1.617531916265865233e-01
5.308721660930296737e-01
5.302366211732900680e-01
5.300741292523627468e-01
1.778325274286475799e-01
1.209220883121445711e-01
3.630116550317111779e-01
3.404719548099137127e-01
5.293056395509533330e-01
5.300960014570770262e-01
1.403874323857536577e-01
4.676534486760040576e-01
5.314532909696449980e-01
2.603066834979730348e-01
3.887116682760776154e-01
3.410045637587062473e-01
5.091095609644750164e-01
4.448061757145951867e-01
2.303717571085986127e-01
1.983970155083490117e-01
2.458977126705129690e-01
2.033492456138681070e-01
4.041318352872742548e-01
4.751976105292059493e-01
2.373687132706501224e-01
3.506104224641943823e-01
5.181670317775040058e-01
1.361968079329413106e-01
3.820564394697007482e-01
5.302115746241263805e-01
1.950136716462333719e-01
1.600013326493028853e-01
1.785771196631474600e-01
5.065584892149336271e-01
5.244854677885697480e-01
4.995016763244587432e-01
3.963840015429819785e-01
2.968387189963260786e-01
1.637326736643682917e-02
1.954932730707502689e-02
1.753073576887601015e-02
1.802116808333938114e-02
1.839971953693186196e-02
1.583452320300239233e-02
1.937492917239650239e-02
1.830856481361905694e-02
1.717860485650898883e-02
1.772536650257697591e-02
1.681898917037441890e-02
1.795969539419648917e-02
1.760368402845913574e-02
1.947405830576628971e-02
1.870655612148864472e-02
1.707004163415289100e-02
1.731301465372817733e-02
1.894126418236477191e-02
1.645897131628944188e-02
1.772820775548058017e-02
1.816575902992331390e-02
1.953088141921245982e-02
1.731955235221083883e-02
1.777546343102201845e-02
1.846732543410050872e-02
1.638918626706615742e-02
1.636306451665263395e-02
1.907582916137863863e-02
1.593188465445439725e-02
1.825102885822065674e-02
1.988449457216570626e-02
1.821054007047287135e-02
1.764116167750119993e-02
2.010313629756112566e-02
1.625024549611044089e-02
1.911262256586603384e-02
1.588526732650106729e-02
1.805585795258945678e-02
1.903616997668269861e-02
1.610787399494109998e-02
9.181948254082770988e-03
8.953010633035869345e-03
8.880079259745920009e-03
9.042180055830130805e-03
9.296361735466161444e-03
9.087758875814203746e-03
9.396632810001800257e-03
9.395237072940827716e-03
9.077966290330745369e-03
8.970847957758449481e-03
9.264517652962434013e-03
9.805782484521512188e-03
9.427364766213747541e-03
9.126324617932019684e-03
9.487323029878296649e-03
9.382813405543241614e-03
9.202240143296680497e-03
9.247244352036351409e-03
9.435055139748477898e-03
9.707611394446992101e-03
9.066796031303524239e-03
9.257677686939826817e-03
9.639698735333655441e-03
9.605515081334194821e-03
9.783720433844542846e-03
9.495400715600198216e-03
9.711774907071995047e-03
9.379560011988443552e-03
9.784043025189197162e-03
9.417077452860057873e-03
9.042197417763315342e-03
9.012498448309157889e-03
9.406724874828676503e-03
8.881357511145215877e-03
8.996981252867228274e-03
9.296052993664321792e-03
8.963651741067691150e-03
9.682664160791568109e-03
9.598878038993898312e-03
9.786612830763884857e-03
3.196029618888301949e-02
3.751340587584095498e-02
3.135658016053238795e-01
7.222247776070602754e-01
1.418687606333420015e-04
2.706914661468871053e-01
1.857419925603680244e-01
3.475162238358050050e-04
4.002328686313129658e-01
1.844584974532643626e-02
1.000000000000000072e-18
