1.000000000000000072e-18
1.000000000000000072e-18
1.000000000000000072e-18
1.000000000000000072e-18
1.000000000000000072e-18
1.000000000000000072e-18
1.000000000000000072e-18
1.000000000000000072e-18
1.000000000000000072e-18
1.000000000000000072e-18
1.000000000000000072e-18
1.000000000000000072e-18
1.000000000000000072e-18
1.000000000000000072e-18
1.000000000000000072e-18
1.000000000000000072e-18
1.000000000000000072e-18
1.000000000000000072e-18
1.000000000000000072e-18
1.000000000000000072e-18
1.000000000000000072e-18
1.000000000000000072e-18
1.000000000000000072e-18
1.000000000000000072e-18
1.000000000000000072e-18
1.000000000000000072e-18
1.000000000000000072e-18
1.000000000000000072e-18
1.000000000000000072e-18
1.000000000000000072e-18
1.000000000000000072e-18
1.000000000000000072e-18
1.000000000000000072e-18
1.000000000000000072e-18
1.000000000000000072e-18
1.000000000000000072e-18
1.000000000000000072e-18
1.000000000000000072e-18
1.000000000000000072e-18
1.000000000000000072e-18
1.000000000000000072e-18
1.000000000000000072e-18
1.000000000000000072e-18
1.000000000000000072e-18
1.000000000000000072e-18
1.000000000000000072e-18
1.000000000000000072e-18
1.000000000000000072e-18
1.000000000000000072e-18
1.000000000000000072e-18
1.000000000000000072e-18
1.000000000000000072e-18
1.000000000000000072e-18
1.000000000000000072e-18
1.000000000000000072e-18
1.000000000000000072e-18
1.000000000000000072e-18
1.000000000000000072e-18
1.000000000000000072e-18
1.000000000000000072e-18
1.000000000000000072e-18
1.000000000000000072e-18
1.000000000000000072e-18
1.000000000000000072e-18
1.000000000000000072e-18
1.000000000000000072e-18
1.000000000000000072e-18
1.000000000000000072e-18
1.000000000000000072e-18
1.000000000000000072e-18
1.000000000000000072e-18
1.000000000000000072e-18
1.000000000000000072e-18
1.000000000000000072e-18
1.000000000000000072e-18
1.000000000000000072e-18
1.000000000000000072e-18
1.000000000000000072e-18
1.000000000000000072e-18
1.000000000000000072e-18
1.000000000000000072e-18
1.000000000000000072e-18
1.000000000000000072e-18
1.000000000000000072e-18
1.000000000000000072e-18
1.000000000000000072e-18
1.000000000000000072e-18
1.000000000000000072e-18
1.000000000000000072e-18
1.000000000000000072e-18
1.000000000000000072e-18
1.000000000000000072e-18
1.000000000000000072e-18
1.000000000000000072e-18
1.000000000000000072e-18
1.000000000000000072e-18
1.000000000000000072e-18
1.000000000000000072e-18
1.000000000000000072e-18
1.000000000000000072e-18
1.000000000000000072e-18
1.000000000000000072e-18
1.000000000000000072e-18
1.000000000000000072e-18
1.000000000000000072e-18
1.000000000000000072e-18
1.000000000000000072e-18
1.000000000000000072e-18
1.000000000000000072e-18
1.000000000000000072e-18
1.000000000000000072e-18
1.000000000000000072e-18
1.000000000000000072e-18
1.000000000000000072e-18
1.000000000000000072e-18
1.000000000000000072e-18
1.000000000000000072e-18
1.000000000000000072e-18
1.000000000000000072e-18
1.000000000000000072e-18
1.000000000000000072e-18
1.000000000000000072e-18
1.000000000000000072e-18
1.000000000000000072e-18
1.000000000000000072e-18
1.000000000000000072e-18
1.000000000000000072e-18
1.000000000000000072e-18
1.000000000000000072e-18
1.000000000000000072e-18
1.000000000000000072e-18
1.000000000000000072e-18
1.000000000000000072e-18
1.000000000000000072e-18
1.000000000000000072e-18
1.000000000000000072e-18
1.000000000000000072e-18
1.000000000000000072e-18
1.000000000000000072e-18
1.000000000000000072e-18
1.000000000000000072e-18
1.000000000000000072e-18
1.000000000000000072e-18
1.000000000000000072e-18
1.000000000000000072e-18
1.000000000000000072e-18
1.000000000000000072e-18
1.000000000000000072e-18
1.000000000000000072e-18
1.000000000000000072e-18
1.000000000000000072e-18
1.000000000000000072e-18
1.000000000000000072e-18
1.000000000000000072e-18
1.000000000000000072e-18
1.000000000000000072e-18
1.000000000000000072e-18
1.000000000000000072e-18
1.000000000000000072e-18
1.000000000000000072e-18
1.000000000000000072e-18
1.000000000000000072e-18
1.000000000000000072e-18
1.000000000000000072e-18
1.000000000000000072e-18
1.000000000000000072e-18
1.000000000000000072e-18
1.000000000000000072e-18
1.000000000000000072e-18
1.000000000000000072e-18
1.000000000000000072e-18
1.000000000000000072e-18
1.000000000000000072e-18
1.000000000000000072e-18
1.000000000000000072e-18
1.000000000000000072e-18
1.000000000000000072e-18
1.000000000000000072e-18
1.000000000000000072e-18
1.000000000000000072e-18
1.000000000000000072e-18
1.000000000000000072e-18
1.000000000000000072e-18
1.000000000000000072e-18
1.000000000000000072e-18
1.000000000000000072e-18
1.000000000000000072e-18
1.000000000000000072e-18
1.000000000000000072e-18
1.000000000000000072e-18
1.000000000000000072e-18
1.000000000000000072e-18
1.000000000000000072e-18
1.000000000000000072e-18
1.000000000000000072e-18
1.000000000000000072e-18
1.000000000000000072e-18
1.000000000000000072e-18
1.000000000000000072e-18
1.000000000000000072e-18
1.057349480577322816e-18
1.818974159896162925e-18
3.177081156978689684e-18
5.641333591618755426e-18
1.019854551685504113e-17
1.880474056252299148e-17
3.543981125136297240e-17
6.844367856510361290e-17
1.358894744315838058e-16
2.784925003452085483e-16
5.922570993984999823e-16
1.316289377793327131e-15
3.087597055414301521e-15
7.755076088591987118e-15
2.133257041344470805e-14
6.680295736235666281e-14
2.570984559476351459e-13
1.477232912282659730e-12
3.079242026060431723e-11
4.278354664247448878e-11
1.406589446857881230e-11
1.401698101891840830e-11
2.219761799543767537e-11
4.606095442607479647e-11
6.949515809709205849e-11
5.663358114742151340e-11
3.510889990031483625e-11
2.644547304350690578e-11
2.405684484462527591e-11
2.576209962390326801e-11
3.227908046322471935e-11
4.838858459019232387e-11
9.359439813813973338e-11
2.911461234413385342e-10
1.413781095300478806e-09
2.570955375381258872e-10
6.813263747743669933e-11
2.704120374664089675e-11
1.192328587463069316e-11
4.511205513477230645e-12
6.001315152295103836e-13
1.315504463609256623e-12
3.098137248773483075e-11
1.944884915280892425e-09
2.603020851180684555e-10
8.350383129155459659e-11
5.017704238563765676e-11
3.871887903040715501e-11
3.436954491875303003e-11
3.417179842378556008e-11
3.793572458259662485e-11
4.731814723796593684e-11
5.963150894857795902e-11
1.754611267590076674e-11
5.225900002208861604e-12
7.169167735406808779e-11
6.115704857004143338e-10
2.241409575624175638e-10
5.746497863080107113e-11
2.487873426897236012e-11
1.374416289082101093e-11
8.734528421624288281e-12
6.094027293468909939e-12
4.553449906294278292e-12
3.590514130719107947e-12
2.959774153183622683e-12
2.534423650257841755e-12
2.244286182766853696e-12
2.048632329463311141e-12
1.923224109297692952e-12
1.853761062131220201e-12
1.832463051969331441e-12
1.856335425983014421e-12
1.926455387997124659e-12
2.048011528054168872e-12
2.231070113709717889e-12
2.492256055254104502e-12
2.857819971685434395e-12
3.369047705648205260e-12
4.091909914132230942e-12
5.134813045101457165e-12
6.682649941967196945e-12
9.065464182647430583e-12
1.290491706430132132e-11
1.944546950943303851e-11
3.133881071874413263e-11
5.446641781002696102e-11
1.008215897213057336e-10
1.794672006164509887e-10
2.390953815265004304e-10
2.127262801723588712e-10
1.628878008857744576e-10
1.168884206140611616e-10
1.098903051380886102e-10
1.052374295922958781e-10
1.106524261500610889e-10
1.284709183997390604e-10
1.666905244591050280e-10
2.467123212546401158e-10
4.239081623317574819e-10
7.732747841690019217e-10
8.975034233519124316e-10
5.301660244583516037e-10
2.924354429408801737e-10
1.904587831518325260e-10
1.495311290472849253e-10
1.435251717431792890e-10
1.792377093480516315e-10
3.508609262611972666e-10
1.051110742373589485e-09
1.768166161632858936e-10
3.369724320430884413e-11
1.000093212431874598e-11
3.609648473006514112e-12
1.398116831897869719e-12
5.274132055224143812e-13
1.727054381800267213e-13
4.025409032543689330e-14
3.428286146549436654e-15
7.114961956417688353e-16
5.089837421271342791e-15
8.175772331357249682e-15
9.025703984077886274e-15
8.485795724887558070e-15
7.360504511428076838e-15
6.115565891471662662e-15
4.964623271713675678e-15
3.982283464836335681e-15
3.177393626342834417e-15
2.532105442185536054e-15
2.020605773809066042e-15
1.617264400009512254e-15
1.299671278273228681e-15
1.049363334321638734e-15
8.515985511312574398e-16
6.948061758945469101e-16
5.699874135694319979e-16
4.701741426568105098e-16
3.899777641691744916e-16
3.252283903328420656e-16
2.726928279112462883e-16
2.298569922932263442e-16
1.947592179537101215e-16
1.658629919746870962e-16
1.419598813855462124e-16
1.220954428995252212e-16
1.055125745091582882e-16
9.160809363155138549e-17
7.989935202304748097e-17
6.999847984161776426e-17
6.159244271945921547e-17
5.442754090199489580e-17
4.829731386662818541e-17
4.303306483705313445e-17
3.849640817996264753e-17
3.457338456808269931e-17
3.116979580694006537e-17
2.820749214374167161e-17
2.562140624966761869e-17
2.335717476310124825e-17
2.136922392993982946e-17
1.961922318592240579e-17
1.807483151963938051e-17
1.670867765122108462e-17
1.549752760145350342e-17
1.442160296930960728e-17
1.346402083302359244e-17
1.261033213437231673e-17
1.184814007338144520e-17
1.116678371813610653e-17
1.055707494156702715e-17
1.001107910303058529e-17
9.521931727578394139e-18
9.083684900939497544e-18
8.691178271774412043e-18
8.339930495760265091e-18
8.026047716249196000e-18
7.746146291032096252e-18
7.497287473571754614e-18
7.276922163188053409e-18
7.082844170479510601e-18
6.913150716378185940e-18
6.766209107319107067e-18
6.640628714397951761e-18
6.535237538602632493e-18
6.449062773295813560e-18
6.381314884034859721e-18
6.331374818572620568e-18
6.298784039826989466e-18
6.283237144525706003e-18
6.284576892490669424e-18
6.302791528175525005e-18
6.338014328925499742e-18
6.390525365155826087e-18
6.460755507816142174e-18
6.549292769679066235e-18
6.656891120743474777e-18
6.784481976073291685e-18
6.933188618555175678e-18
7.104343891465053172e-18
7.299511578825645707e-18
7.520511988207082286e-18
7.769452364332580735e-18
8.048762896805599251e-18
8.361239246610848197e-18
8.710092710091336956e-18
9.099009373711647362e-18
9.532219897852302927e-18
1.001458191535468886e-17
1.055167745589393637e-17
1.114992832982942946e-17
1.181673304943737573e-17
1.256062966242464949e-17
1.339148986195376683e-17
1.432075096971158938e-17
1.536169392885194810e-17
1.652977737574248887e-17
1.784304029177548559e-17
1.932258880994185284e-17
2.099318664917109633e-17
2.288397361333881936e-17
2.502934293809876767e-17
2.747001641594156870e-17
3.025436673404486165e-17
3.344005006231586178e-17
3.709602962516422485e-17
4.130509412064793127e-17
4.616700523131064208e-17
5.180244857761737691e-17
5.835801568951712523e-17
6.601251559064745193e-17
7.498500988974599976e-17
8.554509391077034608e-17
9.802612109475198464e-17
1.128423066859380251e-16
1.305109752531021724e-16
1.516816717855099192e-16
1.771744913611234905e-16
2.080308757119280248e-16
2.455813912980959470e-16
2.915368135396704857e-16
3.481114519969602481e-16
4.181914502638303710e-16
5.055663779610308338e-16
6.152507241797712796e-16
7.539343513878479324e-16
9.306198796847090057e-16
1.157534054725677127e-15
1.451445476023535561e-15
1.835592700793160415e-15
2.342541704940622525e-15
3.018479229116978915e-15
3.929759952298096367e-15
5.173052573285557004e-15
6.891341105445769792e-15
9.299649537225040206e-15
1.272728248548777237e-14
1.768883217160195437e-14
2.500671328694878288e-14
3.602896314462986197e-14
5.302962875793183356e-14
7.997392980921153973e-14
1.240483576479860472e-13
1.988897546852489908e-13
3.318596006456832647e-13
5.818153275601314337e-13
1.087279342551772552e-12
2.216404481421478508e-12
5.134480246191052082e-12
1.469457404684280223e-11
6.372836092999261561e-11
4.633389050860400258e-10
1.653830662979988735e-10
6.389666345136512433e-11
3.891040816782787734e-11
2.842150762990358561e-11
2.150257508218595490e-11
1.471784592529423235e-11
7.343404384345524217e-12
1.072334958106582014e-12
2.678173793493904454e-12
5.088502304756397829e-11
7.624880247310799759e-10
8.960761633557046830e-10
2.547712895920080499e-10
1.401765341116072441e-10
1.005204796007240266e-10
8.297651954978629950e-11
7.496075430858757395e-11
7.224149437199737465e-11
7.313538563694571603e-11
7.692823489635882694e-11
8.328526061881453487e-11
9.192741728194496534e-11
1.223589615126603510e-10
1.116038681201311217e-10
1.190479952452531365e-10
1.203365883166932218e-10
1.133990862001087224e-10
9.936657184401524346e-11
8.296104807278441157e-11
6.479035808958336616e-11
5.052972213641885284e-11
3.935175194958393151e-11
3.096482522157023606e-11
2.480032131368603507e-11
2.031251965845418427e-11
1.706691260866255235e-11
1.474561535500847973e-11
1.312831650506458611e-11
1.207171508677412172e-11
1.149518203102969335e-11
1.137560616245639534e-11
1.175499841742956770e-11
1.276998704546212806e-11
1.472841213879248129e-11
1.830711279815374250e-11
2.511637611722662254e-11
3.959046714172310377e-11
7.665276270384990230e-11
1.896465656368033791e-10
2.482731520167610797e-10
1.031864201249797617e-10
4.498990602061069959e-11
2.569585149651005903e-11
1.886146390158020428e-11
4.764263838418787969e-12
8.647423959182846798e-12
9.908222804757549854e-12
1.357265423622110360e-11
2.842779436497742378e-11
2.472465873821134215e-10
4.349051456711494651e-11
5.845895633489564107e-12
1.723571318283309232e-12
6.864586129289034389e-13
3.216733081026151444e-13
1.672362509795058501e-13
9.355227979433434037e-14
5.529814063182786366e-14
3.413643238920590143e-14
2.183174868881486197e-14
1.438168808110202917e-14
9.716392356867436175e-15
6.710094621470166243e-15
4.724327325322679295e-15
3.383920895958759661e-15
2.461592799582861909e-15
1.815940188912655867e-15
1.356901501112300529e-15
1.025904157425752615e-15
7.841333521623700682e-16
6.054270427658264023e-16
4.718768068469961982e-16
3.710492736505988096e-16
2.941990932003531214e-16
2.351004545153718138e-16
1.892713678823027932e-16
1.534514299710619172e-16
1.252456518504780200e-16
1.028785981774202887e-16
8.502275333916297481e-17
7.067743739317933616e-17
5.908253602522555065e-17
4.965646099595500453e-17
4.195114275929318712e-17
3.561910763096702071e-17
3.038920501788560980e-17
2.604857819871555670e-17
2.242917746152651586e-17
1.939760287740626598e-17
1.684740529408312158e-17
1.469321462251904220e-17
1.286623530126806742e-17
1.131077107262945310e-17
9.981529335314430579e-18
8.841519314705512008e-18
7.860405042930104019e-18
7.013208522349773230e-18
6.279283885010258304e-18
5.641502293338755923e-18
5.085601497299696151e-18
4.599664625936633663e-18
4.173700856663484988e-18
3.799306737143001346e-18
3.469391618433904941e-18
3.177954252829665207e-18
2.919900381162650505e-18
2.690893280250960938e-18
2.487230909802127918e-18
2.305744600919733870e-18
2.143715249619763912e-18
1.998803782386992041e-18
1.868993295532934405e-18
1.752540773271147351e-18
1.647936689687238396e-18
1.553871119286822910e-18
1.469205236703667964e-18
1.392947291777656350e-18
1.324232311975350461e-18
1.262304918175519589e-18
1.206504748584602195e-18
1.156254074034396894e-18
1.111047260144037440e-18
1.070441790974238853e-18
1.034050617392202879e-18
1.001535633421178723e-18
1.000000000000000072e-18
1.000000000000000072e-18
1.000000000000000072e-18
1.000000000000000072e-18
1.000000000000000072e-18
1.000000000000000072e-18
1.000000000000000072e-18
1.000000000000000072e-18
1.000000000000000072e-18
1.000000000000000072e-18
1.000000000000000072e-18
1.000000000000000072e-18
1.000000000000000072e-18
1.000000000000000072e-18
1.000000000000000072e-18
1.000000000000000072e-18
1.000000000000000072e-18
1.000000000000000072e-18
1.000000000000000072e-18
1.000000000000000072e-18
1.000000000000000072e-18
1.000000000000000072e-18
1.006216457019475491e-18
1.040954039943017645e-18
1.080176598601302413e-18
1.124345185081406632e-18
1.173994583282931829e-18
1.229745295541122399e-18
1.292317917448333551e-18
1.362550415901471632e-18
1.441418951188850019e-18
1.530063043268499309e-18
1.629816085128296478e-18
1.742242465245582188e-18
1.869182893903888063e-18
2.012809957428969795e-18
2.175696481033275199e-18
2.360900006349673439e-18
2.572067640056960157e-18
2.813566781831085889e-18
3.090648898258547832e-18
3.409655719409596961e-18
3.778280198202969419e-18
4.205898571942928237e-18
4.703995298881460323e-18
5.286710076697011800e-18
5.971546396004992826e-18
6.780295313448464378e-18
7.740248056091510453e-18
8.885799209597458089e-18
1.026058233992221657e-17
1.192033757430429147e-17
1.393679446102277253e-17
1.640297645907953651e-17
1.944051608959443568e-17
2.320984428335788925e-17
2.792453521304295253e-17
3.387173235598191557e-17
4.144159029948427431e-17
5.117027072490279512e-17
6.380362464205728253e-17
8.039296435563777342e-17
1.024415042932255514e-16
1.321323686856012481e-16
1.726907219256832728e-16
2.289716670649910322e-16
3.084381960847446529e-16
4.228329247960236694e-16
5.911250652707597465e-16
8.448907511073274762e-16
1.238541034617833195e-15
1.869705381820731012e-15
2.922197067783091581e-15
4.762943058088742558e-15
8.179902136783197066e-15
1.503274476852482984e-14
3.030968577942123686e-14
7.011962601363231140e-14
2.046749834112275031e-13
9.885968940367482101e-13
2.986820472680936005e-11
3.336374689552389923e-12
1.165863241063909985e-12
8.045842774760375674e-13
7.646282812179265178e-13
9.175269158824728558e-13
1.403630706855881477e-12
3.096131506239646830e-12
4.687943833461067415e-12
1.772822855777255595e-10
9.536828982709067320e-12
2.523895315328023784e-12
1.226591437955920859e-12
7.799634313991039525e-13
5.836101104736889532e-13
4.911369997117207411e-13
4.550790182934609805e-13
4.603131234110507385e-13
5.085894741714321602e-13
6.201243274090699913e-13
8.552745699030846866e-13
1.407539264669517493e-12
3.139665383341678094e-12
1.347341483168547647e-11
2.060847534082051905e-11
3.388458226152664539e-12
1.183249531308089611e-12
5.858372365029340152e-13
3.502676805730712681e-13
2.353129820326299778e-13
1.716510780110331989e-13
1.332599907400477514e-13
1.087320271331462680e-13
9.247078840598839405e-14
8.149769398773687803e-14
7.413388521460788939e-14
6.940124596786322285e-14
6.673076733877563810e-14
6.581530246444110460e-14
6.653737363097064683e-14
6.894209300420203120e-14
7.324460160210556790e-14
7.987427045720684790e-14
8.957184034362668742e-14
1.035791043732339077e-13
1.240104927995928779e-13
1.546158257500093059e-13
2.024643717801128336e-13
2.820461489159684918e-13
4.266594957230184016e-13
7.263602329296633179e-13
1.494369855395253574e-12
4.441450676885702204e-12
3.807916559288579021e-11
3.111267259067499387e-11
5.451771526256592742e-12
2.452509274207767368e-12
1.590243797671098703e-12
1.284695632425049108e-12
1.234857869806274536e-12
1.404436073635791133e-12
1.917680376124872109e-12
3.037590505021367264e-12
3.560621695138678524e-12
1.765461698665050453e-12
7.147710972820780965e-13
3.353208258438742226e-13
1.828954725631812960e-13
1.122751824277100822e-13
7.577425489973035090e-14
5.559013697197151353e-14
4.645825900540975830e-14
3.312481638636883616e-14
2.992059936582718260e-14
2.806994810488071756e-14
2.793427894456792135e-14
2.975027855001223818e-14
3.429747425634116213e-14
4.357680907619617815e-14
6.290776807833631581e-14
1.092266604735712638e-13
2.581784818430851148e-13
1.138659960516737643e-12
2.631781318591964957e-12
5.525707794223116036e-13
2.549075521267890142e-13
1.907440442323480437e-13
2.091327267846668056e-13
3.627109673274380977e-13
1.343518326023532163e-12
1.571722862746649797e-12
4.253990162209307432e-13
3.977176168322610997e-13
4.391551790786230877e-13
2.201942126936184203e-14
2.993228457157265780e-15
6.585278273585391654e-16
1.870924593891050055e-16
6.251028973893180935e-17
2.340620935319883295e-17
9.546417547432781268e-18
4.163853208458112443e-18
1.917763291686842379e-18
1.000000000000000072e-18
1.000000000000000072e-18
1.000000000000000072e-18
1.000000000000000072e-18
1.000000000000000072e-18
1.000000000000000072e-18
1.000000000000000072e-18
1.000000000000000072e-18
1.000000000000000072e-18
1.000000000000000072e-18
1.000000000000000072e-18
1.000000000000000072e-18
1.000000000000000072e-18
1.000000000000000072e-18
1.000000000000000072e-18
1.000000000000000072e-18
1.000000000000000072e-18
1.000000000000000072e-18
1.000000000000000072e-18
1.000000000000000072e-18
1.000000000000000072e-18
1.000000000000000072e-18
1.000000000000000072e-18
1.000000000000000072e-18
1.000000000000000072e-18
1.000000000000000072e-18
1.000000000000000072e-18
1.000000000000000072e-18
1.000000000000000072e-18
1.000000000000000072e-18
1.000000000000000072e-18
1.000000000000000072e-18
1.000000000000000072e-18
1.000000000000000072e-18
1.000000000000000072e-18
1.000000000000000072e-18
1.000000000000000072e-18
1.000000000000000072e-18
1.000000000000000072e-18
1.000000000000000072e-18
1.000000000000000072e-18
1.000000000000000072e-18
1.000000000000000072e-18
1.000000000000000072e-18
1.000000000000000072e-18
1.000000000000000072e-18
1.000000000000000072e-18
1.000000000000000072e-18
1.000000000000000072e-18
1.000000000000000072e-18
1.000000000000000072e-18
1.000000000000000072e-18
1.000000000000000072e-18
1.000000000000000072e-18
1.000000000000000072e-18
1.000000000000000072e-18
1.000000000000000072e-18
1.000000000000000072e-18
1.000000000000000072e-18
1.000000000000000072e-18
1.000000000000000072e-18
1.000000000000000072e-18
1.000000000000000072e-18
1.000000000000000072e-18
1.000000000000000072e-18
1.000000000000000072e-18
1.000000000000000072e-18
1.000000000000000072e-18
1.000000000000000072e-18
1.000000000000000072e-18
1.000000000000000072e-18
1.000000000000000072e-18
1.000000000000000072e-18
1.000000000000000072e-18
1.000000000000000072e-18
1.000000000000000072e-18
1.000000000000000072e-18
1.000000000000000072e-18
1.000000000000000072e-18
1.000000000000000072e-18
1.000000000000000072e-18
1.000000000000000072e-18
1.000000000000000072e-18
1.000000000000000072e-18
1.000000000000000072e-18
1.000000000000000072e-18
1.000000000000000072e-18
1.000000000000000072e-18
1.000000000000000072e-18
1.000000000000000072e-18
1.000000000000000072e-18
1.000000000000000072e-18
1.000000000000000072e-18
1.000000000000000072e-18
1.000000000000000072e-18
1.000000000000000072e-18
1.000000000000000072e-18
1.000000000000000072e-18
1.000000000000000072e-18
1.000000000000000072e-18
1.000000000000000072e-18
1.000000000000000072e-18
1.000000000000000072e-18
1.000000000000000072e-18
1.000000000000000072e-18
1.000000000000000072e-18
1.000000000000000072e-18
1.000000000000000072e-18
1.000000000000000072e-18
1.000000000000000072e-18
1.000000000000000072e-18
1.000000000000000072e-18
1.000000000000000072e-18
1.000000000000000072e-18
1.000000000000000072e-18
1.000000000000000072e-18
1.000000000000000072e-18
1.000000000000000072e-18
1.000000000000000072e-18
1.000000000000000072e-18
1.000000000000000072e-18
1.000000000000000072e-18
1.000000000000000072e-18
1.000000000000000072e-18
1.000000000000000072e-18
1.000000000000000072e-18
1.000000000000000072e-18
1.000000000000000072e-18
1.000000000000000072e-18
1.000000000000000072e-18
1.000000000000000072e-18
1.000000000000000072e-18
1.000000000000000072e-18
1.000000000000000072e-18
1.000000000000000072e-18
1.000000000000000072e-18
1.000000000000000072e-18
1.000000000000000072e-18
1.000000000000000072e-18
1.000000000000000072e-18
1.000000000000000072e-18
1.000000000000000072e-18
1.000000000000000072e-18
1.000000000000000072e-18
1.000000000000000072e-18
1.000000000000000072e-18
1.000000000000000072e-18
1.000000000000000072e-18
1.000000000000000072e-18
1.000000000000000072e-18
1.000000000000000072e-18
1.000000000000000072e-18
1.000000000000000072e-18
1.000000000000000072e-18
1.000000000000000072e-18
1.000000000000000072e-18
1.000000000000000072e-18
1.000000000000000072e-18
1.000000000000000072e-18
1.000000000000000072e-18
1.000000000000000072e-18
1.000000000000000072e-18
1.000000000000000072e-18
1.000000000000000072e-18
1.000000000000000072e-18
1.000000000000000072e-18
1.000000000000000072e-18
1.000000000000000072e-18
1.000000000000000072e-18
1.000000000000000072e-18
1.000000000000000072e-18
1.000000000000000072e-18
1.000000000000000072e-18
1.000000000000000072e-18
1.000000000000000072e-18
1.000000000000000072e-18
1.000000000000000072e-18
1.000000000000000072e-18
1.000000000000000072e-18
1.000000000000000072e-18
1.000000000000000072e-18
1.000000000000000072e-18
1.000000000000000072e-18
1.000000000000000072e-18
1.000000000000000072e-18
1.000000000000000072e-18
1.000000000000000072e-18
1.000000000000000072e-18
1.000000000000000072e-18
1.000000000000000072e-18
1.000000000000000072e-18
1.000000000000000072e-18
1.000000000000000072e-18
1.000000000000000072e-18
1.000000000000000072e-18
1.000000000000000072e-18
1.000000000000000072e-18
1.000000000000000072e-18
1.000000000000000072e-18
1.000000000000000072e-18
1.000000000000000072e-18
1.000000000000000072e-18
1.000000000000000072e-18
1.000000000000000072e-18
1.000000000000000072e-18
1.000000000000000072e-18
1.000000000000000072e-18
1.000000000000000072e-18
1.000000000000000072e-18
1.000000000000000072e-18
1.438389092266932426e-11
1.443915670363063480e-11
1.432412983614681186e-11
1.314086198295291683e-11
1.307973155816171530e-11
1.381454327087532375e-11
1.360954604180222174e-11
1.304269674215760915e-11
1.516041618644086546e-11
1.305117930336430040e-11
1.304009880698659026e-11
1.463530910411203484e-11
1.303225233430817908e-11
1.697502414493142583e-11
1.336886555404471207e-11
1.340552057919094162e-11
1.657005372564802996e-11
1.310334189897107342e-11
1.360551553396680163e-11
1.431223619303886664e-11
1.612214408841225475e-11
1.385430354719004855e-11
1.485089534231244895e-11
1.353818622535303319e-11
1.478083213079550621e-11
1.303913561390483137e-11
1.318097453988419375e-11
1.379038111725362592e-11
1.321249839483709079e-11
1.646279080999164309e-11
1.473048201953425871e-11
1.439770326354816728e-11
1.367244199319663878e-11
1.303334838711331919e-11
1.732508872185031687e-11
1.362968278636250441e-11
1.535048689520406879e-11
1.526540795715709917e-11
1.307198413934948878e-11
1.313886133183032958e-11
2.594165932965611279e-12
1.766770498255133623e-12
2.584059687599948721e-12
3.178487309415160146e-12
2.410523549314688679e-12
3.132946790164147671e-12
1.538650859480891945e-12
1.309791814713111482e-12
1.051911642999158553e-12
1.543188268516166200e-12
9.560362348934023100e-13
3.482450637814858479e-12
2.233110184752707479e-12
2.945845337977376663e-12
1.445312628588585085e-12
3.013078018004764984e-12
3.013368655071239298e-12
3.355219451855818883e-12
1.156829762287702655e-12
2.889291444902683379e-12
2.890365990740235730e-12
2.345482669982874680e-12
1.890194753961575922e-12
2.147971013497864933e-12
9.259752013056730064e-13
9.900924490964722684e-13
9.333492000893932624e-13
1.564787327559588540e-12
1.219939702824171294e-12
2.917450789879884959e-12
3.491337230029810209e-12
1.188598880259841547e-12
9.664611862687010489e-13
2.872149488168891991e-12
8.221700013147710897e-13
1.464866372481822023e-12
2.187916030389291271e-12
1.824796405994594864e-12
1.409592665537468780e-12
2.677532513384295292e-12
2.556866422006903387e-10
1.549182496234350001e-10
3.631266870645628663e-10
8.448332868277070763e-10
8.976945962951617928e-10
4.698611086919688035e-10
1.565791508047653146e-10
2.036072696982299555e-10
1.343718702414603268e-09
6.891636463561383470e-10
8.571882643812963428e-10
2.295024159690665288e-10
2.841788340174165271e-10
1.869221191210930389e-10
1.397193542348315469e-10
2.247824672972525042e-10
1.684401319529610697e-10
2.284256982308241728e-10
2.048627614714931963e-10
1.519120839732587854e-10
2.908486679627656176e-10
5.225608258959336494e-10
3.971111300118014945e-10
5.601578861556848930e-10
1.538273948469709426e-10
2.213252214291055267e-10
1.892247714010442397e-10
8.643589982336573310e-10
6.461322870613095456e-10
1.347933933031395931e-09
9.863133220746127988e-10
1.393829134879557651e-09
9.268344846868486689e-10
2.209046829658832489e-10
1.999490147707593770e-10
2.444923114549061652e-10
1.555484427057044745e-10
1.127064728571904738e-09
1.969577634242095399e-10
4.144035262176126252e-10
2.819334048052917589e-12
3.363633524168223741e-12
3.643275249335372784e-12
3.155622622381555064e-12
3.644047312334605551e-12
2.283910992873408349e-12
2.626557600687650325e-12
3.495221902196217448e-12
2.700415492206770513e-12
3.248323620999807174e-12
3.354641236357437229e-12
3.701960248305750588e-12
2.400228784732125099e-12
3.286939153093594948e-12
3.548678379637098230e-12
3.592522710695938142e-12
3.301013461692197816e-12
2.564501459382864640e-12
3.653963350958412562e-12
2.121425522352900891e-12
3.602800714703870033e-12
3.167705713012409297e-12
3.269367268675969830e-12
3.684471124170558165e-12
3.529569237109949443e-12
3.660256045029724678e-12
2.516711256906990428e-12
2.288345603347207273e-12
2.975099483971937183e-12
3.659462373037976860e-12
2.611122613189475820e-12
3.364193101841362809e-12
3.394049851405408918e-12
2.961169972623028634e-12
2.156742668379576650e-12
3.124060346965394339e-12
2.507756063023594381e-12
3.439630243411529543e-12
3.536837793464146334e-12
3.674804194619189766e-12
2.049383266266687445e-11
2.607611532148740771e-11
2.857653289065850886e-11
1.908682074218921507e-11
2.042012324732265293e-11
2.326692983298358699e-11
2.981718900288409397e-11
1.864563458657645023e-11
2.082799048440578821e-11
2.166172994736256814e-11
2.053634189123108337e-11
2.744830918892072282e-11
2.797973423688765571e-11
2.198252015719442641e-11
1.760944680420753984e-11
2.199573983452056172e-11
1.915950246773759284e-11
2.777787872409448850e-11
1.816041603388944388e-11
3.206739603426061390e-11
3.036714921532402799e-11
2.032572198524318985e-11
1.934118336961455350e-11
2.455080476651205284e-11
1.594743506614783351e-11
2.214701220368564197e-11
1.861668815734492971e-11
1.572973167133949115e-11
1.850217455229255117e-11
2.234842883398635048e-11
1.817829238555219711e-11
2.462706309352800404e-11
1.679155557835820290e-11
2.357904519128671110e-11
2.880031570173099312e-11
2.171044964060585645e-11
2.782501246183374984e-11
2.649879569258438243e-11
2.122627512584038472e-11
1.588594861388514118e-11
4.706249893349478384e-13
4.542733237424167189e-13
4.762078933766324045e-13
4.903836609681997094e-13
4.535278625226250509e-13
4.725461674305937606e-13
4.528609685929658442e-13
4.531673976120954118e-13
4.657387111538081398e-13
4.526926157806066965e-13
4.714453547425392871e-13
4.566713865611886830e-13
4.821906301401829692e-13
4.526342347734848510e-13
4.778437630569440412e-13
4.711600290820018233e-13
4.910866342409960910e-13
4.950548250943311584e-13
4.527267200941119545e-13
4.602999872403368384e-13
4.541024555870477152e-13
4.534167402376110205e-13
4.707752851300011710e-13
4.916152969345844596e-13
4.524487829801202548e-13
4.558807582038654369e-13
4.570664256956201679e-13
4.525135364120928357e-13
4.960682825900218315e-13
4.782997915594129588e-13
4.726821615368092637e-13
4.563362350923447188e-13
4.620055108208975744e-13
4.628862359349020932e-13
4.559171772550270552e-13
4.525123253798110921e-13
4.664027206287042456e-13
4.655941888354742458e-13
4.683536528764614146e-13
4.735915112654656203e-13
8.650908500049363242e-10
9.868861542973117505e-10
4.767860347973857095e-10
9.582766758452448914e-10
7.435469415762222272e-10
1.049146073864818305e-09
1.922604193146378754e-10
8.937963639261654966e-10
9.878451023746168995e-10
2.062350337357998495e-10
6.421269047773220488e-10
8.945385590976871830e-10
1.008808932566977336e-09
3.942475395331366359e-10
1.040734910325324900e-09
5.097948558345284282e-10
7.408501385952056631e-10
8.186048400624295937e-10
6.356266119183728759e-10
8.380673035916838251e-10
9.798945001466630535e-10
5.628811524595842028e-10
4.385886946871890988e-10
1.935950460868912961e-10
5.906406541406531886e-10
7.874032387271955288e-10
9.043239866037870968e-10
8.958199183164304789e-10
1.032638482183953805e-09
7.532021457965619905e-10
4.989451899797803927e-10
2.743294939728198819e-10
9.816704852671358819e-10
1.947262041075209317e-10
2.431453473621459964e-10
9.454224330638979762e-10
7.736972291245029325e-10
4.708420352513675394e-10
7.369618802250989089e-10
5.006212694667455541e-10
1.607903164854465121e-14
1.774726794739728097e-14
2.577905193837735604e-14
3.700833473547902388e-14
1.993639290438856967e-14
4.254883767618022209e-14
2.586199527023801061e-14
1.740555972883099453e-14
2.421178390587267742e-14
3.218353035423383394e-14
2.327132335408347363e-14
3.421509645039638290e-14
1.821795228276967774e-14
2.195199848088730169e-14
1.660866722077681170e-14
1.666763249259629445e-14
2.409692433669647565e-14
2.304437530828731514e-14
3.194033669398952998e-14
1.578230864871493860e-14
2.349386450720238634e-14
3.708879884649973868e-14
1.924957977156253618e-14
4.976761652842049589e-14
1.735633898755681821e-14
1.653436779164948696e-14
3.468249743269396344e-14
5.297621149450708812e-14
2.569511742111682725e-14
1.724987603835685568e-14
2.754144507368156215e-14
1.588954702929025884e-14
4.949143110542660280e-14
2.239977960020326398e-14
1.983985447788248425e-14
1.975104167680961582e-14
2.865141572837822704e-14
3.249486500982274170e-14
2.724583463455182640e-14
1.578115009556920303e-14
4.942097260440019264e-10
4.967433831206200745e-10
2.703314220000297191e-10
4.787379083302282334e-10
4.124700176320600557e-10
3.865046422787923212e-10
3.611769257809654007e-10
8.375675841476237547e-11
3.377163137619102548e-10
1.945301593532294577e-10
4.683556074644241505e-10
3.871477667807680432e-10
3.110975582870285087e-10
1.492573831785058912e-10
2.927451544890838023e-10
2.663786379302270222e-10
4.452237341143648399e-10
3.807571119166618883e-10
1.430738480192218695e-10
4.458884682852849954e-10
3.260330303261484898e-10
1.581829099125932493e-10
4.760196102761083348e-10
2.478884374608639422e-10
4.940488846474558930e-10
4.407379873105252847e-10
4.936339162321061475e-10
4.914247801103574106e-10
2.943320847212920276e-10
3.870678104150949510e-10
8.648492283090755816e-11
4.207982026285973656e-10
8.263187093427287875e-11
1.366553525967406584e-10
2.940032152285160054e-10
1.876047819897424804e-10
3.844560600628000787e-10
2.402742086561953364e-10
2.787715060060086795e-10
2.784992633374101923e-10
1.567520926044035681e-11
1.374949901903809591e-11
1.462265251422238182e-11
1.581334509470565337e-11
1.530333728192817374e-11
1.276324886986249302e-11
1.641687797342177641e-11
1.597195262697161035e-11
1.493884286649243834e-11
1.499544890621576112e-11
1.407703256439958687e-11
1.394707267865029654e-11
1.602619312622251214e-11
1.463068805786666233e-11
1.498134455431252739e-11
1.472277529658002954e-11
1.283106708459075904e-11
1.659501100158726121e-11
1.550091668211392922e-11
1.356026643310800083e-11
1.489199668474128891e-11
1.320013964487030096e-11
1.638541345598712492e-11
1.316048195419412397e-11
1.512661832375755762e-11
1.480375231598509522e-11
1.540977387801150399e-11
1.376165481763329990e-11
1.322046521031338094e-11
1.652316936698208643e-11
1.283575803311573465e-11
1.467704950800356137e-11
1.407660093407014179e-11
1.588697593077612577e-11
1.388491785752267467e-11
1.392037052195101417e-11
1.533048354377305862e-11
1.385540888278933646e-11
1.586061773402966939e-11
1.518715488184544095e-11
1.324470702409527435e-11
1.257400943825513808e-11
1.231157934082902064e-11
1.176992626273641611e-11
1.298182147336550783e-11
1.202004814759452284e-11
1.354877883730451324e-11
1.186433357283571892e-11
1.198185736447307708e-11
1.348658623975903918e-11
1.291489430558471493e-11
1.222494196187796193e-11
1.298412833909464809e-11
1.184018473731900905e-11
1.294969513509605972e-11
1.210750816582685714e-11
1.295205252141000320e-11
1.182698168164929410e-11
1.352853005538259545e-11
1.191599024230500023e-11
1.252927986559869292e-11
1.332888925008209539e-11
1.191657022894934083e-11
1.200942496117135525e-11
1.187403181424559250e-11
1.234917244970443821e-11
1.266018461262185497e-11
1.334660291747104465e-11
1.243447975564213959e-11
1.355149556856636452e-11
1.267364934162979962e-11
1.243607401695939473e-11
1.240677837697805667e-11
1.315221186542847425e-11
1.172605235296527634e-11
1.288739518076521929e-11
1.204491881165808852e-11
1.224126890578847924e-11
1.203120945713757962e-11
1.174620358324833307e-11
1.330887016521804007e-11
3.428962648981368957e-12
4.422869594366833158e-10
3.587071874839250144e-12
2.219957514343312644e-11
4.612550490765047121e-13
9.897723843707917915e-10
2.739805304080470025e-14
4.351102252646437493e-10
1.419195367734431955e-11
1.000000000000000072e-18
