1.000000000000000072e-18
1.000000000000000072e-18
1.000000000000000072e-18
1.000000000000000072e-18
1.000000000000000072e-18
1.000000000000000072e-18
1.000000000000000072e-18
1.000000000000000072e-18
1.000000000000000072e-18
1.000000000000000072e-18
1.000000000000000072e-18
1.000000000000000072e-18
1.000000000000000072e-18
1.000000000000000072e-18
1.000000000000000072e-18
1.000000000000000072e-18
1.000000000000000072e-18
1.000000000000000072e-18
1.000000000000000072e-18
1.000000000000000072e-18
1.000000000000000072e-18
1.000000000000000072e-18
1.000000000000000072e-18
1.000000000000000072e-18
1.000000000000000072e-18
1.000000000000000072e-18
1.000000000000000072e-18
1.000000000000000072e-18
1.000000000000000072e-18
1.000000000000000072e-18
1.000000000000000072e-18
1.000000000000000072e-18
1.000000000000000072e-18
1.000000000000000072e-18
1.000000000000000072e-18
1.000000000000000072e-18
1.000000000000000072e-18
1.000000000000000072e-18
1.000000000000000072e-18
1.000000000000000072e-18
1.000000000000000072e-18
1.000000000000000072e-18
1.000000000000000072e-18
1.000000000000000072e-18
1.000000000000000072e-18
1.000000000000000072e-18
1.000000000000000072e-18
1.000000000000000072e-18
1.000000000000000072e-18
1.000000000000000072e-18
1.000000000000000072e-18
1.000000000000000072e-18
1.000000000000000072e-18
1.000000000000000072e-18
1.000000000000000072e-18
1.000000000000000072e-18
1.000000000000000072e-18
1.000000000000000072e-18
1.000000000000000072e-18
1.000000000000000072e-18
1.000000000000000072e-18
1.000000000000000072e-18
1.000000000000000072e-18
1.000000000000000072e-18
1.000000000000000072e-18
1.000000000000000072e-18
1.000000000000000072e-18
1.000000000000000072e-18
1.000000000000000072e-18
1.000000000000000072e-18
1.000000000000000072e-18
1.000000000000000072e-18
1.000000000000000072e-18
1.000000000000000072e-18
1.000000000000000072e-18
1.000000000000000072e-18
1.000000000000000072e-18
1.000000000000000072e-18
1.000000000000000072e-18
1.000000000000000072e-18
1.000000000000000072e-18
1.000000000000000072e-18
1.000000000000000072e-18
1.000000000000000072e-18
1.000000000000000072e-18
1.000000000000000072e-18
1.000000000000000072e-18
1.000000000000000072e-18
1.000000000000000072e-18
1.000000000000000072e-18
1.000000000000000072e-18
1.000000000000000072e-18
1.000000000000000072e-18
1.000000000000000072e-18
1.000000000000000072e-18
1.000000000000000072e-18
1.000000000000000072e-18
1.000000000000000072e-18
1.000000000000000072e-18
1.000000000000000072e-18
1.000000000000000072e-18
1.000000000000000072e-18
1.000000000000000072e-18
1.000000000000000072e-18
1.000000000000000072e-18
1.000000000000000072e-18
1.000000000000000072e-18
1.000000000000000072e-18
1.000000000000000072e-18
1.000000000000000072e-18
1.000000000000000072e-18
1.000000000000000072e-18
1.000000000000000072e-18
1.000000000000000072e-18
1.000000000000000072e-18
1.000000000000000072e-18
1.000000000000000072e-18
1.000000000000000072e-18
1.000000000000000072e-18
1.000000000000000072e-18
1.000000000000000072e-18
1.000000000000000072e-18
1.000000000000000072e-18
1.000000000000000072e-18
1.000000000000000072e-18
1.000000000000000072e-18
1.000000000000000072e-18
1.000000000000000072e-18
1.000000000000000072e-18
1.000000000000000072e-18
1.000000000000000072e-18
1.000000000000000072e-18
1.000000000000000072e-18
1.000000000000000072e-18
1.000000000000000072e-18
1.000000000000000072e-18
1.000000000000000072e-18
1.000000000000000072e-18
1.000000000000000072e-18
1.000000000000000072e-18
1.000000000000000072e-18
1.000000000000000072e-18
1.000000000000000072e-18
1.000000000000000072e-18
1.000000000000000072e-18
1.000000000000000072e-18
1.000000000000000072e-18
1.000000000000000072e-18
1.000000000000000072e-18
1.000000000000000072e-18
1.000000000000000072e-18
1.000000000000000072e-18
1.000000000000000072e-18
1.000000000000000072e-18
1.000000000000000072e-18
1.000000000000000072e-18
1.000000000000000072e-18
1.000000000000000072e-18
1.000000000000000072e-18
1.000000000000000072e-18
1.000000000000000072e-18
1.000000000000000072e-18
1.000000000000000072e-18
1.000000000000000072e-18
1.000000000000000072e-18
1.000000000000000072e-18
1.000000000000000072e-18
1.000000000000000072e-18
1.000000000000000072e-18
1.000000000000000072e-18
1.000000000000000072e-18
1.000000000000000072e-18
1.000000000000000072e-18
1.000000000000000072e-18
1.000000000000000072e-18
1.000000000000000072e-18
1.000000000000000072e-18
1.000000000000000072e-18
1.000000000000000072e-18
1.000000000000000072e-18
1.000000000000000072e-18
1.000000000000000072e-18
1.000000000000000072e-18
1.000000000000000072e-18
1.000000000000000072e-18
1.000000000000000072e-18
1.000000000000000072e-18
1.000000000000000072e-18
1.000000000000000072e-18
1.000000000000000072e-18
1.000000000000000072e-18
1.000000000000000072e-18
1.000000000000000072e-18
1.000000000000000072e-18
1.000000000000000072e-18
1.000000000000000072e-18
1.000000000000000072e-18
1.000000000000000072e-18
1.000000000000000072e-18
1.000000000000000072e-18
1.000000000000000072e-18
1.000000000000000072e-18
1.000000000000000072e-18
1.000000000000000072e-18
1.000000000000000072e-18
1.000000000000000072e-18
1.386430711043185996e-18
2.824245217324389666e-18
5.937048939271774240e-18
1.293870058853207608e-17
2.940509318519924111e-17
7.023638319125211961e-17
1.782311221734385880e-16
4.880183876694587455e-16
1.476788628288146131e-15
5.142848215949040556e-15
2.230300451574086000e-14
1.468171666989946204e-13
3.556763907810195836e-12
5.945756197703197046e-12
2.429499090674896477e-12
3.164507833464723960e-12
7.108279681185435178e-12
2.503818725795720647e-11
1.098033703183101346e-09
4.892940544984334966e-11
1.437859993693053044e-10
3.575177791831766995e-09
8.031565014793995663e-11
2.117295813507320235e-11
1.109262090586382011e-11
8.694365865807852329e-12
9.961356083213021808e-12
1.990361725592793128e-11
6.584243282230870991e-11
8.545439641631762494e-12
1.681907520320663745e-12
5.140857809183959664e-13
1.807163478780914679e-13
5.638728308010402561e-14
6.395262112064659738e-15
1.234325925114502319e-14
2.639069520617184343e-13
1.547192785441344060e-11
1.983875265479592127e-12
6.237641904790040916e-13
3.751358789620630565e-13
2.952859573853725740e-13
2.734071173321850116e-13
2.924482073622558145e-13
3.711196419974556918e-13
6.333297476353310942e-13
3.148521503547059574e-12
4.531920415314006522e-13
4.393016875209995868e-14
5.481246910297963349e-13
4.756683807601352869e-12
1.804263802516980954e-12
4.807657880553433067e-13
2.162487411311041191e-13
1.239855509100693866e-13
8.167596198934783455e-14
5.900044166031621372e-14
4.559550679709266005e-14
3.714900816199303507e-14
3.161395973777242159e-14
2.792473497227379410e-14
2.549021905900693974e-14
2.397035233589692367e-14
2.316948997997287042e-14
2.298304413440776945e-14
2.337092796152452032e-14
2.434622656075421988e-14
2.597427756998523582e-14
2.838103087903757574e-14
3.177235416391632728e-14
3.646918926905119341e-14
4.296858374668654111e-14
5.205008462404217088e-14
6.496593566784651811e-14
8.379371463763646123e-14
1.121199475750042192e-13
1.564356144300313614e-13
2.291545257713396355e-13
3.555507320491592661e-13
5.905426958240220657e-13
1.059076680370537846e-12
2.028417545241582693e-12
3.699071059322381352e-12
5.141396437710892128e-12
4.781778431720143884e-12
3.922539172812048203e-12
1.936778720605916242e-12
2.563491359979990623e-12
2.613634883138314633e-12
2.894446825789307449e-12
3.537905073207149234e-12
4.844258277632446171e-12
7.596540084814979720e-12
1.390893239540764304e-11
2.716506316124730724e-11
3.411112892148712919e-11
2.203112220882903706e-11
1.347402415146308818e-11
9.910320401903468961e-12
9.009071301419257799e-12
1.036573313890388695e-11
1.632109806374789413e-11
4.355532199202250557e-11
2.030564591666115711e-10
6.904697528757204307e-11
5.492534137011043956e-11
1.692648387225517066e-10
1.709401384400912259e-12
1.631832856828865433e-13
2.460362821011392308e-14
4.162879508894516755e-15
6.093861713884556666e-16
3.849386546301094891e-17
6.771264389558377736e-18
4.510635776897097312e-17
7.152821421071542879e-17
8.055031367127528338e-17
7.855532955134221707e-17
7.121115460211114822e-17
6.198846538177278770e-17
5.271384420202727856e-17
4.422765253526912992e-17
3.683470140221731521e-17
3.057056392842634688e-17
2.534826447396513935e-17
2.103511316660531360e-17
1.749080825636580899e-17
1.458480239763024364e-17
1.220293836372956074e-17
1.024877791507853390e-17
8.642498669772408635e-18
7.318842111151710469e-18
6.224847464401307463e-18
5.317710484829449155e-18
4.562901891841595087e-18
3.932578605503366678e-18
3.404273725968856451e-18
2.959832121795646763e-18
2.584553472361061871e-18
2.266506169031067730e-18
1.995979737137032717e-18
1.765048448360799660e-18
1.567223632316834397e-18
1.397176485227124780e-18
1.250516801481530019e-18
1.123616037893634066e-18
1.013465531995777433e-18
1.000000000000000072e-18
1.000000000000000072e-18
1.000000000000000072e-18
1.000000000000000072e-18
1.000000000000000072e-18
1.000000000000000072e-18
1.000000000000000072e-18
1.000000000000000072e-18
1.000000000000000072e-18
1.000000000000000072e-18
1.000000000000000072e-18
1.000000000000000072e-18
1.000000000000000072e-18
1.000000000000000072e-18
1.000000000000000072e-18
1.000000000000000072e-18
1.000000000000000072e-18
1.000000000000000072e-18
1.000000000000000072e-18
1.000000000000000072e-18
1.000000000000000072e-18
1.000000000000000072e-18
1.000000000000000072e-18
1.000000000000000072e-18
1.000000000000000072e-18
1.000000000000000072e-18
1.000000000000000072e-18
1.000000000000000072e-18
1.000000000000000072e-18
1.000000000000000072e-18
1.000000000000000072e-18
1.000000000000000072e-18
1.000000000000000072e-18
1.000000000000000072e-18
1.000000000000000072e-18
1.000000000000000072e-18
1.000000000000000072e-18
1.000000000000000072e-18
1.000000000000000072e-18
1.000000000000000072e-18
1.000000000000000072e-18
1.000000000000000072e-18
1.000000000000000072e-18
1.000000000000000072e-18
1.000000000000000072e-18
1.000000000000000072e-18
1.000000000000000072e-18
1.000000000000000072e-18
1.000000000000000072e-18
1.000000000000000072e-18
1.000000000000000072e-18
1.000000000000000072e-18
1.000000000000000072e-18
1.000000000000000072e-18
1.000000000000000072e-18
1.000000000000000072e-18
1.000000000000000072e-18
1.000000000000000072e-18
1.000000000000000072e-18
1.000000000000000072e-18
1.000000000000000072e-18
1.000000000000000072e-18
1.000000000000000072e-18
1.000000000000000072e-18
1.000000000000000072e-18
1.000000000000000072e-18
1.080758114568007756e-18
1.196913648404768561e-18
1.330396729376804070e-18
1.484287188334457553e-18
1.662301611297894357e-18
1.868942802878450859e-18
2.109688586236443235e-18
2.391231435318845046e-18
2.721784140118105829e-18
3.111471720604717967e-18
3.572836635764930730e-18
4.121493699573657793e-18
4.776984044506296784e-18
5.563895449406337274e-18
6.513341530761153756e-18
7.664927851540627151e-18
9.069383618021771256e-18
1.079211031952435899e-17
1.291800399676643114e-17
1.555806194011166197e-17
1.885851241734761894e-17
2.301354638002640171e-17
2.828324443924345965e-17
3.501907916075228011e-17
4.370059182405999563e-17
5.498875801118545001e-17
6.980460996584305350e-17
8.944662994264858634e-17
1.157685787829579827e-16
1.514531026804307899e-16
2.004398827338493158e-16
2.686080788130461986e-16
3.648862734595222151e-16
5.030982527588475972e-16
7.051088532080352452e-16
1.006334511821544223e-15
1.465697597399725101e-15
2.184245349570242377e-15
3.341390042741057394e-15
5.268770868720994238e-15
8.609139155461671633e-15
1.468082506838284310e-14
2.638170151878001087e-14
5.066050884143298665e-14
1.061769899103131613e-13
2.514374773440435014e-13
7.170091539665814586e-13
2.835943447163494790e-12
2.444259798657701600e-11
2.681606543457624887e-10
4.840154261229156872e-11
5.509592107127285419e-11
1.590224263598351230e-10
2.712713000677176108e-11
5.562842475239072936e-12
1.932023279699898022e-12
8.574128173443516391e-13
4.234342609243211308e-13
2.075562036590453583e-13
8.304331115798630537e-14
1.089604488639477013e-14
2.685005648240153216e-14
5.352978017787692027e-13
8.698094763562579403e-12
1.123639328886834316e-11
3.521728736165530942e-12
2.130045834808430034e-12
1.670295658019585079e-12
1.498531464978660754e-12
1.462328574983818759e-12
1.513474228121797229e-12
1.636784662715040993e-12
1.830540986389930240e-12
2.098703282550321470e-12
2.446774298832805486e-12
5.422470819222227117e-12
3.244234456247589694e-12
3.622427711069583221e-12
3.819077693853833383e-12
3.745399571658604251e-12
3.411923044999259018e-12
3.050746775382611279e-12
2.368392519242114918e-12
1.912331804824387964e-12
1.537918270968296439e-12
1.247959809109879179e-12
1.029695715550566261e-12
8.681169236389495103e-13
7.503171296441676173e-13
6.665080969127155448e-13
6.098828631023130563e-13
5.762530664965646745e-13
5.638428360082704106e-13
5.734561191389018560e-13
6.093071136122491498e-13
6.811706878932017053e-13
8.095880560585733975e-13
1.039231479806845140e-12
1.477678516540522807e-12
2.429577311192850560e-12
4.978566818020450369e-12
1.396603621164105247e-11
1.445667395324196184e-11
7.368646993789630142e-12
3.785135249790204953e-12
3.052189664995282760e-12
3.363737349537126419e-11
7.573538013715375476e-14
2.957231761762618284e-13
4.248278180034331174e-13
6.516079723687076032e-13
1.466276511256222973e-12
1.342987345846649122e-11
2.460705587367406139e-12
3.422003001272791527e-13
1.039107111350564711e-13
4.248863599552335639e-14
2.039372832032306977e-14
1.084116818602692625e-14
6.192614260397166501e-15
3.733659980104879071e-15
2.348908758216407155e-15
1.529840722686418574e-15
1.025686000434287885e-15
7.049103097485548202e-16
4.949839710326496746e-16
3.542186838891202113e-16
2.577966315366249021e-16
1.904903497886466125e-16
1.427075668770692807e-16
1.082639771654548820e-16
8.308925366739509244e-17
6.445429817560315396e-17
5.049834997767820910e-17
3.993318951016729925e-17
3.185442384439724152e-17
2.561890922451848371e-17
2.076381666621216925e-17
1.695238330981256023e-17
1.393704275127087899e-17
1.153404291133721214e-17
9.605762391138510070e-18
8.048252397522795923e-18
6.782368169148202065e-18
5.747393673432867322e-18
4.896416302233433911e-18
4.192941981965208890e-18
3.608397666000612408e-18
3.120274219726755295e-18
2.710735288865690636e-18
2.365567908665937630e-18
2.073385609911512515e-18
1.825019409349597168e-18
1.613049552979956088e-18
1.431443385392775539e-18
1.275273731279696869e-18
1.140498718364800932e-18
1.023788753886384107e-18
1.000000000000000072e-18
1.000000000000000072e-18
1.000000000000000072e-18
1.000000000000000072e-18
1.000000000000000072e-18
1.000000000000000072e-18
1.000000000000000072e-18
1.000000000000000072e-18
1.000000000000000072e-18
1.000000000000000072e-18
1.000000000000000072e-18
1.000000000000000072e-18
1.000000000000000072e-18
1.000000000000000072e-18
1.000000000000000072e-18
1.000000000000000072e-18
1.000000000000000072e-18
1.000000000000000072e-18
1.000000000000000072e-18
1.000000000000000072e-18
1.000000000000000072e-18
1.000000000000000072e-18
1.000000000000000072e-18
1.000000000000000072e-18
1.000000000000000072e-18
1.000000000000000072e-18
1.000000000000000072e-18
1.000000000000000072e-18
1.000000000000000072e-18
1.000000000000000072e-18
1.000000000000000072e-18
1.000000000000000072e-18
1.000000000000000072e-18
1.000000000000000072e-18
1.000000000000000072e-18
1.000000000000000072e-18
1.000000000000000072e-18
1.000000000000000072e-18
1.000000000000000072e-18
1.000000000000000072e-18
1.000000000000000072e-18
1.000000000000000072e-18
1.000000000000000072e-18
1.000000000000000072e-18
1.000000000000000072e-18
1.000000000000000072e-18
1.000000000000000072e-18
1.000000000000000072e-18
1.000000000000000072e-18
1.000000000000000072e-18
1.000000000000000072e-18
1.000000000000000072e-18
1.000000000000000072e-18
1.000000000000000072e-18
1.000000000000000072e-18
1.000000000000000072e-18
1.000000000000000072e-18
1.000000000000000072e-18
1.000000000000000072e-18
1.000000000000000072e-18
1.000000000000000072e-18
1.000000000000000072e-18
1.000000000000000072e-18
1.000000000000000072e-18
1.000000000000000072e-18
1.000000000000000072e-18
1.000000000000000072e-18
1.000000000000000072e-18
1.000000000000000072e-18
1.000000000000000072e-18
1.050939197793880005e-18
1.181969921103888824e-18
1.335526844378571997e-18
1.516275977571166775e-18
1.730015128892371028e-18
1.983988192255176389e-18
2.287298057399171880e-18
2.651452785879333826e-18
3.091093226695931325e-18
3.624969622069508818e-18
4.277262760287585564e-18
5.079386108475340948e-18
6.072465634821456814e-18
7.310783889379586546e-18
8.866610431595420111e-18
1.083704759883160739e-17
1.335384067183533848e-17
1.659760356946608599e-17
2.081871069838685759e-17
2.636839934442910920e-17
3.374575725604250894e-17
4.366984420310940873e-17
5.719231654833882554e-17
7.587663993939303780e-17
1.020892016872765025e-16
1.394830702325208834e-16
1.938224368726260385e-16
2.744278698369100516e-16
3.967917260043316742e-16
5.874855626629566906e-16
8.937596505973671056e-16
1.403254953069538808e-15
2.286876278831520764e-15
3.898746758393287047e-15
7.030156781772787805e-15
1.362963726056809979e-14
2.916678464359097231e-14
7.218636478569690826e-14
2.278483363075030600e-13
1.208094329523474164e-12
4.096509039715651304e-11
5.317638913210269585e-12
2.291505244509681057e-12
2.191038080925443716e-12
3.841500784990108434e-12
2.842689613686008306e-11
5.575318081445404476e-12
2.324337271654866771e-13
2.113819925197940808e-13
3.835421653861257422e-11
2.639543091888872953e-12
9.504978896455249889e-13
5.649328144081689591e-13
4.163502301708801559e-13
3.499347849156667756e-13
3.242747195331948274e-13
3.264706588438025722e-13
3.554672425030143448e-13
4.199296930849252132e-13
5.447492173306481677e-13
7.963865166919947420e-13
1.385393917752883105e-12
3.259839713403851741e-12
1.473653135864707308e-11
2.369966591885751166e-11
4.100028096838592402e-12
1.509403488833166957e-12
7.609264277511515498e-13
4.866489719712396810e-13
3.437522326658205926e-13
2.633548268081600636e-13
2.146989846767317518e-13
1.839929756050859577e-13
1.644058813692152081e-13
1.523139983027844134e-13
1.457317130360200850e-13
1.435993809564550983e-13
1.454475764639709859e-13
1.512482626504509394e-13
1.613768987769227569e-13
1.766619843777326505e-13
1.985321835916867050e-13
2.293070999908073611e-13
2.727366338134456240e-13
3.350134302685614769e-13
4.267542344667505009e-13
5.671177924547968704e-13
7.930555759209638559e-13
1.182276462822932103e-12
1.918288718982682277e-12
3.511580070032048874e-12
7.789808788267644219e-12
2.504308018078448054e-11
2.334322384501829685e-10
2.066535697195535490e-10
3.963063918219872788e-11
1.958595125544423549e-11
1.401543528620664415e-11
1.257377208887650290e-11
1.351310094269126999e-11
1.732323190829672754e-11
2.692396863906842456e-11
4.913419072735479973e-11
6.738842154181641889e-11
3.990737908923139789e-11
1.986146559957843765e-11
1.195882713681840985e-11
8.977160563779607625e-12
8.537936663918464057e-12
9.783261816605004448e-12
3.134345697264187174e-12
5.584624016323156399e-14
1.052164793921424925e-13
3.616099064493543722e-13
6.449700632727878963e-13
1.008050029564949838e-12
1.556052694864813646e-12
2.480154427719514812e-12
4.166278965381580298e-12
7.481919469923710711e-12
1.481671466552391710e-11
3.593936373004096889e-11
1.470311813012696337e-10
2.926851854993893620e-10
5.075728315248829316e-11
1.901897437254132134e-11
1.154267529275501053e-11
1.032927326562485564e-11
1.476227765747746781e-11
4.551640326358336353e-11
4.473361934277039036e-11
1.020043624423765706e-11
7.772248668722372214e-12
9.258621994831077525e-12
3.745980324820424202e-13
4.410371506910495014e-14
8.568905568898652208e-15
2.169917671895758964e-15
6.506672994911591504e-16
2.199104894366136295e-16
8.136408480644990415e-17
3.233715935006351398e-17
1.362593317444282429e-17
6.029701635314990107e-18
2.782132938240979218e-18
1.331056524997252419e-18
1.000000000000000072e-18
1.000000000000000072e-18
1.000000000000000072e-18
1.000000000000000072e-18
1.000000000000000072e-18
1.000000000000000072e-18
1.000000000000000072e-18
1.000000000000000072e-18
1.000000000000000072e-18
1.000000000000000072e-18
1.000000000000000072e-18
1.000000000000000072e-18
1.000000000000000072e-18
1.000000000000000072e-18
1.000000000000000072e-18
1.000000000000000072e-18
1.000000000000000072e-18
1.000000000000000072e-18
1.000000000000000072e-18
1.000000000000000072e-18
1.000000000000000072e-18
1.000000000000000072e-18
1.000000000000000072e-18
1.000000000000000072e-18
1.000000000000000072e-18
1.000000000000000072e-18
1.000000000000000072e-18
1.000000000000000072e-18
1.000000000000000072e-18
1.000000000000000072e-18
1.000000000000000072e-18
1.000000000000000072e-18
1.000000000000000072e-18
1.000000000000000072e-18
1.000000000000000072e-18
1.000000000000000072e-18
1.000000000000000072e-18
1.000000000000000072e-18
1.000000000000000072e-18
1.000000000000000072e-18
1.000000000000000072e-18
1.000000000000000072e-18
1.000000000000000072e-18
1.000000000000000072e-18
1.000000000000000072e-18
1.000000000000000072e-18
1.000000000000000072e-18
1.000000000000000072e-18
1.000000000000000072e-18
1.000000000000000072e-18
1.000000000000000072e-18
1.000000000000000072e-18
1.000000000000000072e-18
1.000000000000000072e-18
1.000000000000000072e-18
1.000000000000000072e-18
1.000000000000000072e-18
1.000000000000000072e-18
1.000000000000000072e-18
1.000000000000000072e-18
1.000000000000000072e-18
1.000000000000000072e-18
1.000000000000000072e-18
1.000000000000000072e-18
1.000000000000000072e-18
1.000000000000000072e-18
1.000000000000000072e-18
1.000000000000000072e-18
1.000000000000000072e-18
1.000000000000000072e-18
1.000000000000000072e-18
1.000000000000000072e-18
1.000000000000000072e-18
1.000000000000000072e-18
1.000000000000000072e-18
1.000000000000000072e-18
1.000000000000000072e-18
1.000000000000000072e-18
1.000000000000000072e-18
1.000000000000000072e-18
1.000000000000000072e-18
1.000000000000000072e-18
1.000000000000000072e-18
1.000000000000000072e-18
1.000000000000000072e-18
1.000000000000000072e-18
1.000000000000000072e-18
1.000000000000000072e-18
1.000000000000000072e-18
1.000000000000000072e-18
1.000000000000000072e-18
1.000000000000000072e-18
1.000000000000000072e-18
1.000000000000000072e-18
1.000000000000000072e-18
1.000000000000000072e-18
1.000000000000000072e-18
1.000000000000000072e-18
1.000000000000000072e-18
1.000000000000000072e-18
1.000000000000000072e-18
1.000000000000000072e-18
1.000000000000000072e-18
1.000000000000000072e-18
1.000000000000000072e-18
1.000000000000000072e-18
1.000000000000000072e-18
1.000000000000000072e-18
1.000000000000000072e-18
1.000000000000000072e-18
1.000000000000000072e-18
1.000000000000000072e-18
1.000000000000000072e-18
1.000000000000000072e-18
1.000000000000000072e-18
1.000000000000000072e-18
1.000000000000000072e-18
1.000000000000000072e-18
1.000000000000000072e-18
1.000000000000000072e-18
1.000000000000000072e-18
1.000000000000000072e-18
1.000000000000000072e-18
1.000000000000000072e-18
1.000000000000000072e-18
1.000000000000000072e-18
1.000000000000000072e-18
1.000000000000000072e-18
1.000000000000000072e-18
1.000000000000000072e-18
1.000000000000000072e-18
1.000000000000000072e-18
1.000000000000000072e-18
1.000000000000000072e-18
1.000000000000000072e-18
1.000000000000000072e-18
1.000000000000000072e-18
1.000000000000000072e-18
1.000000000000000072e-18
1.000000000000000072e-18
1.000000000000000072e-18
1.000000000000000072e-18
1.000000000000000072e-18
1.000000000000000072e-18
1.000000000000000072e-18
1.000000000000000072e-18
1.000000000000000072e-18
1.000000000000000072e-18
1.000000000000000072e-18
1.000000000000000072e-18
1.000000000000000072e-18
1.000000000000000072e-18
1.000000000000000072e-18
1.000000000000000072e-18
1.000000000000000072e-18
1.000000000000000072e-18
1.000000000000000072e-18
1.000000000000000072e-18
1.000000000000000072e-18
1.000000000000000072e-18
1.000000000000000072e-18
1.000000000000000072e-18
1.000000000000000072e-18
1.000000000000000072e-18
1.000000000000000072e-18
1.000000000000000072e-18
1.000000000000000072e-18
1.000000000000000072e-18
1.000000000000000072e-18
1.000000000000000072e-18
1.000000000000000072e-18
1.000000000000000072e-18
1.000000000000000072e-18
1.000000000000000072e-18
1.000000000000000072e-18
1.000000000000000072e-18
1.000000000000000072e-18
1.000000000000000072e-18
1.000000000000000072e-18
1.000000000000000072e-18
1.000000000000000072e-18
1.000000000000000072e-18
1.000000000000000072e-18
1.000000000000000072e-18
1.000000000000000072e-18
1.000000000000000072e-18
1.000000000000000072e-18
1.000000000000000072e-18
1.000000000000000072e-18
1.000000000000000072e-18
1.000000000000000072e-18
1.000000000000000072e-18
1.000000000000000072e-18
1.000000000000000072e-18
1.000000000000000072e-18
1.000000000000000072e-18
1.000000000000000072e-18
1.000000000000000072e-18
1.000000000000000072e-18
1.000000000000000072e-18
1.000000000000000072e-18
1.000000000000000072e-18
1.000000000000000072e-18
1.000000000000000072e-18
1.000000000000000072e-18
1.000000000000000072e-18
1.000000000000000072e-18
3.671885712367405903e-12
3.371920778980119344e-12
2.424459619463444018e-12
2.414743364231216917e-12
2.775180560229879768e-12
2.515124126888759743e-12
2.708020608908320748e-12
3.129567727736045947e-12
3.088989381233476980e-12
2.450220437362944780e-12
3.184627824851857010e-12
3.386479375455338257e-12
2.994530034234220447e-12
3.522146014479751795e-12
3.435016371271223649e-12
4.293219425915018700e-12
3.271460704027717569e-12
2.881308151672234173e-12
2.511797059431467476e-12
4.224896989484379813e-12
2.460292481669743098e-12
3.086508613477787209e-12
2.425611387701318913e-12
3.719193573219426757e-12
2.442789253879994370e-12
2.972600513382043901e-12
2.966170956317535196e-12
2.489648691316932493e-12
2.424786385182484428e-12
2.790058147626849590e-12
2.415778375570646684e-12
2.493904833151927606e-12
2.451159786750563164e-12
2.418483345025019873e-12
3.326124067244726058e-12
4.534493161996693521e-12
2.776530790828234032e-12
2.502695000382244049e-12
2.810655329822078248e-12
2.629953187000224521e-12
3.439690981366233912e-10
1.280863159942735707e-10
3.239842005429040168e-10
2.688729834442859393e-10
1.101571726640597233e-10
1.205609633240881121e-10
1.129041549355289681e-10
3.980102656497583798e-10
1.351075779504168007e-10
3.235585479112243211e-10
2.450755440522547650e-10
3.631328012543541338e-10
4.058799406029827063e-10
3.840996600066861344e-10
3.345852784485500669e-10
1.226364777541404396e-10
4.057134269882845196e-10
1.894511031109157429e-10
3.880539310260322475e-10
1.649960353031603416e-10
1.548412304386059841e-10
2.753486345178571052e-10
2.338249889279250951e-10
1.419906502876132769e-10
1.517109601847613077e-10
1.912996700610039026e-10
1.967929595723418613e-10
3.582195289009113731e-10
3.197228733825706259e-10
1.417887738666566101e-10
2.786955710374729752e-10
3.166037307745068291e-10
1.671111163365426229e-10
2.706774959014433863e-10
2.182653608894818882e-10
2.006674982543332555e-10
3.227702839502928523e-10
4.093558207823045259e-10
2.101567427225375550e-10
1.557755740115080419e-10
3.113246550267145567e-11
6.465499121452895251e-11
3.818981373452105660e-11
3.422581928463756417e-11
6.606877555207359657e-11
6.415216194889716980e-11
2.895762814358684792e-11
2.595660979833683169e-11
5.506543660291685789e-11
6.376390786810667366e-11
6.351574240134170180e-11
1.239410864522705681e-11
1.954886990048024623e-11
1.966088617143162206e-11
4.218690626382260271e-11
3.912657250109585314e-11
6.516014060557305972e-11
5.289913970575064740e-11
1.479807238707103974e-11
4.798249097338093573e-11
6.624956595001276363e-11
3.856216469693146975e-11
4.201596577581449737e-11
2.564215305816038099e-11
1.312243098729497111e-11
1.502406358320177784e-11
2.053411651466599036e-11
5.129683306884577766e-11
5.839149933671878099e-11
2.022048644737587005e-11
4.131333019840876354e-11
1.581321291296797046e-11
6.460250442087630670e-11
1.225215662887087391e-11
4.396730829773013059e-11
1.227855008074217075e-11
3.419180074323027087e-11
6.596407237586940581e-11
6.133063283969223581e-11
1.230038833479160924e-11
6.176236782963788644e-11
5.717324344790361859e-11
6.786872299482493851e-11
6.658535491041250109e-11
4.593824784048076031e-11
6.750694495660286943e-11
6.563511503800435752e-11
6.057467058659727530e-11
6.704223165441997106e-11
5.123032679053582114e-11
6.691786263433147263e-11
6.064480197575125506e-11
4.643615890644542292e-11
6.743484453979490482e-11
5.873728159244213155e-11
6.606193428613973365e-11
5.931671144778962641e-11
6.193687478290388316e-11
6.640097777072288613e-11
5.527864030441454882e-11
6.596247389107527127e-11
5.204412662061306900e-11
6.017023416819202019e-11
6.214770984598109883e-11
6.024313741342281351e-11
6.379784344441853044e-11
6.712173838498351038e-11
6.517059912874118494e-11
5.839991268945151298e-11
6.662334532698837072e-11
5.904204003899698924e-11
6.662916465274169121e-11
5.706823356292213101e-11
6.737415733737830291e-11
6.771631661851588189e-11
6.706233240353906765e-11
6.265272638261325331e-11
6.363687475713102061e-11
6.404789703476085205e-11
6.794185484426849432e-11
4.827274077834347514e-13
5.011271276046832649e-13
4.008668171564338424e-13
4.400598569100450063e-13
5.146429214767491752e-13
4.073603090342826395e-13
3.605827586760269216e-13
5.838858611753992775e-13
5.311275177559953354e-13
2.934607040465734573e-13
4.568843694324724382e-13
3.394407323405251359e-13
3.087289542388730519e-13
3.174772039225226508e-13
3.723561566699903974e-13
3.284039158545419462e-13
3.382220100206342040e-13
2.858598885164012487e-13
3.027161174396079059e-13
4.728749256080080416e-13
4.476248257899384751e-13
3.027370638395981015e-13
4.511661268048893354e-13
4.559031584566556550e-13
3.519658754425181567e-13
3.375441346603837810e-13
3.870915575579650651e-13
3.238512671842061236e-13
4.878615991357904514e-13
4.821223171762613137e-13
2.998114084958294578e-13
4.052754744912532562e-13
2.847054566027124162e-13
6.246584439191487380e-13
5.298251675523943515e-13
3.253761186112688805e-13
3.413090157291160826e-13
3.189549445914069633e-13
4.179463405525509733e-13
3.322402163738627334e-13
3.573856909452622210e-13
3.518077938491505323e-13
3.468883273855535371e-13
3.371346779069260522e-13
4.029016323217829405e-13
3.326796583146458438e-13
3.372038638033304666e-13
3.952434267120524262e-13
3.480045047722796583e-13
3.345936990288442259e-13
3.706952782196777744e-13
3.955663437855559522e-13
3.366520632900149529e-13
3.396113548561367807e-13
3.374375741511162338e-13
3.409385362743289878e-13
3.331505525613280763e-13
3.773313877352313163e-13
3.467142371787756541e-13
3.593847733256874444e-13
3.481182680065683904e-13
3.445859671204371228e-13
3.965228537729159142e-13
3.761498269017986109e-13
3.394645190301870184e-13
3.449100502442086878e-13
3.520644429722667610e-13
3.311687375745752696e-13
3.535829860530588592e-13
3.302739510349030859e-13
3.595688576381403321e-13
3.966886412745920152e-13
3.807893157504267078e-13
3.773188765019624450e-13
3.430908649693158298e-13
3.435031793903542151e-13
3.755829329269606909e-13
3.727235848391982202e-13
3.796734244361600346e-13
3.303481237425182850e-13
1.168421633715714395e-10
1.716303335650067363e-10
8.050605991636656199e-11
1.200284843307953190e-10
2.072550374279337098e-10
1.242872214669694180e-10
1.275280807064638914e-10
1.732039088430680518e-10
1.190605545479072191e-10
9.085473566604651565e-11
7.787863194490299106e-11
8.015196746405537457e-11
1.649010270577741185e-10
9.104319702617910996e-11
1.323002659679917387e-10
1.655267947156812866e-10
7.460280788840338185e-11
1.350654075950532050e-10
6.981481035262112419e-11
7.492042987866626642e-11
1.260295669099330517e-10
1.923074609835749403e-10
1.216578060846142015e-10
1.200972143438489883e-10
1.111455402883916312e-10
1.759091685037768014e-10
2.063343091519427898e-10
2.075778500573384363e-10
1.936436768385689949e-10
1.155766058907683916e-10
2.019184936198501847e-10
1.447194203622762023e-10
1.797260288652743645e-10
1.178551737725961460e-10
2.075425023448053510e-10
1.627152938871915045e-10
1.381549478333864335e-10
1.419656531972167829e-10
7.309322998037942445e-11
2.075654417405253900e-10
4.950009678064076532e-14
1.635841096724131528e-14
4.970964181259647903e-14
4.048073777635842041e-14
2.935335440214390739e-14
5.363306702293492956e-14
1.495391581127922848e-14
2.453521041767886483e-14
1.807849285928531442e-14
3.314301147657179851e-14
4.331125753031897718e-14
2.144931151718654688e-14
2.388401323202576321e-14
3.371759476239525744e-14
2.883749730013535532e-14
4.946740221797147921e-14
3.111533521416369910e-14
3.417662643863266503e-14
2.397456293819123333e-14
2.963502239488419962e-14
4.967484933800165666e-14
2.023465530843773886e-14
4.652482908367136031e-14
3.256783206714099862e-14
1.488290210205087440e-14
5.229876740224393979e-14
3.660325985110631897e-14
2.486062427121138790e-14
1.779162086493128076e-14
2.010906891739722226e-14
3.736100488134278658e-14
1.559797941724343482e-14
3.626223941205322255e-14
4.600793098446585001e-14
4.124838838540921687e-14
2.196945536641252120e-14
2.946412656100268957e-14
1.488897036446778253e-14
2.735361785717887892e-14
3.260502315653828198e-14
6.614115450037936058e-11
1.270292486799316894e-10
1.147051120108714729e-10
9.972787463318583536e-11
1.421853180366120227e-10
1.464843052567622822e-10
1.222433163167773821e-10
9.602335166843123450e-11
6.705886124467924391e-11
5.518829771747404353e-11
1.264699230483426238e-10
1.579516816728365578e-10
1.492925431255655873e-10
1.303756782558281897e-10
1.087103841223554776e-10
7.936876191505814354e-11
4.791655538171551801e-11
7.882718997621630271e-11
9.875711901471722430e-11
1.311423512110221679e-10
6.456558208701841692e-11
1.155744384178788477e-10
1.352241994403497541e-10
6.510096433818540132e-11
1.589389610875872184e-10
9.907954281261987103e-11
1.584505702024501921e-10
1.374242449271526754e-10
1.325346615278585378e-10
9.910866391389782510e-11
9.270680431049426191e-11
1.306254680185749481e-10
5.963252966833466180e-11
1.564127307358486722e-10
1.392102828006157051e-10
1.103994212958378987e-10
1.352686303958765042e-10
1.013481911805523445e-10
1.335537073180082628e-10
8.625374440732345899e-11
8.242448635781762199e-13
7.061807818577738557e-13
8.185461798582829553e-13
8.473444844550647280e-13
6.870270437522120030e-13
6.862836518921762234e-13
7.501751346929111555e-13
7.388319441602202970e-13
7.972696105554396156e-13
9.114279709498825210e-13
8.122106176644371066e-13
6.857184109145850895e-13
8.522316048351674530e-13
6.889956192050616078e-13
8.605286018902235870e-13
7.963151661944947876e-13
6.946952023019505609e-13
7.073519981684079105e-13
7.822861669721205767e-13
7.520254606764519491e-13
6.823655263767281208e-13
7.984360966862173784e-13
9.039416354466103811e-13
9.228752617107023744e-13
6.777613935598608724e-13
8.503451631572655181e-13
9.132700810290055036e-13
9.056087758176069613e-13
8.124322118612200385e-13
8.032842959250719669e-13
7.887516321095172748e-13
8.387084506616853006e-13
7.488924119569428335e-13
7.296514480440397115e-13
7.996803924294779513e-13
6.877025756159110505e-13
8.465301248789760651e-13
6.869452753691914625e-13
6.956356337524251743e-13
7.562493691164732956e-13
6.093942325933491003e-13
6.408240357750840633e-13
6.201175451176286209e-13
6.025815557557824374e-13
6.888248229029863236e-13
6.185405210602604243e-13
6.381043899023377648e-13
6.273473037873710408e-13
6.300159012752237501e-13
7.152202938448564963e-13
7.123382999313678392e-13
6.995537219039357823e-13
6.730431667974134457e-13
6.352801408473151653e-13
6.797708580652792875e-13
6.058790681955279782e-13
6.301014123391133896e-13
6.868494692349929395e-13
6.751265087904530862e-13
6.940833781230290224e-13
6.119473957242398466e-13
7.236606159475944008e-13
6.086632923479303122e-13
6.426457035835084113e-13
6.664460789145381498e-13
7.075176791295167166e-13
7.309811531381819193e-13
6.036401616657689991e-13
7.028944996187509405e-13
6.803193076275897188e-13
6.407093732462093287e-13
6.758548959625073925e-13
6.993928697249925492e-13
7.303338256182414398e-13
6.236356252819511106e-13
6.700184114200201877e-13
6.315061197037865862e-13
7.115073775146531584e-13
7.235500441261412052e-13
6.523519380267936383e-13
2.794768478704467126e-12
4.054398069949301029e-10
2.730788673350661677e-11
6.759742446592021120e-11
4.094676102845347167e-13
3.570980273509207434e-13
2.059516439855264745e-10
2.614388109954614755e-14
1.559408470368172769e-10
7.748572188613585863e-13
1.000000000000000072e-18
