1.000000000000000072e-18
1.000000000000000072e-18
1.000000000000000072e-18
1.000000000000000072e-18
1.000000000000000072e-18
1.000000000000000072e-18
1.000000000000000072e-18
1.000000000000000072e-18
1.000000000000000072e-18
1.000000000000000072e-18
1.000000000000000072e-18
1.000000000000000072e-18
1.000000000000000072e-18
1.000000000000000072e-18
1.000000000000000072e-18
1.000000000000000072e-18
1.000000000000000072e-18
1.000000000000000072e-18
1.000000000000000072e-18
1.000000000000000072e-18
1.000000000000000072e-18
1.000000000000000072e-18
1.000000000000000072e-18
1.000000000000000072e-18
1.000000000000000072e-18
1.000000000000000072e-18
1.000000000000000072e-18
1.000000000000000072e-18
1.000000000000000072e-18
1.000000000000000072e-18
1.000000000000000072e-18
1.000000000000000072e-18
1.000000000000000072e-18
1.000000000000000072e-18
1.000000000000000072e-18
1.000000000000000072e-18
1.000000000000000072e-18
1.000000000000000072e-18
1.000000000000000072e-18
1.000000000000000072e-18
1.000000000000000072e-18
1.000000000000000072e-18
1.000000000000000072e-18
1.000000000000000072e-18
1.000000000000000072e-18
1.000000000000000072e-18
1.000000000000000072e-18
1.000000000000000072e-18
1.000000000000000072e-18
1.000000000000000072e-18
1.000000000000000072e-18
1.000000000000000072e-18
1.000000000000000072e-18
1.000000000000000072e-18
1.000000000000000072e-18
1.000000000000000072e-18
1.000000000000000072e-18
1.000000000000000072e-18
1.000000000000000072e-18
1.000000000000000072e-18
1.000000000000000072e-18
1.000000000000000072e-18
1.000000000000000072e-18
1.000000000000000072e-18
1.000000000000000072e-18
1.000000000000000072e-18
1.000000000000000072e-18
1.000000000000000072e-18
1.000000000000000072e-18
1.000000000000000072e-18
1.000000000000000072e-18
1.000000000000000072e-18
1.000000000000000072e-18
1.000000000000000072e-18
1.000000000000000072e-18
1.000000000000000072e-18
1.000000000000000072e-18
1.000000000000000072e-18
1.000000000000000072e-18
1.000000000000000072e-18
1.000000000000000072e-18
1.000000000000000072e-18
1.000000000000000072e-18
1.000000000000000072e-18
1.000000000000000072e-18
1.000000000000000072e-18
1.000000000000000072e-18
1.000000000000000072e-18
1.000000000000000072e-18
1.000000000000000072e-18
1.000000000000000072e-18
1.000000000000000072e-18
1.000000000000000072e-18
1.000000000000000072e-18
1.000000000000000072e-18
1.000000000000000072e-18
1.000000000000000072e-18
1.000000000000000072e-18
1.000000000000000072e-18
1.000000000000000072e-18
1.000000000000000072e-18
1.000000000000000072e-18
1.000000000000000072e-18
1.000000000000000072e-18
1.000000000000000072e-18
1.000000000000000072e-18
1.000000000000000072e-18
1.000000000000000072e-18
1.000000000000000072e-18
1.000000000000000072e-18
1.000000000000000072e-18
1.000000000000000072e-18
1.000000000000000072e-18
1.000000000000000072e-18
1.000000000000000072e-18
1.000000000000000072e-18
1.000000000000000072e-18
1.000000000000000072e-18
1.000000000000000072e-18
1.000000000000000072e-18
1.000000000000000072e-18
1.000000000000000072e-18
1.000000000000000072e-18
1.000000000000000072e-18
1.000000000000000072e-18
1.000000000000000072e-18
1.000000000000000072e-18
1.000000000000000072e-18
1.000000000000000072e-18
1.000000000000000072e-18
1.000000000000000072e-18
1.000000000000000072e-18
1.000000000000000072e-18
1.000000000000000072e-18
1.000000000000000072e-18
1.000000000000000072e-18
1.000000000000000072e-18
1.000000000000000072e-18
1.000000000000000072e-18
1.000000000000000072e-18
1.000000000000000072e-18
1.000000000000000072e-18
1.000000000000000072e-18
1.000000000000000072e-18
1.000000000000000072e-18
1.000000000000000072e-18
1.000000000000000072e-18
1.000000000000000072e-18
1.000000000000000072e-18
1.000000000000000072e-18
1.000000000000000072e-18
1.000000000000000072e-18
1.000000000000000072e-18
1.000000000000000072e-18
1.000000000000000072e-18
1.000000000000000072e-18
1.000000000000000072e-18
1.000000000000000072e-18
1.000000000000000072e-18
1.000000000000000072e-18
1.000000000000000072e-18
1.000000000000000072e-18
1.000000000000000072e-18
1.000000000000000072e-18
1.000000000000000072e-18
1.000000000000000072e-18
1.000000000000000072e-18
1.000000000000000072e-18
1.000000000000000072e-18
1.000000000000000072e-18
1.000000000000000072e-18
1.000000000000000072e-18
1.000000000000000072e-18
1.000000000000000072e-18
1.000000000000000072e-18
1.000000000000000072e-18
1.000000000000000072e-18
1.000000000000000072e-18
1.000000000000000072e-18
1.000000000000000072e-18
1.000000000000000072e-18
1.000000000000000072e-18
1.000000000000000072e-18
1.000000000000000072e-18
1.000000000000000072e-18
1.000000000000000072e-18
1.000000000000000072e-18
1.000000000000000072e-18
1.000000000000000072e-18
1.000000000000000072e-18
1.000000000000000072e-18
1.000000000000000072e-18
1.000000000000000072e-18
1.000000000000000072e-18
1.000000000000000072e-18
1.000000000000000072e-18
1.000000000000000072e-18
1.000000000000000072e-18
1.000000000000000072e-18
1.000000000000000072e-18
1.000000000000000072e-18
1.255948369240585726e-18
2.286587609044496541e-18
4.241794671908518797e-18
8.031808024640768173e-18
1.555494090355417114e-17
3.088691871252369109e-17
6.306863537854568471e-17
1.329110636733638443e-16
2.903995801773154429e-16
6.617008235613722481e-16
1.584626910551985538e-15
4.031090257954721658e-15
1.106184248391314634e-14
3.352951415747540770e-14
1.168455084087018202e-13
5.062312533464235587e-13
3.319695682646006034e-12
7.974448878636542094e-11
1.310029019055023131e-10
5.179032061786288186e-11
6.332260095786054039e-11
1.252367673328376779e-10
3.271358977925657638e-10
5.048552268036088851e-10
4.444080353811913508e-10
2.773738846442654793e-10
1.686932281422253475e-10
1.104084345480940847e-10
8.133671240928836187e-11
6.985060983106247343e-11
7.283482327398595605e-11
1.001228266372347685e-10
2.265669653240385944e-10
8.195586826239923934e-10
1.137094768805405560e-10
2.356163129655479475e-11
7.500871361277877909e-12
2.724987004112593744e-12
8.736275630815114955e-13
1.013615507461095368e-13
1.994588001815422179e-13
4.336600562534327028e-12
2.580060390411001915e-10
3.352042466577158992e-11
1.066664902074368625e-11
6.483785294406273396e-12
5.162947505430085392e-12
4.835128439846886410e-12
5.239288074848986712e-12
6.764655440475108319e-12
1.190371793344556465e-11
6.454014556676755126e-11
6.326693312465064815e-12
7.243205727676130167e-13
9.357525526807295384e-12
8.255541848869960008e-11
3.162312388107407536e-11
8.488011651497580249e-12
3.839401924443560568e-12
2.211374794179567088e-12
1.462351270565771758e-12
1.059856122790641250e-12
8.214270289183698732e-13
6.709752770352011904e-13
5.723124695248118840e-13
5.065706385082630863e-13
4.632733319009525785e-13
4.363937207297283039e-13
4.224717397978331314e-13
4.196722024912167567e-13
4.273175912105592708e-13
4.456918959328532242e-13
4.760313850601498377e-13
5.206839136413535386e-13
5.834689482818773431e-13
6.703298313799202018e-13
7.904642741314490379e-13
9.582941287951849323e-13
1.196986452761341438e-12
1.544982429689620645e-12
2.068656401904600460e-12
2.888163178950674281e-12
4.233358100258545803e-12
6.572362744398405643e-12
1.092274266107957972e-11
1.960076772695743103e-11
3.756689557041135254e-11
6.851383154450812938e-11
9.532321832863183590e-11
8.874290844223844705e-11
7.294318150792856520e-11
3.526066189828229525e-11
4.747656763706635397e-11
4.847862946105900320e-11
5.373286029668668109e-11
6.572143700184726495e-11
9.003962760604410366e-11
1.412651576009232790e-10
2.587559261726794658e-10
5.054786123731655719e-10
6.347550578418883720e-10
4.098219142103166093e-10
2.503896094040527858e-10
1.837599931935901030e-10
1.663243108420693924e-10
1.897324399045223289e-10
2.935753620590651228e-10
7.542373975318032444e-10
3.203532221906315440e-09
8.277663478117085799e-10
2.286421085994620554e-10
5.751014942162189953e-11
9.879983454412214553e-12
1.695407250073861988e-12
3.178033920279702704e-13
5.966710129841249725e-14
9.256873722748255119e-15
6.061726749057902455e-16
1.092179470234096866e-16
7.399219669964952703e-16
1.187908978822698459e-15
1.350248670340596655e-15
1.326302656846107862e-15
1.209120278493170912e-15
1.057281542733007239e-15
9.023681577776009852e-16
7.593405512039440603e-16
6.339404976106130030e-16
5.271735420280708643e-16
4.378260819286263919e-16
3.638080870010509880e-16
3.028328630248875454e-16
2.527360745978697793e-16
2.116049239987762133e-16
1.778115166119917992e-16
1.500009879043653338e-16
1.270609068328511344e-16
1.080853601969262758e-16
9.234009521622167888e-17
7.923141157070566940e-17
6.827962358912626772e-17
5.909701613721620749e-17
5.136983251444340479e-17
4.484370842494496715e-17
3.931196803477539099e-17
3.460625512187374604e-17
3.058904790877012603e-17
2.714768257529983878e-17
2.418957981747885502e-17
2.163842838893630659e-17
1.943112907731566363e-17
1.751534289750853816e-17
1.584751970186615948e-17
1.439130924412227168e-17
1.311627721166853141e-17
1.199686491644616233e-17
1.101154408799171667e-17
1.014212825941916081e-17
9.373210152938716325e-18
8.691700712264762101e-18
8.086450355043851565e-18
7.547936912173120361e-18
7.068007804304180281e-18
6.639666452446224703e-18
6.256894865118871783e-18
5.914505895125862012e-18
5.608019897848225845e-18
5.333561515129186002e-18
5.087773105468626188e-18
4.867741982555470656e-18
4.670939141798054855e-18
4.495167573450741284e-18
4.338518600942789236e-18
4.199334959759310365e-18
4.076179558158569090e-18
3.967809046054808236e-18
3.873151470483012122e-18
3.791287421543350197e-18
3.721434176710802806e-18
3.662932438014827875e-18
3.615235329189332776e-18
3.577899381194438740e-18
3.550577286755178274e-18
3.533012249605648306e-18
3.525033793521556493e-18
3.526554931290691043e-18
3.537570625653468269e-18
3.558157503959468540e-18
3.588474816758733274e-18
3.628766658656805045e-18
3.679365498372214541e-18
3.740697094926409511e-18
3.813286909203983885e-18
3.897768155771369015e-18
3.994891679997737440e-18
4.105537891521818860e-18
4.230731038541391531e-18
4.371656170160179524e-18
4.529679208407148128e-18
4.706370640348652221e-18
4.903533447390551111e-18
5.123236017683362554e-18
5.367850943801005033e-18
5.640100798187926386e-18
5.943112211567400215e-18
6.280479865029922341e-18
6.656342358088300236e-18
7.075472349340752178e-18
7.543383904847037903e-18
8.066460659112598445e-18
8.652109229602943657e-18
9.308943372875693135e-18
1.004700568674470495e-17
1.087803532361333377e-17
1.181579228320911921e-17
1.287645152653948931e-17
1.407908356521586330e-17
1.544624255332015509e-17
1.700468853683909279e-17
1.878627778999588232e-17
2.082906461259168490e-17
2.317867028240856847e-17
2.588999100450116011e-17
2.902933796968694120e-17
3.267713079769156289e-17
3.693130312971055607e-17
4.191162931663851926e-17
4.776524870831786200e-17
5.467375555047294967e-17
6.286234719990684322e-17
7.261169443119136461e-17
8.427343385874033153e-17
9.829051109460896834e-17
1.152240636914078835e-16
1.357891830806079449e-16
1.609028202595699690e-16
1.917484287862424854e-16
2.298638635060248920e-16
2.772618680129031630e-16
3.365966402372383804e-16
4.113961677326203284e-16
5.063893815741480180e-16
6.279714607429777569e-16
7.848726910532144863e-16
9.891308419779551321e-16
1.257521895486977469e-15
1.613692385491506258e-15
2.091381383364458849e-15
2.739361269588645891e-15
3.629135340371710954e-15
4.867137516725322512e-15
6.614428651388530016e-15
9.119141356906194677e-15
1.277110616934488264e-14
1.819604399969258703e-14
2.642227718327368716e-14
3.918435184420987521e-14
5.949363558732378398e-14
9.274816787302078124e-14
1.489740219932464073e-13
2.475395234352034943e-13
4.275075587487490683e-13
7.713916184526256751e-13
1.461970987589847490e-12
2.922592888367319492e-12
6.168388684165901303e-12
1.368479011325682539e-11
3.180469828436936634e-11
8.031553629754182478e-11
2.660536808894972266e-10
1.317799604866061196e-09
3.001983266014697882e-10
7.221439320382194102e-11
2.745743870629102788e-11
1.284143461904413438e-11
6.540864300780127969e-12
3.264087819570083572e-12
1.319275595181569830e-12
1.740584353247135792e-13
4.299800242734440266e-13
8.574584081760366132e-12
1.391705276475299048e-10
1.794155342420947817e-10
5.608307254457927856e-11
3.381644156859889287e-11
2.642863146351098342e-11
2.362704529926619436e-11
2.297198626623635060e-11
2.368675767731872721e-11
2.551989473829973878e-11
2.843221966041183465e-11
3.247240166065905643e-11
3.770982764971254882e-11
8.010263991383943161e-11
4.964840022685000973e-11
5.522065355071265670e-11
5.799736009024374519e-11
5.666319956596234507e-11
5.141946970232691343e-11
4.567449007689277386e-11
3.545033715484928187e-11
2.851324977159974462e-11
2.284460915324129940e-11
1.846826935538278378e-11
1.518125129948601520e-11
1.275094024687397736e-11
1.097896872767456460e-11
9.715318408670628483e-12
8.855421162718530889e-12
8.334051923120788543e-12
8.121587621660422837e-12
8.225657503534511335e-12
8.702127398392712049e-12
9.684379070231610175e-12
1.145459396657752244e-11
1.462666617795990520e-11
2.067522313367452455e-11
3.375620136445275923e-11
6.851806077660220584e-11
1.881434436889526960e-10
2.018202908445309393e-10
9.958198208898096928e-11
4.962369397749223989e-11
3.707733970182862678e-11
9.460384053672753530e-11
1.182753465583883373e-12
4.371670706163570829e-12
6.130066802054818142e-12
9.269140043220188847e-12
2.064883752204202604e-11
1.876446165244612140e-10
3.415428822977367471e-11
4.722051838361897872e-12
1.426278795122181936e-12
5.803234469485281631e-13
2.772438730631005585e-13
1.467216119920529950e-13
8.344654400876572551e-14
5.009955481867204779e-14
3.138825935642272118e-14
2.036000874508871718e-14
1.359561624591791669e-14
9.306532961651145475e-15
6.509197788413630447e-15
4.639801123231135588e-15
3.363591139581693179e-15
2.475717895926840477e-15
1.847479262103300321e-15
1.396115765533881603e-15
1.067299306834268384e-15
8.246979752366589025e-16
6.436037232013042138e-16
5.069548946641168219e-16
4.028040163220249475e-16
3.226765015699699094e-16
2.604892321274699617e-16
2.118272289805693882e-16
1.734530781305617418e-16
1.429699117766118875e-16
1.185870985295786798e-16
9.895551665090643700e-17
8.305053311527857491e-17
7.008805584612701882e-17
5.946375533872768812e-17
5.070867766095544420e-17
4.345656140896795665e-17
3.741958496104426780e-17
3.237023643299505030e-17
2.812766538119216670e-17
2.454733961342119175e-17
2.151315671612324008e-17
1.893139106410256966e-17
1.672602216550897160e-17
1.483510898936741452e-17
1.320796102393406597e-17
1.180291964997441841e-17
1.058560957275634481e-17
9.527554180064804144e-18
8.605074072079365043e-18
7.798406993302499747e-18
7.091001677201082787e-18
6.468948913993269873e-18
5.920521361667969871e-18
5.435799892125543804e-18
5.006369078697736411e-18
4.625068144051408120e-18
4.285786563490037444e-18
3.983295756159924741e-18
3.713110044696014212e-18
3.471371435016954234e-18
3.254753847778962587e-18
3.060383286583033898e-18
2.885771105295987274e-18
2.728758076152740801e-18
2.587467391266828248e-18
2.460265075741711813e-18
2.345726568598595451e-18
2.242608452161700929e-18
2.149824492296200770e-18
2.066425299570785954e-18
1.991581041802084775e-18
1.924566736903633050e-18
1.864749735780865155e-18
1.811579071592798645e-18
1.764576406769617675e-18
1.723328354927830935e-18
1.687479993032734470e-18
1.656729411259884929e-18
1.630823175178398228e-18
1.609552598084794404e-18
1.592750741360996717e-18
1.580290078287878625e-18
1.572080772394491388e-18
1.568069535665462541e-18
1.568239045216082757e-18
1.572607909792613564e-18
1.581231190063579926e-18
1.594201489534949467e-18
1.611650646461705774e-18
1.633752071788032435e-18
1.660723794427511146e-18
1.692832293668604901e-18
1.730397219836732178e-18
1.773797129374199253e-18
1.823476390202803471e-18
1.879953448826477509e-18
1.943830693624335075e-18
2.015806201065461337e-18
2.096687715522734752e-18
2.187409291978490163e-18
2.289051128020537422e-18
2.402863232000012961e-18
2.530293724319155060e-18
2.673022756596302372e-18
2.833003269343260570e-18
3.012510106338656179e-18
3.214199380777876812e-18
3.441180467726576894e-18
3.697103609970786236e-18
3.986266910523647553e-18
4.313747498695146574e-18
4.685562969834669547e-18
5.108870908576382226e-18
5.592216542807694777e-18
6.145841519088037118e-18
6.782070684144535331e-18
7.515798937842281412e-18
8.365107157233635500e-18
9.352045530277718121e-18
1.050363529741868192e-17
1.185315717675393437e-17
1.344181849611946207e-17
1.532092393886224804e-17
1.755472069922302627e-17
2.022415340655124846e-17
2.343185579669761404e-17
2.730883730122742056e-17
3.202351238135781889e-17
3.779399738063175085e-17
4.490500841666131271e-17
5.373130395885976174e-17
6.477053747292123239e-17
7.868979595103159239e-17
9.639228814473111875e-17
1.191140906846333040e-16
1.485663685809711725e-16
1.871474466497526608e-16
2.382639538719861257e-16
3.068253561688997703e-16
4.000195447736004434e-16
5.285538565701058278e-16
7.086852677749983398e-16
9.656242267176329271e-16
1.339400583110614752e-15
1.895290885785516053e-15
2.743020339545019826e-15
4.073591815311126408e-15
6.233360080303062973e-15
9.881657302438243841e-15
1.634989297911766043e-14
2.853190665900415463e-14
5.334431174610189563e-14
1.095864702656808757e-13
2.588120529295339584e-13
7.731874712119420526e-13
3.835332162334609530e-12
1.195711927294076803e-10
1.387797301458810983e-11
5.091757781198097887e-12
3.752451937834927912e-12
3.921357447537353571e-12
5.451781284788269263e-12
9.888890846669223542e-12
4.254489701854063353e-12
2.732496455229744702e-12
3.181122287158017455e-10
1.969777876673492623e-11
6.120076626133199049e-12
3.270576015849936992e-12
2.218440666667425152e-12
1.741350017343295820e-12
1.521712292491658861e-12
1.454424225870984220e-12
1.510563224144072055e-12
1.708062873511910497e-12
2.126210907893800942e-12
2.988261307480334002e-12
5.004197351224562650e-12
1.134563008512242083e-11
4.944511512976175371e-11
7.673066219572013256e-11
1.279784336690443853e-11
4.534300998254551111e-12
2.254606244715423450e-12
1.372517623505101400e-12
9.339462903582797445e-13
6.896206726151594632e-13
5.417554425631640450e-13
4.471891790794651660e-13
3.846622176936484709e-13
3.428356959578430194e-13
3.153248306482438510e-13
2.984370117581740169e-13
2.900720047814785935e-13
2.891725607118883386e-13
2.954661457483284072e-13
3.093886022128694520e-13
3.321568188659899187e-13
3.660123374391822915e-13
4.147233306185746060e-13
4.845484722223271177e-13
5.861172111324445046e-13
7.382893428278113552e-13
9.766889829563847151e-13
1.374529628874877078e-12
2.100563717684261805e-12
3.612641154537961006e-12
7.508479331211163859e-12
2.254518009300367924e-11
1.953251161872166255e-10
1.611297236787478518e-10
2.852906084251726571e-11
1.296739283076568127e-11
8.495658582488853984e-12
6.935539752743534745e-12
6.737399964921104669e-12
7.745354568209362670e-12
1.069233416484223008e-11
1.712811294934979837e-11
2.031266827407115891e-11
1.019562337011775592e-11
4.182291803710853572e-12
1.990640403734610521e-12
1.104137876351958214e-12
6.922806929244921777e-13
4.818593274001330509e-13
3.754868306627115968e-13
3.605986589428367847e-13
1.517278401797418041e-13
1.640471202121564601e-13
1.619873645057314001e-13
1.657795735142771259e-13
1.800802300159406676e-13
2.109318142655259409e-13
2.717166623730675288e-13
3.971729306156186979e-13
6.976599720928509813e-13
1.667293807407053650e-12
7.431388698788399274e-12
1.735250679529571694e-11
3.679773092521737511e-12
1.714128586259447064e-12
1.294981144651229893e-12
1.433260361141203475e-12
2.509040559904135482e-12
9.380113291288035228e-12
1.107536773039487780e-11
3.026495653652617127e-12
2.863596856966838878e-12
3.150976740026210504e-12
1.600766591902984560e-13
2.196924506383498761e-14
4.875832240842873206e-15
1.397052443035817052e-15
4.706709133206741346e-16
1.776847723149496632e-16
7.305734957599991656e-17
3.212017735251287393e-17
1.491053023178475834e-17
7.241610809393549213e-18
3.654470470742461587e-18
1.906164357589826124e-18
1.023348859498424841e-18
1.000000000000000072e-18
1.000000000000000072e-18
1.000000000000000072e-18
1.000000000000000072e-18
1.000000000000000072e-18
1.000000000000000072e-18
1.000000000000000072e-18
1.000000000000000072e-18
1.000000000000000072e-18
1.000000000000000072e-18
1.000000000000000072e-18
1.000000000000000072e-18
1.000000000000000072e-18
1.000000000000000072e-18
1.000000000000000072e-18
1.000000000000000072e-18
1.000000000000000072e-18
1.000000000000000072e-18
1.000000000000000072e-18
1.000000000000000072e-18
1.000000000000000072e-18
1.000000000000000072e-18
1.000000000000000072e-18
1.000000000000000072e-18
1.000000000000000072e-18
1.000000000000000072e-18
1.000000000000000072e-18
1.000000000000000072e-18
1.000000000000000072e-18
1.000000000000000072e-18
1.000000000000000072e-18
1.000000000000000072e-18
1.000000000000000072e-18
1.000000000000000072e-18
1.000000000000000072e-18
1.000000000000000072e-18
1.000000000000000072e-18
1.000000000000000072e-18
1.000000000000000072e-18
1.000000000000000072e-18
1.000000000000000072e-18
1.000000000000000072e-18
1.000000000000000072e-18
1.000000000000000072e-18
1.000000000000000072e-18
1.000000000000000072e-18
1.000000000000000072e-18
1.000000000000000072e-18
1.000000000000000072e-18
1.000000000000000072e-18
1.000000000000000072e-18
1.000000000000000072e-18
1.000000000000000072e-18
1.000000000000000072e-18
1.000000000000000072e-18
1.000000000000000072e-18
1.000000000000000072e-18
1.000000000000000072e-18
1.000000000000000072e-18
1.000000000000000072e-18
1.000000000000000072e-18
1.000000000000000072e-18
1.000000000000000072e-18
1.000000000000000072e-18
1.000000000000000072e-18
1.000000000000000072e-18
1.000000000000000072e-18
1.000000000000000072e-18
1.000000000000000072e-18
1.000000000000000072e-18
1.000000000000000072e-18
1.000000000000000072e-18
1.000000000000000072e-18
1.000000000000000072e-18
1.000000000000000072e-18
1.000000000000000072e-18
1.000000000000000072e-18
1.000000000000000072e-18
1.000000000000000072e-18
1.000000000000000072e-18
1.000000000000000072e-18
1.000000000000000072e-18
1.000000000000000072e-18
1.000000000000000072e-18
1.000000000000000072e-18
1.000000000000000072e-18
1.000000000000000072e-18
1.000000000000000072e-18
1.000000000000000072e-18
1.000000000000000072e-18
1.000000000000000072e-18
1.000000000000000072e-18
1.000000000000000072e-18
1.000000000000000072e-18
1.000000000000000072e-18
1.000000000000000072e-18
1.000000000000000072e-18
1.000000000000000072e-18
1.000000000000000072e-18
1.000000000000000072e-18
1.000000000000000072e-18
1.000000000000000072e-18
1.000000000000000072e-18
1.000000000000000072e-18
1.000000000000000072e-18
1.000000000000000072e-18
1.000000000000000072e-18
1.000000000000000072e-18
1.000000000000000072e-18
1.000000000000000072e-18
1.000000000000000072e-18
1.000000000000000072e-18
1.000000000000000072e-18
1.000000000000000072e-18
1.000000000000000072e-18
1.000000000000000072e-18
1.000000000000000072e-18
1.000000000000000072e-18
1.000000000000000072e-18
1.000000000000000072e-18
1.000000000000000072e-18
1.000000000000000072e-18
1.000000000000000072e-18
1.000000000000000072e-18
1.000000000000000072e-18
1.000000000000000072e-18
1.000000000000000072e-18
1.000000000000000072e-18
1.000000000000000072e-18
1.000000000000000072e-18
1.000000000000000072e-18
1.000000000000000072e-18
1.000000000000000072e-18
1.000000000000000072e-18
1.000000000000000072e-18
1.000000000000000072e-18
1.000000000000000072e-18
1.000000000000000072e-18
1.000000000000000072e-18
1.000000000000000072e-18
1.000000000000000072e-18
1.000000000000000072e-18
1.000000000000000072e-18
1.000000000000000072e-18
1.000000000000000072e-18
1.000000000000000072e-18
1.000000000000000072e-18
1.000000000000000072e-18
1.000000000000000072e-18
1.000000000000000072e-18
1.000000000000000072e-18
1.000000000000000072e-18
1.000000000000000072e-18
1.000000000000000072e-18
1.000000000000000072e-18
1.000000000000000072e-18
1.000000000000000072e-18
1.000000000000000072e-18
1.000000000000000072e-18
1.000000000000000072e-18
1.000000000000000072e-18
1.000000000000000072e-18
1.000000000000000072e-18
1.000000000000000072e-18
1.000000000000000072e-18
1.000000000000000072e-18
1.000000000000000072e-18
1.000000000000000072e-18
1.000000000000000072e-18
1.000000000000000072e-18
1.000000000000000072e-18
1.000000000000000072e-18
1.000000000000000072e-18
1.000000000000000072e-18
1.000000000000000072e-18
1.000000000000000072e-18
1.000000000000000072e-18
1.000000000000000072e-18
1.000000000000000072e-18
1.000000000000000072e-18
1.000000000000000072e-18
1.000000000000000072e-18
1.000000000000000072e-18
1.000000000000000072e-18
1.000000000000000072e-18
1.000000000000000072e-18
1.000000000000000072e-18
1.000000000000000072e-18
1.000000000000000072e-18
1.000000000000000072e-18
1.000000000000000072e-18
1.000000000000000072e-18
1.000000000000000072e-18
1.000000000000000072e-18
1.000000000000000072e-18
1.000000000000000072e-18
1.000000000000000072e-18
1.000000000000000072e-18
1.000000000000000072e-18
1.000000000000000072e-18
1.000000000000000072e-18
1.000000000000000072e-18
1.000000000000000072e-18
1.000000000000000072e-18
1.000000000000000072e-18
1.000000000000000072e-18
5.235004061826453213e-11
5.245543245867959059e-11
5.223847408022252514e-11
5.512876319983218380e-11
5.175410066911628870e-11
5.142521855906134157e-11
5.987900388983709203e-11
5.217371268329742062e-11
7.224116968127864159e-11
5.366819878630877911e-11
5.222566231735035604e-11
6.821957584002056718e-11
5.245541808079220739e-11
8.583335978578324357e-11
5.764698452059638061e-11
5.800363440885103714e-11
8.281551628766897748e-11
5.460348296525682939e-11
5.984331484420283651e-11
5.221658375420164674e-11
7.947278065615514033e-11
6.197954520351623941e-11
6.988067092067796906e-11
5.924019204959100423e-11
6.934261699071208804e-11
5.334433635135040868e-11
5.132092419768457343e-11
6.144179105738616212e-11
5.600294363515451700e-11
8.201568805704528020e-11
6.895493433575490798e-11
5.237618713481301118e-11
6.043058744401827554e-11
5.241111036814805771e-11
8.844154895680331287e-11
5.122467692023228244e-11
7.368017416980631938e-11
7.303687940146435742e-11
5.409054533684323082e-11
5.144680777695284792e-11
1.700253927973439323e-11
1.155653004835463624e-11
1.693592265876874327e-11
2.092902455967451039e-11
1.579246361595425414e-11
2.063176693976960275e-11
1.005744160327089845e-11
8.669767162215653535e-12
6.862318673481337823e-12
1.020520502378596043e-11
6.233588239393468616e-12
2.290097803830713370e-11
1.473788741298932786e-11
1.932280094780804626e-11
9.561442682964008129e-12
1.984857255688209056e-11
1.976889353422805620e-11
2.208005657158981299e-11
7.662887317763493964e-12
1.894935347897211385e-11
1.895644776121860917e-11
1.536409138477833447e-11
1.236802611923521710e-11
1.406382198086699304e-11
6.036503355648159961e-12
6.456894911308623208e-12
6.084846213651645946e-12
1.022914688675007889e-11
7.964741010132868011e-12
1.913528200981686477e-11
2.295677656840532386e-11
7.872049464841337408e-12
6.301941465424029485e-12
1.883618699797667000e-11
5.356133659410710040e-12
9.690069207357712247e-12
1.444125582367805008e-11
1.193800551024304878e-11
9.209780622986548603e-12
1.755217523999829155e-11
2.044033785637180151e-10
1.400863979851321840e-10
2.709124760738211708e-10
5.508498287068088703e-10
5.799619819206687782e-10
3.352922322414054067e-10
1.411632595265652977e-10
1.714216271893167524e-10
8.043993670893967034e-10
4.632544264186015074e-10
5.576841004126739406e-10
1.878879126873438107e-10
2.222297107404862087e-10
1.607387742859629120e-10
1.302087902537526922e-10
1.848966541626846581e-10
1.488376873951300285e-10
1.872059341269177182e-10
1.722231284231303842e-10
1.381359925060723692e-10
2.263819651294930712e-10
3.665445378268171024e-10
2.915781788465727355e-10
3.886406380719473763e-10
1.393788458518823840e-10
1.827028122320194260e-10
1.622165291895561044e-10
5.616423528970713249e-10
4.385696780493565737e-10
8.060908629956885205e-10
6.279697307469309518e-10
7.949856110326640108e-10
5.958625680818900862e-10
1.824357903505590193e-10
1.690843502125645212e-10
1.973587446761780190e-10
1.404950519533069658e-10
7.017582474337887042e-10
1.671711600411275238e-10
3.020318633028309118e-10
1.617055590269480759e-11
1.922329078956563581e-11
2.076143218239391381e-11
1.806125435851299601e-11
2.067384127192524669e-11
1.314242224190041722e-11
1.508236318381782225e-11
1.995293888044813842e-11
1.549958772812740359e-11
1.858007749376457189e-11
1.896772407788265235e-11
2.103373625502479653e-11
1.380171523559084651e-11
1.879577997374373247e-11
2.024718698915989437e-11
2.048695209057631262e-11
1.865539020486844728e-11
1.473153352865813149e-11
2.081852717396225601e-11
1.222027755272493277e-11
2.042645657194967276e-11
1.812895263423946054e-11
1.847135509723663733e-11
2.092143890388404669e-11
2.014220192297347681e-11
2.085196194778385819e-11
1.446119342857259555e-11
1.316757089916185755e-11
1.704771016399821267e-11
2.084775343243603610e-11
1.499512539857693624e-11
1.902342407448632333e-11
1.919767978990242585e-11
1.696935799108004128e-11
1.242082343145475077e-11
1.788432678125529302e-11
1.441052039133046551e-11
1.964542529737088109e-11
2.003537286114714623e-11
2.092856264572133210e-11
6.951467342168521087e-12
8.985382226028473379e-12
9.903700573960153823e-12
6.442903187209124203e-12
6.924780408345777128e-12
7.958827098237188316e-12
1.036082977340821557e-11
6.283819450893655826e-12
7.072511259838226133e-12
7.374941834810987216e-12
6.966860251035933661e-12
9.488835114877073320e-12
9.684146893082043287e-12
7.491461197228117722e-12
5.910948054938353132e-12
7.496264752502322048e-12
6.469128874145509582e-12
9.609938530221930321e-12
6.109078928605577944e-12
1.119227186253482700e-11
1.056376510047861358e-11
6.890608925124206384e-12
6.534706593199501188e-12
8.427275973825790173e-12
5.315245267637731559e-12
7.551241890025512386e-12
6.273388509572815152e-12
5.237445606652137158e-12
6.232131231584549044e-12
7.624471978016095246e-12
6.115512522778175814e-12
8.455139075618424267e-12
5.617417903431404188e-12
8.072594258471386942e-12
9.986084898506182291e-12
7.392632595843106483e-12
9.627264012070672471e-12
9.140327162729983339e-12
7.216911049331290706e-12
5.293266524659541401e-12
1.556419503618347362e-12
1.478582249757732645e-12
1.579771598400575157e-12
1.636968375873552923e-12
1.473484114884974205e-12
1.564531111861028054e-12
1.456245611829338349e-12
1.470670970568298069e-12
1.535304540462088664e-12
1.457010586623880228e-12
1.559894233737162616e-12
1.492379768763522682e-12
1.604196681516031739e-12
1.457371102073620332e-12
1.586502138083367892e-12
1.558687639880569404e-12
1.639752120437376522e-12
1.655397496629609342e-12
1.456827937351544894e-12
1.510500725978497402e-12
1.477471904805084151e-12
1.472651063225755262e-12
1.557057380747792654e-12
1.641843079120887955e-12
1.461943313696877661e-12
1.488089844914414923e-12
1.494461496132239501e-12
1.458458992865537789e-12
1.659376000063886633e-12
1.588370866507114837e-12
1.565102018036406492e-12
1.490583246862953225e-12
1.518489024139493023e-12
1.522528231198947815e-12
1.488291643953887755e-12
1.463513877345423075e-12
1.538223487246293525e-12
1.534666768997016725e-12
1.546702574427683039e-12
1.568909167984650281e-12
2.370895031841774854e-09
3.176240878230112224e-09
1.821537495908091911e-09
3.121239435123474422e-09
1.952668806344275193e-09
3.225436379947419007e-09
8.835707680189305545e-10
2.978468359081821339e-09
2.842340585534612154e-09
9.334288283004777232e-10
1.623696084528561769e-09
2.477727024225385233e-09
2.934647477962839788e-09
1.563003152611847032e-09
3.099716463478517889e-09
1.922395446382149502e-09
2.587804250562225364e-09
2.207172422877092540e-09
2.293915347329290271e-09
2.842504103055967199e-09
2.808868837788445615e-09
1.376565899264345340e-09
1.703042016349185062e-09
8.883575114466852212e-10
2.163474257056319105e-09
2.100058431251089708e-09
2.513873157362450802e-09
2.983223645066743515e-09
3.237830429676283517e-09
1.984823815020517298e-09
1.182968929938336674e-09
1.169260331129191259e-09
3.166786913743544899e-09
8.924102347568320972e-10
1.062592391453876679e-09
2.670123957281579422e-09
2.053620216805119869e-09
1.803224887295965780e-09
2.577249299656400084e-09
1.894507447573894070e-09
5.716263535370236400e-14
6.326342440741099047e-14
9.281415409668051525e-14
1.344894631222853981e-13
7.129051911413020551e-14
1.551653410437050991e-13
9.312061983378991078e-14
6.201257890836264995e-14
8.702777462528373598e-14
1.165410619893247297e-13
8.355983312756207530e-14
1.240915512032401890e-13
6.498737030317919099e-14
7.870053661978329962e-14
5.909789283383898630e-14
5.931344481063426152e-14
8.660405537951074553e-14
8.272346199642603867e-14
1.156379322614387213e-13
5.607912077588482491e-14
8.438015372919760699e-14
1.347892634893111959e-13
6.876965596574457234e-14
1.821927416070529368e-13
6.183245305931726001e-14
5.882631289725912315e-14
1.258301619250339182e-13
1.942340063398242079e-13
9.250404984107831611e-14
6.144288983897850561e-14
9.933088702512419992e-14
5.647065432071264461e-14
1.811570351389824659e-13
8.034902170987911564e-14
7.093605650940059530e-14
7.060999753970081229e-14
1.034402641921289308e-13
1.176974709244519907e-13
9.823711552824933457e-14
5.607489119481041002e-14
1.350032485916950747e-09
1.314123931244487998e-09
5.723487225597611519e-10
1.223049485390502984e-09
1.218447968486416354e-09
9.079971396487124678e-10
1.101700297454469045e-09
3.326121935193862623e-10
1.044987114332830443e-09
6.662109749573032308e-10
1.181962342647671553e-09
9.099801124871898980e-10
9.786232403877299898e-10
5.351859177234975334e-10
6.341147100317477992e-10
8.628349353977266042e-10
1.098386131506075137e-09
1.147579273964101513e-09
5.167976352347022882e-10
1.100687920736430307e-09
1.016109097042232749e-09
5.615063735349365146e-10
1.211957325107080801e-09
5.117714471858710983e-10
1.295490419818812963e-09
1.082970747845013213e-09
1.350377403370216342e-09
1.280823381389041069e-09
6.385367766684059818e-10
1.162048479939924752e-09
3.414634171704228109e-10
1.016524362437232983e-09
3.289491232093695750e-10
4.975714601794473827e-10
9.349737889372342719e-10
6.465514481300418541e-10
9.016923110332841059e-10
7.929038777255869154e-10
5.954569822380222623e-10
5.947087899667539504e-10
1.229647675306513459e-11
1.057759015579136496e-11
1.136025783009151908e-11
1.241901680403012118e-11
1.196628234571054621e-11
9.678134459208240640e-12
1.295388183179282211e-11
1.255965435491384602e-11
1.164208336810311137e-11
1.169247461581172623e-11
1.087213470251579060e-11
1.075542886168084976e-11
1.260773558331064608e-11
1.136742813862314234e-11
1.167992039708105047e-11
1.144956788314591477e-11
9.740898739703514541e-12
1.311162437433909433e-11
1.214177880687389563e-11
1.040671139081542046e-11
1.160036708672484262e-11
1.007963246799304931e-11
1.292601423333323699e-11
1.004343101472395053e-11
1.180917914634377797e-11
1.152175135407114935e-11
1.206084119446034641e-11
1.058854759622675826e-11
1.009817085025737440e-11
1.304801152444818443e-11
9.745233219249258538e-12
1.140878873856499017e-11
1.087174741754071639e-11
1.248431323695108892e-11
1.069953948835382848e-11
1.073142447857808655e-11
1.199040350639711666e-11
1.067298738753974329e-11
1.246094018626684670e-11
1.186301184307618345e-11
1.012026756961351119e-11
9.501888743252535173e-12
9.253989522489663917e-12
8.717786558644889000e-12
9.879789625716887343e-12
8.971319486403754955e-12
1.039631850436381093e-11
8.815209189568958742e-12
8.933455686764453993e-12
1.034001049874313901e-11
9.818229753575983088e-12
9.170966478997210191e-12
9.881908800476796074e-12
8.790527704594809367e-12
9.850258777214157496e-12
9.057191785829326519e-12
9.852426890270744127e-12
8.776968609933872803e-12
1.037799351133797148e-11
8.867536985501558575e-12
9.459956359714242229e-12
1.019689118474781507e-11
8.868121160219068692e-12
8.960811443452550909e-12
8.825080364163342276e-12
9.289807794590582830e-12
9.582365276163093682e-12
1.021299363086339683e-11
9.370678171434242856e-12
1.039877655908032900e-11
9.594905250157830384e-12
9.372184473319793333e-12
9.344476569052516693e-12
1.003587642288629686e-11
8.671527819204234501e-12
9.792890501355004818e-12
8.995851428857304652e-12
9.186666539485758225e-12
8.982340558326239888e-12
8.692864090670999014e-12
5.704389800597452419e-11
2.252489695877516303e-11
3.188041979072543710e-10
2.045724614905005869e-11
7.570349292261205906e-12
1.515003590496392458e-12
3.181337494171203288e-09
9.880029558878893890e-14
1.265584447309094261e-09
1.097517701625996521e-11
1.000000000000000072e-18
