1.000000000000000072e-18
1.000000000000000072e-18
1.000000000000000072e-18
1.000000000000000072e-18
1.000000000000000072e-18
1.000000000000000072e-18
1.000000000000000072e-18
1.000000000000000072e-18
1.000000000000000072e-18
1.000000000000000072e-18
1.000000000000000072e-18
1.000000000000000072e-18
1.000000000000000072e-18
1.000000000000000072e-18
1.000000000000000072e-18
1.000000000000000072e-18
1.000000000000000072e-18
1.000000000000000072e-18
1.000000000000000072e-18
1.000000000000000072e-18
1.000000000000000072e-18
1.000000000000000072e-18
1.000000000000000072e-18
1.000000000000000072e-18
1.000000000000000072e-18
1.000000000000000072e-18
1.000000000000000072e-18
1.000000000000000072e-18
1.000000000000000072e-18
1.000000000000000072e-18
1.000000000000000072e-18
1.000000000000000072e-18
6.538265145284767599e-02
4.388470748779349506e-01
1.992230724115238438e-01
1.476177115064611634e-01
2.292973167270723295e-07
6.108670672617750874e-01
6.001079125112143142e-01
2.441217431226174848e-16
1.000000000000000072e-18
1.000000000000000072e-18
1.000000000000000072e-18
1.000000000000000072e-18
1.000000000000000072e-18
1.000000000000000072e-18
1.000000000000000072e-18
4.972660754587755055e-02
1.427961072403217402e-01
1.734735456600476899e-01
1.844585702810606631e-01
3.358243126952928925e-01
2.215706764696205588e-01
1.000000000000000072e-18
1.000000000000000072e-18
1.000000000000000072e-18
1.000000000000000072e-18
1.000000000000000072e-18
1.000000000000000072e-18
1.000000000000000072e-18
7.207432147656385435e-18
3.824189778522911476e-02
6.620687143202741431e-02
6.334256396106212716e-08
1.962240448625887368e-01
6.357913355407515676e-02
1.525769039189034948e-01
1.377943494769348284e-02
1.000000000000000072e-18
1.000000000000000072e-18
1.000000000000000072e-18
1.000000000000000072e-18
1.000000000000000072e-18
1.000000000000000072e-18
1.000000000000000072e-18
1.000000000000000072e-18
1.000000000000000072e-18
1.000000000000000072e-18
1.000000000000000072e-18
1.000000000000000072e-18
1.000000000000000072e-18
1.000000000000000072e-18
1.000000000000000072e-18
1.000000000000000072e-18
1.000000000000000072e-18
1.000000000000000072e-18
1.000000000000000072e-18
1.000000000000000072e-18
1.000000000000000072e-18
1.000000000000000072e-18
1.000000000000000072e-18
1.000000000000000072e-18
1.000000000000000072e-18
1.000000000000000072e-18
1.000000000000000072e-18
1.000000000000000072e-18
1.000000000000000072e-18
1.000000000000000072e-18
1.000000000000000072e-18
1.000000000000000072e-18
2.958428169973915597e-02
2.433812371790639455e-13
1.279372539633097730e-03
1.000000000000000072e-18
8.224519629506953089e-03
2.102850073671968589e-11
6.869796688105680644e-10
3.719266791884203761e-03
2.932284323894306790e-08
7.830196167119173739e-03
2.458632361411230198e-16
1.045312359576516893e-14
4.612831336670176335e-02
4.061397495971411087e-01
2.498456029399962475e-01
1.189785231037610670e-12
6.924993986731501142e-04
1.161018645859675852e-14
1.032556161301402772e-12
2.176033332420842549e-03
4.632220838505655136e-01
3.954143575593885465e-06
1.465385332347802529e-02
3.094168745279441699e-17
2.316242027158105526e-11
1.938034839312901717e-11
1.833584344777812285e-03
3.175707960935744554e-12
7.433675838195911816e-03
5.601262443460734985e-01
8.000951493418044791e-01
1.125571021653245452e-06
1.258105909072406749e-02
1.647091383425554594e-03
4.253358490919144363e-03
8.098208692392950669e-04
1.464719298492405232e-03
3.360596728237862790e-02
6.509217261764293717e-09
5.009861336283791298e-10
5.339396703787338029e-03
2.179839130477968442e-02
7.792990465432243601e-04
2.883526341330961296e-03
8.594974057240828413e-03
5.753333855721890280e-03
5.411165425688853423e-04
6.058784559258726388e-01
4.812487215953944672e-03
2.060233074691207589e-02
5.156573441363095610e-03
5.331812613884182213e-03
5.279161782687225024e-03
2.927587455955839302e-02
1.748834890060690234e-02
4.846056779381464619e-01
1.095383019657769109e-02
8.267235373621237282e-02
1.731455864570070934e-03
8.183908211340230193e-03
6.700746307903698851e-02
5.896360539390546607e-02
6.734366255425185133e-02
8.044894544962827299e-02
1.496855247112695297e-02
3.081194537123958799e-03
3.819598499258280988e-02
1.295806393978999327e-01
5.290804826094707564e-02
2.360222403678606251e-01
3.332889310845209285e-02
1.359386800491724223e-01
3.937717173571244483e-03
1.536748708833866710e-02
1.342864793477540654e-02
6.114216806502910037e-03
8.429490712958867538e-02
3.437231274219311461e-02
7.846815044460121458e-01
2.452757129537191244e-02
8.429287191775125879e-03
4.833622700119519222e-02
1.375187051663966098e-02
6.295921468859525319e-03
8.107414016000616952e-01
2.786935415588032150e-02
4.278952644854759624e-02
2.312171521050273432e-02
2.796628754387555510e-02
7.047709732740822797e-02
3.008531019179979879e-02
7.808792542243965518e-02
2.349200522466339536e-02
1.117357697801692369e-02
9.605736051012277871e-03
2.492642607616129755e-02
3.877976492574537748e-02
1.057180438574861353e-01
7.359073909104363320e-01
6.202230483728925214e-02
1.540186161239880946e-01
1.240336567856448712e-02
9.367310406260351968e-03
8.600779104319923596e-03
7.038901198033985229e-02
8.154778708953575039e-01
6.318340188502771793e-02
3.478210263070038999e-01
1.271233336499928424e-01
1.146055452256472366e-02
8.762625358132091272e-03
3.836878070649342720e-01
1.095744175516878971e-01
4.545540324592229481e-02
8.908415981789488680e-02
2.484856122793237254e-01
1.146426470079912191e-02
3.497003865801033562e-02
2.180763492749510438e-02
1.369644786090018669e-02
1.028554553480887368e-01
8.891224243195577914e-02
5.361377583726550933e-02
2.948282643881528498e-01
1.558229183722874105e-02
1.197038852426574387e-02
1.192309742454072952e-02
5.948633794445733897e-02
7.546859878739638205e-02
1.364073845051133049e-01
8.867919925620773580e-02
1.006155903226923498e-01
2.631696010233232352e-02
5.657193439580815442e-02
2.840146189501965152e-02
9.468503344697223531e-03
3.855765535144240475e-01
8.017421277992760331e-02
1.097249977488790329e-01
1.002177112346469695e-01
3.968690609096371669e-02
3.641215060422544614e-01
6.411742859557416352e-02
1.098401769356316740e-02
2.958767868833918693e-02
2.513682496327024340e-02
9.699833029588018907e-02
7.737659801400984527e-01
7.611400446273054732e-02
3.549106918933080806e-02
9.675369726032796436e-01
7.918761119039775809e-02
3.528234002827370652e-01
7.928260100194832738e-01
7.924007806265417897e-02
9.397368352362847621e-02
5.828234601313576624e-01
7.527738636750553880e-01
9.175522063090722769e-02
5.436980777873061665e-01
1.385241342832509437e-01
4.570866889504824337e-01
2.399680099285296520e-02
8.216352324158787690e-02
8.552918914014107088e-02
2.659112672692401924e-01
1.247293366729855107e-01
7.912037473290254308e-01
2.601411640713107223e-02
3.501076888156068323e-02
2.611687747959004144e-02
2.952210221429611009e-02
4.345801124962920814e-01
5.042814918061867546e-01
1.566197169489729757e-01
1.346880125849086174e-01
4.216729075036521057e-01
1.719675683601701310e-01
1.962420395137935980e-01
7.275749196858687373e-01
9.770214366361612557e-02
3.028613601843154757e-01
3.578664162719309705e-02
4.181692574897299952e-02
4.061237456503910548e-01
3.014334969779166040e-01
4.873114116054760303e-01
1.343913431611615250e-01
3.392989721042250634e-02
6.492788570279436344e-01
3.375552776872626365e-02
2.826978851288550892e-02
2.062947529241670186e-01
1.604661129159803967e-01
6.384847593414377798e-01
1.674724738621511944e-01
1.412026872261894217e-01
2.727961834872117408e-01
3.223773362045160434e-02
5.069280792606927211e-01
3.627582150676789130e-01
7.920017325731624203e-01
8.528421558096007660e-01
2.198390681065614249e-01
4.514900503267739451e-02
2.987269430137664758e-02
2.616144212438612504e-01
2.753117932979004534e-02
1.717722086626300437e-01
2.399780564425242901e-01
3.833285004145596808e-01
3.548032162699290004e-01
2.607278445932906252e-01
1.828402455845353214e-01
6.305460138430792061e-02
1.002681007680004260e-01
2.593666455671814891e-02
5.631110214410459669e-01
2.351552130944958297e-01
4.813834101945514872e-03
2.833097525601466216e-02
4.268304955590256772e-02
5.111156749937920685e-01
2.273361834462004488e-03
7.512109554935591507e-04
2.397280093426270575e-01
2.745158253898239975e-01
3.178694772632083016e-03
2.445951653729186697e-03
2.731526372399727988e-03
4.023997692084835959e-02
1.344875246409487420e-04
1.571132325767846550e-03
1.440381227955564170e-01
5.486370552344490420e-02
1.795734058059731287e-03
4.327400660547268130e-01
4.540757160879581589e-01
8.720595316469913483e-01
6.883212333608471623e-01
2.769169729628345733e-01
5.422400672796636595e-02
6.076464422180218039e-02
6.348265664492613869e-02
1.114865420071939617e-01
8.444988987289812898e-02
7.283010190588952437e-02
6.710920720082801105e-02
7.205370614571365850e-02
6.231795912500240342e-02
9.087136740825145498e-02
8.668646475240378291e-02
4.207544520523774922e-01
6.635992613896544157e-01
1.403232037088979201e-01
1.447280629340675917e-01
5.585520748105204242e-02
5.901738799502369293e-02
7.014664670846817995e-02
1.381826988177067839e-01
2.888523977176599145e-01
1.725399210841189190e-01
1.518966934122795709e-01
3.056074633952414188e-01
3.614790649209283502e-01
8.567621790318033503e-02
5.655752996555140494e-02
2.861773450528689033e-01
1.913785068825633595e-01
3.384552412078894457e-01
1.984654752684037460e-01
9.843441361968424674e-01
8.092819438876332205e-02
5.988152501367446229e-02
8.378282730111447085e-02
5.796531209248736993e-02
2.774643122070212242e-01
3.075074606198132665e-01
6.839849013245778986e-01
9.913772841352406218e-01
8.116195286128602415e-02
6.192415486332626673e-02
1.718854315624421814e-01
2.742795690898154337e-01
2.032900102424087529e-01
2.010971561090784399e-01
9.867677437484683178e-01
2.224458851031247963e-01
2.776127792463179977e-01
5.765891067097856926e-01
7.427653859491706312e-02
2.403060107707787607e-01
2.377159352323416630e-01
2.677457782559772292e-01
5.582793413034337071e-01
3.623013339387918808e-01
1.051533925780638312e-01
6.691742739609410351e-02
9.954697538136458856e-02
6.854363277851552860e-01
4.668707187843330608e-01
2.055513627053351666e-01
4.904405008417906942e-01
2.273807004510033369e-01
1.983824437700190124e-01
4.787292869099076809e-01
3.195385556288312112e-01
8.567813010446581612e-02
2.490556090429663083e-01
3.664041865747968418e-01
2.657983207040066076e-01
3.228447933754826082e-01
6.697355299918726634e-02
3.007043420046179305e-01
5.519134759188522033e-01
7.222069167515592081e-02
8.436662421743721385e-01
2.232990234402704444e-01
9.763328518600171702e-01
9.639255098952677070e-01
4.076766877548850254e-01
1.203233918869760222e-01
6.627703131530547631e-02
6.526339548591823803e-02
2.934224624498159573e-01
2.858234854497639366e-01
3.378146794218359061e-01
2.772841989807280361e-01
3.577505775837021007e-01
1.034250609827166295e-01
8.609286589294738723e-02
6.829553343689777345e-02
2.641843895654545360e-01
2.222298036370838337e-01
2.653350338473469683e-01
3.477204349715363740e-01
6.777018638803267159e-02
3.478189729311743639e-01
7.773124260663494267e-02
1.558963138871959364e-01
2.133548646446231656e-01
3.491181666655931437e-01
2.180015661382946890e-01
1.990730189484104795e-01
1.766290341513044870e-01
1.045114965442565935e-01
2.166899480186707527e-01
2.219992764397043516e-01
1.476432093191002437e-01
6.714680433053787922e-01
2.313762427881934369e-01
2.323781481366926083e-01
1.338822261204623554e-01
9.126689399175982875e-02
8.636997255360200076e-02
7.908386765821683040e-02
1.086290387070183994e-01
2.758109378462644257e-01
5.589817109461896472e-01
8.377027451799370916e-02
1.106014551229863307e-01
2.584354950864267312e-05
1.941703950842837423e-01
5.157344755803579955e-02
6.182301126387034218e-01
7.778135910228630712e-01
9.107776858198265990e-02
3.715719694140471319e-01
5.188025168526722020e-02
4.276627264139815985e-06
2.615538446877265784e-06
1.573090222901344509e-02
2.832662936528827462e-05
2.770352281884474124e-07
1.192392687017865677e-05
1.026634048358065068e-06
6.723202963493066231e-02
8.550248362506453204e-02
3.793465391604112190e-04
2.740879263488440153e-03
1.395458776330980033e-01
9.372761466052610419e-04
7.663629585924434939e-02
2.038574647818305863e-04
7.198317112477269075e-02
8.184373306237521556e-05
2.691111430313853914e-01
9.472654568805886780e-05
3.062966913384904902e-03
7.752378518210120695e-02
5.071008142394003819e-03
5.565151546272752246e-04
2.296896163964047000e-01
1.969166748158008573e-01
4.353470166502884653e-01
4.775793631494060221e-01
1.865087031788135730e-01
3.980307109323322212e-01
7.604144489374456417e-02
3.431667176525036167e-01
9.870022021499529064e-02
1.085682801262044250e-01
7.581985636915428151e-02
5.194253506281247823e-01
2.659033101776836494e-01
2.967703009606663112e-01
4.671237088909471202e-01
4.939646615670080232e-01
7.223906176839021143e-01
7.959557151272993181e-02
2.957942549113276032e-01
9.423424376119109158e-02
4.864357792108512379e-01
5.492816339713180174e-01
5.491044401000804154e-01
5.338568890807253720e-01
7.163655901336399290e-02
8.244040396215116528e-01
9.989718433219087201e-02
7.815149897927470279e-02
5.401163981317440577e-01
4.486095711554174970e-01
5.439934310142479079e-01
4.154423278405834918e-01
7.957044142955956023e-02
6.968082781347793853e-02
6.929467169550360128e-02
2.073795549646639258e-01
4.260864092154134641e-01
4.456679154795964437e-01
5.642605735588712701e-01
5.807653636909821948e-01
7.303954143164689827e-02
4.403165703739327919e-01
6.875140304876804775e-02
8.710915441571413786e-02
5.819390810514131207e-01
5.055460589372269276e-01
4.563101654477773605e-01
4.827846944384226457e-01
8.047418976745715491e-02
7.506120506345048682e-02
1.678844320325583728e-01
5.480651330257475529e-01
5.639005229232068039e-01
5.100978822050655781e-01
5.904906613174485397e-01
5.672444520686306113e-01
7.282948413098397356e-02
6.805732333584907368e-02
7.630083982866200931e-02
6.621052200495931850e-02
5.426217429664274006e-01
6.199139496208532218e-01
6.133460958292041854e-01
5.607325153202060708e-01
7.323237738841724409e-02
2.268329160581167570e-01
6.944749982555287193e-02
6.950306539891452917e-02
5.062627810504828352e-01
4.215031727242349868e-01
4.971936726804023765e-01
6.092087150365497195e-01
5.264694127815607028e-02
4.124123049646090111e-01
1.344894041863608503e-01
4.050757792641908051e-01
6.778048877188972421e-01
6.136128183615729981e-01
6.824153138453441514e-01
6.607400711025324114e-01
5.859929671520552885e-02
5.209897613324787624e-02
5.455346364847064172e-02
5.470621485716156002e-02
6.356559142864393053e-01
5.633449588480157200e-01
6.565737901011940991e-01
5.499702727247141043e-01
5.269663393904516074e-02
1.120280675317093938e-01
5.434765713237475065e-02
7.450364857942058661e-02
5.705799828905090409e-01
5.049592776863899291e-01
6.329317759606916116e-01
6.184333897906533206e-01
1.023446464424969810e-01
5.094124025199515265e-02
6.071300016385174775e-02
9.314436368321269422e-01
5.778650250013213086e-01
6.352171389700385085e-01
5.445447162412027087e-01
4.968833745424844905e-01
5.555944781927639464e-02
2.506792612899393924e-01
1.879818962198647747e-01
4.889803803568063684e-02
6.042384814129062587e-01
5.550109344313913784e-01
5.058551508104941474e-01
4.616222025192230349e-01
4.485332782748997771e-02
4.309787550262905026e-02
4.263150683366982024e-02
6.687544888505170260e-02
6.714950269875978872e-01
4.721755804324266337e-01
5.826127665915349363e-01
4.397968970765053776e-01
5.442682413072667813e-02
1.047656956761194857e-01
2.769005554083500686e-01
4.458894637781974507e-02
5.964895641306654506e-01
4.903842900887793732e-01
6.725548765259899975e-01
4.716085639699814647e-01
3.722020095327070732e-02
3.317868664210335550e-02
5.324092442061694602e-02
7.944094765950500403e-02
7.051086400033003132e-01
5.449652465880426844e-01
7.216464275542067153e-01
6.466629595462413116e-01
2.673827666841550876e-02
3.125471982016483907e-02
1.840270078289005795e-01
9.387685093973306694e-02
7.051529888168400761e-01
6.172550985548369562e-01
5.475092601719997454e-01
3.539385691420612878e-01
3.131020031803190273e-02
3.542479409383888361e-02
3.923033866023834665e-02
2.662105212456985018e-02
5.911705810496302727e-01
5.180114507766978571e-01
7.231835162810635875e-01
7.362984017699467643e-01
8.464915222027682984e-02
1.333229102972323388e-01
1.806706785970566692e-02
1.803895666039021656e-02
2.915687603813746365e-01
3.826665170640476954e-01
2.533947588432365894e-01
5.085271992526178009e-01
2.764690787245903739e-02
1.410387458043558737e-02
5.929086808735820613e-01
2.538701036930355107e-02
4.813216911108444407e-01
1.565073870095984865e-01
3.289495171824827202e-01
7.591926714741915605e-01
1.436750021543915096e-02
2.917614715159574934e-02
1.531128043091745106e-01
1.464107660311674865e-02
2.493310338391880043e-01
1.916256459482846564e-01
2.103170801198796791e-01
5.373194412500351680e-01
2.683810924360687661e-02
1.356460802988085183e-02
4.434591804498597828e-03
1.272813113082472275e-02
1.624703135801030540e-01
7.389718732800576451e-02
1.776465542063063729e-01
9.840433870695014518e-02
1.044463257081213771e-02
7.071083746820848726e-01
4.913268771177659033e-02
2.866746422355973337e-02
6.538087188365511171e-01
5.108690354253364596e-01
8.715217575490698807e-05
1.348051668358032362e-01
1.579522625958367475e-03
9.990658921028749434e-07
1.438913945385127645e-02
8.831990568253187193e-03
1.165259014682590993e-01
1.112686458204335538e-01
6.519526095396457888e-02
1.028291904284945043e-08
2.453695600315663593e-03
9.327831532525920032e-04
4.143830031523250412e-03
4.234444411863381996e-02
4.407513697915682528e-08
1.200730702348717371e-01
3.311803968069542723e-10
7.075180188503213397e-02
7.101810327609626558e-07
1.564792547798412935e-11
4.722907053354389630e-03
2.263235938074569043e-09
1.547566724019409492e-10
1.192955406678087750e-09
1.045854182913817089e-06
2.528882022704963539e-01
1.000000000000000072e-18
1.000000000000000072e-18
1.000000000000000072e-18
1.000000000000000072e-18
6.032687012341002991e-02
6.328625697803728527e-09
8.028075630287389040e-10
2.498369644943723711e-02
2.429823714714886617e-08
4.006228892589788888e-07
1.029970297549701909e-02
1.868440730785235480e-10
6.318521835173637746e-02
1.855992761503949887e-02
2.256776056412961013e-09
6.040629820418298018e-02
4.353460276637517723e-02
1.269333353652051799e-01
4.214590111077889419e-05
3.299121242698735412e-02
2.108161666871540159e-07
5.772897729252254997e-05
4.196096963270807417e-02
4.208836356098173451e-08
3.552255530960570645e-02
1.161896102770581217e-02
9.256161013660292244e-03
9.820185390345285981e-03
7.007184190764170761e-02
8.509806294841910923e-02
6.137993746231414083e-02
2.885171649636345537e-01
1.020821345652064838e-02
4.055224997663257197e-02
1.041666647212489624e-02
4.467799032778424495e-02
2.754729318659527859e-01
1.575773865515897043e-01
1.416102309930506731e-01
2.928544406006656220e-01
3.674738087109602480e-01
1.460949840624388256e-02
2.867017019938529476e-02
6.357523670758843948e-02
1.362904114223466301e-01
1.078210852774669354e-01
1.562217549705214314e-01
1.829835510698716028e-01
3.354198581987966055e-02
1.891187288731477900e-01
1.967284971115323133e-01
3.765490489283731396e-02
1.396938665796175483e-01
1.802949013294142255e-01
1.451790509303667875e-01
1.980057424428257051e-01
3.036221463784731858e-02
6.706169721617713519e-02
1.700968956131653220e-01
3.358174280212723462e-01
1.796391851917200355e-01
2.368439569840192216e-01
2.615775683936260587e-01
2.211057071612378966e-01
6.073958755209828142e-02
3.860922490522301215e-02
7.109103330092694795e-02
6.917886634147155100e-02
2.560346034431746354e-01
2.701565771425221696e-01
2.465388995485177648e-01
3.449529857140500866e-01
6.364848078086170202e-02
2.268419121758684931e-01
5.418214965819623946e-02
7.954787666305104810e-02
3.034949892237461810e-01
3.064868055278016645e-01
3.183255519288981095e-01
3.389353638865461038e-01
1.111002619038045924e-01
7.112584530097178226e-02
8.903409523103320566e-01
1.259459325674559260e-01
2.706254149153727306e-01
3.145964276982301522e-01
3.688915172679694821e-01
2.964335400601332826e-01
4.916374175481291742e-01
8.066263943818520465e-02
1.101347978492002444e-01
2.776308098386849332e-01
3.473638416762118708e-01
3.902638469432019863e-01
3.752332326543600938e-01
2.818353494638842216e-01
7.934105887542726443e-02
7.941498590587051098e-02
1.030739707736317012e-01
7.947391222748557971e-02
2.726941455435814010e-01
2.850958106118072766e-01
3.678004830499999045e-01
3.998448369189753770e-01
1.851656886429103310e-01
8.830337854664956909e-01
1.156441149436655685e-01
2.022524893655047173e-01
2.714251888327303686e-01
2.997493463581583084e-01
2.815151054133451791e-01
3.636649260662658256e-01
1.103689882471490941e-01
1.728920981703371551e-01
1.095744209793712842e-01
1.281148552973614130e-01
3.037712573363933188e-01
2.957560718607827877e-01
5.154241661178942113e-01
3.645699141155677170e-01
1.539837866387299969e-01
2.651872584227988883e-01
2.121040944110311743e-01
1.612722965559053867e-01
3.768130003288873153e-01
5.109150538028899291e-01
2.976651039379675789e-01
4.353218429025559333e-01
4.000711799773543076e-01
1.734602791747946182e-01
2.654240385281881331e-01
1.966845024117904184e-01
3.340308900170885775e-01
2.847151220586172093e-01
2.812388424041746271e-01
3.257378797498104439e-01
8.645821942661447990e-01
4.030307364281507376e-01
8.088031241902684521e-01
2.184920898544946422e-01
1.856973875999823331e-01
3.741164075953465340e-01
3.871964692218654025e-01
2.942047802354009756e-01
3.563863976367961373e-01
3.009324994331467606e-01
8.543803805805019747e-02
3.518485487612476037e-01
1.887847600045809149e-01
1.723238138183719181e-01
1.533542213971366142e-01
1.605203836488753588e-01
4.161088224799962265e-02
7.309276917186613431e-01
4.198704952619074920e-02
1.814997088591717989e-01
2.556007159381868954e-01
6.402074286214448628e-01
2.814965271945967240e-01
6.046504505102954230e-01
1.549803084557943578e-01
3.902807495874795474e-01
5.539855891975632440e-01
2.122681410742002228e-01
2.663260958545177193e-01
6.964556257503063952e-01
6.334409848490494266e-01
3.565086899826712119e-01
1.297224118151348027e-01
1.539772717010900183e-01
1.823174169357830443e-01
1.213590972498349990e-01
2.450504370322214021e-01
8.196426199095516729e-01
4.747957730345707117e-01
4.662068436052836939e-01
3.293507591084908759e-01
1.630847887111810668e-01
1.690592024191235609e-01
7.996658305566148872e-01
1.903448768425990700e-01
5.191238559545818809e-01
2.121859062908230120e-01
4.515537230146187131e-01
2.414734285642649025e-01
2.076107243849946438e-01
2.124818589993680840e-01
4.649555457727457819e-01
2.768981143168370296e-01
2.323931482187533426e-01
2.430462765391334379e-01
1.704290681941323105e-01
8.260668993499289403e-01
9.519426047419479175e-01
8.256779846042869853e-01
9.518885513417960631e-01
8.250230788756239830e-01
9.517980313675811210e-01
8.240907320435513217e-01
9.516702514266225377e-01
8.228665093076882320e-01
9.515061918184037904e-01
8.213176426709090094e-01
9.513032447120521873e-01
8.195752509808379438e-01
9.511643810688007461e-01
8.171017709248679095e-01
9.508423137986814488e-01
8.141512764322169637e-01
9.506355750034728436e-01
8.099383798536354817e-01
9.507369535805905159e-01
7.909431539600596528e-01
9.566902915889456960e-01
9.456904052780328307e-01
8.105383656241751389e-01
9.460010391526585405e-01
8.034735437220239529e-01
9.451433147639259902e-01
7.974591739733515317e-01
9.436769633249451061e-01
7.906907855523882533e-01
9.412651051750283715e-01
7.821563576874800416e-01
9.357549244051623916e-01
7.688991501359372371e-01
8.509567688902963667e-01
6.073763542099641644e-01
7.912057439235129497e-01
9.460161718351423055e-01
7.656442681595833077e-01
9.403159377491987492e-01
7.485857573858285541e-01
9.353994743828808467e-01
7.306467394875001409e-01
9.295046621790521435e-01
9.215150186457183867e-01
7.091482877652283134e-01
9.094066820734914014e-01
6.819845154864028203e-01
8.894011299748095789e-01
6.454634453797536420e-01
8.521969306081252915e-01
5.932245258076500605e-01
7.716327024126364842e-01
5.130524968408788355e-01
5.670913825493788529e-01
3.858207284155958927e-01
1.268197818416287315e-01
1.067917206575395286e-03
3.425523258299533191e-01
8.533345276105758215e-01
9.255325509122734884e-01
9.034599739378550431e-01
9.693351591570829040e-01
9.309999073969503769e-01
9.345920438223584981e-01
9.440863870600444407e-01
8.947543922209353351e-01
9.501886591683129657e-01
8.576408124874139727e-01
9.527316043138577273e-01
8.248544024389030671e-01
9.540891096663447479e-01
7.830648512831140939e-01
9.509927161974970344e-01
7.460345625051487684e-01
9.476559516207425649e-01
7.040563124302512410e-01
9.417429264196206518e-01
6.549446665295985959e-01
9.324959524656977194e-01
6.006678015677282545e-01
9.152913021283328732e-01
5.294413681547437411e-01
8.900690997674555183e-01
4.431742456118080709e-01
8.486535066187043119e-01
3.383519741666494718e-01
7.825313110031018038e-01
2.177347198579750454e-01
6.847848463302970146e-01
9.839572713846589380e-02
5.707142590399036930e-01
1.808238511016732955e-02
1.693127683499554708e-06
3.165644998753645856e-02
1.012046573085431667e-02
2.366148877168250952e-01
8.029422603250023494e-02
4.868984698049152460e-01
1.805764385666093763e-01
6.798334779620452961e-01
2.756126498957778281e-01
8.041518783894062716e-01
3.516398323758075373e-01
8.788471230418770652e-01
4.076332165706141319e-01
9.223672695111202469e-01
4.464250578418832993e-01
9.468364463250202867e-01
4.712132823791145841e-01
9.600106069361420413e-01
4.828815124396378389e-01
9.661870028127388377e-01
4.784724234399101439e-01
9.669455224179995811e-01
4.195600389371689776e-01
9.144493929664153642e-01
6.707281317730784398e-01
9.564916204900717478e-01
5.513150034861793447e-01
9.538500164345682375e-01
5.203801773757101845e-01
9.487843216241734767e-01
4.950764616151039910e-01
9.425409945551632696e-01
4.678201837047810674e-01
9.350617389989764883e-01
4.351733480311517077e-01
9.232692169041289976e-01
3.811145361065017001e-01
9.443058676653456329e-01
4.048095484694863022e-01
9.244464825237470595e-01
3.471394926594121855e-01
9.162015963260679019e-01
3.001585441136586097e-01
9.094370257446547923e-01
2.527389500390715971e-01
9.034191993752536121e-01
2.042533793529871800e-01
8.980325038512186886e-01
1.566931180535188761e-01
8.933115236283717397e-01
1.114315614502376928e-01
8.893137242524632446e-01
7.091575638480387966e-02
8.861135999554606846e-01
3.763893271845225597e-02
8.837740554655331149e-01
1.392168859171199341e-02
8.823478897603532767e-01
1.568282534121906695e-03
1.000000000000000072e-18
1.295591328858320800e-03
9.413438517138704720e-01
1.155084624574758898e-02
9.408096761499362692e-01
3.149279589905736726e-02
9.399166802907726881e-01
6.005436701271850419e-02
9.386602775516468267e-01
9.579620447715085640e-02
9.370359119638741463e-01
1.370686713803779266e-01
9.350366488792493103e-01
1.822985082549803681e-01
9.324147678715724030e-01
2.288019876507137729e-01
9.297473259872033324e-01
2.767415531845446308e-01
9.264210640092991333e-01
3.240019055437770579e-01
9.223573528768417296e-01
3.706360438968895332e-01
9.121110590709149424e-01
3.985740939939472205e-01
9.160514581370848841e-01
4.448168285804678934e-01
9.101131860655211625e-01
4.782012001053149719e-01
9.039376645957790668e-01
5.034265826046023795e-01
8.967783935374524784e-01
5.154123336551541534e-01
8.874899137155923823e-01
4.954105343864414479e-01
8.698470102496479450e-01
3.173154249558604034e-01
6.361877503403133849e-01
6.813065696272233573e-01
8.825753653065360194e-01
8.523827258493926751e-01
8.709557589436383029e-01
8.203133244478313379e-01
8.605053496768453325e-01
8.166947866053158034e-01
8.502774469907447008e-01
8.219237833577921482e-01
8.401834619547485783e-01
1.000000000000000072e-18
