nan
nan
nan
nan
nan
nan
nan
nan
nan
nan
nan
nan
nan
nan
nan
nan
nan
nan
nan
nan
nan
nan
nan
nan
nan
nan
nan
-2.540499319273252163e-02
-2.536513529670293005e-02
-2.532286753318517894e-02
-2.527804858538200417e-02
-2.523052940241735098e-02
-2.518015284552963667e-02
-2.512675332837665046e-02
-2.507015645164761483e-02
-2.501017862896846161e-02
-2.494662672197841755e-02
-2.487929765986683639e-02
-2.480797807155413551e-02
-2.473244391892506083e-02
-2.465246013831294200e-02
-2.456778029358909488e-02
-2.447814624491292251e-02
-2.438328783776611691e-02
-2.428292261746745062e-02
-2.417675557497082905e-02
-2.406447893039269370e-02
-2.394577196139324390e-02
-2.382030088424667846e-02
-2.368771879617221146e-02
-2.354766568825337678e-02
-2.339976853839926055e-02
-2.324364149929358109e-02
-2.307888618197088265e-02
-2.290509206311056034e-02
-2.272183701613659373e-02
-2.252868798534631012e-02
-2.232520181602138526e-02
-2.211092625486549973e-02
-2.188540113526441649e-02
-2.164815976179976578e-02
-2.139873050812349589e-02
-2.113663864166963335e-02
-2.086140838769463476e-02
-2.057256524374761336e-02
-2.026963855382628299e-02
-1.995216434912694403e-02
-1.961968845940188083e-02
-1.927176989545876379e-02
-1.890798449924560934e-02
-1.852792885324685418e-02
-1.813122443557205546e-02
-1.771752200117032022e-02
-1.728650616309588758e-02
-1.683790014075621858e-02
-1.637147063469657909e-02
-1.588703277985097084e-02
-1.538445512148962739e-02
-1.486366455127808781e-02
-1.432465112808154785e-02
-1.376747271930560054e-02
-1.319225936153444953e-02
-1.259921726832022304e-02
-1.198863238856235844e-02
-1.136087342564668853e-02
-1.071639422741628607e-02
-1.005573546050977929e-02
-9.379525488604302519e-03
-8.688480382744412714e-03
-7.983403003238518855e-03
-7.265181106475029210e-03
-6.534784446249352653e-03
-5.793260857490045712e-03
-5.041731330198447394e-03
-4.281384102445896442e-03
-3.513467822787841050e-03
-2.739283853776657788e-03
-1.960177808669158993e-03
-1.177530432208828172e-03
-3.927479527801097854e-04
3.927479527801254521e-04
1.177530432208843351e-03
1.960177808669159860e-03
2.739283853776672967e-03
3.513467822787842351e-03
4.281384102445912054e-03
5.041731330198448262e-03
5.793260857490060457e-03
6.534784446249367398e-03
7.265181106475042221e-03
7.983403003238530998e-03
8.688480382744412714e-03
9.379525488604316397e-03
1.005573546050977929e-02
1.071639422741629995e-02
1.136087342564669200e-02
1.198863238856237058e-02
1.259921726832022998e-02
1.319225936153445994e-02
1.376747271930560401e-02
1.432465112808154785e-02
1.486366455127809301e-02
1.538445512148963260e-02
1.588703277985098125e-02
1.637147063469658603e-02
1.683790014075622898e-02
1.728650616309589105e-02
1.771752200117032716e-02
1.813122443557206240e-02
1.852792885324685418e-02
1.890798449924561628e-02
1.927176989545876726e-02
1.961968845940188777e-02
1.995216434912694403e-02
2.026963855382628993e-02
2.057256524374761683e-02
2.086140838769463823e-02
2.113663864166963335e-02
2.139873050812349936e-02
2.164815976179976925e-02
2.188540113526441649e-02
2.211092625486550320e-02
2.232520181602138526e-02
2.252868798534631012e-02
2.272183701613660067e-02
2.290509206311056381e-02
2.307888618197088265e-02
2.324364149929358109e-02
2.339976853839926055e-02
2.354766568825338025e-02
2.368771879617221146e-02
2.382030088424668540e-02
2.394577196139324737e-02
2.406447893039269370e-02
2.417675557497083252e-02
2.428292261746745062e-02
2.438328783776612038e-02
2.447814624491292251e-02
2.456778029358909488e-02
2.465246013831294547e-02
2.473244391892505736e-02
2.480797807155413551e-02
2.487929765986683639e-02
2.494662672197842102e-02
2.501017862896846161e-02
2.507015645164761483e-02
2.512675332837665393e-02
2.518015284552963667e-02
2.523052940241735445e-02
2.527804858538200417e-02
2.532286753318517547e-02
2.536513529670293005e-02
2.540499319273251816e-02
nan
nan
nan
nan
nan
nan
nan
nan
nan
nan
nan
nan
nan
nan
nan
nan
nan
nan
nan
nan
nan
nan
nan
nan
nan
nan
nan
