-2.675533465896929308e-01
-2.674706913042221856e-01
-2.673829264051099663e-01
-2.672897378606517993e-01
-2.671907925828985730e-01
-2.670857372863393309e-01
-2.669741973099893917e-01
-2.668557753350360717e-01
-2.667300501099487131e-01
-2.665965750033320592e-01
-2.664548765603950153e-01
-2.663044529326586418e-01
-2.661447722750344691e-01
-2.659752709996258124e-01
-2.657953519850829727e-01
-2.656043826770618788e-01
-2.654016930970894417e-01
-2.651865737538969814e-01
-2.649582734543588503e-01
-2.647159970113680538e-01
-2.644589028462409064e-01
-2.641861004835570625e-01
-2.638966479367317319e-01
-2.635895489830839544e-01
-2.632637503277269198e-01
-2.629181386562670641e-01
-2.625515375770745008e-01
-2.621627044547954477e-01
-2.617503271378209817e-01
-2.613130205836352582e-01
-2.608493233873461215e-01
-2.603576942202759925e-01
-2.598365081872773263e-01
-2.592840531134560367e-01
-2.586985257732567489e-01
-2.580780281243897356e-01
-2.574205632619708806e-01
-2.567240319334565535e-01
-2.559862284495968421e-01
-2.552048370014378120e-01
-2.543774279795987248e-01
-2.535014544160413275e-01
-2.525742485910286161e-01
-2.515930188534191148e-01
-2.505548467083034136e-01
-2.494566842322597511e-01
-2.482953518831617634e-01
-2.470675367784928300e-01
-2.457697915234615671e-01
-2.443985336778194961e-01
-2.429500459580725691e-01
-2.414204772796591514e-01
-2.398058447515105385e-01
-2.381020367430663476e-01
-2.363048171510994666e-01
-2.344098310003992769e-01
-2.324126115182073293e-01
-2.303085888270063886e-01
-2.280931004034961740e-01
-2.257614034529693003e-01
-2.233086893474208190e-01
-2.207301003020951946e-01
-2.180207482324300061e-01
-2.151757364572159381e-01
-2.121901835641332446e-01
-2.090592502025288846e-01
-2.057781685648413794e-01
-2.023422746552852036e-01
-1.987470433477212528e-01
-1.949881261920026476e-01
-1.910613918789789700e-01
-1.869629692187983472e-01
-1.826892924254080453e-01
-1.782371484327148758e-01
-1.736037258954967188e-01
-1.687866654519567244e-01
-1.637841107462111867e-01
-1.585947596297962170e-01
-1.532179148836109450e-01
-1.476535337280701077e-01
-1.419022753223944111e-01
-1.359655453969357830e-01
-1.298455371608727704e-01
-1.235452672710224964e-01
-1.170686067381444817e-01
-1.104203045962814100e-01
-1.036060045550620812e-01
-9.663225327758384609e-02
-8.950649966780069300e-02
-8.223708455569532505e-02
-7.483322031366915206e-02
-6.730496010682049390e-02
-5.966315666980951532e-02
-5.191941070932702684e-02
-4.408600924831330981e-02
-3.617585444959024732e-02
-2.820238367545876285e-02
-2.017948177841830462e-02
-1.212138657705651851e-02
-4.042589429032867471e-03
4.042268571193303496e-03
1.211850235246350084e-02
2.017148940725320763e-02
2.818677524687453195e-02
3.615017668932295203e-02
4.404788040305791796e-02
5.186653639211864092e-02
5.959334441500956786e-02
6.721613245799830383e-02
7.472342629679872006e-02
8.210450942781113981e-02
8.934947286997545202e-02
9.644925455952932380e-02
1.033956682756417694e-01
1.101814222387391407e-01
1.168001277100154112e-01
1.232462980858650414e-01
1.295153390705933161e-01
1.356035309003629230e-01
1.415080030089146401e-01
1.472267025120763406e-01
1.527583571353583469e-01
1.581024336245522299e-01
1.632590925489533773e-01
1.682291403907405503e-01
1.730139797674951074e-01
1.776155585758697752e-01
1.820363187761779300e-01
1.862791454631299304e-01
1.903473167898420693e-01
1.942444552329963270e-01
1.979744806087310183e-01
2.015415651732194724e-01
2.049500910703128953e-01
2.082046103221376343e-01
2.113098074978471963e-01
2.142704651413065153e-01
2.170914319905052625e-01
2.197775939799871403e-01
2.223338479138738943e-01
2.247650780856624841e-01
2.270761349820205610e-01
2.292718168649591493e-01
2.313568534867562199e-01
2.333358920228476574e-01
2.352134850427175794e-01
2.369940803701190979e-01
2.386820126835028366e-01
2.402814967092629928e-01
2.417966218639260867e-01
2.432313482063369059e-01
2.445895035669081730e-01
2.458747817278171821e-01
2.470907415353911785e-01
2.482408068336290352e-01
2.493282671156624164e-01
2.503562787978366178e-01
2.513278670288535688e-01
2.522459279539867594e-01
2.531132313616634710e-01
2.539324236466722895e-01
2.547060310308434938e-01
2.554364629882501792e-01
2.561260158277666177e-01
2.567768763370937291e-01
2.573911257356195081e-01
2.579707432686355606e-01
2.585176101818401073e-01
2.590335135254557830e-01
2.595201499611551887e-01
2.599791295239459732e-01
2.604119793239807468e-01
2.608201471757535805e-01
2.612050051443688403e-01
2.615678530005476343e-01
2.619099215777832557e-01
2.622323760265962145e-01
2.625363189621903182e-01
2.628227935029873175e-01
2.630927861985390415e-01
2.633472298461982941e-01
2.635870061966842925e-01
2.638129485493234672e-01
2.640258442382883430e-01
2.642264370116115257e-01
2.644154293051282911e-01
2.645934844138063124e-01
2.647612285631659179e-01
2.649192528836880611e-01
2.650681152928531237e-01
2.652083422767206877e-01
2.653404306079181207e-01
2.654648489472432038e-01
2.655820393956737635e-01
2.656924189142397807e-01
2.657963807818916058e-01
2.658942958344678864e-01
2.659865137488154341e-01
2.660733641992339416e-01
2.661551580038385434e-01
