-2.481427183759363497e-01
-2.480660183280005149e-01
-2.479845768388665717e-01
-2.478981025025935592e-01
-2.478062862413487610e-01
-2.477088002284489887e-01
-2.476052968116812525e-01
-2.474954072871245747e-01
-2.473787407852435505e-01
-2.472548828585637570e-01
-2.471233941824227676e-01
-2.469838090672942243e-01
-2.468356340184044151e-01
-2.466783460688653506e-01
-2.465113911417428083e-01
-2.463341822830353856e-01
-2.461460978143840961e-01
-2.459464793953285433e-01
-2.457346299924542121e-01
-2.455098117529636581e-01
-2.452712437804410728e-01
-2.450180998108785202e-01
-2.447495057873900204e-01
-2.444645373324773607e-01
-2.441622171172321554e-01
-2.438415121274742914e-01
-2.435013308275472410e-01
-2.431405202233350438e-01
-2.427578628270358196e-01
-2.423520735273493321e-01
-2.419217963700193708e-01
-2.414656012551335273e-01
-2.409819805592435804e-01
-2.404693456922447903e-01
-2.399260236010622438e-01
-2.393502532345567757e-01
-2.387401819867017161e-01
-2.380938621704381253e-01
-2.374092473347456933e-01
-2.366841890263032266e-01
-2.359164331835103545e-01
-2.351036169013516752e-01
-2.342432652890023004e-01
-2.333327885261421708e-01
-2.323694791681072958e-01
-2.313505097558318235e-01
-2.302729307927226243e-01
-2.291336691571256579e-01
-2.279295270258581974e-01
-2.266571813913381694e-01
-2.253131842620672565e-01
-2.238939636435326452e-01
-2.223958254038606586e-01
-2.208149561356497204e-01
-2.191474271321524614e-01
-2.173891996021704021e-01
-2.155361312534265772e-01
-2.135839843785250491e-01
-2.115284355805717720e-01
-2.093650872767808258e-01
-2.070894811175305050e-01
-2.046971134549503413e-01
-2.021834530213889869e-01
-1.995439607204728960e-01
-1.967741122320939562e-01
-1.938694226241248764e-01
-1.908254737967924053e-01
-1.876379444404426278e-01
-1.843026425787323563e-01
-1.808155406586584024e-01
-1.771728131032417886e-01
-1.733708761911124385e-01
-1.694064300699234527e-01
-1.652765026479299237e-01
-1.609784950409122450e-01
-1.565102281809401252e-01
-1.518699901205856073e-01
-1.470565834927804461e-01
-1.420693725145613096e-01
-1.369083288547669197e-01
-1.315740756239251463e-01
-1.260679286918897357e-01
-1.203919344981873446e-01
-1.145489035207243322e-01
-1.085424383493754780e-01
-1.023769560614356255e-01
-9.605770318375939087e-02
-8.959076331810135463e-02
-8.298305632278335509e-02
-7.624232858531264367e-02
-6.937713395561656560e-02
-6.239680506700069629e-02
-5.531141494852567786e-02
-4.813172902405812859e-02
-4.086914779470093850e-02
-3.353564070669277919e-02
-2.614367190968200361e-02
-1.870611880369039276e-02
-1.123618446234086500e-02
-3.747305077678390016e-03
3.746945966167172098e-03
1.123295637172020897e-02
1.869717354349587080e-02
2.612620258290672751e-02
3.350690154317050029e-02
4.082647307943849252e-02
4.807255082470930641e-02
5.523327940569665306e-02
6.229738704253165449e-02
6.925424987366424201e-02
7.609394734328309151e-02
8.280730819250251007e-02
8.938594680063891018e-02
9.582228982273136020e-02
1.021095932582603005e-01
1.082419502588674864e-01
1.142142901358675078e-01
1.200223690335064375e-01
1.256627535154176967e-01
1.311327967479936352e-01
1.364306092992239039e-01
1.415550246661947398e-01
1.465055606542016997e-01
1.512823774273677480e-01
1.558862330583878630e-01
1.603184373616349523e-01
1.645808047390076578e-01
1.686756067045145913e-01
1.726055246844027669e-01
1.763736036172039723e-01
1.799832068046082478e-01
1.834379723915303129e-01
1.867417717836919455e-01
1.898986702447765240e-01
1.929128898536818792e-01
1.957887749462605409e-01
1.985307601156175994e-01
2.011433408007079482e-01
2.036310463707759755e-01
2.059984160848903900e-01
2.082499769485468000e-01
2.103902244462848847e-01
2.124236053257845258e-01
2.143545025723690434e-01
2.161872224051814284e-01
2.179259831600084962e-01
2.195749059209108345e-01
2.211380067624398316e-01
2.226191904658594289e-01
2.240222455760795817e-01
2.253508406705952427e-01
2.266085217173181565e-01
2.277987104045144928e-01
2.289247033328945247e-01
2.299896719670452838e-01
2.309966632506829654e-01
2.319486007975031239e-01
2.328482865766030308e-01
2.336984030184618699e-01
2.345015154742211561e-01
2.352600749674587377e-01
2.359764211837648284e-01
2.366527856491759119e-01
2.372912949805760785e-01
2.378939745507028247e-01
2.384627516876629272e-01
2.389994593948483737e-01
2.395058398716995718e-01
2.399835480675001909e-01
2.404341552096138090e-01
2.408591522896917914e-01
2.412599534939597890e-01
2.416378995660010687e-01
2.419942610925114868e-01
2.423302417043317059e-01
2.426469811866766024e-01
2.429455584939070323e-01
2.432269946654359583e-01
2.434922556404499616e-01
2.437422549700701546e-01
2.439778564263937188e-01
2.441998765085532652e-01
2.444090868465277899e-01
2.446062165039398772e-01
2.447919541814939648e-01
2.449669503230566536e-01
2.451318191266622648e-01
2.452871404629555496e-01
2.454334617037600696e-01
2.455712994671728211e-01
2.457011412570427322e-01
2.458234470748709710e-01
2.459386508821829187e-01
2.460471620600225284e-01
2.461493666632459110e-01
2.462456288870260579e-01
2.463362920981104764e-01
2.464216800871655844e-01
2.465020981028633318e-01
2.465778339629056126e-01
