-1.544076358416234538e-04
-1.543596417867255065e-04
-1.543086953623313282e-04
-1.542546010987387269e-04
-1.541971708860612298e-04
-1.541361835230653727e-04
-1.540714371642585515e-04
-1.540026966124124011e-04
-1.539297379789693256e-04
-1.538522397629426847e-04
-1.537699890740195697e-04
-1.536826763586353686e-04
-1.535899967310912272e-04
-1.534916224523294372e-04
-1.533872031084490052e-04
-1.532763679626269083e-04
-1.531586727709587071e-04
-1.530338110381174535e-04
-1.529012999667617894e-04
-1.527607254582271767e-04
-1.526114980101470162e-04
-1.524531547440879443e-04
-1.522851500320060751e-04
-1.521069065041096209e-04
-1.519178134680719311e-04
-1.517172252796502652e-04
-1.515044596449899078e-04
-1.512787958465306283e-04
-1.510394728921146017e-04
-1.507856875914161099e-04
-1.505165925661791832e-04
-1.502312942018820593e-04
-1.499288505490162465e-04
-1.496082691826232348e-04
-1.492685050293423828e-04
-1.489084581721102280e-04
-1.485269716438704043e-04
-1.481228292232051724e-04
-1.476947532466642331e-04
-1.472414024547286906e-04
-1.467613698907814426e-04
-1.462531808751483251e-04
-1.457152910792207682e-04
-1.451460847278540417e-04
-1.445438729616626617e-04
-1.439068923944866090e-04
-1.432333039051749400e-04
-1.425211917069067779e-04
-1.417685627415209322e-04
-1.409733932796553902e-04
-1.401334253618001665e-04
-1.392465033068735966e-04
-1.383103255918201834e-04
-1.373225177521576594e-04
-1.362806348337776039e-04
-1.351821646589662250e-04
-1.340245319805848578e-04
-1.328051036019421835e-04
-1.315211945425658166e-04
-1.301700753315644275e-04
-1.287489805103020552e-04
-1.272551184244072710e-04
-1.256856823814347783e-04
-1.240378632445019141e-04
-1.223088635236562350e-04
-1.204959130153087331e-04
-1.185962860255327408e-04
-1.166073201951408180e-04
-1.145264369230161803e-04
-1.123511633590598767e-04
-1.100791559092605598e-04
-1.077082251628500411e-04
-1.052363621154406130e-04
-1.026617655227679500e-04
-9.998290014470411478e-05
-9.719839322427035186e-05
-9.430728640938046870e-05
-9.130889560841060873e-05
-8.820289003073045165e-05
-8.498932021424969712e-05
-8.166864485926165649e-05
-7.824175596002385302e-05
-7.471000170373656582e-05
-7.107520659436061675e-05
-6.733968825773574310e-05
-6.350627039625666645e-05
-5.957829138721854414e-05
-5.555960805978096064e-05
-5.145459424181086808e-05
-4.726813373957361019e-05
-4.300560749969105411e-05
-3.867287480262223992e-05
-3.427627934966599353e-05
-2.982247556905408064e-05
-2.531864716947446089e-05
-2.077225400226379566e-05
-1.619105693161986424e-05
-1.158306521518765150e-05
-6.956480721053449540e-06
-2.319648315679405787e-06
2.319047360193391183e-06
6.951156388818717716e-06
1.156831116070387389e-05
1.616224364284166588e-05
2.072485311097981207e-05
2.524826306923616033e-05
2.972487529202291176e-05
3.414742033551142322e-05
3.850889608847632060e-05
4.280292391719505731e-05
4.702339507190204590e-05
5.116471641489702435e-05
5.522178445011390106e-05
5.919000076317455176e-05
6.306528156467151457e-05
6.684406154506622932e-05
7.052329234210450598e-05
7.410043599992974846e-05
7.757345386216957846e-05
8.094079138885197351e-05
8.420135941933376165e-05
8.735451242123760745e-05
9.040002426983806709e-05
9.333806209485125366e-05
9.616915871378688466e-05
9.889418414466400028e-05
1.015142510642251457e-04
1.040309077252655773e-04
1.064458158891417987e-04
1.087608969750397442e-04
1.109782646625035764e-04
1.131001981503522848e-04
1.151291166441363410e-04
1.170675552150719659e-04
1.189181421358711090e-04
1.206835777647687091e-04
1.223666150185717422e-04
1.239700414487997086e-04
1.254966629119580533e-04
1.269492888055692833e-04
1.283307188256133308e-04
1.296437311882909908e-04
1.308910722492463577e-04
1.320754474463222610e-04
1.331995134872681914e-04
1.342658717013138091e-04
1.352770624728627112e-04
1.362355606764971590e-04
1.371437720347319590e-04
1.380040303232559526e-04
1.388185342843570162e-04
1.395895594362954331e-04
1.403191703481264157e-04
1.410093940221557687e-04
1.416621800396426724e-04
1.422794010080195262e-04
1.428628533552943618e-04
1.434142584222554569e-04
1.439352638074189268e-04
1.444274449238167339e-04
1.448923067306832327e-04
1.453312856068584300e-04
1.457457513362509947e-04
1.461370091790032202e-04
1.465063020050563487e-04
1.468548124696266517e-04
1.471836652126558504e-04
1.474939290665867441e-04
1.477866192588075467e-04
1.480626995967812152e-04
1.483230846252037724e-04
1.485686417454887991e-04
1.488001932884791469e-04
1.490185185316051882e-04
1.492243556519432185e-04
1.494184036071402339e-04
1.496013239375812605e-04
1.497737424863774657e-04
1.499362510399261336e-04
1.500893541596262193e-04
1.502336809523861902e-04
1.503696866302428939e-04
1.504978441088069738e-04
1.506186001987760829e-04
1.507323769591988744e-04
1.508396173896807716e-04
1.509405909340290472e-04
1.510357177359470575e-04
1.511253380458356551e-04
1.512097683549818209e-04
1.512893027820615566e-04
1.513642609625133679e-04
1.514347856212113288e-04
1.515012523569926009e-04
1.515638566260228953e-04
1.516228338345404427e-04
1.516783526407129430e-04
1.517306547899684068e-04
1.517799142305398762e-04
1.518263021823845088e-04
