nan
nan
nan
nan
nan
nan
nan
nan
nan
nan
nan
nan
nan
nan
nan
nan
nan
nan
nan
nan
nan
nan
nan
nan
nan
nan
nan
-2.291564198598441612e-02
-2.287968963970879802e-02
-2.284156356123884235e-02
-2.280113628097927420e-02
-2.275827335302069501e-02
-2.271283303617633448e-02
-2.266466596936430461e-02
-2.261361484184563897e-02
-2.255951405704019475e-02
-2.250218940088191330e-02
-2.244145770100015869e-02
-2.237712649388849326e-02
-2.230899369420528966e-02
-2.223684727141100187e-02
-2.216046493685348145e-02
-2.207961384497613908e-02
-2.199405031282225531e-02
-2.190351956252307997e-02
-2.180775549200403285e-02
-2.170648047972310174e-02
-2.159940522986808498e-02
-2.148622866507998025e-02
-2.136663787443430704e-02
-2.124030812447552652e-02
-2.110690294636638487e-02
-2.096607429833359515e-02
-2.081746282914825538e-02
-2.066069824127512652e-02
-2.049539977088682408e-02
-2.032117679593417603e-02
-2.013762958491545699e-02
-1.994435019928300634e-02
-1.974092356256246933e-02
-1.952692870920171020e-02
-1.930194022587404523e-02
-1.906552989739181830e-02
-1.881726856849775739e-02
-1.855672823154733836e-02
-1.828348434843143910e-02
-1.799711841297038303e-02
-1.769722075739967732e-02
-1.738339360342963658e-02
-1.705525435467097548e-02
-1.671243912296271200e-02
-1.635460647631835351e-02
-1.598144139084084481e-02
-1.559265938308660934e-02
-1.518801079305041879e-02
-1.476728518128813880e-02
-1.433031579681764284e-02
-1.387698406619192887e-02
-1.340722404215472646e-02
-1.292102676012890292e-02
-1.241844441601081678e-02
-1.189959430435298497e-02
-1.136466243236420801e-02
-1.081390672962026511e-02
-1.024765977137241831e-02
-9.666330934337469261e-03
-9.070407906977329127e-03
-8.460457481689517487e-03
-7.837125564127004132e-03
-7.201136345058926219e-03
-6.553290592695080324e-03
-5.894463038044951697e-03
-5.225598842386275020e-03
-4.547709153891722755e-03
-3.861865779431450287e-03
-3.169195016976306296e-03
-2.470870713259672689e-03
-1.768106629769841502e-03
-1.062148216413848819e-03
-3.542639124142676270e-04
3.542639124142814505e-04
1.062148216413862697e-03
1.768106629769841719e-03
2.470870713259686567e-03
3.169195016976306730e-03
3.861865779431463731e-03
4.547709153891722755e-03
5.225598842386288030e-03
5.894463038044964708e-03
6.553290592695093335e-03
7.201136345058940097e-03
7.837125564127005867e-03
8.460457481689529630e-03
9.070407906977327392e-03
9.666330934337479669e-03
1.024765977137242351e-02
1.081390672962027552e-02
1.136466243236421321e-02
1.189959430435299712e-02
1.241844441601082372e-02
1.292102676012890292e-02
1.340722404215473167e-02
1.387698406619193234e-02
1.433031579681764978e-02
1.476728518128814227e-02
1.518801079305042746e-02
1.559265938308661455e-02
1.598144139084085175e-02
1.635460647631835351e-02
1.671243912296271200e-02
1.705525435467097894e-02
1.738339360342964005e-02
1.769722075739968425e-02
1.799711841297038650e-02
1.828348434843144604e-02
1.855672823154733836e-02
1.881726856849776086e-02
1.906552989739182524e-02
1.930194022587404523e-02
1.952692870920171367e-02
1.974092356256247627e-02
1.994435019928301328e-02
2.013762958491546046e-02
2.032117679593417950e-02
2.049539977088682408e-02
2.066069824127512999e-02
2.081746282914825885e-02
2.096607429833359515e-02
2.110690294636638487e-02
2.124030812447552999e-02
2.136663787443431051e-02
2.148622866507998025e-02
2.159940522986808845e-02
2.170648047972310174e-02
2.180775549200403632e-02
2.190351956252307997e-02
2.199405031282225184e-02
2.207961384497614254e-02
2.216046493685347799e-02
2.223684727141100187e-02
2.230899369420528619e-02
2.237712649388849326e-02
2.244145770100015869e-02
2.250218940088191330e-02
2.255951405704019475e-02
2.261361484184563897e-02
2.266466596936430461e-02
2.271283303617633448e-02
2.275827335302069501e-02
2.280113628097927420e-02
2.284156356123884235e-02
2.287968963970879802e-02
2.291564198598441612e-02
nan
nan
nan
nan
nan
nan
nan
nan
nan
nan
nan
nan
nan
nan
nan
nan
nan
nan
nan
nan
nan
nan
nan
nan
nan
nan
nan
