-1.761105553889062984e-04
-1.760557606112187509e-04
-1.759975977690905768e-04
-1.759358412913235000e-04
-1.758702775682031852e-04
-1.758006505934969267e-04
-1.757267332998623921e-04
-1.756482561866138704e-04
-1.755649685496064991e-04
-1.754764885820621627e-04
-1.753825879507052887e-04
-1.752829089978741436e-04
-1.751771046843466338e-04
-1.750648006190902060e-04
-1.749455448994968884e-04
-1.748189991989073495e-04
-1.746846884121739827e-04
-1.745421426478772854e-04
-1.743908644175557257e-04
-1.742303271216677431e-04
-1.740599734662650710e-04
-1.738792603581702377e-04
-1.736874611612577329e-04
-1.734839737987377653e-04
-1.732681012261697755e-04
-1.730391064613308479e-04
-1.727962106662677051e-04
-1.725385911383316108e-04
-1.722653792092739044e-04
-1.719756580576408691e-04
-1.716684604428123876e-04
-1.713427663703598325e-04
-1.709975006989092436e-04
-1.706315306990219185e-04
-1.702436635750991011e-04
-1.698326439621745693e-04
-1.693971514107334565e-04
-1.689357978743874847e-04
-1.684471252173268859e-04
-1.679296027609115884e-04
-1.673816248915394760e-04
-1.668015087550037058e-04
-1.661874920659220931e-04
-1.655377310644625722e-04
-1.648502986565078586e-04
-1.641231827775774027e-04
-1.633542850252478376e-04
-1.625414196094680092e-04
-1.616823126750116025e-04
-1.607746020553234853e-04
-1.598158804387832406e-04
-1.588035090312953632e-04
-1.577349282893474947e-04
-1.566074295980051322e-04
-1.554182242305679734e-04
-1.541644470704884413e-04
-1.528431613558040166e-04
-1.514513645328475491e-04
-1.499859953093009551e-04
-1.484439419985692649e-04
-1.468220522476656781e-04
-1.451171442389960183e-04
-1.433260194523019006e-04
-1.414454770662362858e-04
-1.394723300692944016e-04
-1.374034231367838297e-04
-1.352356523138997161e-04
-1.329659865245097592e-04
-1.305914909007300563e-04
-1.281093518996421327e-04
-1.255169041405026153e-04
-1.228116588585924807e-04
-1.199913338306392492e-04
-1.170538845818862479e-04
-1.139975789431050716e-04
-1.108208430198876615e-04
-1.075226089532823899e-04
-1.041021089601210504e-04
-1.005589790571631093e-04
-9.689329090734993518e-05
-9.310558230343680302e-05
-8.919688570507691217e-05
-8.516875422147488818e-05
-8.102328441870074931e-05
-7.676313533055977056e-05
-7.239154306627599536e-05
-6.791233043860632392e-05
-6.332991108340232835e-05
-5.864928760660897977e-05
-5.387604337714224797e-05
-4.901632768324683557e-05
-4.407683408425340255e-05
-3.906481510843848618e-05
-3.398784714444451019e-05
-2.885414538460049543e-05
-2.367222022422425261e-05
-1.845092419618919743e-05
-1.319939144722337041e-05
-7.926973782987300389e-06
-2.643199241262476509e-06
2.642422387156269423e-06
7.920217073938102953e-06
1.318066819453087567e-05
1.841435947710541124e-05
2.361206757829658644e-05
2.876482707203891208e-05
3.386399227133626204e-05
3.890122557885480252e-05
4.386874089294457758e-05
4.875911701458713243e-05
5.356546371629443453e-05
5.828142518005649303e-05
6.290120420892942904e-05
6.741957960324225876e-05
7.183191682326723183e-05
7.613417217963830397e-05
8.032289089784470785e-05
8.439519949195249237e-05
8.834879295425941215e-05
9.218191732152187438e-05
9.589334821503205661e-05
9.948236597201687249e-05
1.029487279909015879e-04
1.062926389045541721e-04
1.095147191755500675e-04
1.126159149528549810e-04
1.155976582724446353e-04
1.184615801449580909e-04
1.212096278438774035e-04
1.238439983496068147e-04
1.263671067214785289e-04
1.287815556681586070e-04
1.310901065239882999e-04
1.332956517927104791e-04
1.354011893774036514e-04
1.374097985767072151e-04
1.393246178928433054e-04
1.411488246666132203e-04
1.428856165284679656e-04
1.445381946328038695e-04
1.461097486246115272e-04
1.476034432732855662e-04
1.490224066974711213e-04
1.503697200969988175e-04
1.516484089029114990e-04
1.528614352540029367e-04
1.540116917078469924e-04
1.551019960956956639e-04
1.561350874335393126e-04
1.571135646680892083e-04
1.580400861973781990e-04
1.589170975480138932e-04
1.597469938922848774e-04
1.605320821230507783e-04
1.612745809222026908e-04
1.619766212840024978e-04
1.626402474321402621e-04
1.632674180744098699e-04
1.638600079438167672e-04
1.644198095796696999e-04
1.649485353067145304e-04
1.654478193746549211e-04
1.659192202244144372e-04
1.663642228512576381e-04
1.667842412383674247e-04
1.671806208376708865e-04
1.675546410776094976e-04
1.679075178801187973e-04
1.682404061713032445e-04
1.685544023721067565e-04
1.688505468566483549e-04
1.691298263667760193e-04
1.693931763718245032e-04
1.696414833626200551e-04
1.698755870687722802e-04
1.700962825887382770e-04
1.703043224239426620e-04
1.705003658175395878e-04
1.706851775183019886e-04
1.708593539282428179e-04
1.710234972329801781e-04
1.711781766325867781e-04
1.713239300222215876e-04
1.714612656017328583e-04
1.715906634154529460e-04
1.717125768236398226e-04
1.718274719482693850e-04
1.719356538128140961e-04
1.720375753874743129e-04
1.721335965291295191e-04
1.722240503397760316e-04
1.723092513353840301e-04
1.723895055810514766e-04
1.724650971604482622e-04
1.725362962576957736e-04
1.726033752852110974e-04
1.726665101879406715e-04
1.727259924245551977e-04
1.727820149588962231e-04
1.728347702534676353e-04
