-2.356580529022000714e-01
-2.355851764956475580e-01
-2.355077950433294709e-01
-2.354256316650019665e-01
-2.353383927023047772e-01
-2.352457666749508680e-01
-2.351474232770140727e-01
-2.350430121677320738e-01
-2.349321619975211772e-01
-2.348144789810990840e-01
-2.346895457129771212e-01
-2.345569197128358485e-01
-2.344161321217264060e-01
-2.342666860540398022e-01
-2.341080550737576482e-01
-2.339396815093547077e-01
-2.337609746989282589e-01
-2.335713091494271976e-01
-2.333700226074608142e-01
-2.331564140393458384e-01
-2.329297415182814412e-01
-2.326892200168208247e-01
-2.324340191031533387e-01
-2.321632605401259819e-01
-2.318760157864277471e-01
-2.315713033999475257e-01
-2.312480863440021239e-01
-2.309052691979323613e-01
-2.305416952744900327e-01
-2.301561436475063616e-01
-2.297473260945511742e-01
-2.293138839606861379e-01
-2.288543849509916961e-01
-2.283673198613313526e-01
-2.278510992588255735e-01
-2.273040501257524992e-01
-2.267244124831048202e-01
-2.261103360128197126e-01
-2.254598767286810912e-01
-2.247709935390337921e-01
-2.240415452312371491e-01
-2.232692871709600624e-01
-2.224518683772890582e-01
-2.215868287316333507e-01
-2.206715964237374872e-01
-2.197034856879765408e-01
-2.186796948889931924e-01
-2.175973050219389693e-01
-2.164532786990583935e-01
-2.152444597010607641e-01
-2.139675731785891932e-01
-2.126192265960324401e-01
-2.111959115168277612e-01
-2.096940063361306117e-01
-2.081097800731228631e-01
-2.064393973410991734e-01
-2.046789246185862776e-01
-2.028243379488540166e-01
-2.008715321979681057e-01
-1.988163320026936354e-01
-1.966545045387045332e-01
-1.943817742363036505e-01
-1.919938395647805829e-01
-1.894863920195893059e-01
-1.868551372606130079e-01
-1.840958189082535501e-01
-1.812042444075525061e-01
-1.781763135602388859e-01
-1.750080494549878796e-01
-1.716956318145217431e-01
-1.682354326788246535e-01
-1.646240542947289276e-01
-1.608583690276538802e-01
-1.569355610517971789e-01
-1.528531695112753663e-01
-1.486091327775714843e-01
-1.442018333594409785e-01
-1.396301429517444181e-01
-1.348934670414143333e-01
-1.299917884241218735e-01
-1.249257089266359727e-01
-1.196964885800244904e-01
-1.143060814505149625e-01
-1.087571673553097695e-01
-1.030531783247879557e-01
-9.719831993869817999e-02
-9.119758523404172812e-02
-8.505676189137906240e-02
-7.878243132213633149e-02
-7.238195929260241024e-02
-6.586347767777758766e-02
-5.923585708824599672e-02
-5.250867028129273251e-02
-4.569214644961956673e-02
-3.879711667240688666e-02
-3.183495100847637260e-02
-2.481748790375881697e-02
-1.775695676867822259e-02
-1.066589476948726946e-02
-3.557058859669803754e-03
3.556665232684786890e-03
1.066235641601244975e-02
1.774715173815430078e-02
2.479833951925149854e-02
3.180344959125919191e-02
3.875034029347093623e-02
4.562728036102899065e-02
5.242302477223519108e-02
5.912688354123403489e-02
6.572878264395046188e-02
7.221931645136470124e-02
7.858979123787775134e-02
8.483225952719314344e-02
9.093954522777011884e-02
9.690525968901925191e-02
1.027238089733815141e-01
1.083903927190235927e-01
1.139009953942475839e-01
1.192523702090155513e-01
1.244420167749902828e-01
1.294681531241620442e-01
1.343296829487179989e-01
1.390261588817380545e-01
1.435577426315293170e-01
1.479251627546527281e-01
1.521296708113039076e-01
1.561729965944845255e-01
1.600573030641180283e-01
1.637851415515164666e-01
1.673594077308153127e-01
1.707832987842561323e-01
1.740602721193668656e-01
1.771940059296531200e-01
1.801883618275878507e-01
1.830473497203702893e-01
1.857750950457467409e-01
1.883758084375439790e-01
1.908537577789571893e-01
1.932132429746906133e-01
1.954585726821302938e-01
1.975940437675490213e-01
1.996239228526492382e-01
2.015524300446562278e-01
2.033837247062759424e-01
2.051218931426275205e-01
2.067709380769113259e-01
2.083347697839437740e-01
2.098171987503648084e-01
2.112219297319087863e-01
2.125525570812716869e-01
2.138125612244840545e-01
2.150053061690185841e-01
2.161340379328776651e-01
2.172018837904005351e-01
2.182118522373119873e-01
2.191668335844580429e-01
2.200696010966017857e-01
2.209228125994858738e-01
2.217290124850245236e-01
2.224906340509028024e-01
2.232100021169893811e-01
2.238893358667782552e-01
2.245307517981049439e-01
2.251362670983815262e-01
2.257078026237172019e-01
2.262471863839283781e-01
2.267561568713044595e-01
2.272363664399610350e-01
2.276893846789637132e-01
2.281167017609105618e-01
2.285197317503811498e-01
2.288998158591044052e-01
2.292582256368842497e-01
2.295961660892732181e-01
2.299147787147156341e-01
2.302151444554147997e-01
2.304982865575251061e-01
2.307651733374531111e-01
2.310167208520814697e-01
2.312537954716251121e-01
2.314772163545985029e-01
2.316877578250368108e-01
2.318861516526744548e-01
2.320730892372614429e-01
2.322492236985928549e-01
2.324151718741568340e-01
2.325715162265715175e-01
2.327188066631991070e-01
2.328575622704955883e-01
2.329882729715918588e-01
2.331114010691537342e-01
2.332273827983206149e-01
2.333366296895563186e-01
2.334395299809228497e-01
2.335364497255899563e-01
2.336277343413431518e-01
2.337137094303366469e-01
2.337946820532773584e-01
2.338709416584257295e-01
2.339427612057380923e-01
