nan
nan
nan
nan
nan
nan
nan
nan
nan
nan
nan
nan
nan
nan
nan
nan
nan
nan
nan
nan
nan
nan
nan
nan
nan
nan
nan
-2.089630189672943283e-02
-2.086351765608219708e-02
-2.082875123117795477e-02
-2.079188638688990454e-02
-2.075280052276809797e-02
-2.071136438850635503e-02
-2.066744178469526183e-02
-2.062088926257312632e-02
-2.057155581861813340e-02
-2.051928258985421735e-02
-2.046390254523571678e-02
-2.040524018117949659e-02
-2.034311122012644885e-02
-2.027732231569610161e-02
-2.020767076735047532e-02
-2.013394424793333096e-02
-2.005592054789315237e-02
-1.997336734046480447e-02
-1.988604197258286160e-02
-1.979369128682849713e-02
-1.969605148027009714e-02
-1.959284800594714160e-02
-1.948379552849471841e-02
-1.936859792966270574e-02
-1.924694838917920259e-02
-1.911852953589332840e-02
-1.898301368489938371e-02
-1.884006316962229255e-02
-1.868933077953317118e-02
-1.853046031463797400e-02
-1.836308726826739804e-02
-1.818683964996611543e-02
-1.800133896040400153e-02
-1.780620133017933940e-02
-1.760103883411700057e-02
-1.738546099214645715e-02
-1.715907646703390688e-02
-1.692149496809935288e-02
-1.667232936853191294e-02
-1.641119804198531984e-02
-1.613772742175468428e-02
-1.585155478297405746e-02
-1.555233124490940436e-02
-1.523972498654084171e-02
-1.491342466423250211e-02
-1.457314301539547330e-02
-1.421862062669680682e-02
-1.384962983961448776e-02
-1.346597876074530006e-02
-1.306751533304491113e-02
-1.265413143348771696e-02
-1.222576692890590261e-02
-1.178241364495133045e-02
-1.132411917916808543e-02
-1.085099049112607517e-02
-1.036319719793041966e-02
-9.860974501067097317e-03
-9.344625669708525248e-03
-8.814524006511489929e-03
-8.271114224788872829e-03
-7.714913170872899489e-03
-7.146509832597704864e-03
-6.566564584123799238e-03
-5.975807628735844285e-03
-5.375036614602122370e-03
-4.765113413533894268e-03
-4.146960069172372573e-03
-3.521553938328536582e-03
-2.889922066897612947e-03
-2.253134859308339281e-03
-1.612299117258064133e-03
-9.685505386608779348e-04
-3.230457834629307020e-04
3.230457834629433330e-04
9.685505386608905115e-04
1.612299117258064350e-03
2.253134859308351858e-03
2.889922066897613381e-03
3.521553938328548725e-03
4.146960069172372573e-03
4.765113413533905544e-03
5.375036614602134513e-03
5.975807628735854693e-03
6.566564584123812248e-03
7.146509832597704864e-03
7.714913170872909898e-03
8.271114224788871094e-03
8.814524006511500337e-03
9.344625669708530452e-03
9.860974501067105991e-03
1.036319719793042313e-02
1.085099049112608384e-02
1.132411917916809063e-02
1.178241364495133045e-02
1.222576692890590608e-02
1.265413143348772217e-02
1.306751533304491980e-02
1.346597876074530527e-02
1.384962983961449470e-02
1.421862062669681029e-02
1.457314301539548024e-02
1.491342466423250385e-02
1.523972498654084344e-02
1.555233124490940783e-02
1.585155478297405746e-02
1.613772742175468775e-02
1.641119804198531984e-02
1.667232936853191641e-02
1.692149496809935635e-02
1.715907646703391382e-02
1.738546099214646062e-02
1.760103883411700057e-02
1.780620133017934287e-02
1.800133896040400500e-02
1.818683964996611543e-02
1.836308726826740151e-02
1.853046031463797400e-02
1.868933077953317465e-02
1.884006316962229602e-02
1.898301368489938717e-02
1.911852953589333187e-02
1.924694838917920259e-02
1.936859792966270227e-02
1.948379552849471841e-02
1.959284800594714160e-02
1.969605148027009714e-02
1.979369128682850060e-02
1.988604197258286160e-02
1.997336734046480447e-02
2.005592054789315237e-02
2.013394424793333443e-02
2.020767076735047532e-02
2.027732231569610508e-02
2.034311122012644885e-02
2.040524018117949659e-02
2.046390254523571678e-02
2.051928258985422082e-02
2.057155581861813340e-02
2.062088926257312632e-02
2.066744178469526183e-02
2.071136438850635503e-02
2.075280052276810144e-02
2.079188638688990454e-02
2.082875123117795824e-02
2.086351765608220055e-02
2.089630189672943283e-02
nan
nan
nan
nan
nan
nan
nan
nan
nan
nan
nan
nan
nan
nan
nan
nan
nan
nan
nan
nan
nan
nan
nan
nan
nan
nan
nan
