-1.621801108512414846e-04
-1.621298294456434679e-04
-1.620764499256672911e-04
-1.620197720466814496e-04
-1.619595966665391058e-04
-1.618956982351565769e-04
-1.618278592283910948e-04
-1.617558349786481523e-04
-1.616793823821862665e-04
-1.615981902506457971e-04
-1.615120099463504327e-04
-1.614205245716745195e-04
-1.613234129424347498e-04
-1.612203319978483258e-04
-1.611109163211696654e-04
-1.609947790590599633e-04
-1.608715116206813523e-04
-1.607406824191250430e-04
-1.606018351945905868e-04
-1.604544872459056021e-04
-1.602981276995366707e-04
-1.601322158351590487e-04
-1.599561794416255647e-04
-1.597694131671730357e-04
-1.595712768330036311e-04
-1.593610936891697114e-04
-1.591381486010465273e-04
-1.589016861618843934e-04
-1.586509087318267741e-04
-1.583849744068271102e-04
-1.581029949226989942e-04
-1.578040335006393783e-04
-1.574871026413829063e-04
-1.571511618759511880e-04
-1.567951154819208659e-04
-1.564178101753297139e-04
-1.560180327898102646e-04
-1.555945079562904751e-04
-1.551458957986295622e-04
-1.546707896628535608e-04
-1.541677139002164249e-04
-1.536351217271285418e-04
-1.530713931880688127e-04
-1.524748332509231661e-04
-1.518436700677662770e-04
-1.511760534379255703e-04
-1.504700535142179196e-04
-1.497236597975171212e-04
-1.489348228684218736e-04
-1.481012700329091569e-04
-1.472208080367225919e-04
-1.462910998849246036e-04
-1.453097295359726893e-04
-1.442742037259738702e-04
-1.431819545510138716e-04
-1.420303428843447445e-04
-1.408166627092565459e-04
-1.395381464518173663e-04
-1.381919714000888044e-04
-1.367752672976598675e-04
-1.352851251991138697e-04
-1.337186076730788038e-04
-1.320727604345122938e-04
-1.303446254815418971e-04
-1.285312558032113020e-04
-1.266297317125769325e-04
-1.246371788444651497e-04
-1.225507878385871175e-04
-1.203678357063932015e-04
-1.180857088538859675e-04
-1.157019277025260549e-04
-1.132141728163936728e-04
-1.106203614166665543e-04
-1.079184610353998855e-04
-1.051068772476102941e-04
-1.021842148243823866e-04
-9.914938660705842832e-05
-9.600164422638235505e-05
-9.274060853220228613e-05
-8.936629927772518558e-05
-8.587916356350466839e-05
-8.228010251372827838e-05
-7.857049563281872382e-05
-7.475222227575261866e-05
-7.082767966264540995e-05
-6.679979687870520261e-05
-6.267204432601193543e-05
-5.844843813475053958e-05
-5.413353909906750241e-05
-4.973244577659733452e-05
-4.525078148026841820e-05
-4.069471979931486556e-05
-3.607075389703630916e-05
-3.138602518611221615e-05
-2.664799331764343404e-05
-2.186448759761047385e-05
-1.704365693841454834e-05
-1.219391549781381405e-05
-7.323884683843272022e-06
-2.442324139198818433e-06
2.441890436598929695e-06
7.319912848009734122e-06
1.218290928792092152e-05
1.702216279613505981e-05
2.182912730436165668e-05
2.659548744215127047e-05
3.131321515431107795e-05
3.597462240051216970e-05
4.057235063045842817e-05
4.509958418543880273e-05
4.954987637399049691e-05
5.391729694908492889e-05
5.819642957076896718e-05
6.238238857818318014e-05
6.647082953975773226e-05
7.045795379205804928e-05
7.434050727613409943e-05
7.811577406366157733e-05
8.178156503258076390e-05
8.533620220292620741e-05
8.877849927832134631e-05
9.210773895792770318e-05
9.532364758866993968e-05
9.842636771981998927e-05
1.014164291032328515e-04
1.042947186545501771e-04
1.070624498553926008e-04
1.097210733940912216e-04
1.122724470115496140e-04
1.147185395829049498e-04
1.170615609816296756e-04
1.193038976222616414e-04
1.214480854866083995e-04
1.234967845829882435e-04
1.254527549526015639e-04
1.273188343008852300e-04
1.290979172992702073e-04
1.307929365742408682e-04
1.324068453759784272e-04
1.339426018980544952e-04
1.354031552024425906e-04
1.367914326903052285e-04
1.381103290483147363e-04
1.393626965923931954e-04
1.405513369253984051e-04
1.416789938221436744e-04
1.427483472539144485e-04
1.437620084650558828e-04
1.447225160159671667e-04
1.456323327096978228e-04
1.464938433230368185e-04
1.473093021355185712e-04
1.480810107047547035e-04
1.488110762583592689e-04
1.495015581821836786e-04
1.501544347646083201e-04
1.507716040048098555e-04
1.513548847386778562e-04
1.519060180345608701e-04
1.524266688154096510e-04
1.529184276680681568e-04
1.533828128044276617e-04
1.538212721428842402e-04
1.542351854820179179e-04
1.546258667416416520e-04
1.549945662493409145e-04
1.553424730533441004e-04
1.556707172450206515e-04
1.559803722764921928e-04
1.562724572607562747e-04
1.565479392433427055e-04
1.568077354358545677e-04
1.570527154027933476e-04
1.572837031938817637e-04
1.575014794147856431e-04
1.577067832299101251e-04
1.579003142921377688e-04
1.580827345964983042e-04
1.582546702584566260e-04
1.584167132234817212e-04
1.585694229232957825e-04
1.587133279053575940e-04
1.588489274733717929e-04
1.589766933815328718e-04
1.590970716100603547e-04
1.592104841893544247e-04
1.593173308986504597e-04
1.594179904191136607e-04
1.595128202813630167e-04
1.596021554226267078e-04
1.596863092838426794e-04
1.597655996164463923e-04
1.598402437553828634e-04
1.599105718040426784e-04
1.599768126992517415e-04
1.600392085944304693e-04
1.600979613419780778e-04
1.601533023555752383e-04
1.602054229296240090e-04
1.602545319822154144e-04
