-2.971427269821524386e-01
-2.970509803794036396e-01
-2.969535620963867917e-01
-2.968501235900621316e-01
-2.967402951137041445e-01
-2.966236845249078380e-01
-2.964998759146207363e-01
-2.963684282914805790e-01
-2.962288740337378767e-01
-2.960807173829487215e-01
-2.959234327684224231e-01
-2.957564631872318106e-01
-2.955792181617265535e-01
-2.953910721911990334e-01
-2.951913624170383610e-01
-2.949793866791478036e-01
-2.947544012728984253e-01
-2.945156186302048673e-01
-2.942622048890981556e-01
-2.939932773488281859e-01
-2.937079018078129211e-01
-2.934050897821022241e-01
-2.930837956024537894e-01
-2.927429133886391144e-01
-2.923812739002167316e-01
-2.919976412637438901e-01
-2.915907095772592994e-01
-2.911590993938708016e-01
-2.907013540874443525e-01
-2.902159361523302117e-01
-2.897012231403875426e-01
-2.891555040474919069e-01
-2.885769750130821043e-01
-2.879637352676162054e-01
-2.873137829433140000e-01
-2.866250108377362271e-01
-2.858952021505344332e-01
-2.851220262171983988e-01
-2.843030342675056388e-01
-2.834356552406501195e-01
-2.825171916937228578e-01
-2.815448158453457417e-01
-2.805155658018412268e-01
-2.794263420193583425e-01
-2.782739040618713022e-01
-2.770548677219190070e-01
-2.757657025783373239e-01
-2.744027300730243479e-01
-2.729621221969293354e-01
-2.714399008838990213e-01
-2.698319382196677219e-01
-2.681339575820345655e-01
-2.663415358369862762e-01
-2.644501067240380698e-01
-2.624549655721654662e-01
-2.603512754951523567e-01
-2.581340752549901030e-01
-2.557982887399936067e-01
-2.533387367978174320e-01
-2.507501507564954824e-01
-2.480271884812946248e-01
-2.451644528262205969e-01
-2.421565126902269216e-01
-2.389979268199728113e-01
-2.356832704847375004e-01
-2.322071651276143844e-01
-2.285643110698353797e-01
-2.247495233115191504e-01
-2.207577704318691714e-01
-2.165842165445659440e-01
-2.122242662096378019e-01
-2.076736121414885783e-01
-2.029282854842688610e-01
-1.979847083509410077e-01
-1.928397482420611542e-01
-1.874907738756909081e-01
-1.819357118725450639e-01
-1.761731036524650240e-01
-1.702021618119508306e-01
-1.640228251992186248e-01
-1.576358116129155384e-01
-1.510426676878707797e-01
-1.442458142092938322e-01
-1.372485864639254594e-01
-1.300552682949522032e-01
-1.226711188915379502e-01
-1.151023913280800615e-01
-1.073563419390312218e-01
-9.944122971612068262e-02
-9.136630504613421633e-02
-8.314178726800054708e-02
-7.477883071538821147e-02
-6.628947912169938506e-02
-5.768660849326524842e-02
-4.898385879761930906e-02
-4.019555508469838112e-02
-3.133661870955661843e-02
-2.242247020434383342e-02
-1.346892433490816735e-02
-4.492079486464040441e-03
4.491797347214639483e-03
1.346638815565445041e-02
2.241544228714508272e-02
3.132289378975647992e-02
4.017297592704047182e-02
4.895033105362572856e-02
5.764011464877173002e-02
6.622809128059731210e-02
7.470072211212061553e-02
8.304524235625261597e-02
9.124972807109266171e-02
9.930315170774642319e-02
1.071954260975861439e-01
1.149174368056661705e-01
1.224610630037502590e-01
1.298191872241308831e-01
1.369856945393674585e-01
1.439554618697086175e-01
1.507243382471450954e-01
1.572891169618078899e-01
1.636475005830542173e-01
1.697980598227200599e-01
1.757401876010303010e-01
1.814740486427833255e-01
1.870005264296514536e-01
1.923211678872130403e-01
1.974381268892453634e-01
2.023541073490219278e-01
2.070723066161349046e-01
2.115963598106304078e-01
2.159302856381863367e-01
2.200784341430246094e-01
2.240454367711460781e-01
2.278361590368413458e-01
2.314556560114334471e-01
2.349091307856384092e-01
2.382018959963065896e-01
2.413393384548380705e-01
2.443268868682712536e-01
2.471699826047219495e-01
2.498740534221908782e-01
2.524444900533149294e-01
2.548866255179126350e-01
2.572057170196141440e-01
2.594069302106744579e-01
2.614953259901279248e-01
2.634758489308409724e-01
2.653533180715627604e-01
2.671324192861039282e-01
2.688176993015538585e-01
2.704135611749311496e-01
2.719242610804255555e-01
2.733539062669434472e-01
2.747064540538439736e-01
2.759857117413022642e-01
2.771953373204695259e-01
2.783388408773470046e-01
2.794195865929232081e-01
2.804407952505282853e-01
2.814055471694653088e-01
2.823167854917109088e-01
2.831773197558057342e-01
2.839898296989422644e-01
2.847568692346917341e-01
2.854808705597865481e-01
2.861641483488915894e-01
2.868089040013673263e-01
2.874172299086614757e-01
2.879911137151858203e-01
2.885324425493539513e-01
2.890430071526511324e-01
2.895245061764610828e-01
2.899785499726044158e-01
2.904066646829098208e-01
2.908102960466273923e-01
2.911908131329206117e-01
2.915495119591070550e-01
2.918876189905111884e-01
2.922062945191039596e-01
2.925066359192410870e-01
2.927896807797970014e-01
2.930564099128299960e-01
2.933077502396341796e-01
2.935445775556380088e-01
2.937677191761157713e-01
2.939779564650977228e-01
2.941760272502047524e-01
2.943626281264082323e-01
2.945384166836402806e-01
2.947040134397244660e-01
2.948600041568887331e-01
2.950069413714758726e-01
2.951453464448140496e-01
2.952757111472630869e-01
2.953984993360763145e-01
2.955141484372473260e-01
2.956230710052869526e-01
2.957256560057153205e-01
2.958222701932405330e-01
2.959132592639219794e-01
