9.999008133410466348e-01
9.998805315740371125e-01
9.998561031307717784e-01
9.998266804596263047e-01
9.997912428882366198e-01
9.997485613127847781e-01
9.996971557079983306e-01
9.996352440086397895e-01
9.995606806251833287e-01
9.994708825135738550e-01
9.993627403112073093e-01
9.992325115684623782e-01
9.990756925347565875e-01
9.988868642881246762e-01
9.986595082140813373e-01
9.983857849312249844e-01
9.980562697166645014e-01
9.976596362988631173e-01
9.971822795607843126e-01
9.966078662491711926e-01
9.959168012549287630e-01
9.950855954883300880e-01
9.940861199456145769e-01
9.928847294519714817e-01
9.914412390802008757e-01
9.897077368495476035e-01
9.876272186842467438e-01
9.851320367213247664e-01
9.821421612415717206e-01
9.785632715612929688e-01
9.742847145151817267e-01
9.691774036035361028e-01
9.630917808686534354e-01
9.558560306482851709e-01
9.472748224639454540e-01
9.371289703470604415e-01
9.251765243798217853e-01
9.111559456024462822e-01
8.947921333566060120e-01
8.758061321215306894e-01
8.539292786806874647e-01
8.289222760570964521e-01
8.005991087264484607e-01
7.688547831531685750e-01
7.336946119639670139e-01
6.952613342411649855e-01
6.538551514360017025e-01
6.099412976446072499e-01
5.641406001428217465e-01
5.172008912958775406e-01
4.699508134624566513e-01
4.232415705992962351e-01
3.778852020162727365e-01
3.345988623069673928e-01
2.939630323723240179e-01
2.563981634838454760e-01
2.221602106985989533e-01
1.913521108657929570e-01
1.639462809553425826e-01
1.398127729016749865e-01
1.187484448764530992e-01
1.005038280070649354e-01
8.480577813032824652e-02
7.137518638952257410e-02
5.993985287111937982e-02
5.024311031425952867e-02
4.204899358316022823e-02
3.514477536644654981e-02
2.934160883922381363e-02
2.447389199661850756e-02
2.039783309448362988e-02
1.698957245051851625e-02
1.414311167973503723e-02
1.176821926331158251e-02
9.788419528751507448e-03
8.139127443601937642e-03
6.765960538481596669e-03
5.623238489035102365e-03
4.672667632481980991e-03
3.882199777129775268e-03
3.225050413256704170e-03
2.678859622826157850e-03
2.224978734320215163e-03
1.847866463805316510e-03
1.534579506319205203e-03
1.274344016007777523e-03
1.058195961758755591e-03
8.786798586329440906e-04
7.295967918500755262e-04
6.057939377790286717e-04
5.029889333355763627e-04
4.176234516031546618e-04
3.467412146766706655e-04
2.878864257755168413e-04
2.390192442984264147e-04
1.984454727093483103e-04
1.647580854578421209e-04
1.367886191199248344e-04
1.135667700252098854e-04
9.428682004305604129e-05
