3.600107997480038180e-01
3.600130082726327729e-01
3.600156684203840163e-01
3.600188725371697429e-01
3.600227318482810968e-01
3.600273803167250986e-01
3.600329792894477188e-01
3.600397230920523439e-01
3.600478457652238617e-01
3.600576291752484170e-01
3.600694127780469933e-01
3.600836053725642305e-01
3.601006992470001111e-01
3.601212872023804579e-01
3.601460830348573450e-01
3.601759461738649470e-01
3.602119113112316473e-01
3.602552240204811018e-01
3.603073835602673691e-01
3.603701942861010643e-01
3.604458273655581912e-01
3.605368948095822867e-01
3.606465382017603472e-01
3.607785349333448854e-01
3.609374252375706638e-01
3.611286638626657886e-01
3.613588008239657645e-01
3.616356963183014472e-01
3.619687755417123065e-01
3.623693297775687494e-01
3.628508706390714544e-01
3.634295446357871939e-01
3.641246151017726862e-01
3.649590176943092179e-01
3.659599937402046033e-01
3.671598020875411206e-01
3.685965039953292277e-01
3.703148058360049011e-01
3.723669294889665471e-01
3.748134583141075060e-01
3.777240750899094612e-01
3.811780644641155069e-01
3.852643933567236889e-01
3.900811059358079702e-01
3.957336745194131034e-01
4.023318370831463486e-01
4.099843360644617185e-01
4.187908736566232637e-01
4.288305551227988843e-01
4.401461664736961987e-01
4.527239147082042225e-01
4.664688559557202963e-01
4.811772533541922581e-01
4.965085911315314515e-01
5.119618347584383722e-01
5.268624399221811805e-01
5.403679308935929182e-01
5.514996672694426616e-01
5.592057383062629672e-01
5.624542674992788482e-01
5.603483516617321358e-01
5.522454221937557195e-01
5.378581536387480044e-01
5.173142191697164272e-01
4.911594873690579011e-01
4.603020230426356774e-01
4.259082698555965996e-01
3.892731417369431068e-01
3.516891890423770595e-01
3.143363146462318514e-01
2.782051467765576658e-01
2.440576720328221372e-01
2.124210413020160559e-01
1.836060246692962639e-01
1.577403725824753078e-01
1.348084152795716029e-01
1.146904514301207018e-01
9.719790426567932740e-02
8.210229668273436032e-02
6.915759310965266526e-02
5.811637838611923706e-02
4.874080626997800980e-02
4.080939517922198972e-02
3.412070365377493225e-02
2.849477795704037988e-02
2.377309171288322087e-02
1.981752862923525510e-02
1.650881189126728044e-02
1.374466386903119321e-02
1.143788709177290426e-02
9.514488640818975773e-03
7.911920803603242347e-03
6.577476650754940021e-03
5.466856325254105739e-03
4.542905152495711231e-03
3.774515772609203165e-03
3.135681546965238264e-03
2.604686176841360286e-03
2.163413852793517975e-03
1.796764673887549235e-03
