9.999816109061532288e-01
9.999778503493884640e-01
9.999733207806317248e-01
9.999678649500642891e-01
9.999612934568761213e-01
9.999533781774911922e-01
9.999438443512943531e-01
9.999323610499963877e-01
9.999185297009621776e-01
9.999018702679779436e-01
9.998818046123891801e-01
9.998576364608200429e-01
9.998285272897882159e-01
9.997934672982524695e-01
9.997512404724353541e-01
9.997003825475468952e-01
9.996391304324148130e-01
9.995653613781235736e-01
9.994765198322773658e-01
9.993695295171621806e-01
9.992406877921108377e-01
9.990855387957701117e-01
9.988987212007696126e-01
9.986737856376985967e-01
9.984029759457877518e-01
9.980769673731012537e-01
9.976845536742294795e-01
9.972122737400334058e-01
9.966439669583534444e-01
9.959602449840255778e-01
9.951378660630617601e-01
9.941489966316231497e-01
9.929603437923246734e-01
9.915321417639515467e-01
9.898169759615448315e-01
9.877584306590686536e-01
9.852895511644407245e-01
9.823311204114673068e-01
9.787897646184654521e-01
9.745559254861059229e-01
9.695017701768827711e-01
9.634791583754730437e-01
9.563178515585782913e-01
9.478242361073212496e-01
9.377809400119959671e-01
9.259478493041802816e-01
9.120651638815621132e-01
8.958592495007422496e-01
8.770521022619105489e-01
8.553751815656821522e-01
8.305881056572578247e-01
8.025021531231313343e-01
7.710076130839290665e-01
7.361027952662038132e-01
6.979211128301098244e-01
6.567514410935783031e-01
6.130464542498479386e-01
5.674143859632102549e-01
5.205919323467164128e-01
4.733995675892689325e-01
4.266844893369837743e-01
3.812594759272881495e-01
3.378469965044341716e-01
2.970365584444694118e-01
2.592600271428042724e-01
2.247856894849500631e-01
1.937284069703085199e-01
1.660711262127274601e-01
1.416924535874970470e-01
1.203956239241616710e-01
1.019354532894839183e-01
8.604125855525285305e-02
7.243492128520490070e-02
6.084412823741323917e-02
5.101133031098059600e-02
4.269919297088536903e-02
3.569335203418614461e-02
2.980321880334889026e-02
2.486145745535640536e-02
2.072262397613583787e-02
1.726133145914069203e-02
1.437020115842493201e-02
1.195777492985633690e-02
9.946501314638530461e-03
8.270861480182150130e-03
6.875669037134669523e-03
5.714556106631470990e-03
4.748644119088946819e-03
3.945389448811592592e-03
3.277589417822781605e-03
2.722532174306327348e-03
2.261273558143597588e-03
1.878024672409999915e-03
1.559635050974964889e-03
1.295157759689434095e-03
1.075484306072881481e-03
8.930387451887434724e-04
7.415217910928038718e-04
6.156970394463507105e-04
5.112125638411755017e-04
