1.000000000000000072e-18
1.000000000000000072e-18
1.000000000000000072e-18
1.000000000000000072e-18
1.000000000000000072e-18
1.000000000000000072e-18
1.000000000000000072e-18
1.000000000000000072e-18
1.000000000000000072e-18
1.000000000000000072e-18
1.000000000000000072e-18
1.000000000000000072e-18
1.000000000000000072e-18
1.000000000000000072e-18
1.000000000000000072e-18
1.000000000000000072e-18
1.000000000000000072e-18
1.000000000000000072e-18
1.000000000000000072e-18
1.000000000000000072e-18
1.000000000000000072e-18
1.000000000000000072e-18
1.000000000000000072e-18
1.000000000000000072e-18
1.000000000000000072e-18
1.000000000000000072e-18
1.000000000000000072e-18
1.000000000000000072e-18
1.000000000000000072e-18
1.000000000000000072e-18
1.000000000000000072e-18
1.000000000000000072e-18
2.041448095732307350e-04
3.472532980951351655e-01
2.027280729176404034e-02
1.670985717136889287e-02
6.327964690089459693e-03
1.156751120639915864e-01
4.427956894319204917e-01
4.991988552926721168e-07
1.221817938904747276e-11
9.125270036546429656e-14
1.072010345452048159e-14
9.626738730894095882e-15
5.735301259115586918e-14
3.060351773081885891e-12
5.324698876760299983e-09
4.308999585025791723e-01
2.933392577311880745e-01
3.277378592984024896e-01
2.738791664476009635e-01
3.920273693603590903e-01
3.558185856912516876e-01
1.191064936975935776e-08
9.506343038600089427e-12
2.243182897165272789e-13
4.925306655730485522e-14
7.675655825014753486e-14
9.779931993838978512e-13
1.873651457527361446e-10
1.202804449211568258e-05
2.047217076313243012e-01
5.551418144304607338e-01
2.884927724966548923e-02
1.180538212593889441e-02
8.089033428295749895e-02
2.483183645592172140e-01
7.568358601189988924e-04
1.186203782016040394e-18
1.000000000000000072e-18
1.000000000000000072e-18
1.000000000000000072e-18
1.000000000000000072e-18
1.000000000000000072e-18
1.000000000000000072e-18
1.000000000000000072e-18
1.000000000000000072e-18
1.000000000000000072e-18
1.000000000000000072e-18
1.000000000000000072e-18
1.000000000000000072e-18
1.000000000000000072e-18
1.000000000000000072e-18
1.000000000000000072e-18
1.000000000000000072e-18
1.000000000000000072e-18
1.000000000000000072e-18
1.000000000000000072e-18
1.000000000000000072e-18
1.000000000000000072e-18
1.000000000000000072e-18
1.000000000000000072e-18
1.000000000000000072e-18
1.000000000000000072e-18
1.000000000000000072e-18
1.000000000000000072e-18
1.000000000000000072e-18
1.000000000000000072e-18
1.000000000000000072e-18
1.000000000000000072e-18
3.229106265159436542e-04
9.785306385589653133e-09
1.286785002653347083e-07
2.455603481555273210e-08
3.891909169875142744e-05
4.852152382281776898e-07
6.461539920220156497e-02
7.051197784126118432e-08
3.230241279571086565e-04
8.929712169233713139e-07
8.845174227099235660e-07
7.510794267893320126e-07
6.448793738060558823e-04
3.321472312184157658e-03
2.461447360823673380e-01
3.910338060417534791e-05
1.614819854359773063e-04
1.640486783040837439e-04
1.725868540995577523e-04
1.783333889599078765e-04
4.062152953655496015e-03
7.153581351178314512e-04
2.234988460377050970e-03
2.772080875656978034e-03
2.785645686247527342e-03
6.453251357443212308e-03
6.336176153347463855e-03
3.142220766934987475e-02
1.601947063616437558e-02
7.162011091670368312e-01
2.748911175004675744e-01
1.143735670642460622e-01
1.185506034587057193e-03
1.467344390213813068e-03
1.293246739128501742e-03
2.446253710179158332e-03
4.936635305899080353e-03
4.837978448015824683e-03
6.158023630050612693e-03
8.261639873296366954e-03
3.928545244228689448e-01
4.342799960307167084e-02
1.354179777978260259e-02
1.180150172059546976e-01
1.077302320063749791e-01
1.853217172545596203e-01
4.396997612481474138e-01
3.137948018053884347e-01
1.528080925316078684e-02
1.511610743660773276e-02
1.893073869622879934e-02
1.708337267902056839e-02
4.258169338920159315e-03
4.936600763344917847e-03
6.799050302535615542e-03
6.561998258559222086e-03
1.399352727355941406e-01
2.120791538688876487e-01
1.447315384968789476e-01
1.123241776135436576e-01
8.935779256978262919e-02
4.715061673712765411e-01
6.092289236280511167e-02
4.220192737496093471e-01
1.287115464959466549e-02
6.758388127920983424e-03
1.651200225295392995e-02
1.084605490853169339e-02
2.052027728460489864e-02
2.882576873137644713e-02
1.807092132476058322e-02
2.874214871089024112e-02
8.481730870721261584e-02
9.835248677765075220e-02
1.007678708449314120e-01
9.276681341003972792e-02
6.081122835070917887e-01
3.419988000749603629e-01
1.222145804648459011e+00
1.375228268674829613e+00
1.943432431372229749e-02
1.939901018664485707e-02
1.716181169615945204e-02
1.802343169608965762e-02
4.820113799253951392e-02
4.840401945922601784e-02
4.786978277881219490e-02
4.789730805151840715e-02
1.280370582266447121e-01
1.289343212640343961e-01
1.211980058632792651e-01
1.279288710809284579e-01
3.335731704580732204e-01
9.769082677657043856e-01
1.241803537623304532e+00
1.049614220377969920e+00
1.191249503658401224e-02
1.390675542873378613e-02
2.005084857958066777e-02
1.709696461081789201e-02
2.225240202746197118e-02
2.194789910057886803e-02
3.257032123617817354e-02
2.830133824051092248e-02
5.717828275174965599e-03
6.577910172820895796e-03
5.636809119963227289e-03
6.641098330217171976e-03
6.264744298395262534e-03
6.871166879915239362e-03
6.844501174292937085e-03
5.547762383248689214e-03
3.126664748867282601e-02
8.402544475438120108e-02
3.312386791167371003e-02
3.253082810319202212e-02
3.909371247937746263e-01
5.066599790460905028e-01
3.973656007034570559e-01
5.253359331684709366e-01
1.512596815867603695e-01
1.881445483038408639e-01
2.884932629327105480e-01
2.082481819558632541e-01
1.303305390781491546e+00
1.027408209552345131e+00
1.064136800103472114e+00
1.780139263719610065e+00
9.030028951490638722e-02
1.087431995741350299e-01
7.880919580082536291e-02
7.052397435504736967e-02
6.253241632366731695e-01
5.148196598700929272e-01
6.189748782903656821e-01
6.426301729607563074e-01
1.222434306296357881e-01
1.844824635313933037e-01
3.623140770405981481e-01
1.294721349522464648e-01
8.307727620300079385e-01
1.994039243023191910e+00
7.036284021546650447e-01
1.228223185805005446e+00
5.024020512983319586e-02
4.503918732576495804e-02
7.607658463538742588e-02
4.962762066401482652e-02
5.478468083829862723e-01
4.762886429167954017e-01
5.962648530567475902e-01
3.877404755883359089e-01
3.723187785491080537e-02
3.207259380411642963e-02
1.948724644714665277e-02
6.596727477955217911e-02
6.711105772991312612e-01
1.633873820118966869e+00
5.440661588083665068e-01
5.202914496978056080e-01
1.819740250334318798e-02
1.272637867533035413e-02
1.918968654068506710e-02
1.164552483013469794e-02
2.037606555411157483e-01
4.369790258296131213e-01
1.337171145972529118e-01
6.217718535702720928e-01
3.070774084670725582e-04
4.948703921148431273e-02
7.727876313793533535e-04
2.720096375214882682e-04
9.164482118122030396e-02
8.192973021528224264e-02
2.212383409815368157e-02
4.835301922849864417e-03
6.989011081871447173e-05
6.412766745866675092e-05
9.881586903964526751e-05
5.193817828830292715e-05
1.005252738843401297e-10
1.283959491802178124e-10
7.276817319916884175e-11
1.972961309192932307e-10
3.810135195414232081e-04
3.204400721221553768e-04
1.437723115886712245e-04
2.420694981543999435e-03
3.415350832026959205e-03
1.835648024187364622e-03
5.118206726114711558e-02
5.048541309256134035e-02
1.233441645784883953e-02
6.320748882577491290e-02
8.161908529031172005e-03
8.930587155159035173e-03
4.125602352314916565e-01
2.003787181590134248e-01
3.497813298251405412e-01
2.641623105149381590e-01
8.682520509935345854e-02
1.073489313424652314e-01
8.501784953813076862e-02
1.366580986563040723e-01
3.780519280413743299e-01
7.770601121700764224e-01
4.076129058879522371e-01
6.015410563469334448e-01
2.944476380703643925e-01
1.377893592092723773e-01
2.951917375286730039e-01
2.054565787125811338e-01
4.084921138375966487e-01
3.663469168341504933e-01
3.896783991180676754e-01
4.548355529614499515e-01
4.119333715010509156e-01
3.391695827696896703e-01
3.000979908805438412e-01
3.319296247681461365e-01
7.496871435949630236e-01
1.071535020219815504e+00
7.634155317033156640e-01
8.161002321034500628e-01
3.642568302143282533e-01
3.487081062854102131e-01
3.425351220737994917e-01
3.367769224324700383e-01
3.777551337458961989e-01
3.767775519371449056e-01
3.694711501146608068e-01
3.548297512724637448e-01
2.752087644209526562e-01
2.755181224637694992e-01
2.683310440264456975e-01
2.699843920174574974e-01
5.616281485935052942e-01
5.524169816536910194e-01
5.624751369694618308e-01
5.514213694497945850e-01
2.212273809110213541e-06
8.556838934892726942e-06
4.782501945604232252e-01
1.078645272745783590e+00
1.733170663216838025e-04
6.705684352036208294e-04
3.859200467262371426e-01
9.961406981750011713e-01
1.196312377848317244e-03
4.813808823091663552e-03
7.994130750284914599e-01
5.342084174572527822e-01
1.533031912565653923e-02
4.178667534222514808e-03
2.446484559767835021e-01
5.102275268531059060e-01
1.062073278318714092e-02
2.513713425377086391e-02
8.098584837159888972e-02
1.659136642441396914e+00
1.629911536618794399e-02
5.099586365779335689e-02
1.255587609700631324e-01
1.060545857749955578e+00
1.273640436464043915e-02
2.428664770011593199e-02
6.034490519815855283e-03
6.298255858659870636e-03
4.709562411040046914e-02
5.276890506635005806e-01
3.184588719496870279e-01
2.657615788470768070e+00
8.030039542763074689e-02
6.316218589372221137e-01
1.722014481202208680e-01
1.970973860342270179e+00
5.379446291665238022e-02
5.956876023132036124e-01
5.259435976180201755e-02
1.716212125449594783e+00
1.694874716530687594e-02
6.192208297644401505e-01
3.469761110092838951e-03
1.366728518399252357e+00
5.630993350949886058e-05
1.226908870517782170e-10
6.560425103487847352e-04
1.375945732260572263e-01
2.393725148697985541e-02
4.813812940953882125e-01
1.046060775905123807e-01
8.765483297104157412e-01
1.887455413524191661e-01
4.563595364739412297e-01
3.486360856154958054e-01
1.099510795506773775e+00
3.647995160151620286e-01
3.772988049442888014e-01
2.721920589928837897e-01
1.000000000000000072e-18
