1.000000000000000072e-18
1.000000000000000072e-18
1.000000000000000072e-18
1.000000000000000072e-18
1.000000000000000072e-18
1.000000000000000072e-18
1.000000000000000072e-18
1.000000000000000072e-18
1.000000000000000072e-18
1.000000000000000072e-18
1.000000000000000072e-18
1.000000000000000072e-18
1.000000000000000072e-18
1.000000000000000072e-18
1.000000000000000072e-18
1.000000000000000072e-18
1.000000000000000072e-18
1.000000000000000072e-18
1.000000000000000072e-18
1.000000000000000072e-18
1.000000000000000072e-18
1.000000000000000072e-18
1.000000000000000072e-18
1.000000000000000072e-18
1.000000000000000072e-18
1.000000000000000072e-18
1.000000000000000072e-18
1.000000000000000072e-18
1.000000000000000072e-18
1.000000000000000072e-18
1.000000000000000072e-18
1.522424148796267939e-18
1.559881303030623279e-01
6.787125412006296266e-01
2.892574250815933556e-01
1.863515946734918272e-01
4.002913433915206154e-03
3.766077205166108999e-01
3.080377406126135753e-01
4.677449085352329669e-06
2.225303896812907723e-11
9.617143839477836099e-14
8.083848415773925492e-15
5.705243125590732790e-15
2.813975979353174721e-14
1.282110390083660978e-12
1.936572100273232140e-09
5.271751549782023316e-01
1.192813977424330707e-01
1.688744963397756926e-01
3.501464104399687471e-01
5.952718041248586944e-01
2.531553832213739863e-01
9.732873224108980803e-09
4.790154973815505823e-12
9.331622999445349742e-14
1.838216093161317986e-14
2.669936753961870828e-14
3.245670189214208075e-13
6.052421870693516992e-11
3.912614568509978144e-06
8.974050491424157006e-02
7.131241807488221118e-01
1.021437551475773073e-02
4.315106167334471776e-02
1.107064941992103313e-01
3.615610477159507119e-01
6.991887559546076936e-02
1.000000000000000072e-18
1.000000000000000072e-18
1.000000000000000072e-18
1.000000000000000072e-18
1.000000000000000072e-18
1.000000000000000072e-18
1.000000000000000072e-18
1.000000000000000072e-18
1.000000000000000072e-18
1.000000000000000072e-18
1.000000000000000072e-18
1.000000000000000072e-18
1.000000000000000072e-18
1.000000000000000072e-18
1.000000000000000072e-18
1.000000000000000072e-18
1.000000000000000072e-18
1.000000000000000072e-18
1.000000000000000072e-18
1.000000000000000072e-18
1.000000000000000072e-18
1.000000000000000072e-18
1.000000000000000072e-18
1.000000000000000072e-18
1.000000000000000072e-18
1.000000000000000072e-18
1.000000000000000072e-18
1.000000000000000072e-18
1.000000000000000072e-18
1.000000000000000072e-18
1.000000000000000072e-18
1.000000000000000072e-18
8.537802089925891971e-03
8.342118285648905248e-07
3.367073133306206997e-05
2.875258318484008198e-06
1.747786231491733422e-03
9.916558230360799134e-06
2.466401074315315370e-02
5.934321229531298148e-07
1.376672330497639984e-02
1.973509176143947545e-03
1.916292366547925688e-03
1.189346006622798426e-03
2.992568154452171156e-02
5.461214443710398977e-03
1.377615345827449267e-01
1.744270411288177799e-03
7.982805032802901823e-02
5.303743603832741793e-02
5.561574773653493731e-01
4.847763126888499086e-01
8.686115785802825048e-03
1.005205656244128817e-02
8.423552091111648557e-03
8.296404818942377732e-03
3.126051648673822819e-02
4.621516503593991326e-02
4.605253496545887171e-02
8.106821400465985539e-02
1.316998743420013177e-02
3.484382038195105724e-01
1.003689725097792335e-01
4.095940635621665715e-02
4.312322382135778676e-01
8.506363654014963138e-02
3.888102747245398838e-01
4.772739261403322053e-02
1.374116419976207093e-01
5.157456507529378786e-01
3.471750269899797486e-02
2.096967205608112755e-02
5.015078424717137606e-01
1.327554011517980970e-01
8.045968745873477435e-02
2.288675335288394008e-01
3.865791253254303311e-02
7.215389635590228889e-02
4.481703655051881841e-01
1.655507218686906312e-01
9.413895121191531712e-02
1.281344755774208588e-01
6.414159045639367118e-02
3.822538464873950076e-02
7.843976158572342205e-01
3.676563966873673817e-01
1.998459065056823747e-01
2.076295783777132586e-01
1.297535702705361060e-01
1.718895510826065620e-01
1.412489411237388415e-01
7.905853576730244303e-02
2.974177105063491311e-01
8.537449755318544664e-01
2.453266799314895996e-01
7.819185333004753380e-01
9.098245033379985802e-01
1.894174920180214106e-01
7.588280265127441693e-01
8.858642648364103422e-01
1.954603849691577966e-01
6.326039513786201329e-01
6.874975259673939132e-02
6.421361293153802219e-01
5.062065056171934918e-01
1.551900802337489726e-01
1.250660235820346133e-01
2.774803769604727854e-01
3.358852479430384785e-01
2.167669304200032787e-01
5.908973735800349125e-01
5.902828905800291404e-01
2.976590034100426996e-01
3.354882836029344784e-01
6.280276918327017954e-01
4.645442113349205204e-01
2.171886824891750278e-01
1.995508036957337472e-01
3.197734447061525986e-01
3.483083387172163370e-01
9.580060764144789909e-01
9.436320908390367634e-01
8.767163910996698117e-01
9.596018167464157589e-01
2.056708103153550571e-01
5.404179825077329857e-01
5.833311811928810764e-01
5.692382958623024569e-01
6.918783337529711419e-01
7.878705188915452462e-01
3.514683887919120009e-01
4.708629406777618542e-01
4.735799090313018711e-01
4.746823245891432230e-01
1.908107836980444949e-01
2.782691096670214526e-01
1.784407816258835877e-01
2.120540171311327549e-01
1.749104822176003327e-01
2.141990059314618222e-01
4.595702995028885796e-03
6.057374181545432251e-03
5.976302725922100385e-03
3.502346917973649283e-03
2.330139956424075523e-02
2.124099029558221552e-01
2.562984590729721485e-02
2.486593371266770242e-02
2.465909953350972350e-01
5.141495377755692653e-01
2.552541760315918951e-01
5.613296935796722176e-01
3.107938226948213645e-01
2.805868170210202295e-01
2.346468647345879288e-01
2.680082553549300028e-01
4.927185333545269774e-01
3.727703098449862140e-01
4.042412631771789000e-01
6.584455617891001866e-01
3.286371488625714488e-01
3.664690860082098767e-01
2.970010032878038775e-01
2.748694185738445039e-01
9.248984725476631086e-01
5.725869500311325799e-01
5.527123308543624436e-01
8.191552347250238286e-01
3.362701818254655861e-01
3.240975162087065820e-01
3.226299496023762314e-01
3.339538031490622005e-01
3.305752961357538711e-01
7.878196961641833473e-01
2.805827843554128953e-01
4.447445538759327022e-01
2.689623462365717810e-01
2.664518938860880870e-01
3.204225217608829834e-01
2.682465082773289322e-01
6.789133821663202450e-01
2.666441735595466711e-01
6.514474209151738249e-01
2.962184300693545547e-01
2.186558929322035549e-01
2.260315777014677285e-01
2.850480553883285584e-01
2.112833186276905362e-01
2.317667033850484837e-01
5.986107519295417179e-01
2.045665742581049551e-01
1.784410383672165035e-01
1.302431663006938245e-01
1.425672350882485895e-01
1.310623501855325279e-01
1.573849752850799422e-01
7.375003057799034423e-02
2.227872162297335201e-01
5.576455768255902945e-02
5.973411245911584011e-01
2.305124243104445525e-01
1.174360418054262167e-01
7.097924148448450654e-02
2.870434271274951987e-01
3.173701540981208047e-02
2.843473335505262989e-02
7.411974569549482222e-03
1.607951621004290567e-03
1.062105424907721328e-02
8.624567139816899028e-03
2.699566063815433958e-02
5.336952044886145857e-03
3.252187066512756327e-11
4.151226540884776592e-11
2.356340905677334494e-11
6.372502820467695846e-11
4.682915369552469523e-03
3.395355546981918167e-03
8.808787346892380269e-04
2.812943236326179708e-01
1.192618968605771868e-03
6.281181724926707469e-04
1.863225501313527099e-02
1.875741924910843614e-02
1.169896265896149118e-01
1.462056622727048172e-01
1.310753097859111982e-01
1.266489918499468792e-01
4.476307195064929134e-01
9.588977008206341079e-02
2.745572798351307298e-01
1.526317168609952479e-01
2.709272370646869654e-01
2.774109420533745762e-01
2.705757056708401054e-01
2.871701065643488815e-01
1.865141358344235278e-01
6.095379702214220874e-01
1.849033842305345399e-01
3.465576139795635835e-01
3.679541854550819613e-01
4.388074592766711968e-01
3.675292317286630306e-01
4.296197412025111739e-01
4.202717655508108607e-01
3.317853486157381626e-01
3.447684850828009462e-01
8.640458323195205903e-01
5.764118298966073306e-01
5.710817509051083762e-01
4.583746138036229323e-01
5.560143998355600026e-01
4.543517408544749947e-01
7.780171525532202370e-01
3.650122724282094944e-01
4.057569807518192073e-01
7.009030995655878282e-01
7.786814135733788333e-01
7.774297041374634842e-01
7.630386255909287208e-01
6.660940286378890240e-01
9.657034447815302514e-01
8.314717426344265805e-01
5.948691529850593795e-01
7.443312207868613140e-01
6.817534857668993142e-01
6.570985389555689116e-01
7.187200217485067988e-01
7.320570774172212580e-01
8.944746534305226815e-01
8.017448831932886266e-01
8.955811453178317283e-01
6.694137441269973343e-02
1.537683836810979920e-01
9.225240069964801837e-01
7.717970873327089087e-01
5.571440695139791011e-01
5.922287856400038075e-01
9.054232866266899160e-01
7.517522184315974521e-01
7.130070326910904477e-01
6.244054922936850271e-01
9.746133949797671781e-01
8.284005544750190353e-01
7.216327417764720753e-01
8.489864563773900086e-01
7.053475249500894551e-01
9.242191466882604400e-01
8.679357540706759133e-01
9.349579137301191611e-01
9.528948445101714793e-01
7.500597275788756235e-01
9.299033358855033349e-01
6.502270196074806385e-01
9.835665710544906348e-01
5.731833122087017784e-01
9.065583034926740780e-01
4.206619901461385869e-01
1.916994323418078072e-01
4.659088419612013136e-03
5.077581644972120611e-02
5.754361560492428085e-01
2.263782935673428198e-01
1.003043173810288069e+00
3.013394277408262267e-01
9.203234040523566861e-01
3.254585263764910308e-01
7.805050480583421990e-01
2.742885564228300099e-01
7.197167679919200811e-01
2.111603845846091454e-01
6.586102200102678106e-01
1.298737974579722843e-01
5.783114597741226826e-01
5.472199371044019628e-02
5.276157006959159013e-01
6.385341118130647732e-03
3.967225961860684889e-11
1.424478248412547852e-02
9.207557166626522127e-01
1.168677768299708486e-01
9.232079546034593909e-01
2.764769141275347786e-01
9.096391523227874698e-01
4.407010528713377617e-01
8.799477298694633465e-01
5.861619075345180230e-01
7.697659897042236077e-01
6.958414634587855030e-01
9.733243955600556774e-01
7.918372674858923377e-01
1.000000000000000072e-18
