1.000000000000000072e-18
1.000000000000000072e-18
1.000000000000000072e-18
1.000000000000000072e-18
1.000000000000000072e-18
1.000000000000000072e-18
1.000000000000000072e-18
1.000000000000000072e-18
1.000000000000000072e-18
1.000000000000000072e-18
1.000000000000000072e-18
1.000000000000000072e-18
1.000000000000000072e-18
1.000000000000000072e-18
1.000000000000000072e-18
1.000000000000000072e-18
1.000000000000000072e-18
1.000000000000000072e-18
1.000000000000000072e-18
1.000000000000000072e-18
1.000000000000000072e-18
1.000000000000000072e-18
1.000000000000000072e-18
1.000000000000000072e-18
1.000000000000000072e-18
1.000000000000000072e-18
1.000000000000000072e-18
1.000000000000000072e-18
1.000000000000000072e-18
1.000000000000000072e-18
1.000000000000000072e-18
1.925623003272588236e-18
1.301191586502424384e-02
6.458494278726119031e-01
2.350089340395362103e-01
1.272557663913517489e-01
4.314312663761601073e-03
3.335543282899245954e-01
3.294129393915001258e-01
4.272724656921642417e-06
2.352900386613168621e-11
1.041673357220348251e-13
8.858674844220752897e-15
6.297461865468469030e-15
3.121753641778902195e-14
1.427714546843071436e-12
2.163123392593968377e-09
5.378544637285376240e-01
1.320172384923204156e-01
1.840683075538606384e-01
3.599036202593016709e-01
5.904762025139774773e-01
2.711567159154513740e-01
1.094386330929877040e-08
5.395907444220337113e-12
1.051657651402073729e-13
2.071845521647256063e-14
3.008675668139738626e-14
3.655378927208199243e-13
6.808561870517136688e-11
4.389334287458829301e-06
9.887304142446287636e-02
7.144227571958375878e-01
1.139551118942366999e-02
3.983467588730305042e-02
1.208949231039869315e-01
3.653099401070858954e-01
2.467138158704895376e-02
1.000000000000000072e-18
1.000000000000000072e-18
1.000000000000000072e-18
1.000000000000000072e-18
1.000000000000000072e-18
1.000000000000000072e-18
1.000000000000000072e-18
1.000000000000000072e-18
1.000000000000000072e-18
1.000000000000000072e-18
1.000000000000000072e-18
1.000000000000000072e-18
1.000000000000000072e-18
1.000000000000000072e-18
1.000000000000000072e-18
1.000000000000000072e-18
1.000000000000000072e-18
1.000000000000000072e-18
1.000000000000000072e-18
1.000000000000000072e-18
1.000000000000000072e-18
1.000000000000000072e-18
1.000000000000000072e-18
1.000000000000000072e-18
1.000000000000000072e-18
1.000000000000000072e-18
1.000000000000000072e-18
1.000000000000000072e-18
1.000000000000000072e-18
1.000000000000000072e-18
1.000000000000000072e-18
1.000000000000000072e-18
5.567329217880201062e-03
7.041754194071196647e-07
1.300019042472379775e-05
2.029738451644493031e-06
9.706678336883447404e-04
1.220940924910880173e-05
2.799752977510245461e-02
7.538550965556936891e-07
1.296367747667087796e-02
9.318719442296911220e-05
9.236656186957396873e-05
7.922121840512667238e-05
2.549740717835930620e-02
5.587826231710489068e-03
1.489609766657869205e-01
9.712614971807933444e-04
1.378708100103590711e-02
1.368033276973325968e-02
1.355167506212020048e-02
1.342382160988279255e-02
8.683096179185997160e-03
1.155820562297114190e-02
7.975789028725836435e-03
8.048438881145427229e-03
2.455826699123147411e-02
5.006004022399760528e-02
4.986287100155720187e-02
8.694549738001307315e-02
1.524384575305152111e-02
3.806735849187848908e-01
1.119719218205564859e-01
4.617643849793983540e-02
7.068030490378626740e-02
5.833807800344364275e-02
5.990534499821528053e-02
4.707224856361710147e-02
1.085953222701260545e-01
1.426211397980055862e-01
3.033317160996722855e-02
2.040708176372094812e-02
5.156875725616471007e-01
1.238481752264221775e-01
6.919249183162343164e-02
2.224705118095836320e-01
4.341234420319280141e-02
8.006558593789987743e-02
4.639994774548132361e-01
1.799312945572733302e-01
7.890916913488993378e-02
9.981305525017826474e-02
7.112710090873508584e-02
3.740794723883539979e-02
1.590320702634448746e-01
1.296200088790830651e-01
1.100444828156208893e-01
1.110156761634975425e-01
1.360599033112543932e-01
1.830993317857345093e-01
1.474569838961314328e-01
8.466930029206509722e-02
2.683729915171669811e-01
8.203921707915311501e-01
2.165398785801961323e-01
7.485981414526622357e-01
3.254280947513142896e-01
1.063141516214496374e-01
3.590274684946878070e-01
2.822521265647292554e-01
1.854193009507135170e-01
3.531152504411615434e-01
7.573969812621887676e-02
3.558992373389949226e-01
3.994949178576591153e-01
1.629763272749828740e-01
1.326601908597911383e-01
2.490723815898173710e-01
3.640602819000364754e-01
2.330059427873329148e-01
6.458332193430189605e-01
6.514679279806604439e-01
1.963290103233882866e-01
2.558878746677969440e-01
3.359355582198657042e-01
3.001984563629131464e-01
1.866203032324516564e-01
1.745213975509405935e-01
2.509056434418608927e-01
2.672526006093092210e-01
7.327761059543251854e-01
7.275608339069650210e-01
6.606540585714001379e-01
7.333083377292911598e-01
2.210458641404009772e-01
5.850178890251362951e-01
6.388615310107610412e-01
6.171220267678696469e-01
2.589437942493934552e-01
3.323972604341633996e-01
2.679758557417943887e-01
3.014033655635773301e-01
2.702565041066884999e-01
2.676768337909045670e-01
1.780429982242090203e-01
2.261770498674715579e-01
9.299193979077992334e-02
1.065337661537324315e-01
9.158701504664268356e-02
1.074257019702096472e-01
4.951954181013200687e-03
6.456167666564364103e-03
6.373505700587084669e-03
3.805272693442719213e-03
2.468633960013258410e-02
1.955972530815484889e-01
2.708372496884664526e-02
2.629850888556642743e-02
2.661883775464211621e-01
5.278504446433494035e-01
2.751475698314183038e-01
5.739094494288118353e-01
3.117329288489835704e-01
2.919628007899772726e-01
2.545245485631529858e-01
2.825192302357409924e-01
5.474596678857771570e-01
4.153334197841586084e-01
4.490318735001646022e-01
7.326323498494021758e-01
2.843875276931255303e-01
3.223083215905423460e-01
2.551406572933291317e-01
2.347365184565607388e-01
9.127007214922787659e-01
5.836330022131006601e-01
5.836602924816428617e-01
8.288254272276872614e-01
3.286357219496945370e-01
3.330117111821954134e-01
3.452701127540264703e-01
3.292178584935717689e-01
3.661036637054313481e-01
8.728510046301488634e-01
3.107064285594199893e-01
4.954836452410666947e-01
2.170813865632941486e-01
2.102565553751198357e-01
2.723089478892177229e-01
2.160414582481877399e-01
6.821173353108317405e-01
2.915428891766419506e-01
6.692219000953705255e-01
3.133329622589874908e-01
2.018521969536974381e-01
2.016308046143189536e-01
2.076588514512094641e-01
2.114421489131431409e-01
2.589641705554379114e-01
6.664273065820525144e-01
2.273697296141916069e-01
1.994685877620921144e-01
1.031799833484336459e-01
1.015327716130216273e-01
1.047925117731598604e-01
1.060535649515958329e-01
8.237593679955695913e-02
2.445103721405829933e-01
6.164617220108929707e-02
6.193433617877772690e-01
2.049016681461383882e-02
1.241357735661227507e-01
3.370775889525209207e-02
1.844086244533225255e-02
3.545544045074194850e-02
3.176228208970021533e-02
8.296971489847808356e-03
1.800791149832054469e-03
3.286699885787911467e-03
2.897252839315848493e-03
5.417070539068257438e-03
2.124496330042571855e-03
3.659005563897586470e-11
4.670248016160435810e-11
2.651290270729931899e-11
7.168546658537065206e-11
4.425004729480348266e-03
3.304871719178828493e-03
9.252673991705132831e-04
7.466781384892898221e-02
1.335229143693401638e-03
7.033397604156348473e-04
2.075440440381618248e-02
2.087814840397441557e-02
9.230351143657883339e-02
1.437829377308048051e-01
8.961796196562687999e-02
8.993022760421298667e-02
4.630023475339274386e-01
1.055388767108305093e-01
2.927270984780477869e-01
1.661076047726071647e-01
2.444076613204944626e-01
2.603818222769264112e-01
2.428930395620672866e-01
2.789555225106420400e-01
2.038248752549688958e-01
6.447041531020084593e-01
2.036479450074898390e-01
3.760078034908320710e-01
3.770030710514889472e-01
3.905101985866455405e-01
3.767014613522456923e-01
4.132269298033162119e-01
4.366905286964898325e-01
3.484940163437178495e-01
3.634143847053638021e-01
8.256976025299027633e-01
5.784608590468682809e-01
5.555003869837832342e-01
4.499624618984672253e-01
5.407758907833795092e-01
4.881310984046725587e-01
8.239907181424966920e-01
4.000052504732128367e-01
4.435455612940481518e-01
6.747112920913153067e-01
7.291530485878378043e-01
7.250280367278776339e-01
7.110735496410524048e-01
6.500220025971068516e-01
8.847708988682648767e-01
7.813913563515761940e-01
5.863310051759305086e-01
6.824044776101265697e-01
6.367253290917807007e-01
6.073688565837433995e-01
6.547175137907338405e-01
7.371171747080113024e-01
8.724560853391061244e-01
7.975979729428066545e-01
8.730495953816334032e-01
2.073189420876760819e-04
7.798525938314864120e-04
8.939333826614939138e-01
8.179201898451138320e-01
1.353463956465168413e-02
4.185001675453600689e-02
8.584529512578007449e-01
7.930127023704417466e-01
6.791154685833226956e-02
1.612440583578202968e-01
9.855017938616185136e-01
8.117154199395826275e-01
3.068087404568213272e-01
1.675952027607808814e-01
6.352292281307859723e-01
8.916160369429366739e-01
2.757686878474434056e-01
4.421346325839932700e-01
6.521289757051389469e-01
8.235428244104447959e-01
3.580618690796650849e-01
4.405588767945316508e-01
7.379590501264544633e-01
6.215570586587324531e-01
3.163092198092260499e-01
2.704389251644204184e-01
9.827556789916805369e-02
5.017846730336822554e-03
5.228118726008639666e-02
5.865640787667761868e-01
2.469397387729687088e-01
1.114569857714736711e+00
2.590868950396693626e-01
9.110832042022216637e-01
3.321945760577689200e-01
8.646167458043328979e-01
2.237726041580079817e-01
7.289384920454418104e-01
2.061197277692514707e-01
7.310600156754852863e-01
1.014503816351683269e-01
6.016940401073477274e-01
4.944393397455017214e-02
5.854498795201922290e-01
2.393053796992486784e-03
4.463288089518989068e-11
1.145525147118619906e-02
7.107003076750512127e-01
1.046586854128652988e-01
8.814051783689852426e-01
2.584099384983790104e-01
9.326865783446547375e-01
4.164539066562353842e-01
8.387628398241755434e-01
5.709274078126888030e-01
8.186798530349999048e-01
6.708122918292086512e-01
8.905337122565692987e-01
7.102895693030907287e-01
1.000000000000000072e-18
