1.000000000000000072e-18
1.000000000000000072e-18
1.000000000000000072e-18
1.000000000000000072e-18
1.000000000000000072e-18
1.000000000000000072e-18
1.000000000000000072e-18
1.000000000000000072e-18
1.000000000000000072e-18
1.000000000000000072e-18
1.000000000000000072e-18
1.000000000000000072e-18
1.000000000000000072e-18
1.000000000000000072e-18
1.000000000000000072e-18
1.000000000000000072e-18
1.000000000000000072e-18
1.000000000000000072e-18
1.000000000000000072e-18
1.000000000000000072e-18
1.000000000000000072e-18
1.000000000000000072e-18
1.000000000000000072e-18
1.000000000000000072e-18
1.000000000000000072e-18
1.000000000000000072e-18
1.000000000000000072e-18
1.000000000000000072e-18
1.000000000000000072e-18
1.000000000000000072e-18
1.000000000000000072e-18
1.890174211865819828e-18
1.500862723285099724e-03
5.560160238441913538e-01
1.001525842876895001e-01
5.902914187246531552e-02
5.099949326039028563e-03
2.440216572802701434e-01
3.806715032317191105e-01
2.264958356271425824e-06
2.349113560617709148e-11
1.179484478672138524e-13
1.064902002029605045e-14
7.849598950423749833e-15
3.989001269381059282e-14
1.858345113684577223e-12
2.857848661281472586e-09
5.417856268244340967e-01
1.698333946327863497e-01
2.258905522461034654e-01
3.645312193405322865e-01
5.555211748832218355e-01
3.136776088229287773e-01
1.374733050516912618e-08
7.118514920727543618e-12
1.407126351535796563e-13
2.790662442476719359e-14
4.066175991594469870e-14
4.945541947030278281e-13
9.198975906905777467e-11
5.890451772219588782e-06
1.253970100410740640e-01
6.965835635347844557e-01
1.503529379599207946e-02
2.936291582886288443e-02
1.337031690094670766e-01
3.545196009265352832e-01
4.786088082684269128e-03
1.145416126682322833e-18
1.000000000000000072e-18
1.000000000000000072e-18
1.000000000000000072e-18
1.000000000000000072e-18
1.000000000000000072e-18
1.000000000000000072e-18
1.000000000000000072e-18
1.000000000000000072e-18
1.000000000000000072e-18
1.000000000000000072e-18
1.000000000000000072e-18
1.000000000000000072e-18
1.000000000000000072e-18
1.000000000000000072e-18
1.000000000000000072e-18
1.000000000000000072e-18
1.000000000000000072e-18
1.000000000000000072e-18
1.000000000000000072e-18
1.000000000000000072e-18
1.000000000000000072e-18
1.000000000000000072e-18
1.000000000000000072e-18
1.000000000000000072e-18
1.000000000000000072e-18
1.000000000000000072e-18
1.000000000000000072e-18
1.000000000000000072e-18
1.000000000000000072e-18
1.000000000000000072e-18
1.000000000000000072e-18
1.762030732051417248e-03
8.496027082806797334e-08
1.092997545150869745e-06
2.121541711681273513e-07
2.381408749177920986e-04
4.024021967398829373e-06
3.830112116603819061e-02
4.907073632045786213e-07
2.605434604461048711e-03
7.304311213773682869e-06
7.236944828606704813e-06
6.170605495527006086e-06
5.041204917004753032e-03
5.418638447893537290e-03
1.788602064805595304e-01
2.390170033056127335e-04
1.291316653494956751e-03
1.322354765454741236e-03
1.324739226106869030e-03
1.355642330435487567e-03
7.798385211133383038e-03
5.095201417318641172e-03
5.958261950878496020e-03
6.511893604740609520e-03
1.162113131401209393e-02
3.251320832803661354e-02
3.213769248416089436e-02
8.192803029695344685e-02
2.039855888271309772e-02
4.712098913956178081e-01
1.474884584087945427e-01
6.237459461235603242e-02
8.689291329097719591e-03
1.092223789805206631e-02
8.771185912494136594e-03
1.662066582522426020e-02
3.180762371946999761e-02
2.872269546955220215e-02
1.909628321928226458e-02
1.717565638860164140e-02
5.227334354917444470e-01
9.605009270013539768e-02
4.249329827291872808e-02
1.965554114155677046e-01
5.810519097544929179e-02
1.038445328142121038e-01
4.884804724782199070e-01
2.191840899774402662e-01
4.730922374523395535e-02
5.242142715641298634e-02
6.453181892249744422e-02
3.247941954777922025e-02
2.712699814342960092e-02
2.863936542053864207e-02
3.423374284394403028e-02
3.351563035760928011e-02
1.477724661380469540e-01
2.071790266533783398e-01
1.581004571026606298e-01
9.801496616399457684e-02
1.984179182647132222e-01
7.228520234174047321e-01
1.505594025781102907e-01
6.544334077059772437e-01
7.360526360459125617e-02
3.372198909632071612e-02
9.233857525356328755e-02
6.194904344571328103e-02
9.871024635588449003e-02
1.255720297583522438e-01
6.548093969595336628e-02
1.256962472821912535e-01
2.349861640117507366e-01
1.652520728292867225e-01
1.417580842340382952e-01
1.874987191517732688e-01
4.396244716722754742e-01
2.739840846741780078e-01
8.004471017923628917e-01
8.303284935903607611e-01
8.048631153040311514e-02
9.904971742730650508e-02
9.395043835300823098e-02
9.650310647354455595e-02
1.238702046818897090e-01
1.198596141835729934e-01
1.425608423720014228e-01
1.467716083392951731e-01
3.984916066026610304e-01
3.994808866683887127e-01
3.610680082408330716e-01
3.983429167465664666e-01
2.604106324857183297e-01
7.046151404465283985e-01
7.966347106139652912e-01
7.465057893534856603e-01
6.404441574530765624e-02
7.946290251145197991e-02
1.030219659719813219e-01
9.369194941390072973e-02
9.714462804198276125e-02
9.567742009111308843e-02
1.149686758952895294e-01
1.137358431833073724e-01
2.844899538465844868e-02
3.236627574158969928e-02
2.806598440742197331e-02
3.264320358101609892e-02
5.777101802121575522e-03
7.251159885074692432e-03
7.173000235265254883e-03
4.569981052106493469e-03
2.787698341414979533e-02
1.556819889602403806e-01
3.034246765529372350e-02
2.953925018696464816e-02
3.156811281764052568e-01
5.485865597055771259e-01
3.249323490886846799e-01
5.892918772963149365e-01
2.832553588192857075e-01
2.946322979298449107e-01
2.977053982931245346e-01
2.973383315192314469e-01
7.132632582086506634e-01
5.456837248206877211e-01
5.845231043097234291e-01
9.586562035339851739e-01
1.995302564151105740e-01
2.327775271006975455e-01
1.766972481996595679e-01
1.606742007851236498e-01
8.558930585955646375e-01
5.937889234773137126e-01
6.440809757889478515e-01
8.204795398329426392e-01
2.731101419388724527e-01
3.212517177328735873e-01
3.901973442872208042e-01
2.800800249479027393e-01
4.722108099173013551e-01
1.127301836962200987e+00
4.006195692416604226e-01
6.509325004946147075e-01
1.329136253149255376e-01
1.239658263466780486e-01
1.824656179615414819e-01
1.317986890478644313e-01
6.707842701350221759e-01
3.579397031822271202e-01
6.904954021974731848e-01
3.520597661667447253e-01
1.294085833738315428e-01
1.189815086312707021e-01
8.704115350721708388e-02
1.736428300672453739e-01
3.433110400217136426e-01
8.735597060287331184e-01
2.965384767704856150e-01
2.647959888032705988e-01
5.762297034823238989e-02
4.731972749892014718e-02
5.959970488080701401e-02
4.575160199258122840e-02
1.088549670129885516e-01
3.045769779029326996e-01
7.898619721039083774e-02
6.577374010501833013e-01
2.287478440596590369e-03
1.171202785736891183e-01
5.565606100024180630e-03
2.025938809085447642e-03
4.697925442781923644e-02
4.206907199821748045e-02
1.106254644475207841e-02
2.404527236707256280e-03
4.938576511928443290e-04
4.505739682876098800e-04
7.127845580154653759e-04
3.595957961514027680e-04
4.944914855732347178e-11
6.310921121645918745e-11
3.583503021807727896e-11
9.685133255996640407e-11
2.067664070874328849e-03
1.680753183693097516e-03
6.336801418788740644e-04
1.458784672097433038e-02
1.777204890423952997e-03
9.374712676543082730e-04
2.724763146345783940e-02
2.733421803944652284e-02
4.672057205366926536e-02
1.247460053051905327e-01
3.601411540168475423e-02
3.816122821370968032e-02
4.832631382097891670e-01
1.328178594972113380e-01
3.327844670310373676e-01
2.015454977901366407e-01
1.831834107531652711e-01
2.103039694085468980e-01
1.805410267437589922e-01
2.429131585271301352e-01
2.522110639427319612e-01
7.225423564315149871e-01
2.575383263577817328e-01
4.535619146784219957e-01
3.811530639626387051e-01
2.881353399336539223e-01
3.812315633481233035e-01
3.560969724876917875e-01
4.619353054872595843e-01
3.804999673538030924e-01
4.001604491861302515e-01
7.175030897964801424e-01
5.591555988467266092e-01
5.021451437621322622e-01
4.172292248044184859e-01
4.891284816304101168e-01
5.753995613336819748e-01
9.320651016628181962e-01
4.988624394924579541e-01
5.488873466837477233e-01
5.900836925586793180e-01
6.033978835557405329e-01
5.957816009330404450e-01
5.840363576973365278e-01
5.858599626868442600e-01
6.990120644848620834e-01
6.482050335894956605e-01
5.392305533650376681e-01
5.340378631785113184e-01
5.159469887066185922e-01
4.880264801467696922e-01
5.108521444234915831e-01
7.225717437536697263e-01
7.958544957264866992e-01
7.598850753472935482e-01
7.954934241466051770e-01
1.761273323135863534e-05
6.774090793067410977e-05
7.875699437459018348e-01
9.274185460800811187e-01
1.328590077964167610e-03
4.890273542504456825e-03
7.134811924555846119e-01
8.876762409563493383e-01
8.532548790814395781e-03
2.989931124891560821e-02
9.800959617959357217e-01
7.493235319616696755e-01
8.091019226542771337e-02
2.727426544624537291e-02
4.830843447243324262e-01
7.892359723064585886e-01
6.058446495914229790e-02
1.271885023048411056e-01
2.968511254506172592e-01
1.034878529397082136e+00
8.842929555586287460e-02
1.944394534092006022e-01
3.931210804994604846e-01
7.524357350283664703e-01
7.204306411938249388e-02
1.053074090498837823e-01
2.992306940596794682e-02
5.844196929725667400e-03
5.421922278843257365e-02
5.981502080608960270e-01
2.958334826237817849e-01
1.452516269019210160e+00
1.797083714458653780e-01
8.597411127886717130e-01
3.135006905453118775e-01
1.116153648437185231e+00
1.395498350045527858e-01
7.274615698454068857e-01
1.552937718226436448e-01
9.496071428022903049e-01
5.515545337098581163e-02
6.445294480400040049e-01
2.004316356965570381e-02
7.596283272494392946e-01
3.921206527509596548e-04
6.031367575284671654e-11
3.893669215893617863e-03
4.009536100826304739e-01
6.981220165796489519e-02
7.639440530842747101e-01
2.069268340448962573e-01
9.650447571816420655e-01
3.452180632881709510e-01
7.250433730570814417e-01
5.170526005882299936e-01
9.360439727101796947e-01
5.884939750381146251e-01
7.018093968206098321e-01
5.373385312788612200e-01
1.000000000000000072e-18
