9.231504934430720954e-01
9.231262177866826901e-01
9.230969793456732519e-01
9.230617639670278818e-01
9.230193504396514426e-01
9.229682683032434110e-01
9.229067470979792631e-01
9.228326553353176642e-01
9.227434271330792193e-01
9.226359740569270995e-01
9.225065792372670881e-01
9.223507702732720581e-01
9.221631667833469770e-01
9.219372977028633676e-01
9.216653825552140189e-01
9.213380699252239348e-01
9.209441252434420466e-01
9.204700587564417225e-01
9.198996832379644495e-01
9.192135896415569718e-01
9.183885275993282082e-01
9.173966765837001658e-01
9.162047929038728000e-01
9.147732178589138563e-01
9.130547338320224027e-01
9.109932586234068541e-01
9.085223749085623579e-01
9.055637027613675505e-01
9.020251405078987261e-01
8.977990250402066996e-01
8.927602997749826130e-01
8.867648295148763404e-01
8.796480690333632335e-01
8.712243773986108053e-01
8.612873710385877679e-01
8.496118180267347997e-01
8.359576779544103386e-01
8.200769574820415686e-01
8.017240373095574357e-01
7.806699731141101273e-01
7.567209150657929762e-01
7.297401741819823373e-01
6.996725811615487345e-01
6.665687161277491501e-01
6.306055448875945713e-01
5.920993172151608475e-01
5.515066652120290680e-01
5.094109955541686885e-01
4.664935239893502894e-01
4.234912546357381125e-01
3.811470726591159597e-01
3.401589817471122323e-01
3.011357269041335383e-01
2.645645224435700382e-01
2.307938910662100107e-01
2.000316027101878835e-01
1.723552310987657710e-01
1.477314237092048621e-01
1.260396723628379179e-01
1.070969138265659287e-01
9.068028595311582174e-02
7.654645229242193483e-02
6.444684571392468586e-02
5.413886112029833025e-02
4.539344045191704563e-02
3.799968687644068865e-02
3.176718491995756538e-02
2.652665091256162233e-02
2.212944109570446835e-02
1.844633496681832852e-02
1.536590749945939555e-02
1.279271472838192612e-02
1.064544563368395418e-02
8.855138640416339996e-03
7.363521078788413769e-03
6.121501813707945321e-03
5.087828224295268958e-03
4.227906430883140824e-03
3.512776215339269426e-03
2.918227982401734415e-03
2.424047263929571695e-03
2.013371877991741287e-03
1.672147359421054897e-03
1.388667292584858581e-03
1.153186443327767347e-03
9.575959388817706103e-04
7.951510788184087400e-04
6.602436167072598316e-04
5.482114995731237001e-04
4.551800775882723572e-04
3.779296983526021932e-04
3.137853841221942492e-04
2.605249656949476609e-04
2.163026243016102489e-04
1.795852841603977226e-04
1.490997143746214729e-04
1.237885498617985372e-04
1.027737363015411272e-04
8.532615193592407688e-05
7.084036667601659599e-05
