1.870013679426055144e-03
1.719502901409561413e-02
3.291194753714007937e-02
4.903079130111238221e-02
6.556183865027305491e-02
8.251563077468081209e-02
9.990297843188916671e-02
1.177349688405359418e-01
1.360229727502204333e-01
1.547786516921774158e-01
1.740139654153708415e-01
1.937411795127490233e-01
2.139728732425244528e-01
2.347219475494655150e-01
2.560016332913147563e-01
2.778254996755794015e-01
3.002074629120743410e-01
3.231617950867346489e-01
3.467031332623556894e-01
3.708464888120649450e-01
3.956072569914759751e-01
4.210012267556299537e-01
4.470445908269827795e-01
4.737539560208585132e-01
5.011463538349540947e-01
5.292392513096466633e-01
5.580505621660285520e-01
5.875986582287738846e-01
6.179023811411183953e-01
6.489810543794252151e-01
6.808544955749946670e-01
7.135430291509785583e-01
7.470674992824546390e-01
7.814492831879263912e-01
8.167103047607225941e-01
8.528730485489919300e-01
8.899605740932012843e-01
9.279965306302877526e-01
9.670051721738323058e-01
1.007011372979878860e+00
1.048040643408256312e+00
1.090119146189518107e+00
1.133273713107871172e+00
1.177531862110738459e+00
1.222921814855854272e+00
1.269472514707091548e+00
1.317213645190494553e+00
1.366175648922274055e+00
1.416389747020856849e+00
1.467887959015344190e+00
1.520703123263092316e+00
1.574868917889422182e+00
1.630419882262818865e+00
1.687391439019310102e+00
1.745819916650068748e+00
1.805742572666644730e+00
1.867197617358595796e+00
1.930224238158663841e+00
1.994862624631041470e+00
2.061153994098654962e+00
2.129140617925807888e+00
2.198865848472943085e+00
2.270374146740721244e+00
2.343711110721022450e+00
2.418923504472973107e+00
2.496059287942518523e+00
2.575167647544574834e+00
2.656299027527237122e+00
2.739505162138074823e+00
2.824839108612994920e+00
2.912355281008724539e+00
3.002109484900491676e+00
3.094158952967013931e+00
3.188562381485496644e+00
3.285379967759906705e+00
3.384673448506400284e+00
3.486506139220363565e+00
3.590942974550174860e+00
3.698050549703452816e+00
3.807897162912159850e+00
3.920552858983660016e+00
4.036089473965507324e+00
4.154580680952429717e+00
4.276102037064715589e+00
4.400731031627992174e+00
4.528547135585074379e+00
4.659631852171409960e+00
4.794068768886459608e+00
4.931943610794101929e+00
5.073344295186092978e+00
5.218360987643423599e+00
5.367086159531311296e+00
5.519614646964511984e+00
5.676043711280517101e+00
5.836473101059249657e+00
6.001005115728744954e+00
6.169744670797422614e+00
6.342799364754526437e+00
6.520279547681395726e+00
6.702298391617302897e+00
