3.431883803031469601e-04
4.750452613505476429e-02
9.587191022845506505e-02
1.454761826136846681e-01
1.963489739582923166e-01
2.485227238138113248e-01
3.020307013011678809e-01
3.569070263250746500e-01
4.131866913309332201e-01
4.709055836181224586e-01
5.301005082238989807e-01
5.908092113925023092e-01
6.530704046444310018e-01
7.169237894612354722e-01
7.824100826015718546e-01
8.495710420646556127e-01
9.184494937176718166e-01
9.890893586041273888e-01
1.061535680950546734e+00
1.135834656889382233e+00
1.212033663916443516e+00
1.290181291101642591e+00
1.370327370072304651e+00
1.452523006788810411e+00
1.536820614132832219e+00
1.623273945328937540e+00
1.711938128220879873e+00
1.802869700424427402e+00
1.896126645379145437e+00
1.991768429322127165e+00
2.089856039207241611e+00
2.190452021594084364e+00
2.293620522531425898e+00
2.399427328460589148e+00
2.507939908164841913e+00
2.619227455791553361e+00
2.733360934974538914e+00
2.850413124084746563e+00
2.970458662638121972e+00
3.093574098890248258e+00
3.219837938648128173e+00
3.349330695330196672e+00
3.482134941306526343e+00
3.618335360551936830e+00
3.758018802645587186e+00
3.901274338151492493e+00
4.048193315415273830e+00
4.198869418813353960e+00
4.353398728491763237e+00
4.511879781632594621e+00
4.674413635287262281e+00
4.841103930816545997e+00
5.012056959978550275e+00
5.187381732706733750e+00
5.367190046621193034e+00
5.551596558317546837e+00
5.740718856478883581e+00
5.934677536857376978e+00
6.133596279173382015e+00
6.337601925981081408e+00
6.546824563550905474e+00
6.761397604820380991e+00
6.981457874466232560e+00
7.207145696152032599e+00
7.438604982007001709e+00
7.675983324393050644e+00
7.919432090018534431e+00
8.169106516458771949e+00
8.425165811144864847e+00
8.687773252883932429e+00
8.957096295975496503e+00
9.233306676990411077e+00
9.516580524280435327e+00
9.807098470288266867e+00
1.010504576672963140e+01
1.041061240272094679e+01
1.072399322592780102e+01
1.104538806681151364e+01
1.137500186605311114e+01
1.171304480523579628e+01
1.205973244086935736e+01
1.241528584184199779e+01
1.277993173038713159e+01
1.315390262665511756e+01
1.353743699698209646e+01
1.393077940595048680e+01
1.433418067233802162e+01
1.474789802905494440e+01
1.517219528717116361e+01
1.560734300413803055e+01
1.605361865631208929e+01
1.651130681589065219e+01
1.698069933237217910e+01
1.746209551865704057e+01
1.795580234190744662e+01
1.846213461928817878e+01
1.898141521871290749e+01
1.951397526472424460e+01
2.006015434963866539e+01
2.062030075009091235e+01
