2.521370202563550343e-03
1.470410820387209327e-02
2.719839263835433993e-02
4.001219061324132881e-02
5.315367297681464209e-02
6.663121952863093611e-02
8.045342436298602573e-02
9.462910134902635662e-02
1.091672897510020390e-01
1.240772599922453229e-01
1.393685195665499976e-01
1.550508191007234082e-01
1.711341585721670722e-01
1.876287936854699745e-01
2.045452424120590973e-01
2.218942916970916279e-01
2.396870043378595549e-01
2.579347260380950857e-01
2.766490926426737329e-01
2.958420375573280747e-01
3.155257993581057629e-01
3.357129295954216497e-01
3.564163007976806075e-01
3.776491146795784015e-01
3.994249105603033811e-01
4.217575739970267912e-01
4.446613456391662611e-01
4.681508303090805567e-01
4.922410063149830206e-01
5.169472350020118956e-01
5.422852705475477153e-01
5.682712700070240430e-01
5.949218036166383783e-01
6.222538653595311997e-01
6.502848838021713096e-01
6.790327332078589517e-01
7.085157449344297032e-01
7.387527191234328772e-01
7.697629366882299262e-01
8.015661716086681654e-01
8.341827035401541135e-01
8.676333307451868926e-01
9.019393833555786610e-01
9.371227369738300839e-01
9.732058266223301279e-01
1.010211661049275733e+00
1.048163837400433618e+00
1.087086556266099402e+00
1.127004637112850594e+00
1.167943534109929127e+00
1.209929352360352484e+00
1.252988864547098125e+00
1.297149528004972963e+00
1.342439502229065829e+00
1.388887666830931789e+00
1.436523639953970477e+00
1.485377797159738167e+00
1.535481290797227505e+00
1.586866069867485907e+00
1.639564900396212277e+00
1.693611386327351642e+00
1.749039990950989720e+00
1.805886058879218048e+00
1.864185838583984900e+00
1.923976505511302282e+00
1.985296185786546541e+00
2.048183980525965175e+00
2.112679990769905647e+00
2.178825343053646169e+00
2.246662215632152737e+00
2.316233865375465051e+00
2.387584655351885132e+00
2.460760083116534602e+00
2.535806809723332833e+00
2.612772689478887855e+00
2.691706800457289273e+00
2.772659475795232087e+00
2.855682335787451898e+00
2.940828320802936435e+00
3.028151725042884657e+00
3.117708231161950838e+00
3.209554945774865331e+00
3.303750435871033453e+00
3.400354766160377906e+00
3.499429537374213695e+00
3.601037925545574225e+00
3.705244722294044557e+00
3.812116376140809670e+00
3.921721034880217616e+00
4.034128589034908785e+00
4.149410716422227807e+00
4.267640927860302469e+00
4.388894614042968101e+00
4.513249093613401541e+00
4.640783662467145909e+00
4.771579644315940172e+00
4.905720442544602378e+00
5.043291593394055639e+00
5.184380820504378207e+00
5.329078090852659599e+00
