2.316120984312055979e-03
1.513488467106169008e-02
2.828145973353611911e-02
4.176422921870312499e-02
5.559179055131491937e-02
6.977296101614341439e-02
8.431678338041123655e-02
9.923253166000391146e-02
1.145297170331403547e-01
1.302180939052720032e-01
1.463076661290782510e-01
1.628086933835259653e-01
1.797316977160549334e-01
1.970874702520711841e-01
2.148870780760161470e-01
2.331418712884054667e-01
2.518634902433357636e-01
2.710638729710747041e-01
2.907552627904670395e-01
3.109502161160110356e-01
3.316616104645834229e-01
3.529026526669188923e-01
3.746868872890797286e-01
3.970282052692862829e-01
4.199408527756125498e-01
4.434394402902027132e-01
4.675389519257914239e-01
4.922547549804756617e-01
5.176026097368287004e-01
5.435986795116034553e-01
5.702595409624364731e-01
5.976021946581207001e-01
6.256440759191911338e-01
6.544030659357342739e-01
6.838975031695098128e-01
7.141461950476567511e-01
7.451684299554406365e-01
7.769839895356884796e-01
8.096131613027519602e-01
8.430767515790502653e-01
8.773960987624284114e-01
9.125930869328067185e-01
9.486901598067845054e-01
9.857103350491043248e-01
1.023677218950099554e+00
1.062615021478483968e+00
1.102548571719085713e+00
1.143503333705362834e+00
1.185505422656804253e+00
1.228581621631564147e+00
1.272759398604949910e+00
1.318066923984656746e+00
1.364533088573911979e+00
1.412187521993991446e+00
1.461060611577845059e+00
1.511183521746889635e+00
1.562588213883319144e+00
1.615307466710603546e+00
1.669374897195172069e+00
1.724824981982619798e+00
1.781693079382079992e+00
1.840015451912817790e+00
1.899829289427390044e+00
1.961172732826132137e+00
2.024084898378089470e+00
2.088605902663903890e+00
2.154776888156561654e+00
2.222640049456299671e+00
2.292238660196430633e+00
2.363617100637210200e+00
2.436820885965356176e+00
2.511896695317276773e+00
2.588892401544489630e+00
2.667857101740235937e+00
2.748841148546732782e+00
2.831896182263054396e+00
2.917075163774090374e+00
3.004432408321584091e+00
3.094023620138812714e+00
3.185905927970941853e+00
3.280137921503754495e+00
3.376779688723964945e+00
3.475892854234924556e+00
3.577540618552174756e+00
3.681787798403906908e+00
3.788700868061999572e+00
3.898348001730008505e+00
4.010799117015147353e+00
4.126125919511959061e+00
4.244401948526103752e+00
4.365702623967460561e+00
4.490105294442384931e+00
4.617689286575839880e+00
4.748535955594815228e+00
4.882728737205324521e+00
5.020353200796019877e+00
5.161497104002384262e+00
5.306250448666279595e+00
5.454705538226534145e+00
5.606957036577159492e+00
