3.640995007107177862e-04
5.033992579679361090e-02
1.015937727172863542e-01
1.541583227976760784e-01
2.080670943566174380e-01
2.633544628692290335e-01
3.200556828869632331e-01
3.782069105180292379e-01
4.378452264827019103e-01
4.990086597582192307e-01
5.617362118283457662e-01
6.260678815530642538e-01
6.920446906742545590e-01
7.597087099736232751e-01
8.291030860995654006e-01
9.002720690800609660e-01
9.732610405391555197e-01
1.048116542635013415e+00
1.124886307737995583e+00
1.203619288867691317e+00
1.284365690908306767e+00
1.367177002622319115e+00
1.452106029482808758e+00
1.539206927345405207e+00
1.628535236981315970e+00
1.720147919493465238e+00
1.814103392638316770e+00
1.910461568076551764e+00
2.009283889576344073e+00
2.110633372193603918e+00
2.214574642454169240e+00
2.321173979563561307e+00
2.430499357670597327e+00
2.542620489211791401e+00
2.657608869364200821e+00
2.775537821635052360e+00
2.896482544617211108e+00
3.020520159940339067e+00
3.147729761448276431e+00
3.278192465634033770e+00
3.411991463364552502e+00
3.549212072928197514e+00
3.689941794438835743e+00
3.834270365631168076e+00
3.982289819082907467e+00
4.134094540900284720e+00
4.289781330904308021e+00
4.449449464356153072e+00
4.613200755261034125e+00
4.781139621290943609e+00
4.953373150367633038e+00
5.130011168948326983e+00
5.311166312057656214e+00
5.496954095110549332e+00
5.687492987571783232e+00
5.882904488499256068e+00
6.083313204019094478e+00
6.288846926782002633e+00
6.499636717451551249e+00
6.715816988276340105e+00
6.937525588799326570e+00
7.164903893758988396e+00
7.398096893238360394e+00
7.637253285119427915e+00
7.882525569901849494e+00
8.134070147946436791e+00
8.392047419205439951e+00
8.656621885503192004e+00
8.927962255432380090e+00
9.206241551932784262e+00
9.491637222621122305e+00
9.784331252942291002e+00
1.008451028221427137e+01
1.039236572264056413e+01
1.070809388136610707e+01
1.103189608565455160e+01
1.136397881126661602e+01
1.170455381412143581e+01
1.205383826532491298e+01
1.241205488965103143e+01
1.277943210756459358e+01
1.315620418087584653e+01
1.354261136211990291e+01
1.393890004775618330e+01
1.434532293528565283e+01
1.476213918438592820e+01
1.518961458216707605e+01
1.562802171265345308e+01
1.607764013059970765e+01
1.653875653975165250e+01
1.701166497566587665e+01
1.749666699320444252e+01
1.799407185882445148e+01
1.850419674778489920e+01
1.902736694639673232e+01
1.956391605944495282e+01
2.011418622291505898e+01
2.067852832215958614e+01
2.125730221564368705e+01
2.185087696441249960e+01
