-1.759659474343494290e-01
-5.478626100695087153e+00
-1.077928174949528994e+01
-1.607552999820924811e+01
-2.136497594008961443e+01
-2.664523697885865161e+01
-3.191394710303790205e+01
-3.716876109679427032e+01
-4.240735867150363703e+01
-4.762744850274914654e+01
-5.282677215802882387e+01
-5.800310790149367079e+01
-6.315427436187588484e+01
-6.827813405208809172e+01
-7.337259672854061421e+01
-7.843562257997270137e+01
-8.346522523639762881e+01
-8.845947458985700962e+01
-9.341649941979319749e+01
-9.833448981697273439e+01
-1.032116994010306996e+02
-1.080464473278457689e+02
-1.128371200840875304e+02
-1.175821730673950896e+02
-1.222801319517280945e+02
-1.269295938385158706e+02
-1.315292281952125677e+02
-1.360777775838826642e+02
-1.405740581833321983e+02
-1.450169601091925244e+02
-1.494054475371507067e+02
-1.537385586352768314e+02
-1.580154053120773199e+02
-1.622351727874977314e+02
-1.663971189946404650e+02
-1.705005738204443730e+02
-1.745449381939471607e+02
-1.785296830310912526e+02
-1.824543480452979622e+02
-1.863185404332051291e+02
-1.901219334451207033e+02
-1.938642648497824723e+02
-1.975453353030471817e+02
-2.011650066300586275e+02
-2.047232000303800419e+02
-2.082198942153413270e+02
-2.116551234870512417e+02
-2.150289757672460951e+02
-2.183415905855350729e+02
-2.215931570347420347e+02
-2.247839117016039268e+02
-2.279141365804781287e+02
-2.309841569773720380e+02
-2.339943394112302428e+02
-2.369450895190299775e+02
-2.398368499708301158e+02
-2.426700984005186683e+02
-2.454453453575943058e+02
-2.481631322849072774e+02
-2.508240295268945772e+02
-2.534286343724296842e+02
-2.559775691360272276e+02
-2.584714792807580466e+02
-2.609110315858584386e+02
-2.632969123616534830e+02
-2.656298257140912824e+02
-2.679104918608057915e+02
-2.701396455003795722e+02
-2.723180342361007433e+02
-2.744464170552876681e+02
-2.765255628649486539e+02
-2.785562490843047954e+02
-2.805392602944776286e+02
-2.824753869454046935e+02
-2.843654241198660202e+02
-2.862101703543053191e+02
-2.880104265159653778e+02
-2.897669947357005640e+02
-2.914806773956768211e+02
-2.931522761710879763e+02
-2.947825911248330044e+02
-2.963724198540768953e+02
-2.979225566874616788e+02
-2.994337919317271144e+02
-3.009069111663668536e+02
-3.023426945849550975e+02
-3.037419163816931018e+02
-3.051053441817100520e+02
-3.064337385136200282e+02
-3.077278523228255267e+02
-3.089884305240321396e+02
-3.102162095914607676e+02
-3.114119171852149748e+02
-3.125762718122880415e+02
-3.137099825206566948e+02
-3.148137486252638269e+02
-3.158882594636912700e+02
-3.169341941810224057e+02
-3.179522215417883331e+02
-3.189429997678756763e+02
-3.199071764009985941e+02
-3.208453881884062753e+02
-3.217582609905522872e+02
-3.226464097094659564e+02
-3.235104382366206437e+02
-3.243509394191322031e+02
-3.251684950431485959e+02
-3.259636758333482476e+02
-3.267370414674857670e+02
-3.274891406049988518e+02
-3.282205109286689435e+02
-3.289316791984489896e+02
-3.296231613165315366e+02
-3.302954624028307649e+02
-3.309490768800535534e+02
-3.315844885675858791e+02
-3.322021707834558129e+02
-3.328025864536795666e+02
-3.333861882283057412e+02
-3.339534186035378980e+02
-3.345047100493324024e+02
-3.350404851419003762e+02
-3.355611567005714164e+02
-3.360671279285298283e+02
-3.365587925569165009e+02
-3.370365349918794209e+02
-3.375007304641137580e+02
-3.379517451805215842e+02
-3.383899364776023617e+02
-3.388156529762269429e+02
-3.392292347374756218e+02
-3.396310134192170835e+02
-3.400213124331647805e+02
-3.404004471021283393e+02
-3.407687248172256318e+02
-3.411264451948131295e+02
-3.414739002329399682e+02
-3.418113744671167638e+02
-3.421391451252230240e+02
-3.424574822813928563e+02
-3.427666490087150919e+02
-3.430669015306283427e+02
-3.433584893708560344e+02
-3.436416555018029726e+02
-3.439166364912691733e+02
-3.441836626474267291e+02
-3.444429581619423288e+02
-3.446947412511929656e+02
-3.449392242955004235e+02
-3.451766139763257115e+02
-3.454071114113704652e+02
-3.456309122874995978e+02
-3.458482069917503736e+02
-3.460591807396319268e+02
-3.462640137016977633e+02
-3.464628811276252804e+02
-3.466559534680944807e+02
-3.468433964943811816e+02
-3.470253714156876867e+02
-3.472020349941889208e+02
-3.473735396578058499e+02
-3.475400336107092585e+02
-3.477016609415558719e+02
-3.478585617294845633e+02
-3.480108721478640632e+02
-3.481587245658290612e+02
-3.483022476476127736e+02
-3.484415664496933687e+02
-3.485768025157853458e+02
-3.487080739696961587e+02
-3.488354956060716177e+02
-3.489591789790560483e+02
-3.490792324889002884e+02
-3.491957614665427627e+02
-3.493088682562379290e+02
-3.494186522959647618e+02
-3.495252101964566123e+02
-3.496286358177224542e+02
-3.497290203440217056e+02
-3.498264523569325775e+02
-3.499210179066188857e+02
-3.500128005813203345e+02
-3.501018815751100988e+02
-3.501883397538671829e+02
-3.502722517198146761e+02
-3.503536918740756505e+02
-3.504327324778881234e+02
-3.505094437121424562e+02
-3.505838937353949518e+02
-3.506561487403728279e+02
-3.507262730090066043e+02
-3.507943289660297523e+02
-3.508603772310767681e+02
-3.509244766696764941e+02
-3.509866844424871033e+02
-3.510470560535498521e+02
-3.511056453971096971e+02
-3.511625048032123573e+02
-3.512176850820701475e+02
-3.512712355671962428e+02
