2.006387667302771359e-36
2.204966155308723246e-33
4.464261720203600271e-33
6.781333745090693234e-33
9.157659734454634531e-33
1.159475497667164758e-32
1.409417351024860525e-32
1.665750911477141070e-32
1.928639632719469556e-32
2.198251148412099302e-32
2.474757379073365459e-32
2.758334641706555282e-32
3.049163762230231435e-32
3.347430190783721976e-32
3.653324119981260881e-32
3.967040606190269144e-32
4.288779693910996204e-32
4.618746543336950152e-32
4.957151561177359176e-32
5.304210534825155352e-32
5.660144769955981909e-32
6.025181231646020214e-32
6.399552689098562084e-32
6.783497864071656022e-32
7.177261583101449511e-32
7.581094933618332966e-32
7.995255424055376442e-32
8.420007148051187481e-32
8.855620952851911985e-32
9.302374612019715374e-32
9.760553002557932084e-32
1.023044828656575799e-31
1.071236009753837969e-31
1.120659573143131934e-31
1.171347034261082807e-31
1.223330714481523729e-31
1.276643761725549770e-31
1.331320171598627549e-31
1.387394809068232750e-31
1.444903430695855976e-31
1.503882707437535319e-31
1.564370248027461333e-31
1.626404622959570153e-31
1.690025389082410276e-31
1.755273114822967060e-31
1.822189406055532272e-31
1.890816932632113281e-31
1.961199455591294926e-31
2.033381855062911962e-31
2.107410158886315684e-31
2.183331571960497347e-31
2.261194506344768726e-31
2.341048612129199786e-31
2.422944809094509589e-31
2.506935319181573593e-31
2.593073699791279115e-31
2.681414877935941109e-31
2.772015185264073711e-31
2.864932393980833667e-31
2.960225753687057375e-31
3.057956029160362429e-31
3.158185539102430433e-31
3.260978195877160662e-31
3.366399546265033986e-31
3.474516813259678509e-31
3.585398938933305395e-31
3.699116628398310848e-31
3.815742394893105704e-31
3.935350606020929445e-31
4.058017531171101327e-31
4.183821390152962636e-31
4.312842403073541835e-31
4.445162841490717484e-31
4.580867080874509041e-31
4.720041654409953290e-31
4.862775308175864068e-31
5.009159057734682024e-31
5.159286246169450555e-31
5.313252603605001537e-31
5.471156308251222692e-31
5.633098049007402964e-31
5.799181089667521114e-31
5.969511334767460243e-31
6.144197397116096115e-31
6.323350667053373743e-31
6.507085383479481589e-31
6.695518706700428253e-31
6.888770793136527237e-31
7.086964871941348091e-31
7.290227323580019134e-31
7.498687760417037711e-31
7.712479109364902666e-31
7.931737696646299008e-31
8.156603334723903887e-31
8.387219411453215075e-31
8.623732981515299932e-31
8.866294860187652022e-31
9.115059719513137965e-31
9.370186186928161783e-31
9.631836946413064884e-31
