1.457209682745854881e-34
5.349928624403691315e-34
9.342195196609841599e-34
1.343655510864777752e-33
1.763561917065497420e-33
2.194206495843232276e-33
2.635863852082762983e-33
3.088815613078158940e-33
3.553350608115251748e-33
4.029765052646591722e-33
4.518362737176219519e-33
5.019455220974760783e-33
5.533362030748368130e-33
6.060410864388156932e-33
6.600937799930101905e-33
7.155287509858586961e-33
7.723813480890321835e-33
8.306878239378750521e-33
8.904853582482627054e-33
9.518120815246275394e-33
1.014707099374258627e-32
1.079210517443393114e-32
1.145363466990984073e-32
1.213208131116468869e-32
1.282787771658248360e-32
1.354146756780037248e-32
1.427330589262673363e-32
1.502385935519429945e-32
1.579360655353325581e-32
1.658303832475411468e-32
1.739265805803501997e-32
1.822298201561294185e-32
1.907453966198349127e-32
1.994787400151941005e-32
2.084354192472275907e-32
2.176211456333179925e-32
2.270417765450897087e-32
2.367033191434208848e-32
2.466119342089711469e-32
2.567739400706652468e-32
2.671958166346400641e-32
2.778842095162220774e-32
2.888459342775718269e-32
3.000879807736963701e-32
3.116175176096002512e-32
3.234418967114205514e-32
3.355686580144560124e-32
3.480055342710845784e-32
3.607604559816300448e-32
3.738415564513264640e-32
3.872571769766035165e-32
4.010158721639976088e-32
4.151264153850847707e-32
4.295978043709092560e-32
4.444392669494776554e-32
4.596602669299778255e-32
4.752705101374729704e-32
4.912799506019188610e-32
5.076987969054515856e-32
5.245375186919953647e-32
5.418068533433348807e-32
5.595178128259178699e-32
5.776816907127452521e-32
5.963100693848343174e-32
6.154148274168403396e-32
6.350081471515503414e-32
6.551025224680786749e-32
6.757107667487136283e-32
6.968460210495028670e-32
7.185217624797805765e-32
7.407518127959809487e-32
7.635503472152245300e-32
7.869319034542874458e-32
8.109113909997244391e-32
8.355041006150528553e-32
8.607257140910661802e-32
8.865923142454844448e-32
9.131203951783262741e-32
9.403268727895406208e-32
9.682290955656012083e-32
9.968448556419438402e-32
1.026192400148303426e-31
1.056290442844183068e-31
1.087158176051866541e-31
1.118815282894604461e-31
1.151281949847755390e-31
1.184578879610891296e-31
1.218727304309092757e-31
1.253748999031823101e-31
1.289666295718035586e-31
1.326502097396363043e-31
1.364279892789465362e-31
1.403023771291850383e-31
1.442758438330724622e-31
1.483509231119653126e-31
1.525302134815098118e-31
1.568163799086112322e-31
1.612121555107772673e-31
1.657203432989184280e-31
1.703438179647154658e-31
