-5.567831212670751462e-34
2.864493554442794458e-33
6.373261773113129316e-33
9.971758936396962700e-33
1.366227966251916541e-32
1.744717724946309187e-32
2.132886517557493250e-32
2.530981863854257945e-32
2.939257613373061914e-32
3.357974107287771562e-32
3.787398344418836142e-32
4.227804151487802999e-32
4.679472357725708754e-32
5.142690973946681764e-32
5.617755376200958954e-32
6.104968494124427251e-32
6.604641004104768319e-32
7.117091527387426693e-32
7.642646833247657225e-32
8.181642047358296028e-32
8.734420865486011527e-32
9.301335772652430118e-32
9.882748267899765998e-32
1.047902909480436490e-31
1.109055847788508679e-31
1.171772636505735652e-31
1.236093267628739311e-31
1.302058755860522925e-31
1.369711164763913308e-31
1.439093633583817352e-31
1.510250404755402771e-31
1.583226852115729580e-31
1.658069509836844911e-31
1.734826102098762316e-31
1.813545573521275281e-31
1.894278120373989949e-31
1.977075222584480074e-31
2.061989676564994500e-31
2.149075628878616414e-31
2.238388610766371408e-31
2.329985573557291509e-31
2.423924924984000253e-31
2.520266566427000860e-31
2.619071931111398526e-31
2.720404023280417503e-31
2.824327458370699452e-31
2.930908504214987850e-31
3.040215123298490745e-31
3.152317016095840815e-31
3.267285665516316106e-31
3.385194382485636436e-31
3.506118352693428181e-31
3.630134684536131080e-31
3.757322458285962819e-31
3.887762776517239817e-31
4.021538815822271399e-31
4.158735879849751274e-31
4.299441453699496907e-31
4.443745259708205312e-31
4.591739314661823962e-31
4.743517988470968818e-31
4.899178064346872902e-31
5.058818800516177770e-31
5.222541993513941780e-31
5.390452043095239153e-31
5.562656018806728446e-31
5.739263728260623497e-31
5.920387787154637586e-31
6.106143691082528670e-31
6.296649889181033122e-31
6.492027859660153358e-31
6.692402187264980386e-31
6.897900642718424261e-31
7.108654264195496265e-31
7.324797440881137098e-31
7.546467998664856204e-31
7.773807288026791696e-31
8.006960274171285734e-31
8.246075629465417226e-31
8.491305828241445317e-31
8.742807244023613974e-31
9.000740249241312828e-31
9.265269317492195724e-31
9.536563128420416481e-31
9.814794675276941151e-31
1.010014137523044101e-30
1.039278518249912897e-30
1.069291270437574309e-30
1.100071532021956587e-30
1.131638930349141048e-30
1.164013594690940198e-30
1.197216169080529973e-30
1.231267825476328787e-30
1.266190277262509290e-30
1.302005793094759578e-30
1.338737211100119430e-30
1.376407953439938864e-30
1.415042041245261715e-30
1.454664109934142040e-30
1.495299424920665134e-30
