-5.295349705071851609e-34
2.827906471760288214e-33
6.271207012845749757e-33
9.802562308273384114e-33
1.342422416257484428e-32
1.713850196517526288e-32
2.094776416299886205e-32
2.485443977073309932e-32
2.886101991971458619e-32
3.297005944642429102e-32
3.718417852160486004e-32
4.150606432103910000e-32
4.593847273905491035e-32
5.048423014584925636e-32
5.514623518975175657e-32
5.992746064557725048e-32
6.483095531024573440e-32
6.985984594687881633e-32
7.501733927861172797e-32
8.030672403339312487e-32
8.573137304107546646e-32
9.129474538413462094e-32
9.700038860338847526e-32
1.028519409601228005e-31
1.088531337560648852e-31
1.150077937126865260e-31
1.213198454113514955e-31
1.277933137958645390e-31
1.344323267390179781e-31
1.412411176747713694e-31
1.482240282977438037e-31
1.553855113317394887e-31
1.627301333690722510e-31
1.702625777824992146e-31
1.779876477116214739e-31
1.859102691256543926e-31
1.940354939645218398e-31
2.023685033602773417e-31
2.109146109409048330e-31
2.196792662186081162e-31
2.286680580647471367e-31
2.378867182736389359e-31
2.473411252174938890e-31
2.570373075948199960e-31
2.669814482746830366e-31
2.771798882392763533e-31
2.876391306273121747e-31
2.983658448808137457e-31
3.093668709979534341e-31
3.206492238946460928e-31
3.322200978776817943e-31
3.440868712322489244e-31
3.562571109267716177e-31
3.687385774380650445e-31
3.815392296998813772e-31
3.946672301780047434e-31
4.081309500751309837e-31
4.219389746688492187e-31
4.361001087861312121e-31
4.506233824178199971e-31
4.655180564766927843e-31
4.807936287027777426e-31
4.964598397196842485e-31
5.125266792458093717e-31
5.290043924643832053e-31
5.459034865564158429e-31
5.632347374007054073e-31
5.810091964451871342e-31
5.992381977540028302e-31
6.179333652347802921e-31
6.371066200507359351e-31
6.567701882223261609e-31
6.769366084232937666e-31
6.976187399760791011e-31
7.188297710516978333e-31
7.405832270793131387e-31
7.628929793708618329e-31
7.857732539662370896e-31
8.092386407046670043e-31
8.333041025280752284e-31
8.579849850223506419e-31
8.832970262026156679e-31
9.092563665487351397e-31
9.358795592974506472e-31
9.631835809977262053e-31
9.911858423360132578e-31
1.019904199238351827e-30
1.049356964256384015e-30
1.079562918244538938e-30
1.110541322335831726e-30
1.142311930223924374e-30
1.174895000759267134e-30
1.208311310867360429e-30
1.242582168797370064e-30
1.277729427709552243e-30
1.313775499610141044e-30
1.350743369642589775e-30
1.388656610744284107e-30
1.427539398678064183e-30
1.467416527448142164e-30
