-5.000000000000000000e+00
-4.994997498749374820e+00
-4.989994997498749640e+00
-4.984992496248124461e+00
-4.979989994997498393e+00
-4.974987493746873213e+00
-4.969984992496248033e+00
-4.964982491245622853e+00
-4.959979989994997673e+00
-4.954977488744372494e+00
-4.949974987493747314e+00
-4.944972486243121246e+00
-4.939969984992496066e+00
-4.934967483741870886e+00
-4.929964982491245706e+00
-4.924962481240620527e+00
-4.919959979989995347e+00
-4.914957478739369279e+00
-4.909954977488744099e+00
-4.904952476238118919e+00
-4.899949974987493739e+00
-4.894947473736868560e+00
-4.889944972486243380e+00
-4.884942471235618200e+00
-4.879939969984992132e+00
-4.874937468734366952e+00
-4.869934967483741772e+00
-4.864932466233116592e+00
-4.859929964982491413e+00
-4.854927463731866233e+00
-4.849924962481241053e+00
-4.844922461230614985e+00
-4.839919959979989805e+00
-4.834917458729364625e+00
-4.829914957478739446e+00
-4.824912456228114266e+00
-4.819909954977489086e+00
-4.814907453726863018e+00
-4.809904952476237838e+00
-4.804902451225612658e+00
-4.799899949974987479e+00
-4.794897448724362299e+00
-4.789894947473737119e+00
-4.784892446223111939e+00
-4.779889944972485871e+00
-4.774887443721860691e+00
-4.769884942471235512e+00
-4.764882441220610332e+00
-4.759879939969985152e+00
-4.754877438719359972e+00
-4.749874937468733904e+00
-4.744872436218108724e+00
-4.739869934967483545e+00
-4.734867433716858365e+00
-4.729864932466233185e+00
-4.724862431215608005e+00
-4.719859929964982825e+00
-4.714857428714356757e+00
-4.709854927463731578e+00
-4.704852426213106398e+00
-4.699849924962481218e+00
-4.694847423711856038e+00
-4.689844922461230858e+00
-4.684842421210605679e+00
-4.679839919959979611e+00
-4.674837418709354431e+00
-4.669834917458729251e+00
-4.664832416208104071e+00
-4.659829914957478891e+00
-4.654827413706853712e+00
-4.649824912456228532e+00
-4.644822411205602464e+00
-4.639819909954977284e+00
-4.634817408704352104e+00
-4.629814907453726924e+00
-4.624812406203101744e+00
-4.619809904952476565e+00
-4.614807403701851385e+00
-4.609804902451225317e+00
-4.604802401200600137e+00
-4.599799899949974957e+00
-4.594797398699349777e+00
-4.589794897448724598e+00
-4.584792396198099418e+00
-4.579789894947473350e+00
-4.574787393696848170e+00
-4.569784892446222990e+00
-4.564782391195597810e+00
-4.559779889944972631e+00
-4.554777388694347451e+00
-4.549774887443722271e+00
-4.544772386193096203e+00
-4.539769884942471023e+00
-4.534767383691845843e+00
-4.529764882441220664e+00
-4.524762381190595484e+00
-4.519759879939970304e+00
-4.514757378689344236e+00
-4.509754877438719056e+00
-4.504752376188093876e+00
-4.499749874937468697e+00
-4.494747373686843517e+00
-4.489744872436218337e+00
-4.484742371185593157e+00
-4.479739869934967089e+00
-4.474737368684341909e+00
-4.469734867433716730e+00
-4.464732366183091550e+00
-4.459729864932466370e+00
-4.454727363681841190e+00
-4.449724862431216010e+00
-4.444722361180589942e+00
-4.439719859929964763e+00
-4.434717358679339583e+00
-4.429714857428714403e+00
-4.424712356178089223e+00
-4.419709854927464043e+00
-4.414707353676838864e+00
-4.409704852426212796e+00
-4.404702351175587616e+00
-4.399699849924962436e+00
-4.394697348674337256e+00
-4.389694847423712076e+00
-4.384692346173086896e+00
-4.379689844922461717e+00
-4.374687343671835649e+00
-4.369684842421210469e+00
-4.364682341170585289e+00
-4.359679839919960109e+00
-4.354677338669334929e+00
-4.349674837418709750e+00
-4.344672336168083682e+00
-4.339669834917458502e+00
-4.334667333666833322e+00
-4.329664832416208142e+00
-4.324662331165582962e+00
-4.319659829914957783e+00
-4.314657328664331715e+00
-4.309654827413706535e+00
-4.304652326163081355e+00
-4.299649824912456175e+00
-4.294647323661830995e+00
-4.289644822411205816e+00
-4.284642321160580636e+00
-4.279639819909954568e+00
-4.274637318659329388e+00
-4.269634817408704208e+00
-4.264632316158079028e+00
-4.259629814907453849e+00
-4.254627313656828669e+00
-4.249624812406203489e+00
-4.244622311155577421e+00
-4.239619809904952241e+00
-4.234617308654327061e+00
-4.229614807403701882e+00
-4.224612306153076702e+00
-4.219609804902451522e+00
-4.214607303651826342e+00
-4.209604802401200274e+00
-4.204602301150575094e+00
-4.199599799899949915e+00
-4.194597298649324735e+00
-4.189594797398699555e+00
-4.184592296148074375e+00
-4.179589794897449195e+00
-4.174587293646823127e+00
-4.169584792396197948e+00
-4.164582291145572768e+00
-4.159579789894947588e+00
-4.154577288644322408e+00
-4.149574787393697228e+00
-4.144572286143072049e+00
-4.139569784892445981e+00
-4.134567283641820801e+00
-4.129564782391195621e+00
-4.124562281140570441e+00
-4.119559779889945261e+00
-4.114557278639319193e+00
-4.109554777388694013e+00
-4.104552276138068834e+00
-4.099549774887443654e+00
-4.094547273636818474e+00
-4.089544772386193294e+00
-4.084542271135568114e+00
-4.079539769884942046e+00
-4.074537268634316867e+00
-4.069534767383691687e+00
-4.064532266133066507e+00
-4.059529764882441327e+00
-4.054527263631816147e+00
-4.049524762381190968e+00
-4.044522261130564900e+00
-4.039519759879939720e+00
-4.034517258629314540e+00
-4.029514757378689360e+00
-4.024512256128064180e+00
-4.019509754877439001e+00
-4.014507253626813821e+00
-4.009504752376187753e+00
-4.004502251125562573e+00
-3.999499749874937393e+00
-3.994497248624312213e+00
-3.989494747373687034e+00
-3.984492246123061854e+00
-3.979489744872436230e+00
-3.974487243621810606e+00
-3.969484742371185426e+00
-3.964482241120560246e+00
-3.959479739869935067e+00
-3.954477238619309887e+00
-3.949474737368684263e+00
-3.944472236118059083e+00
-3.939469734867433459e+00
-3.934467233616808279e+00
-3.929464732366183100e+00
-3.924462231115557920e+00
-3.919459729864932740e+00
-3.914457228614307116e+00
-3.909454727363681936e+00
-3.904452226113056312e+00
-3.899449724862431133e+00
-3.894447223611805953e+00
-3.889444722361180773e+00
-3.884442221110555593e+00
-3.879439719859929969e+00
-3.874437218609304789e+00
-3.869434717358679165e+00
-3.864432216108053986e+00
-3.859429714857428806e+00
-3.854427213606803626e+00
-3.849424712356178446e+00
-3.844422211105552822e+00
-3.839419709854927198e+00
-3.834417208604302019e+00
-3.829414707353676839e+00
-3.824412206103051659e+00
-3.819409704852426479e+00
-3.814407203601800855e+00
-3.809404702351175676e+00
-3.804402201100550052e+00
-3.799399699849924872e+00
-3.794397198599299692e+00
-3.789394697348674512e+00
-3.784392196098049332e+00
-3.779389694847423709e+00
-3.774387193596798529e+00
-3.769384692346172905e+00
-3.764382191095547725e+00
-3.759379689844922545e+00
-3.754377188594297365e+00
-3.749374687343672186e+00
-3.744372186093046562e+00
-3.739369684842420938e+00
-3.734367183591795758e+00
-3.729364682341170578e+00
-3.724362181090545398e+00
-3.719359679839920219e+00
-3.714357178589294595e+00
-3.709354677338669415e+00
-3.704352176088043791e+00
-3.699349674837418611e+00
-3.694347173586793431e+00
-3.689344672336168252e+00
-3.684342171085543072e+00
-3.679339669834917448e+00
-3.674337168584292268e+00
-3.669334667333666644e+00
-3.664332166083041464e+00
-3.659329664832416285e+00
-3.654327163581791105e+00
-3.649324662331165925e+00
-3.644322161080540301e+00
-3.639319659829914677e+00
-3.634317158579289497e+00
-3.629314657328664318e+00
-3.624312156078039138e+00
-3.619309654827413958e+00
-3.614307153576788334e+00
-3.609304652326163154e+00
-3.604302151075537530e+00
-3.599299649824912350e+00
-3.594297148574287171e+00
-3.589294647323661991e+00
-3.584292146073036811e+00
-3.579289644822411187e+00
-3.574287143571786007e+00
-3.569284642321160383e+00
-3.564282141070535204e+00
-3.559279639819910024e+00
-3.554277138569284844e+00
-3.549274637318659664e+00
-3.544272136068034040e+00
-3.539269634817408416e+00
-3.534267133566783237e+00
-3.529264632316158057e+00
-3.524262131065532877e+00
-3.519259629814907697e+00
-3.514257128564282073e+00
-3.509254627313656894e+00
-3.504252126063031270e+00
-3.499249624812406090e+00
-3.494247123561780910e+00
-3.489244622311155730e+00
-3.484242121060530550e+00
-3.479239619809904926e+00
-3.474237118559279747e+00
-3.469234617308654123e+00
-3.464232116058028943e+00
-3.459229614807403763e+00
-3.454227113556778583e+00
-3.449224612306153404e+00
-3.444222111055527780e+00
-3.439219609804902600e+00
-3.434217108554276976e+00
-3.429214607303651796e+00
-3.424212106053026616e+00
-3.419209604802401437e+00
-3.414207103551776257e+00
-3.409204602301150633e+00
-3.404202101050525009e+00
-3.399199599799899829e+00
-3.394197098549274649e+00
-3.389194597298649470e+00
-3.384192096048024290e+00
-3.379189594797398666e+00
-3.374187093546773486e+00
-3.369184592296147862e+00
-3.364182091045522682e+00
-3.359179589794897502e+00
-3.354177088544272323e+00
-3.349174587293647143e+00
-3.344172086043021519e+00
-3.339169584792396339e+00
-3.334167083541770715e+00
-3.329164582291145535e+00
-3.324162081040520356e+00
-3.319159579789895176e+00
-3.314157078539269996e+00
-3.309154577288644372e+00
-3.304152076038018748e+00
-3.299149574787393568e+00
-3.294147073536768389e+00
-3.289144572286143209e+00
-3.284142071035518029e+00
-3.279139569784892405e+00
-3.274137068534267225e+00
-3.269134567283641601e+00
-3.264132066033016422e+00
-3.259129564782391242e+00
-3.254127063531766062e+00
-3.249124562281140882e+00
-3.244122061030515258e+00
-3.239119559779890078e+00
-3.234117058529264455e+00
-3.229114557278639275e+00
-3.224112056028014095e+00
-3.219109554777388915e+00
-3.214107053526763735e+00
-3.209104552276138111e+00
-3.204102051025512488e+00
-3.199099549774887308e+00
-3.194097048524262128e+00
-3.189094547273636948e+00
-3.184092046023011768e+00
-3.179089544772386144e+00
-3.174087043521760965e+00
-3.169084542271135341e+00
-3.164082041020510161e+00
-3.159079539769884981e+00
-3.154077038519259801e+00
-3.149074537268634622e+00
-3.144072036018008998e+00
-3.139069534767383818e+00
-3.134067033516758194e+00
-3.129064532266133014e+00
-3.124062031015507834e+00
-3.119059529764882654e+00
-3.114057028514257475e+00
-3.109054527263631851e+00
-3.104052026013006227e+00
-3.099049524762381047e+00
-3.094047023511755867e+00
-3.089044522261130687e+00
-3.084042021010505508e+00
-3.079039519759879884e+00
-3.074037018509254704e+00
-3.069034517258629080e+00
-3.064032016008003900e+00
-3.059029514757378720e+00
-3.054027013506753541e+00
-3.049024512256128361e+00
-3.044022011005502737e+00
-3.039019509754877557e+00
-3.034017008504251933e+00
-3.029014507253626753e+00
-3.024012006003001574e+00
-3.019009504752376394e+00
-3.014007003501751214e+00
-3.009004502251125590e+00
-3.004002001000500410e+00
-2.998999499749874786e+00
-2.993996998499249607e+00
-2.988994497248624427e+00
-2.983991995997999247e+00
-2.978989494747373623e+00
-2.973986993496748443e+00
-2.968984492246123263e+00
-2.963981990995497640e+00
-2.958979489744872460e+00
-2.953976988494247280e+00
-2.948974487243621656e+00
-2.943971985992996476e+00
-2.938969484742371296e+00
-2.933966983491746117e+00
-2.928964482241120493e+00
-2.923961980990495313e+00
-2.918959479739870133e+00
-2.913956978489244509e+00
-2.908954477238619329e+00
-2.903951975987994150e+00
-2.898949474737368526e+00
-2.893946973486743346e+00
-2.888944472236118166e+00
-2.883941970985492986e+00
-2.878939469734867362e+00
-2.873936968484242183e+00
-2.868934467233617003e+00
-2.863931965982991379e+00
-2.858929464732366199e+00
-2.853926963481741019e+00
-2.848924462231115839e+00
-2.843921960980490216e+00
-2.838919459729865036e+00
-2.833916958479239856e+00
-2.828914457228614232e+00
-2.823911955977989052e+00
-2.818909454727363872e+00
-2.813906953476738249e+00
-2.808904452226113069e+00
-2.803901950975487889e+00
-2.798899449724862709e+00
-2.793896948474237085e+00
-2.788894447223611905e+00
-2.783891945972986726e+00
-2.778889444722361102e+00
-2.773886943471735922e+00
-2.768884442221110742e+00
-2.763881940970485118e+00
-2.758879439719859938e+00
-2.753876938469234759e+00
-2.748874437218609579e+00
-2.743871935967983955e+00
-2.738869434717358775e+00
-2.733866933466733595e+00
-2.728864432216107971e+00
-2.723861930965482792e+00
-2.718859429714857612e+00
-2.713856928464231988e+00
-2.708854427213606808e+00
-2.703851925962981628e+00
-2.698849424712356448e+00
-2.693846923461730825e+00
-2.688844422211105645e+00
-2.683841920960480465e+00
-2.678839419709854841e+00
-2.673836918459229661e+00
-2.668834417208604481e+00
-2.663831915957978858e+00
-2.658829414707353678e+00
-2.653826913456728498e+00
-2.648824412206103318e+00
-2.643821910955477694e+00
-2.638819409704852514e+00
-2.633816908454227335e+00
-2.628814407203601711e+00
-2.623811905952976531e+00
-2.618809404702351351e+00
-2.613806903451725727e+00
-2.608804402201100547e+00
-2.603801900950475368e+00
-2.598799399699850188e+00
-2.593796898449224564e+00
-2.588794397198599384e+00
-2.583791895947974204e+00
-2.578789394697348580e+00
-2.573786893446723401e+00
-2.568784392196098221e+00
-2.563781890945472597e+00
-2.558779389694847417e+00
-2.553776888444222237e+00
-2.548774387193597057e+00
-2.543771885942971434e+00
-2.538769384692346254e+00
-2.533766883441721074e+00
-2.528764382191095450e+00
-2.523761880940470270e+00
-2.518759379689845090e+00
-2.513756878439219467e+00
-2.508754377188594287e+00
-2.503751875937969107e+00
-2.498749374687343927e+00
-2.493746873436718303e+00
-2.488744372186093123e+00
-2.483741870935467944e+00
-2.478739369684842320e+00
-2.473736868434217140e+00
-2.468734367183591960e+00
-2.463731865932966336e+00
-2.458729364682341156e+00
-2.453726863431715977e+00
-2.448724362181090797e+00
-2.443721860930465173e+00
-2.438719359679839993e+00
-2.433716858429214813e+00
-2.428714357178589189e+00
-2.423711855927964010e+00
-2.418709354677338830e+00
-2.413706853426713650e+00
-2.408704352176088026e+00
-2.403701850925462846e+00
-2.398699349674837666e+00
-2.393696848424212043e+00
-2.388694347173586863e+00
-2.383691845922961683e+00
-2.378689344672336059e+00
-2.373686843421710879e+00
-2.368684342171085699e+00
-2.363681840920460520e+00
-2.358679339669834896e+00
-2.353676838419209716e+00
-2.348674337168584536e+00
-2.343671835917958912e+00
-2.338669334667333732e+00
-2.333666833416708553e+00
-2.328664332166082929e+00
-2.323661830915457749e+00
-2.318659329664832569e+00
-2.313656828414207389e+00
-2.308654327163581765e+00
-2.303651825912956586e+00
-2.298649324662331406e+00
-2.293646823411705782e+00
-2.288644322161080602e+00
-2.283641820910455422e+00
-2.278639319659829798e+00
-2.273636818409204619e+00
-2.268634317158579439e+00
-2.263631815907954259e+00
-2.258629314657328635e+00
-2.253626813406703455e+00
-2.248624312156078275e+00
-2.243621810905452651e+00
-2.238619309654827472e+00
-2.233616808404202292e+00
-2.228614307153576668e+00
-2.223611805902951488e+00
-2.218609304652326308e+00
-2.213606803401701129e+00
-2.208604302151075505e+00
-2.203601800900450325e+00
-2.198599299649825145e+00
-2.193596798399199521e+00
-2.188594297148574341e+00
-2.183591795897949162e+00
-2.178589294647323538e+00
-2.173586793396698358e+00
-2.168584292146073178e+00
-2.163581790895447998e+00
-2.158579289644822374e+00
-2.153576788394197195e+00
-2.148574287143572015e+00
-2.143571785892946391e+00
-2.138569284642321211e+00
-2.133566783391696031e+00
-2.128564282141070407e+00
-2.123561780890445227e+00
-2.118559279639820048e+00
-2.113556778389194868e+00
-2.108554277138569244e+00
-2.103551775887944064e+00
-2.098549274637318884e+00
-2.093546773386693260e+00
-2.088544272136068081e+00
-2.083541770885442901e+00
-2.078539269634817277e+00
-2.073536768384192097e+00
-2.068534267133566917e+00
-2.063531765882941738e+00
-2.058529264632316114e+00
-2.053526763381690934e+00
-2.048524262131065754e+00
-2.043521760880440130e+00
-2.038519259629814950e+00
-2.033516758379189771e+00
-2.028514257128564147e+00
-2.023511755877938967e+00
-2.018509254627313787e+00
-2.013506753376688607e+00
-2.008504252126062983e+00
-2.003501750875437804e+00
-1.998499249624812624e+00
-1.993496748374187000e+00
-1.988494247123561820e+00
-1.983491745872936640e+00
-1.978489244622311460e+00
-1.973486743371685836e+00
-1.968484242121060657e+00
-1.963481740870435477e+00
-1.958479239619809853e+00
-1.953476738369184673e+00
-1.948474237118559493e+00
-1.943471735867933869e+00
-1.938469234617308690e+00
-1.933466733366683510e+00
-1.928464232116058330e+00
-1.923461730865432706e+00
-1.918459229614807526e+00
-1.913456728364182347e+00
-1.908454227113556723e+00
-1.903451725862931543e+00
-1.898449224612306363e+00
-1.893446723361680739e+00
-1.888444222111055559e+00
-1.883441720860430380e+00
-1.878439219609805200e+00
-1.873436718359179576e+00
-1.868434217108554396e+00
-1.863431715857929216e+00
-1.858429214607303592e+00
-1.853426713356678412e+00
-1.848424212106053233e+00
-1.843421710855427609e+00
-1.838419209604802429e+00
-1.833416708354177249e+00
-1.828414207103552069e+00
-1.823411705852926445e+00
-1.818409204602301266e+00
-1.813406703351676086e+00
-1.808404202101050462e+00
-1.803401700850425282e+00
-1.798399199599800102e+00
-1.793396698349174478e+00
-1.788394197098549299e+00
-1.783391695847924119e+00
-1.778389194597298939e+00
-1.773386693346673315e+00
-1.768384192096048135e+00
-1.763381690845422956e+00
-1.758379189594797332e+00
-1.753376688344172152e+00
-1.748374187093546972e+00
-1.743371685842921348e+00
-1.738369184592296168e+00
-1.733366683341670988e+00
-1.728364182091045809e+00
-1.723361680840420185e+00
-1.718359179589795005e+00
-1.713356678339169825e+00
-1.708354177088544201e+00
-1.703351675837919021e+00
-1.698349174587293842e+00
-1.693346673336668218e+00
-1.688344172086043038e+00
-1.683341670835417858e+00
-1.678339169584792678e+00
-1.673336668334167054e+00
-1.668334167083541875e+00
-1.663331665832916695e+00
-1.658329164582291071e+00
-1.653326663331665891e+00
-1.648324162081040711e+00
-1.643321660830415087e+00
-1.638319159579789908e+00
-1.633316658329164728e+00
-1.628314157078539548e+00
-1.623311655827913924e+00
-1.618309154577288744e+00
-1.613306653326663564e+00
-1.608304152076037941e+00
-1.603301650825412761e+00
-1.598299149574787581e+00
-1.593296648324161957e+00
-1.588294147073536777e+00
-1.583291645822911597e+00
-1.578289144572286418e+00
-1.573286643321660794e+00
-1.568284142071035614e+00
-1.563281640820410434e+00
-1.558279139569784810e+00
-1.553276638319159630e+00
-1.548274137068534451e+00
-1.543271635817909271e+00
-1.538269134567283647e+00
-1.533266633316658467e+00
-1.528264132066033287e+00
-1.523261630815407663e+00
-1.518259129564782484e+00
-1.513256628314157304e+00
-1.508254127063531680e+00
-1.503251625812906500e+00
-1.498249124562281320e+00
-1.493246623311656140e+00
-1.488244122061030517e+00
-1.483241620810405337e+00
-1.478239119559780157e+00
-1.473236618309154533e+00
-1.468234117058529353e+00
-1.463231615807904173e+00
-1.458229114557278550e+00
-1.453226613306653370e+00
-1.448224112056028190e+00
-1.443221610805403010e+00
-1.438219109554777386e+00
-1.433216608304152206e+00
-1.428214107053527027e+00
-1.423211605802901403e+00
-1.418209104552276223e+00
-1.413206603301651043e+00
-1.408204102051025419e+00
-1.403201600800400239e+00
-1.398199099549775060e+00
-1.393196598299149880e+00
-1.388194097048524256e+00
-1.383191595797899076e+00
-1.378189094547273896e+00
-1.373186593296648272e+00
-1.368184092046023093e+00
-1.363181590795397913e+00
-1.358179089544772289e+00
-1.353176588294147109e+00
-1.348174087043521929e+00
-1.343171585792896749e+00
-1.338169084542271126e+00
-1.333166583291645946e+00
-1.328164082041020766e+00
-1.323161580790395142e+00
-1.318159079539769962e+00
-1.313156578289144782e+00
-1.308154077038519159e+00
-1.303151575787893979e+00
-1.298149074537268799e+00
-1.293146573286643619e+00
-1.288144072036017995e+00
-1.283141570785392815e+00
-1.278139069534767636e+00
-1.273136568284142012e+00
-1.268134067033516832e+00
-1.263131565782891652e+00
-1.258129064532266028e+00
-1.253126563281640848e+00
-1.248124062031015669e+00
-1.243121560780390489e+00
-1.238119059529764865e+00
-1.233116558279139685e+00
-1.228114057028514505e+00
-1.223111555777888881e+00
-1.218109054527263702e+00
-1.213106553276638522e+00
-1.208104052026012898e+00
-1.203101550775387718e+00
-1.198099049524762538e+00
-1.193096548274137358e+00
-1.188094047023511735e+00
-1.183091545772886555e+00
-1.178089044522261375e+00
-1.173086543271635751e+00
-1.168084042021010571e+00
-1.163081540770385391e+00
-1.158079039519759768e+00
-1.153076538269134588e+00
-1.148074037018509408e+00
-1.143071535767884228e+00
-1.138069034517258604e+00
-1.133066533266633424e+00
-1.128064032016008245e+00
-1.123061530765382621e+00
-1.118059029514757441e+00
-1.113056528264132261e+00
-1.108054027013507081e+00
-1.103051525762881457e+00
-1.098049024512256278e+00
-1.093046523261631098e+00
-1.088044022011005474e+00
-1.083041520760380294e+00
-1.078039019509755114e+00
-1.073036518259129490e+00
-1.068034017008504311e+00
-1.063031515757879131e+00
-1.058029014507253951e+00
-1.053026513256628327e+00
-1.048024012006003147e+00
-1.043021510755377967e+00
-1.038019009504752344e+00
-1.033016508254127164e+00
-1.028014007003501984e+00
-1.023011505752876360e+00
-1.018009004502251180e+00
-1.013006503251626000e+00
-1.008004002001000821e+00
-1.003001500750375197e+00
-9.979989994997495728e-01
-9.929964982491243930e-01
-9.879939969984992132e-01
-9.829914957478740334e-01
-9.779889944972488536e-01
-9.729864932466236738e-01
-9.679839919959984940e-01
-9.629814907453724260e-01
-9.579789894947472462e-01
-9.529764882441220664e-01
-9.479739869934968866e-01
-9.429714857428717067e-01
-9.379689844922465269e-01
-9.329664832416213471e-01
-9.279639819909952791e-01
-9.229614807403700993e-01
-9.179589794897449195e-01
-9.129564782391197397e-01
-9.079539769884945599e-01
-9.029514757378693801e-01
-8.979489744872433121e-01
-8.929464732366181323e-01
-8.879439719859929525e-01
-8.829414707353677727e-01
-8.779389694847425929e-01
-8.729364682341174131e-01
-8.679339669834922333e-01
-8.629314657328661653e-01
-8.579289644822409855e-01
-8.529264632316158057e-01
-8.479239619809906259e-01
-8.429214607303654461e-01
-8.379189594797402663e-01
-8.329164582291150865e-01
-8.279139569784890185e-01
-8.229114557278638387e-01
-8.179089544772386589e-01
-8.129064532266134790e-01
-8.079039519759882992e-01
-8.029014507253631194e-01
-7.978989494747370514e-01
-7.928964482241118716e-01
-7.878939469734866918e-01
-7.828914457228615120e-01
-7.778889444722363322e-01
-7.728864432216111524e-01
-7.678839419709859726e-01
-7.628814407203599046e-01
-7.578789394697347248e-01
-7.528764382191095450e-01
-7.478739369684843652e-01
-7.428714357178591854e-01
-7.378689344672340056e-01
-7.328664332166088258e-01
-7.278639319659827578e-01
-7.228614307153575780e-01
-7.178589294647323982e-01
-7.128564282141072184e-01
-7.078539269634820386e-01
-7.028514257128568588e-01
-6.978489244622316789e-01
-6.928464232116056110e-01
-6.878439219609804312e-01
-6.828414207103552513e-01
-6.778389194597300715e-01
-6.728364182091048917e-01
-6.678339169584797119e-01
-6.628314157078536439e-01
-6.578289144572284641e-01
-6.528264132066032843e-01
-6.478239119559781045e-01
-6.428214107053529247e-01
-6.378189094547277449e-01
-6.328164082041025651e-01
-6.278139069534764971e-01
-6.228114057028513173e-01
-6.178089044522261375e-01
-6.128064032016009577e-01
-6.078039019509757779e-01
-6.028014007003505981e-01
-5.977988994497254183e-01
-5.927963981990993503e-01
-5.877938969484741705e-01
-5.827913956978489907e-01
-5.777888944472238109e-01
-5.727863931965986311e-01
-5.677838919459734512e-01
-5.627813906953473833e-01
-5.577788894447222035e-01
-5.527763881940970236e-01
-5.477738869434718438e-01
-5.427713856928466640e-01
-5.377688844422214842e-01
-5.327663831915963044e-01
-5.277638819409702364e-01
-5.227613806903450566e-01
-5.177588794397198768e-01
-5.127563781890946970e-01
-5.077538769384695172e-01
-5.027513756878443374e-01
-4.977488744372191576e-01
-4.927463731865930896e-01
-4.877438719359679098e-01
-4.827413706853427300e-01
-4.777388694347175502e-01
-4.727363681840923704e-01
-4.677338669334671906e-01
-4.627313656828411226e-01
-4.577288644322159428e-01
-4.527263631815907630e-01
-4.477238619309655832e-01
-4.427213606803404033e-01
-4.377188594297152235e-01
-4.327163581790900437e-01
-4.277138569284639757e-01
-4.227113556778387959e-01
-4.177088544272136161e-01
-4.127063531765884363e-01
-4.077038519259632565e-01
-4.027013506753380767e-01
-3.976988494247128969e-01
-3.926963481740868289e-01
-3.876938469234616491e-01
-3.826913456728364693e-01
-3.776888444222112895e-01
-3.726863431715861097e-01
-3.676838419209609299e-01
-3.626813406703348619e-01
-3.576788394197096821e-01
-3.526763381690845023e-01
-3.476738369184593225e-01
-3.426713356678341427e-01
-3.376688344172089629e-01
-3.326663331665837831e-01
-3.276638319159577151e-01
-3.226613306653325353e-01
-3.176588294147073555e-01
-3.126563281640821756e-01
-3.076538269134569958e-01
-3.026513256628318160e-01
-2.976488244122066362e-01
-2.926463231615805682e-01
-2.876438219109553884e-01
-2.826413206603302086e-01
-2.776388194097050288e-01
-2.726363181590798490e-01
-2.676338169084546692e-01
-2.626313156578294894e-01
-2.576288144072034214e-01
-2.526263131565782416e-01
-2.476238119059530618e-01
-2.426213106553278820e-01
-2.376188094047027022e-01
-2.326163081540775224e-01
-2.276138069034514544e-01
-2.226113056528262746e-01
-2.176088044022010948e-01
-2.126063031515759150e-01
-2.076038019009507352e-01
-2.026013006503255554e-01
-1.975987993997003755e-01
-1.925962981490743076e-01
-1.875937968984491278e-01
-1.825912956478239479e-01
-1.775887943971987681e-01
-1.725862931465735883e-01
-1.675837918959484085e-01
-1.625812906453232287e-01
-1.575787893946971607e-01
-1.525762881440719809e-01
-1.475737868934468011e-01
-1.425712856428216213e-01
-1.375687843921964415e-01
-1.325662831415712617e-01
-1.275637818909451937e-01
-1.225612806403200139e-01
-1.175587793896948341e-01
-1.125562781390696543e-01
-1.075537768884444745e-01
-1.025512756378192947e-01
-9.754877438719411487e-02
-9.254627313656804688e-02
-8.754377188594286707e-02
-8.254127063531768727e-02
-7.753876938469250746e-02
-7.253626813406732765e-02
-6.753376688344214784e-02
-6.253126563281696804e-02
-5.752876438219090005e-02
-5.252626313156572024e-02
-4.752376188094054044e-02
-4.252126063031536063e-02
-3.751875937969018082e-02
-3.251625812906500101e-02
-2.751375687843893303e-02
-2.251125562781375322e-02
-1.750875437718857341e-02
-1.250625312656339361e-02
-7.503751875938213800e-03
-2.501250625313033993e-03
2.501250625312145814e-03
7.503751875938213800e-03
1.250625312656339361e-02
1.750875437718857341e-02
2.251125562781375322e-02
2.751375687843893303e-02
3.251625812906411284e-02
3.751875937968929264e-02
4.252126063031536063e-02
4.752376188094054044e-02
5.252626313156572024e-02
5.752876438219090005e-02
6.253126563281607986e-02
6.753376688344125967e-02
7.253626813406732765e-02
7.753876938469250746e-02
8.254127063531768727e-02
8.754377188594286707e-02
9.254627313656804688e-02
9.754877438719322669e-02
1.025512756378184065e-01
1.075537768884444745e-01
1.125562781390696543e-01
1.175587793896948341e-01
1.225612806403200139e-01
1.275637818909451937e-01
1.325662831415703735e-01
1.375687843921955533e-01
1.425712856428216213e-01
1.475737868934468011e-01
1.525762881440719809e-01
1.575787893946971607e-01
1.625812906453223405e-01
1.675837918959475203e-01
1.725862931465727002e-01
1.775887943971987681e-01
1.825912956478239479e-01
1.875937968984491278e-01
1.925962981490743076e-01
1.975987993996994874e-01
2.026013006503246672e-01
2.076038019009507352e-01
2.126063031515759150e-01
2.176088044022010948e-01
2.226113056528262746e-01
2.276138069034514544e-01
2.326163081540766342e-01
2.376188094047018140e-01
2.426213106553278820e-01
2.476238119059530618e-01
2.526263131565782416e-01
2.576288144072034214e-01
2.626313156578286012e-01
2.676338169084537810e-01
2.726363181590789608e-01
2.776388194097050288e-01
2.826413206603302086e-01
2.876438219109553884e-01
2.926463231615805682e-01
2.976488244122057480e-01
3.026513256628309279e-01
3.076538269134569958e-01
3.126563281640821756e-01
3.176588294147073555e-01
3.226613306653325353e-01
3.276638319159577151e-01
3.326663331665828949e-01
3.376688344172080747e-01
3.426713356678341427e-01
3.476738369184593225e-01
3.526763381690845023e-01
3.576788394197096821e-01
3.626813406703348619e-01
3.676838419209600417e-01
3.726863431715852215e-01
3.776888444222112895e-01
3.826913456728364693e-01
3.876938469234616491e-01
3.926963481740868289e-01
3.976988494247120087e-01
4.027013506753371885e-01
4.077038519259632565e-01
4.127063531765884363e-01
4.177088544272136161e-01
4.227113556778387959e-01
4.277138569284639757e-01
4.327163581790891556e-01
4.377188594297143354e-01
4.427213606803404033e-01
4.477238619309655832e-01
4.527263631815907630e-01
4.577288644322159428e-01
4.627313656828411226e-01
4.677338669334663024e-01
4.727363681840914822e-01
4.777388694347175502e-01
4.827413706853427300e-01
4.877438719359679098e-01
4.927463731865930896e-01
4.977488744372182694e-01
5.027513756878434492e-01
5.077538769384695172e-01
5.127563781890946970e-01
5.177588794397198768e-01
5.227613806903450566e-01
5.277638819409702364e-01
5.327663831915954162e-01
5.377688844422205960e-01
5.427713856928466640e-01
5.477738869434718438e-01
5.527763881940970236e-01
5.577788894447222035e-01
5.627813906953473833e-01
5.677838919459725631e-01
5.727863931965977429e-01
5.777888944472238109e-01
5.827913956978489907e-01
5.877938969484741705e-01
5.927963981990993503e-01
5.977988994497245301e-01
6.028014007003497099e-01
6.078039019509748897e-01
6.128064032016009577e-01
6.178089044522261375e-01
6.228114057028513173e-01
6.278139069534764971e-01
6.328164082041016769e-01
6.378189094547268567e-01
6.428214107053529247e-01
6.478239119559781045e-01
6.528264132066032843e-01
6.578289144572284641e-01
6.628314157078536439e-01
6.678339169584788237e-01
6.728364182091040036e-01
6.778389194597300715e-01
6.828414207103552513e-01
6.878439219609804312e-01
6.928464232116056110e-01
6.978489244622307908e-01
7.028514257128559706e-01
7.078539269634811504e-01
7.128564282141072184e-01
7.178589294647323982e-01
7.228614307153575780e-01
7.278639319659827578e-01
7.328664332166079376e-01
7.378689344672331174e-01
7.428714357178591854e-01
7.478739369684843652e-01
7.528764382191095450e-01
7.578789394697347248e-01
7.628814407203599046e-01
7.678839419709850844e-01
7.728864432216102642e-01
7.778889444722363322e-01
7.828914457228615120e-01
7.878939469734866918e-01
7.928964482241118716e-01
7.978989494747370514e-01
8.029014507253622313e-01
8.079039519759874111e-01
8.129064532266134790e-01
8.179089544772386589e-01
8.229114557278638387e-01
8.279139569784890185e-01
8.329164582291141983e-01
8.379189594797393781e-01
8.429214607303654461e-01
8.479239619809906259e-01
8.529264632316158057e-01
8.579289644822409855e-01
8.629314657328661653e-01
8.679339669834913451e-01
8.729364682341165249e-01
8.779389694847425929e-01
8.829414707353677727e-01
8.879439719859929525e-01
8.929464732366181323e-01
8.979489744872433121e-01
9.029514757378684919e-01
9.079539769884936717e-01
9.129564782391197397e-01
9.179589794897449195e-01
9.229614807403700993e-01
9.279639819909952791e-01
9.329664832416204590e-01
9.379689844922456388e-01
9.429714857428717067e-01
9.479739869934968866e-01
9.529764882441220664e-01
9.579789894947472462e-01
9.629814907453724260e-01
9.679839919959976058e-01
9.729864932466227856e-01
9.779889944972488536e-01
9.829914957478740334e-01
9.879939969984992132e-01
9.929964982491243930e-01
9.979989994997495728e-01
1.003001500750374753e+00
1.008004002000999932e+00
1.013006503251626000e+00
1.018009004502251180e+00
1.023011505752876360e+00
1.028014007003501540e+00
1.033016508254126720e+00
1.038019009504751899e+00
1.043021510755377079e+00
1.048024012006003147e+00
1.053026513256628327e+00
1.058029014507253507e+00
1.063031515757878687e+00
1.068034017008503866e+00
1.073036518259129046e+00
1.078039019509755114e+00
1.083041520760380294e+00
1.088044022011005474e+00
1.093046523261630654e+00
1.098049024512255833e+00
1.103051525762881013e+00
1.108054027013506193e+00
1.113056528264132261e+00
1.118059029514757441e+00
1.123061530765382621e+00
1.128064032016007801e+00
1.133066533266632980e+00
1.138069034517258160e+00
1.143071535767883340e+00
1.148074037018509408e+00
1.153076538269134588e+00
1.158079039519759768e+00
1.163081540770384947e+00
1.168084042021010127e+00
1.173086543271635307e+00
1.178089044522261375e+00
1.183091545772886555e+00
1.188094047023511735e+00
1.193096548274136914e+00
1.198099049524762094e+00
1.203101550775387274e+00
1.208104052026012454e+00
1.213106553276638522e+00
1.218109054527263702e+00
1.223111555777888881e+00
1.228114057028514061e+00
1.233116558279139241e+00
1.238119059529764421e+00
1.243121560780389601e+00
1.248124062031015669e+00
1.253126563281640848e+00
1.258129064532266028e+00
1.263131565782891208e+00
1.268134067033516388e+00
1.273136568284141568e+00
1.278139069534767636e+00
1.283141570785392815e+00
1.288144072036017995e+00
1.293146573286643175e+00
1.298149074537268355e+00
1.303151575787893535e+00
1.308154077038518714e+00
1.313156578289144782e+00
1.318159079539769962e+00
1.323161580790395142e+00
1.328164082041020322e+00
1.333166583291645502e+00
1.338169084542270681e+00
1.343171585792895861e+00
1.348174087043521929e+00
1.353176588294147109e+00
1.358179089544772289e+00
1.363181590795397469e+00
1.368184092046022649e+00
1.373186593296647828e+00
1.378189094547273896e+00
1.383191595797899076e+00
1.388194097048524256e+00
1.393196598299149436e+00
1.398199099549774616e+00
1.403201600800399795e+00
1.408204102051024975e+00
1.413206603301651043e+00
1.418209104552276223e+00
1.423211605802901403e+00
1.428214107053526583e+00
1.433216608304151762e+00
1.438219109554776942e+00
1.443221610805402122e+00
1.448224112056028190e+00
1.453226613306653370e+00
1.458229114557278550e+00
1.463231615807903729e+00
1.468234117058528909e+00
1.473236618309154089e+00
1.478239119559779269e+00
1.483241620810405337e+00
1.488244122061030517e+00
1.493246623311655696e+00
1.498249124562280876e+00
1.503251625812906056e+00
1.508254127063531236e+00
1.513256628314157304e+00
1.518259129564782484e+00
1.523261630815407663e+00
1.528264132066032843e+00
1.533266633316658023e+00
1.538269134567283203e+00
1.543271635817908383e+00
1.548274137068534451e+00
1.553276638319159630e+00
1.558279139569784810e+00
1.563281640820409990e+00
1.568284142071035170e+00
1.573286643321660350e+00
1.578289144572285529e+00
1.583291645822911597e+00
1.588294147073536777e+00
1.593296648324161957e+00
1.598299149574787137e+00
1.603301650825412317e+00
1.608304152076037496e+00
1.613306653326663564e+00
1.618309154577288744e+00
1.623311655827913924e+00
1.628314157078539104e+00
1.633316658329164284e+00
1.638319159579789464e+00
1.643321660830414643e+00
1.648324162081040711e+00
1.653326663331665891e+00
1.658329164582291071e+00
1.663331665832916251e+00
1.668334167083541431e+00
1.673336668334166610e+00
1.678339169584791790e+00
1.683341670835417858e+00
1.688344172086043038e+00
1.693346673336668218e+00
1.698349174587293398e+00
1.703351675837918577e+00
1.708354177088543757e+00
1.713356678339169825e+00
1.718359179589795005e+00
1.723361680840420185e+00
1.728364182091045365e+00
1.733366683341670544e+00
1.738369184592295724e+00
1.743371685842920904e+00
1.748374187093546972e+00
1.753376688344172152e+00
1.758379189594797332e+00
1.763381690845422511e+00
1.768384192096047691e+00
1.773386693346672871e+00
1.778389194597298051e+00
1.783391695847924119e+00
1.788394197098549299e+00
1.793396698349174478e+00
1.798399199599799658e+00
1.803401700850424838e+00
1.808404202101050018e+00
1.813406703351676086e+00
1.818409204602301266e+00
1.823411705852926445e+00
1.828414207103551625e+00
1.833416708354176805e+00
1.838419209604801985e+00
1.843421710855427165e+00
1.848424212106053233e+00
1.853426713356678412e+00
1.858429214607303592e+00
1.863431715857928772e+00
1.868434217108553952e+00
1.873436718359179132e+00
1.878439219609804312e+00
1.883441720860430380e+00
1.888444222111055559e+00
1.893446723361680739e+00
1.898449224612305919e+00
1.903451725862931099e+00
1.908454227113556279e+00
1.913456728364181458e+00
1.918459229614807526e+00
1.923461730865432706e+00
1.928464232116057886e+00
1.933466733366683066e+00
1.938469234617308246e+00
1.943471735867933425e+00
1.948474237118559493e+00
1.953476738369184673e+00
1.958479239619809853e+00
1.963481740870435033e+00
1.968484242121060213e+00
1.973486743371685392e+00
1.978489244622310572e+00
1.983491745872936640e+00
1.988494247123561820e+00
1.993496748374187000e+00
1.998499249624812180e+00
2.003501750875437359e+00
2.008504252126062539e+00
2.013506753376687719e+00
2.018509254627313787e+00
2.023511755877938967e+00
2.028514257128564147e+00
2.033516758379189326e+00
2.038519259629814506e+00
2.043521760880439686e+00
2.048524262131065754e+00
2.053526763381690934e+00
2.058529264632316114e+00
2.063531765882941293e+00
2.068534267133566473e+00
2.073536768384191653e+00
2.078539269634816833e+00
2.083541770885442901e+00
2.088544272136068081e+00
2.093546773386693260e+00
2.098549274637318440e+00
2.103551775887943620e+00
2.108554277138568800e+00
2.113556778389193980e+00
2.118559279639820048e+00
2.123561780890445227e+00
2.128564282141070407e+00
2.133566783391695587e+00
2.138569284642320767e+00
2.143571785892945947e+00
2.148574287143572015e+00
2.153576788394197195e+00
2.158579289644822374e+00
2.163581790895447554e+00
2.168584292146072734e+00
2.173586793396697914e+00
2.178589294647323094e+00
2.183591795897949162e+00
2.188594297148574341e+00
2.193596798399199521e+00
2.198599299649824701e+00
2.203601800900449881e+00
2.208604302151075061e+00
2.213606803401700240e+00
2.218609304652326308e+00
2.223611805902951488e+00
2.228614307153576668e+00
2.233616808404201848e+00
2.238619309654827028e+00
2.243621810905452207e+00
2.248624312156078275e+00
2.253626813406703455e+00
2.258629314657328635e+00
2.263631815907953815e+00
2.268634317158578995e+00
2.273636818409204174e+00
2.278639319659829354e+00
2.283641820910455422e+00
2.288644322161080602e+00
2.293646823411705782e+00
2.298649324662330962e+00
2.303651825912956141e+00
2.308654327163581321e+00
2.313656828414206501e+00
2.318659329664832569e+00
2.323661830915457749e+00
2.328664332166082929e+00
2.333666833416708108e+00
2.338669334667333288e+00
2.343671835917958468e+00
2.348674337168583648e+00
2.353676838419209716e+00
2.358679339669834896e+00
2.363681840920460075e+00
2.368684342171085255e+00
2.373686843421710435e+00
2.378689344672335615e+00
2.383691845922961683e+00
2.388694347173586863e+00
2.393696848424212043e+00
2.398699349674837222e+00
2.403701850925462402e+00
2.408704352176087582e+00
2.413706853426712762e+00
2.418709354677338830e+00
2.423711855927964010e+00
2.428714357178589189e+00
2.433716858429214369e+00
2.438719359679839549e+00
2.443721860930464729e+00
2.448724362181089909e+00
2.453726863431715977e+00
2.458729364682341156e+00
2.463731865932966336e+00
2.468734367183591516e+00
2.473736868434216696e+00
2.478739369684841876e+00
2.483741870935467944e+00
2.488744372186093123e+00
2.493746873436718303e+00
2.498749374687343483e+00
2.503751875937968663e+00
2.508754377188593843e+00
2.513756878439219022e+00
2.518759379689845090e+00
2.523761880940470270e+00
2.528764382191095450e+00
2.533766883441720630e+00
2.538769384692345810e+00
2.543771885942970989e+00
2.548774387193596169e+00
2.553776888444222237e+00
2.558779389694847417e+00
2.563781890945472597e+00
2.568784392196097777e+00
2.573786893446722956e+00
2.578789394697348136e+00
2.583791895947974204e+00
2.588794397198599384e+00
2.593796898449224564e+00
2.598799399699849744e+00
2.603801900950474923e+00
2.608804402201100103e+00
2.613806903451725283e+00
2.618809404702351351e+00
2.623811905952976531e+00
2.628814407203601711e+00
2.633816908454226891e+00
2.638819409704852070e+00
2.643821910955477250e+00
2.648824412206102430e+00
2.653826913456728498e+00
2.658829414707353678e+00
2.663831915957978858e+00
2.668834417208604037e+00
2.673836918459229217e+00
2.678839419709854397e+00
2.683841920960480465e+00
2.688844422211105645e+00
2.693846923461730825e+00
2.698849424712356004e+00
2.703851925962981184e+00
2.708854427213606364e+00
2.713856928464231544e+00
2.718859429714857612e+00
2.723861930965482792e+00
2.728864432216107971e+00
2.733866933466733151e+00
2.738869434717358331e+00
2.743871935967983511e+00
2.748874437218608691e+00
2.753876938469234759e+00
2.758879439719859938e+00
2.763881940970485118e+00
2.768884442221110298e+00
2.773886943471735478e+00
2.778889444722360658e+00
2.783891945972985837e+00
2.788894447223611905e+00
2.793896948474237085e+00
2.798899449724862265e+00
2.803901950975487445e+00
2.808904452226112625e+00
2.813906953476737804e+00
2.818909454727363872e+00
2.823911955977989052e+00
2.828914457228614232e+00
2.833916958479239412e+00
2.838919459729864592e+00
2.843921960980489771e+00
2.848924462231114951e+00
2.853926963481741019e+00
2.858929464732366199e+00
2.863931965982991379e+00
2.868934467233616559e+00
2.873936968484241739e+00
2.878939469734866918e+00
2.883941970985492098e+00
2.888944472236118166e+00
2.893946973486743346e+00
2.898949474737368526e+00
2.903951975987993706e+00
2.908954477238618885e+00
2.913956978489244065e+00
2.918959479739870133e+00
2.923961980990495313e+00
2.928964482241120493e+00
2.933966983491745673e+00
2.938969484742370852e+00
2.943971985992996032e+00
2.948974487243621212e+00
2.953976988494247280e+00
2.958979489744872460e+00
2.963981990995497640e+00
2.968984492246122819e+00
2.973986993496747999e+00
2.978989494747373179e+00
2.983991995997998359e+00
2.988994497248624427e+00
2.993996998499249607e+00
2.998999499749874786e+00
3.004002001000500854e+00
3.009004502251125146e+00
3.014007003501751214e+00
3.019009504752375506e+00
3.024012006003001574e+00
3.029014507253625865e+00
3.034017008504251933e+00
3.039019509754878001e+00
3.044022011005502293e+00
3.049024512256128361e+00
3.054027013506752652e+00
3.059029514757378720e+00
3.064032016008003012e+00
3.069034517258629080e+00
3.074037018509255148e+00
3.079039519759879440e+00
3.084042021010505508e+00
3.089044522261129799e+00
3.094047023511755867e+00
3.099049524762380159e+00
3.104052026013006227e+00
3.109054527263632295e+00
3.114057028514256587e+00
3.119059529764882654e+00
3.124062031015506946e+00
3.129064532266133014e+00
3.134067033516757306e+00
3.139069534767383374e+00
3.144072036018009442e+00
3.149074537268633733e+00
3.154077038519259801e+00
3.159079539769884093e+00
3.164082041020510161e+00
3.169084542271134453e+00
3.174087043521760521e+00
3.179089544772386589e+00
3.184092046023010880e+00
3.189094547273636948e+00
3.194097048524261240e+00
3.199099549774887308e+00
3.204102051025513376e+00
3.209104552276137667e+00
3.214107053526763735e+00
3.219109554777388027e+00
3.224112056028014095e+00
3.229114557278638387e+00
3.234117058529264455e+00
3.239119559779890523e+00
3.244122061030514814e+00
3.249124562281140882e+00
3.254127063531765174e+00
3.259129564782391242e+00
3.264132066033015533e+00
3.269134567283641601e+00
3.274137068534267669e+00
3.279139569784891961e+00
3.284142071035518029e+00
3.289144572286142321e+00
3.294147073536768389e+00
3.299149574787392680e+00
3.304152076038018748e+00
3.309154577288644816e+00
3.314157078539269108e+00
3.319159579789895176e+00
3.324162081040519467e+00
3.329164582291145535e+00
3.334167083541769827e+00
3.339169584792395895e+00
3.344172086043021963e+00
3.349174587293646255e+00
3.354177088544272323e+00
3.359179589794896614e+00
3.364182091045522682e+00
3.369184592296146974e+00
3.374187093546773042e+00
3.379189594797399110e+00
3.384192096048023402e+00
3.389194597298649470e+00
3.394197098549273761e+00
3.399199599799899829e+00
3.404202101050525897e+00
3.409204602301150189e+00
3.414207103551776257e+00
3.419209604802400548e+00
3.424212106053026616e+00
3.429214607303650908e+00
3.434217108554276976e+00
3.439219609804903044e+00
3.444222111055527336e+00
3.449224612306153404e+00
3.454227113556777695e+00
3.459229614807403763e+00
3.464232116058028055e+00
3.469234617308654123e+00
3.474237118559280191e+00
3.479239619809904482e+00
3.484242121060530550e+00
3.489244622311154842e+00
3.494247123561780910e+00
3.499249624812405202e+00
3.504252126063031270e+00
3.509254627313657338e+00
3.514257128564281629e+00
3.519259629814907697e+00
3.524262131065531989e+00
3.529264632316158057e+00
3.534267133566782348e+00
3.539269634817408416e+00
3.544272136068034484e+00
3.549274637318658776e+00
3.554277138569284844e+00
3.559279639819909136e+00
3.564282141070535204e+00
3.569284642321159495e+00
3.574287143571785563e+00
3.579289644822411631e+00
3.584292146073035923e+00
3.589294647323661991e+00
3.594297148574286282e+00
3.599299649824912350e+00
3.604302151075536642e+00
3.609304652326162710e+00
3.614307153576788778e+00
3.619309654827413070e+00
3.624312156078039138e+00
3.629314657328663429e+00
3.634317158579289497e+00
3.639319659829915565e+00
3.644322161080539857e+00
3.649324662331165925e+00
3.654327163581790217e+00
3.659329664832416285e+00
3.664332166083040576e+00
3.669334667333666644e+00
3.674337168584292712e+00
3.679339669834917004e+00
3.684342171085543072e+00
3.689344672336167363e+00
3.694347173586793431e+00
3.699349674837417723e+00
3.704352176088043791e+00
3.709354677338669859e+00
3.714357178589294151e+00
3.719359679839920219e+00
3.724362181090544510e+00
3.729364682341170578e+00
3.734367183591794870e+00
3.739369684842420938e+00
3.744372186093047006e+00
3.749374687343671297e+00
3.754377188594297365e+00
3.759379689844921657e+00
3.764382191095547725e+00
3.769384692346172017e+00
3.774387193596798085e+00
3.779389694847424153e+00
3.784392196098048444e+00
3.789394697348674512e+00
3.794397198599298804e+00
3.799399699849924872e+00
3.804402201100549163e+00
3.809404702351175231e+00
3.814407203601801299e+00
3.819409704852425591e+00
3.824412206103051659e+00
3.829414707353675951e+00
3.834417208604302019e+00
3.839419709854928087e+00
3.844422211105552378e+00
3.849424712356178446e+00
3.854427213606802738e+00
3.859429714857428806e+00
3.864432216108053098e+00
3.869434717358679165e+00
3.874437218609305233e+00
3.879439719859929525e+00
3.884442221110555593e+00
3.889444722361179885e+00
3.894447223611805953e+00
3.899449724862430244e+00
3.904452226113056312e+00
3.909454727363682380e+00
3.914457228614306672e+00
3.919459729864932740e+00
3.924462231115557032e+00
3.929464732366183100e+00
3.934467233616807391e+00
3.939469734867433459e+00
3.944472236118059527e+00
3.949474737368683819e+00
3.954477238619309887e+00
3.959479739869934178e+00
3.964482241120560246e+00
3.969484742371184538e+00
3.974487243621810606e+00
3.979489744872436674e+00
3.984492246123060966e+00
3.989494747373687034e+00
3.994497248624311325e+00
3.999499749874937393e+00
4.004502251125561685e+00
4.009504752376187753e+00
4.014507253626813821e+00
4.019509754877438112e+00
4.024512256128064180e+00
4.029514757378688472e+00
4.034517258629314540e+00
4.039519759879938832e+00
4.044522261130564900e+00
4.049524762381190968e+00
4.054527263631815259e+00
4.059529764882441327e+00
4.064532266133065619e+00
4.069534767383691687e+00
4.074537268634317755e+00
4.079539769884942046e+00
4.084542271135568114e+00
4.089544772386192406e+00
4.094547273636818474e+00
4.099549774887442766e+00
4.104552276138068834e+00
4.109554777388694902e+00
4.114557278639319193e+00
4.119559779889945261e+00
4.124562281140569553e+00
4.129564782391195621e+00
4.134567283641819913e+00
4.139569784892445981e+00
4.144572286143072049e+00
4.149574787393696340e+00
4.154577288644322408e+00
4.159579789894946700e+00
4.164582291145572768e+00
4.169584792396197059e+00
4.174587293646823127e+00
4.179589794897449195e+00
4.184592296148073487e+00
4.189594797398699555e+00
4.194597298649323847e+00
4.199599799899949915e+00
4.204602301150574206e+00
4.209604802401200274e+00
4.214607303651826342e+00
4.219609804902450634e+00
4.224612306153076702e+00
4.229614807403700993e+00
4.234617308654327061e+00
4.239619809904951353e+00
4.244622311155577421e+00
4.249624812406203489e+00
4.254627313656827781e+00
4.259629814907453849e+00
4.264632316158078140e+00
4.269634817408704208e+00
4.274637318659330276e+00
4.279639819909954568e+00
4.284642321160580636e+00
4.289644822411204927e+00
4.294647323661830995e+00
4.299649824912455287e+00
4.304652326163081355e+00
4.309654827413707423e+00
4.314657328664331715e+00
4.319659829914957783e+00
4.324662331165582074e+00
4.329664832416208142e+00
4.334667333666832434e+00
4.339669834917458502e+00
4.344672336168084570e+00
4.349674837418708861e+00
4.354677338669334929e+00
4.359679839919959221e+00
4.364682341170585289e+00
4.369684842421209581e+00
4.374687343671835649e+00
4.379689844922461717e+00
4.384692346173086008e+00
4.389694847423712076e+00
4.394697348674336368e+00
4.399699849924962436e+00
4.404702351175586728e+00
4.409704852426212796e+00
4.414707353676838864e+00
4.419709854927463155e+00
4.424712356178089223e+00
4.429714857428713515e+00
4.434717358679339583e+00
4.439719859929963874e+00
4.444722361180589942e+00
4.449724862431216010e+00
4.454727363681840302e+00
4.459729864932466370e+00
4.464732366183090662e+00
4.469734867433716730e+00
4.474737368684341021e+00
4.479739869934967089e+00
4.484742371185593157e+00
4.489744872436217449e+00
4.494747373686843517e+00
4.499749874937467808e+00
4.504752376188093876e+00
4.509754877438719944e+00
4.514757378689344236e+00
4.519759879939970304e+00
4.524762381190594596e+00
4.529764882441220664e+00
4.534767383691844955e+00
4.539769884942471023e+00
4.544772386193097091e+00
4.549774887443721383e+00
4.554777388694347451e+00
4.559779889944971742e+00
4.564782391195597810e+00
4.569784892446222102e+00
4.574787393696848170e+00
4.579789894947474238e+00
4.584792396198098530e+00
4.589794897448724598e+00
4.594797398699348889e+00
4.599799899949974957e+00
4.604802401200599249e+00
4.609804902451225317e+00
4.614807403701851385e+00
4.619809904952475677e+00
4.624812406203101744e+00
4.629814907453726036e+00
4.634817408704352104e+00
4.639819909954976396e+00
4.644822411205602464e+00
4.649824912456228532e+00
4.654827413706852823e+00
4.659829914957478891e+00
4.664832416208103183e+00
4.669834917458729251e+00
4.674837418709353543e+00
4.679839919959979611e+00
4.684842421210605679e+00
4.689844922461229970e+00
4.694847423711856038e+00
4.699849924962480330e+00
4.704852426213106398e+00
4.709854927463732466e+00
4.714857428714356757e+00
4.719859929964982825e+00
4.724862431215607117e+00
4.729864932466233185e+00
4.734867433716857477e+00
4.739869934967483545e+00
4.744872436218109613e+00
4.749874937468733904e+00
4.754877438719359972e+00
4.759879939969984264e+00
4.764882441220610332e+00
4.769884942471234623e+00
4.774887443721860691e+00
4.779889944972486759e+00
4.784892446223111051e+00
4.789894947473737119e+00
4.794897448724361411e+00
4.799899949974987479e+00
4.804902451225611770e+00
4.809904952476237838e+00
4.814907453726863906e+00
4.819909954977488198e+00
4.824912456228114266e+00
4.829914957478738557e+00
4.834917458729364625e+00
4.839919959979988917e+00
4.844922461230614985e+00
4.849924962481241053e+00
4.854927463731865345e+00
4.859929964982491413e+00
4.864932466233115704e+00
4.869934967483741772e+00
4.874937468734366064e+00
4.879939969984992132e+00
4.884942471235618200e+00
4.889944972486242492e+00
4.894947473736868560e+00
4.899949974987492851e+00
4.904952476238118919e+00
4.909954977488743211e+00
4.914957478739369279e+00
4.919959979989995347e+00
4.924962481240619638e+00
4.929964982491245706e+00
4.934967483741869998e+00
4.939969984992496066e+00
4.944972486243122134e+00
4.949974987493746426e+00
4.954977488744372494e+00
4.959979989994996785e+00
4.964982491245622853e+00
4.969984992496247145e+00
4.974987493746873213e+00
4.979989994997499281e+00
4.984992496248123572e+00
4.989994997498749640e+00
4.994997498749373932e+00
5.000000000000000000e+00
-1.999774726442777872e+00
-1.993196329458559291e+00
-1.998413654842917220e+00
-2.008550621030014138e+00
-2.005309968822851729e+00
-2.003559544340049570e+00
-1.999077254318747388e+00
-2.001198398331367923e+00
-1.988364699547299885e+00
-2.005630330703216835e+00
-2.002776885732539203e+00
-2.007568370813887171e+00
-2.000206236842106744e+00
-1.990208995116962587e+00
-1.996137451752522551e+00
-1.988319091587884557e+00
-1.986313931048631298e+00
-2.000912942631480895e+00
-1.989847209522532356e+00
-1.984681557483509939e+00
-1.995712369959778076e+00
-1.997630807301827405e+00
-1.999227141353904891e+00
-1.982734168251175211e+00
-1.980749516649131570e+00
-1.997775051647393552e+00
-1.991046727065082678e+00
-1.990646928931160575e+00
-1.980599163846499255e+00
-1.977698349537121425e+00
-1.970524315082067490e+00
-1.970375619211518714e+00
-1.974128954195428109e+00
-1.980071602475903525e+00
-1.981076895878406852e+00
-1.976975177207921375e+00
-1.977248362739561394e+00
-1.974753345125392023e+00
-1.971403108212867128e+00
-1.979702676336805300e+00
-1.961064061485143784e+00
-1.971917993304578065e+00
-1.968659334465920896e+00
-1.958270802561927981e+00
-1.964243726162209880e+00
-1.952116297342633588e+00
-1.959833956167290614e+00
-1.962297026170307435e+00
-1.952835941821519983e+00
-1.952253567590247263e+00
-1.960304998244164265e+00
-1.945723688151086872e+00
-1.885594819495806096e+00
-1.878622004753927932e+00
-1.877354942597598386e+00
-1.878406517961340283e+00
-1.900007397348443927e+00
-1.897460975331871857e+00
-1.890719133135896346e+00
-1.902235811538369514e+00
-1.898543008448100977e+00
-1.905907732072133820e+00
-1.900917813980825377e+00
-1.910533849147357355e+00
-1.939244742902661134e+00
-1.955242605040317105e+00
-1.936586121605965438e+00
-1.940798296148814384e+00
-1.911279129142202882e+00
-1.921388269363181633e+00
-1.907007990538968301e+00
-1.914401391263305774e+00
-1.927105734163458539e+00
-1.929384521685198139e+00
-1.916620244176533872e+00
-1.926479307473282887e+00
-1.933875776324927687e+00
-1.920934505567327255e+00
-1.933123411719000151e+00
-1.934742499830035545e+00
-1.873563645058041738e+00
-1.877471768653470541e+00
-1.878282338458176826e+00
-1.864723014465076378e+00
-1.831611033301573599e+00
-1.842511993135664827e+00
-1.830993404079150677e+00
-1.828635578874833856e+00
-1.817672050456756727e+00
-1.833133332862130871e+00
-1.830953804391572293e+00
-1.827856860302637276e+00
-1.803058511802262620e+00
-1.820543526979912619e+00
-1.809447486590568088e+00
-1.802482217767189532e+00
-1.796947737564409842e+00
-1.802360768556390269e+00
-1.799377506006859750e+00
-1.794778718144620866e+00
-1.791718991596719990e+00
-1.777458738866671162e+00
-1.788364600851795050e+00
-1.788979019170524598e+00
-1.845827731603657096e+00
-1.852166866882093865e+00
-1.858856125625935940e+00
-1.851811348415645764e+00
-1.777490011926653457e+00
-1.766825520189388099e+00
-1.774156618400263952e+00
-1.760567018119500338e+00
-1.715442473406131318e+00
-1.729878032928784171e+00
-1.721826739836004094e+00
-1.719761115730108036e+00
-1.711186054951675750e+00
-1.716966539217679832e+00
-1.701246107960700860e+00
-1.716803648171252306e+00
-1.684237388335665830e+00
-1.699224359895843861e+00
-1.689182441033856064e+00
-1.698364576060765074e+00
-1.684063559634680018e+00
-1.675279776979179847e+00
-1.667573582549038980e+00
-1.664967995554608615e+00
-1.739311055408782059e+00
-1.733665383037736429e+00
-1.737036934370637331e+00
-1.729986271892266947e+00
-1.977993524559497285e+00
-1.994319077529563611e+00
-1.986580974475642414e+00
-1.983978985593776612e+00
-1.652492448864662400e+00
-1.659455678683233071e+00
-1.649051625568410007e+00
-1.659682254196609863e+00
-1.935455673655129827e+00
-1.940807175756639635e+00
-1.932588383192902048e+00
-1.941741777652471690e+00
2.002985593545309584e+00
2.004297671565174799e+00
1.998271621554694066e+00
2.000416160348827521e+00
-1.647945108960846783e+00
-1.646471434277029688e+00
-1.640086935187531569e+00
-1.633463759710494401e+00
2.004564282910438866e+00
1.999682736400802741e+00
1.996729339798708480e+00
2.001979190750942550e+00
1.995143233665463312e+00
1.995155193990700626e+00
1.999313333154561168e+00
1.988579876349592990e+00
1.995019153012445923e+00
2.004899942790449696e+00
1.992900332522586249e+00
1.986193250205008365e+00
-1.852226228047796130e+00
-1.856751497790997352e+00
-1.861218651263637280e+00
-1.862003100836192804e+00
-1.610209731184592208e+00
-1.606909352961312321e+00
-1.608783507994565598e+00
-1.597480821235046422e+00
-1.587623318581382170e+00
-1.592191861377020068e+00
-1.577005428234337980e+00
-1.584523951701299449e+00
-1.539874199977206315e+00
-1.553585832112324594e+00
-1.554103884988998541e+00
-1.537117550000772992e+00
-1.555792206380718579e+00
-1.564611970268757535e+00
-1.569687139913286789e+00
-1.569661240942693547e+00
-1.525367101010599580e+00
-1.520149061840689431e+00
-1.515961697275664433e+00
-1.526090826740103878e+00
-1.509128567535859666e+00
-1.503612481129946055e+00
-1.500242055637438510e+00
-1.512086520806105172e+00
1.986456225246636675e+00
1.999768149632359604e+00
1.990437428204999692e+00
2.002333633437037186e+00
1.993510101830966663e+00
1.988538923931120639e+00
1.995076898539512644e+00
1.981628269032110978e+00
1.968954881322770190e+00
1.975198531959953208e+00
1.965526708913953202e+00
1.979292614004015682e+00
1.984122240446340113e+00
1.974712969774777171e+00
1.985050076825259913e+00
1.979086566383333468e+00
1.980748830881947642e+00
1.995037016335127644e+00
1.990391894176701815e+00
1.983999313992583335e+00
1.968512104859521772e+00
1.960811582478062975e+00
1.968549886403413884e+00
1.964325704987411880e+00
1.972196602209755234e+00
1.988941217082650814e+00
1.985748639613765354e+00
1.984354122655568098e+00
-1.494024775254627624e+00
-1.489865236704124296e+00
-1.490535181141081411e+00
-1.492538740580917622e+00
1.949548555237685221e+00
1.958436596985068334e+00
1.950478349043302639e+00
1.960505769538722021e+00
1.948689349826304040e+00
1.948124295333693912e+00
1.954001638601706947e+00
1.954015472842655532e+00
-1.763708540570342098e+00
-1.760905863318283915e+00
-1.758398738298548203e+00
-1.763697481536996126e+00
-1.427240987606451572e+00
-1.428342121894676575e+00
-1.427364650367202836e+00
-1.411563614924408405e+00
-1.407140811226181842e+00
-1.397242119219289425e+00
-1.392879621805630075e+00
-1.395623513933877735e+00
-1.372049301341781824e+00
-1.373064704444052264e+00
-1.372060298233041653e+00
-1.375482390546905576e+00
-1.449586409391107278e+00
-1.447726735680780585e+00
-1.434240532304879467e+00
-1.443335968558587812e+00
-1.359141671789147132e+00
-1.349757615340281047e+00
-1.359999069367658242e+00
-1.351805309424949364e+00
1.954259953363031377e+00
1.949209414455648659e+00
1.947258581769732544e+00
1.936481749262221497e+00
1.911938750702319556e+00
1.897108949899867891e+00
1.908144597344276772e+00
1.903516119696670117e+00
1.909657562453731749e+00
1.907354729356359968e+00
1.905882966608833273e+00
1.909195582909569477e+00
1.929982390455418084e+00
1.929089590484015959e+00
1.928832147278581433e+00
1.923658035214758755e+00
1.924641620521670315e+00
1.932982453877451823e+00
1.926593980276883666e+00
1.922278254803935660e+00
1.902545049831830148e+00
1.903183719305601818e+00
1.898120680631850687e+00
1.893133493952766644e+00
-1.332864091236448889e+00
-1.337188741722785901e+00
-1.328546152149225890e+00
-1.320449032143679480e+00
1.883642529444115921e+00
1.889606363251195686e+00
1.884512540209449805e+00
1.873660178429304546e+00
-1.612278574489157901e+00
-1.631258231910894141e+00
-1.622618871043376432e+00
-1.625205593422269557e+00
-1.310013470334343566e+00
-1.307226588198183492e+00
-1.303202459516836775e+00
-1.310530622905113685e+00
1.873512612178044545e+00
1.877612738241249524e+00
1.882091221594817121e+00
1.868038933231516152e+00
1.790420268476411447e+00
1.804685288517435371e+00
1.801973489677786588e+00
1.805753316128285935e+00
1.820225827837000487e+00
1.811141838516788116e+00
1.815862976895460612e+00
1.810920270676463328e+00
1.815937790288129960e+00
1.822516656590992934e+00
1.828227335046090030e+00
1.826710858633959322e+00
1.839646723199512612e+00
1.844054083340517236e+00
1.834699786357549600e+00
1.829173885055160653e+00
1.774611187539070212e+00
1.781648896199827803e+00
1.786102331707960511e+00
1.780814837273856810e+00
1.839602864435363250e+00
1.849520435126882578e+00
1.839584370943624148e+00
1.858447694668072137e+00
-1.213737890378538076e+00
-1.200144097866819637e+00
-1.199016467676277120e+00
-1.215924179823077322e+00
-1.223411758548217154e+00
-1.233184278669585687e+00
-1.224471513517610077e+00
-1.233357649896583474e+00
-1.454156100983817757e+00
-1.466391960678342876e+00
-1.463351531063658006e+00
-1.468693372473140357e+00
-1.178457086674772114e+00
-1.184271701621710360e+00
-1.173497057888092776e+00
-1.183484016501386682e+00
-1.262084563817915672e+00
-1.254268119452861763e+00
-1.255864819782200659e+00
-1.250057820335120917e+00
-1.159275199935554168e+00
-1.166303251344963821e+00
-1.158305131685487543e+00
-1.148036898695410590e+00
-1.138313846082135150e+00
-1.136643428636984421e+00
-1.128348070572491535e+00
-1.130358003120596200e+00
1.777887057767334911e+00
1.760792892798526132e+00
1.766807115205386802e+00
1.769891122185685894e+00
1.669113150626535758e+00
1.676250590197674084e+00
1.676436556196161609e+00
1.670385657648297606e+00
1.695132873912460258e+00
1.685422420402862498e+00
1.695896584020888609e+00
1.694703240460818439e+00
1.700459985380516903e+00
1.708296068309525628e+00
1.709945319013053577e+00
1.714219713775987364e+00
1.729533509798728774e+00
1.720821759976873366e+00
1.722626257997265542e+00
1.733069677386065655e+00
1.741297090019670923e+00
1.737774365081953931e+00
1.731161771204297484e+00
1.737518729998734024e+00
1.651975033444493812e+00
1.658705003466668382e+00
1.660820117466156320e+00
1.664137380402333832e+00
1.985254249552500072e+00
1.992892018681759359e+00
1.993577849055775619e+00
1.977414714883930502e+00
-1.113689412427121050e+00
-1.107013791724389629e+00
-1.113194902787423501e+00
-1.099384818627141325e+00
1.649045647681959714e+00
1.637503630063390725e+00
1.633074687802478664e+00
1.643989365384096457e+00
-1.033308592298255668e+00
-1.036191819037345363e+00
-1.035906432603524108e+00
-1.019101679892114198e+00
-1.008173249809670935e+00
-9.915903200937992157e-01
-9.926809778650099725e-01
-1.008075322785740635e+00
-9.726316479991574671e-01
-9.709967542107180716e-01
-9.628412351605124542e-01
-9.693574813880612151e-01
1.942822198920553189e+00
1.931023867907030844e+00
1.928739752666559948e+00
1.933287027147586157e+00
1.870076452462564154e+00
1.859136946542476965e+00
1.851636357063602745e+00
1.870061012956441004e+00
1.563352809122069642e+00
1.570425857898284150e+00
1.566184470310789667e+00
1.565973043968394540e+00
1.549497554048151926e+00
1.541998929030275800e+00
1.546266484896073212e+00
1.547616120423921160e+00
1.533156363824975665e+00
1.527358389127887905e+00
1.529865371300940469e+00
1.524704643101189028e+00
1.585602963352974903e+00
1.593369890765454988e+00
1.589791931182816809e+00
1.575944964422338890e+00
1.602465767739530422e+00
1.600826438711444810e+00
1.607021616044200796e+00
1.596770407668805625e+00
1.510029524551399938e+00
1.502523745822488488e+00
1.495671772557889412e+00
1.513226631734756467e+00
1.487269724384239877e+00
1.481190775102365853e+00
1.492469817947156718e+00
1.489711471582042535e+00
-1.051499738048985444e+00
-1.060342937650875506e+00
-1.054860550730301272e+00
-1.045714395205168623e+00
-9.396679939745157251e-01
-9.504318427256849278e-01
-9.472698060628569339e-01
-9.402026900551788691e-01
-9.244998194623431642e-01
-9.166151415935639424e-01
-9.253700061326913806e-01
-9.186735834242968357e-01
1.755755848032790389e+00
1.757133340403806976e+00
1.747948006098984708e+00
1.753557684681401163e+00
-8.942011944424178571e-01
-8.912197429194874676e-01
-8.995539066771600645e-01
-8.820146750533602864e-01
-7.144085137402611529e-01
-7.185660964015668783e-01
-7.245168848556244878e-01
-7.094360838323582330e-01
-7.380990839666222714e-01
-7.514363429185715315e-01
-7.489757155396619126e-01
-7.552154525281118413e-01
-7.778375073499268488e-01
-7.679052712923100099e-01
-7.701570798625837488e-01
-7.749670225939846446e-01
-8.139930765003635660e-01
-8.028443858530417421e-01
-8.128203289773048290e-01
-8.093358653773443656e-01
1.448842093261644592e+00
1.451250291208356913e+00
1.439716999953017940e+00
1.448799034308235312e+00
1.418852625318579586e+00
1.417983713102148213e+00
1.423954826267727958e+00
1.413246157799422198e+00
1.401629584388168981e+00
1.389645103918943247e+00
1.396494722003489120e+00
1.398145710233148931e+00
1.627900531992331867e+00
1.612931414861642265e+00
1.629704616118164306e+00
1.630682356909241015e+00
1.373085608971594374e+00
1.384356584438918958e+00
1.374949285326913406e+00
1.381633616556105615e+00
1.347015235791063859e+00
1.349256160021207185e+00
1.347736028994849011e+00
1.355213028181045498e+00
-6.812777147783452003e-01
-6.907113768275552346e-01
-6.811831173001072770e-01
-6.953900351871665775e-01
1.325333147036728221e+00
1.325126039531645761e+00
1.323290402569552215e+00
1.326923280592308352e+00
1.459236081054577472e+00
1.469237334331728206e+00
1.464123239157205214e+00
1.466246175793897155e+00
1.308244350970425129e+00
1.298294343115800276e+00
1.309646686075359057e+00
1.297843690643453174e+00
1.232479745926680303e+00
1.228163619288517472e+00
1.227849905506890327e+00
1.225569259448781256e+00
1.209371252596333379e+00
1.215046441619785478e+00
1.211646760085340446e+00
1.216149209339447035e+00
-8.256092822032337075e-01
-8.244449927685432167e-01
-8.283335379834593226e-01
-8.376830444618080795e-01
-6.587428853781532867e-01
-6.642668316561286534e-01
-6.550853705756630729e-01
-6.594445540914865012e-01
-5.799315083720837372e-01
-5.746275090977329691e-01
-5.638827979338226770e-01
-5.673359297595454986e-01
-5.374587956333400918e-01
-5.456620032766703599e-01
-5.359437834320497362e-01
-5.406419261774741969e-01
-5.020798743653887009e-01
-5.086210174034367926e-01
-5.105742101491053120e-01
-5.108556614928294604e-01
-4.896614147291868391e-01
-4.826899645620011947e-01
-4.720610551087006113e-01
-4.845202241123842679e-01
-4.493818529655972394e-01
-4.506809466049856439e-01
-4.442155072149713280e-01
-4.477463392063776859e-01
1.257021710347107080e+00
1.248961032434327656e+00
1.261375158033692268e+00
1.263443289078479026e+00
-6.072366461971056006e-01
-6.034134095832490718e-01
-5.956396346449139845e-01
-6.030037713093168161e-01
1.188861840496561628e+00
1.180293624434888500e+00
1.188491530185363132e+00
1.178435829905966958e+00
-4.117271514193179827e-01
-4.141328705358607309e-01
-4.227050034183235105e-01
-4.123904066382960698e-01
-3.055513563018360523e-01
-2.968470812737195041e-01
-2.866227825385299632e-01
-2.867390693262356072e-01
-2.687044778062308015e-01
-2.718660719225176048e-01
-2.696455028979811153e-01
-2.692081725334566911e-01
-3.279778299462176028e-01
-3.364795141610765206e-01
-3.334653457701359791e-01
-3.316340210699393887e-01
1.155765034600908514e+00
1.153327076242649296e+00
1.167326955357950391e+00
1.151794241422199994e+00
1.133671593586650150e+00
1.127566353748690187e+00
1.139801904814137012e+00
1.133689918000589270e+00
1.103036266528719889e+00
1.098133593654975204e+00
1.107922280193636810e+00
1.096385767172287862e+00
-2.311790392904053137e-01
-2.363383023722386012e-01
-2.335812767778584209e-01
-2.383482661626541987e-01
-2.025687740475745624e-01
-1.983900387840913104e-01
-1.930161979774426273e-01
-1.948953534282677480e-01
-3.524247447069180361e-01
-3.556203896773686424e-01
-3.630937853352057543e-01
-3.491290025198821034e-01
-1.694977588748821651e-01
-1.780371766405949019e-01
-1.623861454417587502e-01
-1.683533133289223938e-01
-8.465417518427613419e-02
-8.189739222570625865e-02
-8.094115423526376807e-02
-7.813258621424515327e-02
-4.970535849925677985e-02
-5.448172275834124723e-02
-3.857004879658079699e-02
-3.745176209757702934e-02
-1.387947638843499247e-02
-1.157322808642933729e-02
-1.301799171835981220e-02
-2.562230464807149083e-02
2.406436859750351806e-02
1.875192737638474438e-02
1.959616492302194285e-02
7.872849580812749798e-03
1.030943777056092081e+00
1.023631291810075838e+00
1.024114405804695371e+00
1.023324589585239197e+00
1.053928427145438107e+00
1.048497082655875046e+00
1.049498479612756885e+00
1.058455419170606371e+00
9.962712883891915450e-01
1.005534623237012593e+00
1.008614004697304223e+00
1.000877033379586667e+00
9.697463999442142990e-01
9.681384521280346211e-01
9.806935715968276845e-01
9.696899535972459683e-01
4.965140846713194528e-02
4.451522907011770669e-02
4.756286092011598188e-02
5.408474365543357310e-02
2.250144794318206798e-01
2.370211911857478537e-01
2.314505207238981288e-01
2.304503650871217724e-01
1.957468181918216032e-01
2.002000864739334196e-01
2.073361743302280513e-01
2.096336162569550077e-01
2.639921829705738077e-01
2.675780197181231168e-01
2.579105586584936605e-01
2.577134295754400783e-01
1.775861427638536216e-01
1.809851134699267394e-01
1.792585997709418844e-01
1.735242682289050986e-01
2.939169099179114730e-01
2.890058661401739282e-01
2.898300415703243815e-01
2.883418392467342883e-01
-3.904451554917779399e-01
-3.941526950343802183e-01
-3.889477309132034488e-01
-3.981077466884820337e-01
9.200276936353891655e-01
9.155741878657136512e-01
9.089472218480899590e-01
9.220242232634259238e-01
-1.318622091126400164e-01
-1.389618711395618211e-01
-1.361509036424480013e-01
-1.483556583983806354e-01
-1.150153832031499124e-01
-1.013439584828797202e-01
-1.066404749677030001e-01
-1.071178426214163121e-01
8.077535398631087438e-02
6.904271284623039739e-02
8.182502533214711105e-02
7.779759417032042212e-02
8.064179596758503932e-01
8.012134933172041507e-01
8.049481324770496604e-01
8.020612774487116958e-01
7.790926634662045380e-01
7.847464440993463519e-01
7.753490678411416592e-01
7.744570405862325480e-01
3.288802801241490492e-01
3.237945198431392835e-01
3.204507923394250835e-01
3.336954383555523207e-01
4.217115327849379480e-01
4.099449824528632047e-01
4.245330639803879258e-01
4.167668533988475588e-01
4.591509844791614170e-01
4.466617398412937034e-01
4.580997497294899135e-01
4.505704712945144963e-01
5.338527011856620819e-01
5.490625028683800979e-01
5.470767151836374298e-01
5.400086014339645635e-01
5.141664816419039274e-01
5.084821309490827890e-01
5.022160859915372200e-01
5.114628182334898243e-01
4.847528499440497129e-01
4.723809160848757571e-01
4.704840367300484605e-01
4.700840505176029915e-01
7.197681375428257589e-01
7.272607646450609531e-01
7.183974763632698934e-01
7.178379275410421423e-01
6.900127398805787626e-01
6.908890927941757631e-01
6.842059236260156219e-01
6.790246790442802105e-01
-6.398775876294394704e-01
-6.397628863485151918e-01
-6.280574035073938077e-01
-6.278990866922563585e-01
-8.540423883752937817e-01
-8.585761812361178968e-01
-8.560729556514925509e-01
-8.637690120547667494e-01
8.909463091336370377e-01
8.825934671781073826e-01
8.895457991735326031e-01
8.971769721093862948e-01
5.763043718605190824e-01
5.703931909151966906e-01
5.633756110794199135e-01
5.659242201074702328e-01
9.438936768972802094e-01
9.373772855688382588e-01
9.378081022545435852e-01
9.457579713917045883e-01
3.545557552747770624e-01
3.503671408447081581e-01
3.617973987535159086e-01
3.518471460603911916e-01
7.558397106231545814e-01
7.411268437700198053e-01
7.569786162400793383e-01
7.410866869906301835e-01
6.499328838031677158e-01
6.542879204619631572e-01
6.600064749068473846e-01
6.689013913484063156e-01
8.272585625519662811e-01
8.338517336766526622e-01
8.351001829172243207e-01
8.309207831690882395e-01
1.422349969308182860e-01
1.455427597282108187e-01
1.338110153516105238e-01
1.316438060797090470e-01
1.100585212662939932e-01
1.189047456493794036e-01
1.027926735217604137e-01
1.003600077166591498e-01
6.025820691920048544e-01
5.949801843469104679e-01
6.046645803845888123e-01
6.095478444309250232e-01
3.951576246760657996e-01
3.963040599139871500e-01
3.949945908547720652e-01
3.849534176059643542e-01
8.659605011009975373e-01
8.629971558025963940e-01
8.616692201200726320e-01
8.714478784399366518e-01
6.372999205554075175e-01
6.275392612855770214e-01
6.262270811151837702e-01
6.281724436500126796e-01
1.072216641411190441e+00
1.087003568856103053e+00
1.077137469662629465e+00
1.074458923802881882e+00
1.280445342707982714e+00
1.278818941035724910e+00
1.290627936285550392e+00
1.289075927718902115e+00
-1.071759967222241539e+00
-1.082672879205370586e+00
-1.087164038955018563e+00
-1.074056228324194784e+00
-1.274859062780351326e+00
-1.287584571861410287e+00
-1.284379645168065132e+00
-1.281051876515039378e+00
-1.999755713881308683e+00
-1.999022915200933559e+00
-1.997801782971425189e+00
-1.996092615498435530e+00
-1.993895830307847561e+00
-1.991211964043786642e+00
-1.988041672337557353e+00
-1.980245029069304330e+00
-1.975620582119016477e+00
-1.970513518484716675e+00
-1.964925085751153100e+00
-1.958856649094863567e+00
-1.952309690950679189e+00
-1.882923526531021796e+00
-1.893231350580865335e+00
-1.903076684492286619e+00
-1.945285810649631797e+00
-1.912457123186883212e+00
-1.921370375153678367e+00
-1.929814263008972075e+00
-1.872155730401086959e+00
-1.837119371703159532e+00
-1.824539105329790800e+00
-1.811513129379974663e+00
-1.798044625918834738e+00
-1.784136885114766313e+00
-1.849250855315645703e+00
-1.769793304435836934e+00
-1.724183089712812311e+00
-1.708132240613146946e+00
-1.691664118518195536e+00
-1.674782746361605623e+00
-1.739812744817575973e+00
-1.984385729647362373e+00
-1.657492248028246795e+00
-1.937786724028131680e+00
1.999755713881305796e+00
-1.639796847346857378e+00
1.999022915200934447e+00
1.997801782971424744e+00
1.996092615498430867e+00
-1.860930592614177037e+00
-1.603208727758993701e+00
-1.584324946822251778e+00
-1.545401006764025365e+00
-1.565054137293511172e+00
-1.525370356220767665e+00
-1.504967078873619579e+00
1.993895830307844230e+00
1.991211964043809957e+00
1.970513518484721338e+00
1.975620582119022473e+00
1.988041672337551136e+00
1.964925085751161760e+00
1.980245029069316098e+00
-1.484196158960006340e+00
1.958856649094866009e+00
1.952309690950702947e+00
-1.755017387819663766e+00
-1.419728725885619047e+00
-1.397538855557686421e+00
-1.375007585887005002e+00
-1.441571776193483423e+00
-1.352140420950008748e+00
1.945285810649629576e+00
1.903076684492291948e+00
1.912457123186881214e+00
1.921370375153683918e+00
1.929814263008967412e+00
1.893231350580862671e+00
-1.328942946877647469e+00
1.882923526531026015e+00
-1.621700867058176510e+00
-1.305420830490831463e+00
1.872155730401076523e+00
1.798044625918826966e+00
1.811513129379982212e+00
1.824539105329800126e+00
1.837119371703161308e+00
1.784136885114775639e+00
1.849250855315639264e+00
-1.208202024302862387e+00
-1.232964476795574527e+00
-1.463062670527335740e+00
-1.183144424827048846e+00
-1.257425733181759764e+00
-1.157797799591825383e+00
-1.132168340425914632e+00
1.769793304435833381e+00
1.674782746361597852e+00
1.691664118518190207e+00
1.708132240613132513e+00
1.724183089712810091e+00
1.739812744817588630e+00
1.657492248028235249e+00
1.984385729647358376e+00
-1.106262308250397508e+00
1.639796847346850273e+00
-1.026948387029682719e+00
-9.999999999999993339e-01
-9.728073268516214123e-01
1.937786724028128571e+00
1.860930592614164159e+00
1.565054137293519165e+00
1.545401006764028029e+00
1.525370356220769441e+00
1.584324946822260438e+00
1.603208727758995700e+00
1.504967078873613584e+00
1.484196158960001011e+00
-1.053645904823803159e+00
-9.453770103771381716e-01
-9.177157514220780632e-01
1.755017387819657326e+00
-8.898303072480306941e-01
-7.181948489372504962e-01
-7.472805522737174799e-01
-7.761837053444989865e-01
-8.048972475105081736e-01
1.441571776193486532e+00
1.419728725885610165e+00
1.397538855557681536e+00
1.621700867058179174e+00
1.375007585887010553e+00
1.352140420950012523e+00
-6.889337005686692050e-01
1.328942946877649911e+00
1.463062670527340625e+00
1.305420830490829021e+00
1.232964476795586517e+00
1.208202024302872157e+00
-8.334141644519733605e-01
-6.595042552603357366e-01
-5.702782247626153600e-01
-5.402478684704453693e-01
-5.100855371233501412e-01
-4.797985989601959989e-01
-4.493944526595439748e-01
1.257425733181765315e+00
-6.001692700006852066e-01
1.183144424827048846e+00
-4.188805255322879395e-01
-2.958764553206594261e-01
-2.649259084933781594e-01
-3.267547236370628716e-01
1.157797799591820054e+00
1.132168340425906417e+00
1.106262308250405502e+00
-2.339106439441652197e-01
-2.028382382716241161e-01
-3.575531703102620140e-01
-1.717162820331314954e-01
-7.812918591763824694e-02
-4.688514720652047635e-02
-1.562965510476706232e-02
1.562965510476827316e-02
1.026948387029680498e+00
1.053645904823792945e+00
9.999999999999971134e-01
9.728073268516219674e-01
4.688514720652131595e-02
2.339106439441641094e-01
2.028382382716219234e-01
2.649259084933776598e-01
1.717162820331320783e-01
2.958764553206603143e-01
-3.882642717072555816e-01
9.177157514220735113e-01
-1.405523778905850840e-01
-1.093541387531715564e-01
7.812918591763999554e-02
8.048972475105073965e-01
7.761837053444967660e-01
3.267547236370625940e-01
4.188805255322890497e-01
4.493944526595434197e-01
5.402478684704448142e-01
5.100855371233550262e-01
4.797985989601935009e-01
7.181948489372513844e-01
6.889337005686657633e-01
-6.299137022172255351e-01
-8.617274898819436979e-01
8.898303072480345799e-01
5.702782247626128065e-01
9.453770103771302891e-01
3.575531703102600156e-01
7.472805522737208106e-01
6.595042552603310737e-01
8.334141644519746928e-01
1.405523778905858889e-01
1.093541387531711123e-01
6.001692700006844294e-01
3.882642717072559146e-01
8.617274898819410334e-01
6.299137022172238698e-01
1.080086031549348347e+00
1.281579817916052022e+00
-1.080086031549353676e+00
-1.281579817916054020e+00
