3.868849406330770457e-01
3.891949870298941905e-01
3.872164880625181826e-01
3.888135022324973877e-01
3.875494076518453124e-01
3.884287281472980635e-01
3.878828933521949462e-01
3.880421029855054549e-01
3.882161490258881908e-01
3.876550757526117108e-01
3.885483880964257786e-01
3.872690985413450582e-01
3.888788330241239044e-01
3.868856188419586006e-01
3.892067146438844549e-01
3.865060719344636242e-01
3.895312714043309699e-01
3.861318734246552697e-01
3.898517485496202362e-01
3.857644119825743290e-01
3.901673972867791829e-01
3.854050423381382151e-01
3.904774739822286511e-01
3.850550785844205626e-01
3.907812394313767701e-01
3.847157878344545923e-01
3.910779582445865210e-01
3.843883842724531430e-01
3.913668983915962185e-01
3.840740236353638593e-01
3.916473309445330786e-01
3.837737981555107702e-01
3.919185300569103525e-01
3.834887319898824254e-01
3.921797732127468850e-01
3.832197771565583611e-01
3.924303417758608914e-01
3.829678099937835478e-01
3.926695218647663355e-01
3.827336281523106010e-01
3.928966055734688378e-01
3.825179481270382098e-01
3.931108925526919928e-01
3.823214033294664582e-01
3.933116919600009864e-01
3.821445426983712812e-01
3.934983247808006013e-01
3.819878298420629203e-01
3.936701265154943785e-01
3.818516427018714410e-01
3.938264502211364926e-01
3.817362737231005942e-01
3.939666698891104435e-01
3.816419305163777920e-01
3.940901841333519506e-01
3.815687369893175918e-01
3.941964201570433146e-01
3.815167349257058138e-01
3.942848379592630570e-01
3.814858859867219509e-01
3.943549347370407521e-01
3.814760741064602279e-01
3.944062494328978152e-01
3.814871082517492518e-01
3.944383673729950357e-01
3.815187255143752121e-01
3.944509249370238280e-01
3.815705945019795542e-01
3.944436141976964683e-01
3.816423189923952020e-01
3.944161874652988842e-01
3.817334418147907971e-01
3.943684616715722457e-01
3.818434489199023507e-01
3.943003225267619483e-01
3.819717736007398612e-01
3.942117283845544273e-01
3.821178008245324498e-01
3.941027137514665490e-01
3.822808716363521597e-01
3.939733923802213322e-01
3.824602875948347469e-01
3.938239598906869143e-01
3.826553152006695879e-01
3.936546958669040475e-01
3.828651902792314932e-01
3.934659653847517591e-01
3.830891222796921070e-01
3.932582199314570426e-01
3.833262984543441831e-01
3.930319976856965214e-01
3.835758878836680319e-01
3.927879231350028255e-01
3.838370453148309824e-01
3.925267060157026089e-01
3.841089147838817608e-01
3.922491395692896399e-01
3.843906329948742484e-01
3.919560981180109094e-01
3.846813324324883654e-01
3.916485339712082459e-01
3.849801441883710096e-01
3.913274736825277378e-01
3.852862004854642475e-01
3.909940136863076510e-01
3.855986368888159044e-01
3.906493153491547576e-01
3.859165941959160628e-01
3.902945994797570872e-01
3.862392200042530366e-01
3.899311403462948356e-01
3.865656699586000888e-01
3.895602592562617539e-01
3.868951086853764654e-01
3.891833177580740766e-01
3.872267104262668846e-01
3.888017105274150786e-01
3.875596593880091811e-01
3.884168580039037977e-01
3.878931498298154867e-01
3.880301988452730111e-01
3.882263859142450757e-01
3.876431822669071936e-01
3.885585813513388609e-01
3.872572603343383824e-01
3.888889588694399713e-01
3.868738802751083838e-01
3.892167495493440432e-01
3.864944768745152692e-01
3.895411920610430401e-01
3.861204650170134700e-01
3.898615318444498823e-01
3.857532324317844985e-01
3.901770202769742069e-01
3.853941326971015435e-01
3.904869138716451915e-01
3.850444785538283954e-01
3.907904735496418591e-01
3.847055355737581395e-01
3.910869640305123518e-01
3.843785162235642816e-01
3.913756533821229899e-01
3.840645743601097672e-01
3.916558127703733683e-01
3.837648001876902693e-01
3.919267164460283892e-01
3.834802157026416802e-01
3.921876420026322307e-01
3.832117706456433792e-01
3.924378709354617856e-01
3.829603389770478428e-01
3.926766895267945756e-01
3.827267158857459162e-01
3.929033900775925625e-01
3.825116153374354955e-01
3.931172724999911217e-01
3.823156681636958876e-01
3.933176462788219863e-01
3.821394206891233214e-01
3.935038328039898170e-01
3.819833338897863362e-01
3.936751680687234911e-01
3.818477830725524602e-01
3.938310057218971094e-01
3.817330580613897406e-01
3.939707204556538445e-01
3.816393638734880689e-01
3.940937117027154546e-01
3.815668218650523635e-01
3.941994076110614253e-01
3.815154713238445572e-01
3.942872692572730320e-01
3.814852714829680691e-01
3.943567950538464650e-01
3.814761039280417654e-01
3.944075253003477277e-01
3.814877753677379246e-01
3.944390468234413305e-01
3.815200207356905793e-01
3.944509976467884815e-01
3.815725065900367752e-01
3.944430716285759475e-01
3.816448347752737780e-01
3.944150230021268300e-01
3.817365463097894818e-01
3.943666707537827887e-01
3.818471254613013954e-01
3.942979027719368812e-01
3.819760039715702771e-01
3.942086797019681566e-01
3.821225653911383691e-01
3.940990384437201288e-01
3.822861494845362085e-01
3.939690952311704075e-01
3.824660566663539152e-01
3.938190482379835267e-01
3.826615524289027626e-01
3.936491796576881974e-01
