6.574129369576334758e-01
5.817026936619543731e-01
7.691203169769909032e-01
6.212550309681880156e-01
6.862932775228256510e-01
5.631526858895179455e-01
7.724173856079250555e-01
5.928578963067431262e-01
6.241141943760661892e-01
4.846992827705434159e-01
7.193004507708133932e-01
6.239451858801269291e-01
7.422682198714595225e-01
5.513527515344364138e-01
7.656672787310283557e-01
5.996397486571257707e-01
6.397155332435653374e-01
4.268017153977794464e-01
6.060652919970175301e-01
6.196743844446150895e-01
7.712136296662616131e-01
6.252062715073329890e-01
7.651708585588792300e-01
6.474109945280001055e-01
6.770664508888554201e-01
4.625807639128070581e-01
5.021545247198317963e-01
6.079016743160652325e-01
7.262590345909523126e-01
7.195309778088969654e-01
7.498494296221298594e-01
7.170583659142228949e-01
6.902246682876930217e-01
5.498570710024905939e-01
4.537697917011687676e-01
5.602161095871429630e-01
6.662374940548001501e-01
7.462879256591887778e-01
7.140559654958905655e-01
7.525845318834758491e-01
6.982153464808749099e-01
6.427781310562741268e-01
4.795012231863421959e-01
5.090932733668321886e-01
6.151434719219583958e-01
7.400686592045778722e-01
7.023216134916837605e-01
7.579621299586554173e-01
7.037693385650919398e-01
7.082594388058217616e-01
5.464812625659744016e-01
5.013388208358144915e-01
5.499405985768427430e-01
7.327283072901515926e-01
6.718189855302862945e-01
7.568476665770615952e-01
6.654803993621520863e-01
7.578369237398078218e-01
5.965124458085239167e-01
5.542071440601442633e-01
4.799980151420422669e-01
7.222559942638724362e-01
6.178248197115729923e-01
7.335506343525854955e-01
5.595598043828977630e-01
7.674643874808069199e-01
6.058893846969288788e-01
6.532590490755697532e-01
4.494761741822413947e-01
6.943651426832553319e-01
5.866668269592320017e-01
7.315290641709371044e-01
4.866767454059416353e-01
6.944581823343898286e-01
6.071022465311286531e-01
7.518996977006209281e-01
5.169206962108572334e-01
6.913924127414436960e-01
6.017308710687018225e-01
7.504913984069601085e-01
5.091951269389026757e-01
6.098865276034663996e-01
6.006317751875134281e-01
7.706748568586705428e-01
6.241114167379701039e-01
7.285127801451227736e-01
6.363218999923417885e-01
7.575764917575074087e-01
5.600430012873691688e-01
5.558834911515624366e-01
5.503475760612019929e-01
7.374091426023118290e-01
6.692743498796649426e-01
7.542094579013832734e-01
6.509305333690981188e-01
7.626491705944863364e-01
6.002267287940344920e-01
5.461867112720727446e-01
4.705627080886121139e-01
6.703495137814123872e-01
6.662266071854355820e-01
7.664506921192968392e-01
6.570196983545516511e-01
7.664216163077356425e-01
6.362349609919574212e-01
5.831826774615427311e-01
4.305771278096523491e-01
5.632096880750938617e-01
6.589764984075097143e-01
7.452391307714976154e-01
7.146410365250088770e-01
7.508531656023289536e-01
6.968141065846535920e-01
6.280446091821718646e-01
4.744586843955958533e-01
4.659685577885276930e-01
6.453400891355971503e-01
6.762764682781832182e-01
7.638692339317483260e-01
6.805650013632424944e-01
7.599713961661305195e-01
6.411445264660584620e-01
5.764850446992164645e-01
4.248333426087016473e-01
6.024875075963074256e-01
6.196949198821282145e-01
7.719771932032614137e-01
6.147655917284361449e-01
7.631488448309520223e-01
6.473575475894515208e-01
6.901851997330707977e-01
4.714753249374554755e-01
5.736682805045788536e-01
5.948444949057645204e-01
7.716232790976209621e-01
6.155112035889965805e-01
7.336625409673109832e-01
6.481786782191791829e-01
7.539908704154170138e-01
5.585601961999161480e-01
5.942262941820035671e-01
5.709014078684080395e-01
7.688770180195354520e-01
6.150981174767933268e-01
6.951905370867192957e-01
6.005833949744653344e-01
7.727408319045534490e-01
6.087898890399139340e-01
6.485510584477756080e-01
5.325375801677070253e-01
7.645891346558486568e-01
5.956723259623337707e-01
6.579966690546317221e-01
4.980803669180088322e-01
7.357342967802946720e-01
6.132310109253364949e-01
7.210922763795504231e-01
5.150953035314860262e-01
7.518687490680728835e-01
5.913875692153244268e-01
6.672211954520024246e-01
4.359838602301426835e-01
6.272773312143727908e-01
6.105229110626375633e-01
7.722049528855394751e-01
5.910272569547430077e-01
7.542910943190410666e-01
6.317547441977283684e-01
6.999958971503064120e-01
4.697000978305413965e-01
5.255796948838529214e-01
5.995872568564624139e-01
7.427768758918766867e-01
6.939053413593951891e-01
7.599241917110463040e-01
6.956151982045435389e-01
7.118763980652691448e-01
5.487484427789013353e-01
4.757919020835927881e-01
5.502159109431338235e-01
6.865388649485578698e-01
7.265045971441972394e-01
7.417681236440311077e-01
7.316408781444918574e-01
7.198767448990305295e-01
6.282336280485742996e-01
4.930670782655628415e-01
4.908455595389122350e-01
6.272785222977070863e-01
7.199243340151377790e-01
7.306265710357683352e-01
7.428670940489949803e-01
7.260227290586156457e-01
6.877065954080627819e-01
5.518456520433839829e-01
4.735935688703891699e-01
5.471807170842190038e-01
7.119563653628281363e-01
