1.968550717778393914e-03
2.319580206080493288e-03
3.762355759932259260e-03
2.126180840486750594e-03
8.954689989818426276e-04
7.423762836493099813e-04
3.764720818910320243e-03
7.280610721986494104e-04
1.261871849534754305e-04
4.058554025048170566e-05
2.969380419485463055e-03
9.418582581151736105e-05
1.121759724278030784e-05
1.411195149418259591e-06
9.242489817190351845e-05
2.050713600768485281e-05
6.729727816436644024e-06
3.277562416450386057e-07
3.310253771009761638e-06
3.986335176493180669e-05
3.629771775977148375e-03
2.996856637758240884e-05
3.360712847890274450e-04
2.735301097817661618e-04
2.951160173729372883e-04
7.698231468416445077e-06
4.897401682795087666e-06
8.095429889003759837e-04
2.882888612097733781e-05
4.914006318457529219e-06
6.050231998967911678e-07
1.147306824528421568e-04
4.250842134455661987e-06
6.995912847650767710e-07
4.549036693480560805e-08
6.521011455647689522e-07
4.473480084443120833e-06
1.833475362723720138e-04
7.674848569225770368e-07
6.171349813137512264e-06
3.318311949978747688e-05
7.474978651328325219e-04
5.044964708780200636e-06
7.090677281059647001e-06
3.087950117909646895e-04
2.083258286083578806e-04
1.877939931375210156e-04
1.718117423308212826e-05
3.170233552523914373e-03
2.982071415040468828e-05
2.658633396866952054e-06
2.478284748372807257e-07
4.603267633148858678e-06
1.814104623599741998e-05
1.382760012577307924e-04
1.630739321355525485e-06
1.362387490919830529e-05
8.732897881152768091e-05
1.855966751367658322e-03
2.096129012218600496e-05
4.600576085356460445e-05
7.037508449446180188e-04
1.721118488326559091e-03
3.541493282835965310e-03
1.255722036034843860e-03
3.334283442962501266e-03
5.311511319601833377e-04
4.691216519836525556e-05
6.599595031317850559e-06
1.345345881450635858e-04
2.327365960640773710e-04
4.231729212188906466e-04
1.503767509589120234e-05
1.170589069367282084e-04
5.880991825766699503e-04
3.270429832937209701e-03
2.402169850459885897e-04
6.332618579391068904e-04
1.953090375747040027e-03
3.765369950889203496e-03
2.031642959854513316e-03
2.355932142858819210e-03
3.153744704431177444e-03
3.764494765843103517e-03
2.969704560043059764e-03
2.528368019109888173e-03
3.357204279039146741e-03
3.752334922661521369e-03
3.570535485071741569e-03
3.395380858702543025e-03
3.505752549544258190e-03
3.753045237835783178e-03
3.318219822826535062e-03
2.476477162886402648e-03
2.504029964105833426e-03
3.765875716881170437e-03
2.573523920074108351e-03
1.299158354064175892e-03
7.405272179375576962e-04
3.694357520568414873e-03
1.059290328672768530e-03
2.384003839213195888e-04
4.603783858839625358e-05
1.355632145476033407e-03
3.218626108037274370e-04
9.666637833503961981e-05
7.078716260103876513e-06
7.893872595128790235e-05
3.812465714970803606e-04
2.475746252202713164e-03
1.042134221654403823e-04
4.954310237159651256e-04
1.270123613068441671e-03
3.135988532047555462e-03
4.218413499600306288e-04
4.994753485779628108e-04
2.656940352982185578e-03
2.293697396778819359e-03
2.079430264973623939e-03
6.800547979453810260e-04
3.648937176450215217e-03
1.086063591821587572e-03
2.376849241500315619e-04
2.886491324844986191e-05
3.251047958587480408e-04
8.732648959177274905e-04
2.329410102959721552e-03
1.776477925545616270e-04
7.863014879889177128e-04
1.883623973474848976e-03
3.515612205039709594e-03
1.005835895856257945e-03
1.404595879451559122e-03
3.114797761597852804e-03
3.418905893601532908e-03
3.677085460001150094e-03
3.003744817156818805e-03
3.746593467131163931e-03
2.743964656085950971e-03
1.198918764838011273e-03
3.200344802563894180e-04
1.803603004374049927e-03
2.267795282614424018e-03
2.779093663258370376e-03
5.883675556955479669e-04
1.781167535782632403e-03
2.909547854126328867e-03
3.699025598580683166e-03
2.310193811131759731e-03
2.838758601678929589e-03
3.526473661946033164e-03
3.746042598603963915e-03
3.674787395572572200e-03
3.745735772673325099e-03
3.724656550168275321e-03
3.675290453237401063e-03
2.964085921051972522e-03
1.607353497427419951e-03
3.483803947651641780e-03
3.511483987329364238e-03
3.547381503099640565e-03
1.599902942103091988e-03
3.267684393713072427e-03
3.627004142511104125e-03
3.730163827673299570e-03
3.332662805421553361e-03
3.537308204739151272e-03
3.736567178119134559e-03
3.716713173806797041e-03
3.647540388372863714e-03
3.336367376489049377e-03
3.764159664762805127e-03
3.417864845530163738e-03
2.037883839718434426e-03
5.768005367915722721e-04
3.455286905403406449e-03
2.509288355573556419e-03
1.371684949225290568e-03
1.192909764237395020e-04
1.073313098269489986e-03
2.750103647708473931e-03
3.713260730864069263e-03
1.506723592801695495e-03
3.018842237596658807e-03
3.557672167630566117e-03
3.760342506483529447e-03
3.036901534702761505e-03
3.201351194700413627e-03
3.729889346307406484e-03
3.749084956631885436e-03
3.717787528133455980e-03
3.674447483954489287e-03
3.758116153203395864e-03
3.708372995168359755e-03
3.270039904307898287e-03
1.662987515967651302e-03
3.354504417555785427e-03
3.698463564257583290e-03
