4.737349557941100513e-03
4.737343526338488181e-03
4.737336262675788216e-03
4.737327515633800792e-03
4.737316982786441734e-03
4.737304300279108343e-03
4.737289030454558576e-03
4.737270647032726031e-03
4.737248517382014294e-03
4.737221881341909836e-03
4.737189825970496149e-03
4.737151255497278057e-03
4.737104855664725500e-03
4.737049051546847640e-03
4.736981957849607273e-03
4.736901320641199314e-03
4.736804449453700661e-03
4.736688138776235478e-03
4.736548578174844086e-03
4.736381306071178396e-03
4.736180886639100238e-03
4.735941087802541735e-03
4.735654560552789681e-03
4.735312755841207533e-03
4.734905805469492510e-03
4.734422428804776692e-03
4.733849889304252677e-03
4.733174036583952596e-03
4.732379487124051265e-03
4.731450022812788009e-03
4.730369324536107950e-03
4.729122204360634851e-03
4.727696526678689358e-03
4.726085946589992683e-03
4.724293377608953723e-03
4.722334832826184658e-03
4.720243281059903484e-03
4.718072492539443497e-03
4.715900958556673572e-03
4.713835391672102290e-03
4.712012351090770837e-03
4.710595617490530643e-03
4.709766197170345801e-03
4.709701644903961995e-03
4.710542154854588208e-03
4.712341849122282135e-03
4.715003678957448152e-03
4.718196248210966559e-03
4.721253458777202767e-03
4.723064102113369751e-03
4.721966303030936465e-03
4.715668513006912241e-03
4.701222892706484816e-03
4.675076916405458693e-03
4.633223588027058151e-03
4.571459892691422458e-03
4.485748593297458377e-03
4.372661024213921575e-03
4.229856312969513740e-03
4.056525481563332675e-03
3.853707762749892379e-03
3.624390463697303982e-03
3.373343548237540436e-03
3.106704546686828682e-03
2.831391325175117678e-03
2.554455226234240289e-03
2.282486587367377195e-03
2.021155904046326255e-03
1.774931904566309001e-03
1.546977148373649032e-03
1.339192065055484554e-03
1.152363122549580942e-03
9.863686299137050181e-04
8.404024153962730108e-04
7.131866039399943537e-04
6.031561814551814841e-04
5.086076804103477518e-04
4.278112321532601039e-04
3.590894396507941680e-04
3.008685561073021686e-04
2.517079777141992551e-04
2.103136778603407250e-04
1.755403850284199710e-04
1.463863424602890534e-04
1.219835620002647806e-04
1.015856837618604020e-04
8.455490607669880854e-05
7.034895274427011274e-05
5.850867759417868589e-05
4.864664533560771401e-05
4.043684860573809234e-05
3.360560311113999646e-05
2.792358876278360318e-05
2.319896153837297504e-05
1.927143859100521832e-05
1.600725068417229103e-05
1.329485628438484412e-05
1.104131706596513054e-05
9.169242803335471388e-06
7.614223086227631610e-06
