5.373499201392389207e-03
5.300263619390102078e-03
5.228018572621200531e-03
5.156750869432210997e-03
5.086447488283615814e-03
5.017095575703475405e-03
4.948682444270231968e-03
4.881195570606467957e-03
4.814622593401977901e-03
4.748951311448606875e-03
4.684169681699930192e-03
4.620265817353724769e-03
4.557227985943216458e-03
4.495044607462946387e-03
4.433704252500830258e-03
4.373195640395525531e-03
4.313507637415474848e-03
4.254629254953463946e-03
4.196549647743342409e-03
4.139258112087295001e-03
4.082744084116587090e-03
4.026997138059790204e-03
3.972006984533101893e-03
3.917763468846664071e-03
3.864256569335809775e-03
3.811476395705760099e-03
3.759413187391996529e-03
3.708057311945163990e-03
3.657399263430382522e-03
3.607429660841694405e-03
3.558139246540540680e-03
3.509518884706289664e-03
3.461559559805869532e-03
3.414252375080943300e-03
3.367588551051816075e-03
3.321559424041236556e-03
3.276156444706337847e-03
3.231371176598979607e-03
3.187195294734054309e-03
3.143620584175445178e-03
3.100638938643991704e-03
3.058242359130659317e-03
3.016422952541967985e-03
2.975172930341559753e-03
2.934484607223211607e-03
2.894350399791359701e-03
2.854762825261551642e-03
2.815714500171497513e-03
2.777198139110978632e-03
2.739206553464813149e-03
2.701732650171978414e-03
2.664769430498336190e-03
2.628309988824450820e-03
2.592347511446701884e-03
2.556875275396183842e-03
2.521886647266473151e-03
2.487375082059713194e-03
2.453334122045094674e-03
2.419757395630200286e-03
2.386638616247056810e-03
2.353971581252097510e-03
2.321750170837663489e-03
2.289968346959067678e-03
2.258620152271324701e-03
2.227699709082314218e-03
2.197201218318296356e-03
2.167118958497883489e-03
2.137447284724855456e-03
2.108180627688827861e-03
2.079313492679383570e-03
2.050840458612473473e-03
2.022756177069942596e-03
1.995055371349400367e-03
1.967732835524530887e-03
1.940783433521716750e-03
1.914202098203680912e-03
1.887983830464549755e-03
1.862123698341602461e-03
1.836616836129441625e-03
1.811458443513561329e-03
1.786643784709659099e-03
1.762168187614822920e-03
1.738027042970580497e-03
1.714215803534420912e-03
1.690729983264844085e-03
1.667565156511916034e-03
1.644716957224389006e-03
1.622181078159173244e-03
1.599953270108767697e-03
1.578029341130845467e-03
1.556405155795232906e-03
1.535076634433088548e-03
1.514039752401272806e-03
1.493290539352836463e-03
1.472825078517837720e-03
1.452639505994177691e-03
1.432730010045105487e-03
1.413092830408440919e-03
1.393724257613143539e-03
1.374620632304402205e-03
1.355778344578001740e-03
1.337193833323379677e-03
1.318863585573895559e-03
1.300784135867937919e-03
1.282952065614370455e-03
1.265364002471045012e-03
1.248016619726092938e-03
1.230906635691874935e-03
1.214030813103976350e-03
1.197385958527693445e-03
1.180968921774175990e-03
1.164776595323796298e-03
1.148805913754553714e-03
1.133053853180908486e-03
1.117517430698161110e-03
1.102193703834627525e-03
1.087079770011247816e-03
1.072172766007022061e-03
1.057469867432421148e-03
1.042968288210276411e-03
1.028665280061026675e-03
1.014558131997737216e-03
1.000644169825982890e-03
9.869207556486233896e-04
9.733852873819155791e-04
9.600351982729631852e-04
9.468679564259560111e-04
9.338810643346609833e-04
9.210720584192986886e-04
9.084385085725660237e-04
8.959780177081746273e-04
8.836882213179580873e-04
8.715667870329236924e-04
8.596114141919428218e-04
8.478198334143540035e-04
8.361898061790759562e-04
8.247191244098744543e-04
8.134056100638905815e-04
8.022471147289719469e-04
7.912415192224851387e-04
7.803867331992459921e-04
7.696806947612393332e-04
7.591213700748232962e-04
7.487067529921389349e-04
7.384348646772498836e-04
7.283037532381165429e-04
7.183114933623152088e-04
7.084561859582491194e-04
6.987359578019894379e-04
6.891489611862669680e-04
6.796933735770471037e-04
6.703673972729600264e-04
6.611692590692714320e-04
6.520972099268575010e-04
6.431495246462546949e-04
6.343245015436890875e-04
6.256204621339557948e-04
6.170357508164238348e-04
6.085687345651882765e-04
6.002178026233367198e-04
5.919813662015362132e-04
5.838578581806479813e-04
5.758457328181533410e-04
5.679434654581434977e-04
5.601495522464114895e-04
5.524625098477475545e-04
5.448808751682628114e-04
5.374032050806354073e-04
5.300280761539786188e-04
5.227540843856600837e-04
5.155798449389003722e-04
5.085039918817874181e-04
5.015251779313696775e-04
4.946420742002857794e-04
4.878533699470491295e-04
4.811577723299482741e-04
4.745540061636357066e-04
4.680408136796033753e-04
4.616169542894625350e-04
4.552812043514945276e-04
4.490323569409464515e-04
4.428692216217390044e-04
4.367906242237786212e-04
4.307954066206166107e-04
4.248824265121525431e-04
4.190505572090709517e-04
4.132986874204616851e-04
4.076257210449359450e-04
4.020305769632782043e-04
3.965121888351869767e-04
3.910695048980028206e-04
3.857014877680811464e-04
3.804071142457763916e-04
3.751853751215657477e-04
3.700352749861420963e-04
3.649558320424374220e-04
3.599460779201145194e-04
3.550050574929913588e-04
3.501318286981245525e-04
3.453254623586341854e-04
3.405850420075334306e-04
3.359096637149248834e-04
3.312984359170841118e-04
3.267504792477973720e-04
3.222649263721293999e-04
3.178409218229560820e-04
3.134776218383179196e-04
3.091741942026037643e-04
3.049298180887674179e-04
3.007436839030385475e-04
2.966149931317869893e-04
2.925429581903540117e-04
2.885268022742539700e-04
2.845657592117264967e-04
2.806590733189417357e-04
2.768059992567610799e-04
2.730058018896222962e-04
2.692577561465388973e-04
2.655611468832682850e-04
2.619152687472790309e-04
2.583194260438427471e-04
2.547729326043411983e-04
2.512751116559369061e-04
2.478252956939014590e-04
2.444228263541789307e-04
2.410670542893758931e-04
2.377573390452927978e-04
2.344930489393772964e-04
2.312735609410002937e-04
2.280982605532630306e-04
2.249665416967197617e-04
2.218778065937470787e-04
2.188314656556424964e-04
2.158269373707211538e-04
2.128636481934870965e-04
2.099410324363725725e-04
2.070585321619351326e-04
2.042155970770551652e-04
2.014116844284311936e-04
1.986462588996178581e-04
1.959187925092896693e-04
1.932287645108174054e-04
1.905756612936639364e-04
1.879589762855416997e-04
1.853782098563466958e-04
1.828328692231600161e-04
1.803224683565699568e-04
1.778465278884346025e-04
1.754045750204900889e-04
1.729961434349901444e-04
1.706207732055979533e-04
1.682780107101222733e-04
1.659674085443677070e-04
1.636885254369363604e-04
1.614409261653616335e-04
1.592241814734192103e-04
1.570378679893384797e-04
1.548815681454352084e-04
1.527548700985754731e-04
1.506573676519999130e-04
1.485886601777573041e-04
1.465483525408396270e-04
1.445360550237172041e-04
1.425513832523252590e-04
1.405939581228890251e-04
1.386634057298094470e-04
1.367593572944364379e-04
1.348814490949374787e-04
1.330293223970865153e-04
1.312026233858937902e-04
1.294010030982852629e-04
1.276241173567477293e-04
1.258716267036845003e-04
1.241431963367646432e-04
1.224384960454331320e-04
1.207572001476416474e-04
1.190989874281186988e-04
1.174635410771007776e-04
1.158505486299284853e-04
1.142597019076385570e-04
1.126906969581819293e-04
1.111432339986686028e-04
1.096170173579932887e-04
1.081117554207794738e-04
1.066271605716146196e-04
1.051629491404122414e-04
1.037188413482515511e-04
1.022945612541029331e-04
1.008898367022350868e-04
9.950439927037445448e-05
9.813798421848421796e-05
9.679033043843162200e-05
9.546118040410239583e-05
9.415028012234130954e-05
9.285737908460263900e-05
9.158223021902899908e-05
9.032458984363961373e-05
8.908421761961112287e-05
8.786087650547448581e-05
8.665433271214483652e-05
8.546435565809457568e-05
8.429071792553069129e-05
8.313319521694633243e-05
8.199156631245943245e-05
8.086561302749436012e-05
7.975512017123694583e-05
7.865987550563865614e-05
7.757966970486690397e-05
7.651429631538201410e-05
7.546355171665774402e-05
7.442723508217252996e-05
7.340514834129257063e-05
7.239709614130531681e-05
7.140288581031313997e-05
7.042232732036583689e-05
6.945523325124175842e-05
6.850141875475004632e-05
6.756070151932762411e-05
6.663290173541074187e-05
6.571784206100280237e-05
6.481534758792789077e-05
6.392524580839956333e-05
6.304736658210556718e-05
6.218154210373545666e-05
6.132760687104217936e-05
6.048539765313805974e-05
5.965475345937457829e-05
5.883551550870120536e-05
5.802752719923965247e-05
5.723063407851548888e-05
5.644468381384476523e-05
5.566952616337844976e-05
5.490501294736966124e-05
5.415099801988615668e-05
5.340733724090061606e-05
5.267388844886829625e-05
5.195051143341012354e-05
5.123706790874572897e-05
5.053342148715541131e-05
4.983943765300015265e-05
4.915498373701788858e-05
4.847992889102186159e-05
4.781414406289813287e-05
4.715750197195521602e-05
4.650987708464021154e-05
4.587114559056781519e-05
4.524118537887562359e-05
4.461987601489324191e-05
4.400709871719295615e-05
4.340273633483216690e-05
4.280667332506238245e-05
4.221879573121302583e-05
4.163899116092844118e-05
4.106714876473527000e-05
4.050315921485749302e-05
3.994691468432771009e-05
3.939830882640234217e-05
3.885723675425907829e-05
3.832359502094652149e-05
3.779728159964987973e-05
3.727819586416519619e-05
3.676623856973543897e-05
3.626131183404593454e-05
3.576331911854248687e-05
3.527216521000471779e-05
3.478775620233801632e-05
3.430999947865767381e-05
3.383880369357771635e-05
3.337407875577593093e-05
3.291573581076554742e-05
3.246368722394951087e-05
3.201784656386473331e-05
3.157812858564429723e-05
3.114444921477345748e-05
3.071672553103356934e-05
3.029487575258727459e-05
2.987881922044990406e-05
2.946847638301714351e-05
2.906376878087233904e-05
2.866461903184898966e-05
2.827095081614976085e-05
2.788268886186341035e-05
2.749975893050918158e-05
2.712208780291602581e-05
2.674960326516816734e-05
2.638223409485830422e-05
2.601991004743942399e-05
2.566256184282891662e-05
2.531012115218811819e-05
2.496252058480746930e-05
2.461969367526818585e-05
2.428157487075157430e-05
2.394809951849676750e-05
2.361920385342495331e-05
2.329482498599902754e-05
2.297490089016611723e-05
2.265937039152993442e-05
2.234817315564879240e-05
2.204124967651297266e-05
2.173854126516079521e-05
2.143999003846906926e-05
2.114553890810370090e-05
2.085513156958100116e-05
2.056871249153665275e-05
2.028622690509612419e-05
2.000762079340951335e-05
1.973284088133702737e-05
1.946183462524556278e-05
1.919455020299837527e-05
1.893093650402184302e-05
1.867094311954908367e-05
1.841452033298926767e-05
1.816161911041593634e-05
1.791219109120653223e-05
1.766618857878045977e-05
1.742356453150589520e-05
1.718427255369391545e-05
1.694826688672578733e-05
1.671550240033127936e-05
1.648593458393335723e-05
1.625951953814872995e-05
1.603621396641627088e-05
1.581597516669341143e-05
1.559876102331011677e-05
1.538452999891116649e-05
1.517324112653277287e-05
1.496485400173453763e-05
1.475932877492655649e-05
1.455662614370163145e-05
1.435670734536244114e-05
1.415953414949582325e-05
1.396506885064742011e-05
1.377327426115540390e-05
1.358411370399971946e-05
1.339755100581165015e-05
1.321355048996044163e-05
1.303207696972536081e-05
1.285309574157197883e-05
1.267657257851624556e-05
1.250247372359432132e-05
1.233076588338456373e-05
1.216141622166120113e-05
1.199439235311654961e-05
1.182966233715966282e-05
1.166719467181527907e-05
1.150695828771516950e-05
1.134892254213569861e-05
1.119305721314180956e-05
1.103933249383127934e-05
1.088771898661486970e-05
1.073818769760563332e-05
1.059071003107347392e-05
1.044525778397342004e-05
1.030180314056491777e-05
1.016031866708049185e-05
1.002077730650053326e-05
9.883152373343435026e-06
9.747417548614726294e-06
9.613546874729911098e-06
9.481514750582370002e-06
9.351295926623247250e-06
9.222865500059968273e-06
9.096198910072505922e-06
8.971271933130255582e-06
8.848060678360980790e-06
8.726541582975695210e-06
8.606691407769127058e-06
8.488487232674993331e-06
8.371906452379588871e-06
8.256926772009438287e-06
8.143526202860073030e-06
8.031683058197538103e-06
7.921375949104793201e-06
7.812583780396379645e-06
7.705285746592498183e-06
7.599461327924235599e-06
7.495090286421682807e-06
7.392152662045298207e-06
7.290628768865121635e-06
7.190499191294911616e-06
7.091744780386557490e-06
6.994346650164472329e-06
6.898286174011334694e-06
6.803544981112702568e-06
6.710104952943375847e-06
6.617948219798154371e-06
6.527057157378143525e-06
6.437414383424879093e-06
6.349002754389271083e-06
6.261805362155547956e-06
6.175805530815769558e-06
6.090986813467397144e-06
6.007332989083452422e-06
5.924828059394641798e-06
5.843456245849221290e-06
5.763201986580703284e-06
5.684049933436096496e-06
5.605984949044529920e-06
5.528992103920185007e-06
5.453056673606950983e-06
5.378164135864461970e-06
5.304300167893763385e-06
5.231450643587553311e-06
5.159601630844706037e-06
5.088739388894194287e-06
5.018850365670887972e-06
4.949921195230031858e-06
4.881938695179283076e-06
4.814889864170842231e-06
4.748761879406107042e-06
4.683542094188729682e-06
4.619218035502111872e-06
4.555777401629164364e-06
4.493208059799170647e-06
4.431498043861035717e-06
4.370635552004173680e-06
4.310608944495942990e-06
4.251406741458433144e-06
4.193017620670177011e-06
4.135430415407794844e-06
4.078634112299556036e-06
4.022617849233746455e-06
3.967370913265788099e-06
3.912882738582977316e-06
3.859142904475986590e-06
3.806141133348982545e-06
3.753867288754911013e-06
3.702311373455084724e-06
3.651463527509537795e-06
3.601314026390364443e-06
3.551853279120263288e-06
3.503071826443447629e-06
3.454960339011779450e-06
3.407509615602521882e-06
3.360710581359988174e-06
3.314554286059250352e-06
3.269031902393081582e-06
3.224134724285768948e-06
3.179854165228211749e-06
3.136181756635517418e-06
3.093109146226662219e-06
3.050628096428125943e-06
3.008730482798668978e-06
2.967408292475004396e-06
2.926653622641696466e-06
2.886458679015226634e-06
2.846815774359653412e-06
2.807717327008939681e-06
2.769155859426428747e-06
2.731123996766241466e-06
2.693614465467610244e-06
2.656620091863466909e-06
2.620133800807071962e-06
2.584148614319377919e-06
2.548657650257636246e-06
2.513654120992826140e-06
2.479131332119025764e-06
2.445082681168051190e-06
2.411501656348204008e-06
2.378381835299984585e-06
2.345716883867589364e-06
2.313500554885823306e-06
2.281726686986376782e-06
2.250389203422129448e-06
2.219482110900782902e-06
2.188999498441010039e-06
2.158935536242845128e-06
2.129284474569886198e-06
2.100040642654018758e-06
2.071198447605588901e-06
2.042752373347845174e-06
2.014696979562556199e-06
1.987026900645538583e-06
1.959736844683649487e-06
1.932821592442903281e-06
1.906275996368238496e-06
1.880094979600884013e-06
1.854273535007016615e-06
1.828806724220939442e-06
1.803689676697419628e-06
1.778917588784483464e-06
1.754485722802721665e-06
1.730389406139020223e-06
1.706624030353219964e-06
1.683185050297941315e-06
1.660067983246558589e-06
1.637268408039419581e-06
1.614781964235709564e-06
1.592604351281008912e-06
1.570731327682891389e-06
1.549158710203682269e-06
1.527882373055267973e-06
1.506898247114180697e-06
1.486202319142665444e-06
1.465790631018320063e-06
1.445659278980602914e-06
1.425804412883051633e-06
1.406222235455968697e-06
1.386909001582155949e-06
1.367861017578689949e-06
1.349074640492300889e-06
1.330546277400989693e-06
1.312272384727741171e-06
1.294249467563971911e-06
1.276474078998260056e-06
1.258942819460787966e-06
1.241652336069668891e-06
1.224599321991951039e-06
1.207780515811178937e-06
1.191192700902045740e-06
1.174832704816545909e-06
1.158697398677615880e-06
1.142783696579329911e-06
1.127088554997900062e-06
1.111608972209100263e-06
1.096341987714222565e-06
1.081284681674089722e-06
1.066434174350720505e-06
1.051787625555842645e-06
1.037342234109022988e-06
1.023095237300513502e-06
1.009043910364315684e-06
9.951855659556656230e-07
9.815175536382281898e-07
9.680372593765603960e-07
9.547421050363077471e-07
9.416295478913850148e-07
9.286970801376503649e-07
9.159422284129177260e-07
9.033625533237511403e-07
8.909556489804782975e-07
8.787191425348469182e-07
8.666506937279790460e-07
8.547479944419175000e-07
8.430087682586128773e-07
8.314307700240144577e-07
8.200117854195550712e-07
8.087496305378871175e-07
7.976421514652752062e-07
7.866872238704480584e-07
7.758827525970968845e-07
7.652266712646189936e-07
7.547169418714142533e-07
7.443515544065305420e-07
7.341285264639434735e-07
7.240459028644781589e-07
7.141017552813231293e-07
7.042941818714109143e-07
6.946213069116773189e-07
6.850812804403854278e-07
6.756722779029389904e-07
6.663924998039075215e-07
6.572401713613024985e-07
6.482135421687917392e-07
6.393108858602284032e-07
6.305304997788230043e-07
6.218707046528573760e-07
6.133298442735524304e-07
6.049062851783810675e-07
5.965984163392817006e-07
5.884046488537508456e-07
5.803234156418670598e-07
5.723531711455359055e-07
5.644923910337886593e-07
5.567395719108476418e-07
5.490932310285246514e-07
5.415519060031724105e-07
5.341141545351147488e-07
5.267785541335165380e-07
5.195437018444883385e-07
5.124082139818767774e-07
5.053707258635781091e-07
4.984298915496744859e-07
4.915843835860421673e-07
4.848328927495604089e-07
4.781741277979603995e-07
4.716068152234310519e-07
4.651296990082472984e-07
4.587415403851421934e-07
4.524411176001236593e-07
4.462272256786605172e-07
4.400986761958349620e-07
4.340542970482693063e-07
4.280929322306040966e-07
4.222134416140907425e-07
4.164147007285813292e-07
4.106956005474539824e-07
4.050550472757885623e-07
3.994919621406631708e-07
3.940052811850549940e-07
3.885939550649026432e-07
3.832569488474162283e-07
3.779932418139579148e-07
3.728018272644233174e-07
3.676817123248767711e-07
3.626319177575856105e-07
3.576514777737371092e-07
3.527394398487720091e-07
3.478948645402409910e-07
3.431168253079795799e-07
3.384044083371714322e-07
3.337567123633490529e-07
3.291728484999890798e-07
3.246519400688878480e-07
3.201931224318827303e-07
3.157955428261998383e-07
3.114583602007497642e-07
3.071807450556001205e-07
3.029618792833541676e-07
2.988009560123217643e-07
2.946971794527684877e-07
2.906497647443262480e-07
2.866579378058499223e-07
2.827209351877904702e-07
2.788380039255582313e-07
2.750084013960638136e-07
2.712313951755858061e-07
2.675062628991907852e-07
2.638322921234978836e-07
2.602087801895592439e-07
2.566350340888905879e-07
2.531103703309806522e-07
2.496341148122541322e-07
2.462056026875250628e-07
2.428241782426408082e-07
2.394891947690166835e-07
2.362000144400614444e-07
2.329560081892993047e-07
2.297565555897266099e-07
2.266010447355052104e-07
2.234888721247392161e-07
2.204194425440717334e-07
2.173921689548797689e-07
2.144064723810237813e-07
2.114617817981855275e-07
2.085575340242865894e-07
2.056931736123771929e-07
2.028681527438347238e-07
2.000819311240083953e-07
1.973339758787065803e-07
1.946237614522078514e-07
1.919507695068767763e-07
1.893144888239618017e-07
1.867144152059437098e-07
1.841500513799418340e-07
1.816209069027255608e-07
1.791264980667493646e-07
1.766663478080102088e-07
1.742399856143146178e-07
1.718469474356713003e-07
1.694867755953871798e-07
1.671590187025836085e-07
1.648632315657357964e-07
1.625989751078220012e-07
1.603658162819494640e-07
1.581633279888969699e-07
1.559910889952451960e-07
1.538486838528351808e-07
1.517357028192880726e-07
1.496517417797888370e-07
1.475964021695201144e-07
1.455692908978086197e-07
1.435700202725771092e-07
1.415982079264009451e-07
1.396534767433977707e-07
1.377354547870331712e-07
1.358437752289115405e-07
1.339780762787730432e-07
1.321380011152651091e-07
1.303231978175951063e-07
1.285333192983122152e-07
1.267680232369856752e-07
1.250269720145744487e-07
1.233098326489540375e-07
1.216162767312785006e-07
1.199459803630046130e-07
1.182986240941950850e-07
1.166738928621876455e-07
1.150714759314388021e-07
1.134910668341191175e-07
1.119323633114359417e-07
1.103950672558853794e-07
1.088788846542531664e-07
1.073835255312437531e-07
1.059087038941987662e-07
1.044541376783053449e-07
1.030195486926218653e-07
1.016046625669997988e-07
1.002092086994447165e-07
9.883292020455440353e-08
9.747553386223658531e-08
9.613679006760944367e-08
9.481643278114781183e-08
9.351420947992598593e-08
9.222987110908228724e-08
9.096317203435134893e-08
8.971386999510938737e-08
8.848172605787516375e-08
8.726650457076699453e-08
8.606797311839194718e-08
8.488590247731280509e-08
8.372006657235448172e-08
8.257024243326360791e-08
8.143621015207334021e-08
8.031775284108520629e-08
7.921465659134211029e-08
7.812671043182073394e-08
7.705370628889606013e-08
7.599543894670121036e-08
7.495170600786370896e-08
7.392230785471575484e-08
7.290704761120297779e-08
7.190573110517471696e-08
7.091816683127196049e-08
6.994416591430430110e-08
6.898354207311416059e-08
6.803611158495182812e-08
6.710169325036865778e-08
6.618010835849002793e-08
6.527118065292378713e-08
6.437473629797680825e-08
6.349060384546525973e-08
6.261861420189266123e-08
6.175860059610593054e-08
6.091039854739929912e-08
6.007384583411785807e-08
5.924878246253887124e-08
5.843505063633366329e-08
5.763249472636610413e-08
5.684096124092045296e-08
5.606029879639783656e-08
5.529035808827878201e-08
5.453099186264669021e-08
5.378205488794624874e-08
5.304340392732457013e-08
5.231489771110281961e-08
5.159639690984200342e-08
5.088776410770397447e-08
5.018886377605615194e-08
4.949956224772842982e-08
4.881972769132001395e-08
4.814923008599398476e-08
4.748794119668073190e-08
4.683573454949829567e-08
4.619248540754188890e-08
4.555807074712678676e-08
4.493236923411903653e-08
4.431526120085757518e-08
4.370662862321274563e-08
4.310635509798664375e-08
4.251432582069961317e-08
4.193042756360605440e-08
4.135454865405686227e-08
4.078657895312239223e-08
4.022640983455136789e-08
3.967393416394517966e-08
3.912904627834897666e-08
3.859164196597457809e-08
3.806161844630049287e-08
3.753887435040809616e-08
3.702330970158434983e-08
3.651482589623384882e-08
3.601332568495925502e-08
3.551871315404767829e-08
3.503089370704869586e-08
3.454977404672349784e-08
3.407526215719266869e-08
3.360726728632027756e-08
3.314569992839397353e-08
3.269047180697807422e-08
3.224149585805108527e-08
3.179868621330900017e-08
3.136195818381368652e-08
3.093122824373030345e-08
3.050641401439837057e-08
3.008743424854485395e-08
2.967420881477367928e-08
2.926665868220067664e-08
2.886470590539202772e-08
2.846827360940662686e-08
2.807728597512967906e-08
2.769166822475713608e-08
2.731134660747383837e-08
2.693624838539786359e-08
2.656630181961821748e-08
2.620143615650699981e-08
2.584158161418409910e-08
2.548666936915201200e-08
2.513663154313836762e-08
2.479140119014324199e-08
2.445091228359884335e-08
2.411509970376287924e-08
2.378389922524298875e-08
2.345724750475301688e-08
2.313508206894961816e-08
2.281734130251780184e-08
2.250396443637404928e-08
2.219489153605858436e-08
2.189006349024043827e-08
2.158942199944225641e-08
2.129290956488386867e-08
2.100046947747562564e-08
2.071204580698130361e-08
2.042758339132688776e-08
2.014702782602480667e-08
1.987032545380319838e-08
1.959742335432448222e-08
1.932826933406197173e-08
1.906281191631559624e-08
1.880100033139381291e-08
1.854278450687442855e-08
1.828811505802916013e-08
1.803694327839018586e-08
1.778922113044974987e-08
1.754490123643117579e-08
1.730393686925913819e-08
1.706628194362108930e-08
1.683189100713667256e-08
1.660071923168238467e-08
1.637272240481349430e-08
1.614785692130059804e-08
1.592607977479563015e-08
1.570734854960273234e-08
1.549162141257902733e-08
1.527885710511606558e-08
1.506901493526532730e-08
1.486205476993697125e-08
1.465793702724415572e-08
1.445662266891568799e-08
1.425807319284450342e-08
1.406225062571971631e-08
1.386911751575528701e-08
1.367863692553254723e-08
1.349077242494474649e-08
1.330548808421039343e-08
1.312274846702602845e-08
1.294251862377026664e-08
1.276476408481895082e-08
1.258945085396740808e-08
1.241654540191483407e-08
1.224601465986435526e-08
1.207782601318021463e-08
1.191194729516939506e-08
1.174834678091659594e-08
1.158699318122313007e-08
1.142785563662342009e-08
1.127090371147673516e-08
1.111610738814833939e-08
1.096343706127401331e-08
1.081286353209557402e-08
1.066435800287325028e-08
1.051789207137367183e-08
1.037343772545433454e-08
1.023096733769231790e-08
1.009045366009780026e-08
9.951869818915268337e-09
9.815189309479013034e-09
9.680385991135431567e-09
9.547434082257944124e-09
9.416308155304781599e-09
9.286983131958732054e-09
9.159434278335405846e-09
9.033637200247919449e-09
8.909567838541524004e-09
8.787202464494853345e-09
8.666517675283559639e-09
8.547490389494749501e-09
8.430097842722361379e-09
8.314317583212742887e-09
8.200127467563892291e-09
8.087505656496861594e-09
7.976430610675475231e-09
7.866881086589088201e-09
7.758836132489559271e-09
7.652275084382606341e-09
7.547177562072203939e-09
7.443523465275597953e-09
7.341292969761476457e-09
7.240466523573733879e-09
7.141024843282222756e-09
7.042948910301901761e-09
6.946219967249184505e-09
6.850819514356416815e-09
6.756729305938237260e-09
6.663931346894013499e-09
6.572407889273556298e-09
6.482141428878780331e-09
6.393114701918699932e-09
6.305310681700938260e-09
6.218712575385984723e-09
6.133303820766969271e-09
6.049068083105361551e-09
5.965989252004970993e-09
5.884051438335002026e-09
5.803238971186732526e-09
5.723536394878642714e-09
5.644928465997870524e-09
5.567400150492053012e-09
5.490936620783753115e-09
5.415523252939632529e-09
