1.000000000000000072e-18
1.000000000000000072e-18
1.000000000000000072e-18
1.000000000000000072e-18
1.000000000000000072e-18
1.000000000000000072e-18
1.000000000000000072e-18
1.000000000000000072e-18
1.000000000000000072e-18
1.000000000000000072e-18
1.000000000000000072e-18
1.000000000000000072e-18
1.000000000000000072e-18
1.000000000000000072e-18
1.000000000000000072e-18
1.000000000000000072e-18
1.000000000000000072e-18
1.000000000000000072e-18
1.000000000000000072e-18
1.000000000000000072e-18
1.000000000000000072e-18
1.000000000000000072e-18
1.000000000000000072e-18
1.000000000000000072e-18
1.000000000000000072e-18
1.000000000000000072e-18
1.000000000000000072e-18
1.000000000000000072e-18
1.000000000000000072e-18
1.000000000000000072e-18
9.664633649580160442e-04
1.000000000000000072e-18
1.000000000000000072e-18
1.000000000000000072e-18
3.913207829989546853e-03
1.000000000000000072e-18
1.000000000000000072e-18
1.000000000000000072e-18
1.000000000000000072e-18
1.000000000000000072e-18
1.000000000000000072e-18
1.000000000000000072e-18
1.000000000000000072e-18
1.000000000000000072e-18
1.000000000000000072e-18
1.000000000000000072e-18
1.000000000000000072e-18
1.000000000000000072e-18
4.230171006090415450e-08
1.000000000000000072e-18
1.000000000000000072e-18
7.621730205928650924e-07
1.000000000000000072e-18
1.000000000000000072e-18
1.000000000000000072e-18
1.000000000000000072e-18
1.000000000000000072e-18
1.000000000000000072e-18
1.000000000000000072e-18
1.000000000000000072e-18
1.000000000000000072e-18
1.000000000000000072e-18
1.000000000000000072e-18
1.000000000000000072e-18
1.000000000000000072e-18
3.012783753859947337e-03
3.877058300657692886e-18
1.000000000000000072e-18
1.000000000000000072e-18
5.983903807522548881e-04
1.000000000000000072e-18
1.000000000000000072e-18
1.000000000000000072e-18
1.000000000000000072e-18
1.000000000000000072e-18
1.000000000000000072e-18
1.000000000000000072e-18
1.000000000000000072e-18
1.000000000000000072e-18
1.000000000000000072e-18
1.000000000000000072e-18
1.000000000000000072e-18
1.000000000000000072e-18
1.000000000000000072e-18
1.000000000000000072e-18
1.000000000000000072e-18
1.000000000000000072e-18
1.000000000000000072e-18
1.000000000000000072e-18
1.000000000000000072e-18
1.000000000000000072e-18
1.000000000000000072e-18
1.000000000000000072e-18
1.000000000000000072e-18
1.000000000000000072e-18
1.000000000000000072e-18
1.000000000000000072e-18
1.000000000000000072e-18
1.000000000000000072e-18
1.000000000000000072e-18
1.000000000000000072e-18
1.000000000000000072e-18
1.000000000000000072e-18
1.000000000000000072e-18
2.980919560892683168e-10
7.272973904859414746e-09
1.000000000000000072e-18
1.556817589052076140e-17
7.176152289486865943e-05
8.629459074339126486e-07
1.226824754581449980e-05
6.949664045753233204e-08
1.000000000000000072e-18
1.677823793165569857e-05
1.000000000000000072e-18
2.611068776846849899e-17
1.203218252929256695e-17
7.303236524099744587e-08
4.718864618975368623e-06
1.170888763650375677e-07
2.529293544971953741e-06
9.771842188093210054e-11
3.620895628387886642e-08
7.064314953750134466e-11
1.803372018597655750e-06
1.023079158344067737e-05
1.000000000000000072e-18
8.192555663814573451e-08
1.000000000000000072e-18
5.797162179735893285e-09
1.000000000000000072e-18
1.000000000000000072e-18
1.000000000000000072e-18
4.707940281618551914e-05
1.000000000000000072e-18
4.322680525153729933e-04
1.000000000000000072e-18
1.000000000000000072e-18
2.377479714745541544e-05
5.844295077464471366e-10
8.121225488984773064e-11
2.141506283248808338e-07
7.715707751438907091e-14
1.000000000000000072e-18
1.000000000000000072e-18
1.000000000000000072e-18
1.592069577821380279e-08
1.000000000000000072e-18
9.395494205110142619e-09
2.543556590155593542e-04
2.153177620679870905e-14
2.345523559879075728e-11
4.859299505776970044e-13
1.112379829114210475e-13
2.666835850386974621e-13
1.143532065916828912e-13
1.186346354375048940e-05
7.551818199629547821e-06
2.938862033555509045e-07
1.054842662164970162e-04
6.201502600580968836e-13
1.898687421726700466e-10
2.774395615672618467e-05
1.826739096185516538e-10
4.187791933183293585e-05
1.663029656334119707e-04
5.159825502627590979e-12
6.016329355965804262e-09
3.293970627421656177e-08
8.324246970964137986e-16
9.774782168713269189e-14
1.081288263502099006e-13
2.556406073635305481e-05
4.710776295467735607e-05
2.614391418052532242e-04
7.433903071298463823e-06
2.251580549175534312e-10
5.385580379863470495e-07
2.252243794436270792e-12
1.318285849923824701e-06
2.558227643581434150e-11
7.126275217685609423e-11
1.357528773844135039e-07
1.330325639408793411e-08
1.612769070530575003e-13
3.605983468656348485e-13
1.656840374242178210e-13
4.395511687743870917e-03
1.497094606573394085e-11
9.341141755241273619e-10
6.188176540754262233e-12
3.729566887337923736e-08
3.570691938065213475e-05
1.281576376338191458e-06
1.699012003866499225e-06
3.335579798928802981e-11
1.112502936000806162e-06
3.151955444131157316e-10
6.205141645513370435e-12
5.164054559686634944e-12
2.170642606157032958e-03
6.854064466189086621e-14
3.316290674372164004e-06
1.757632539560845079e-03
6.156306876327335975e-02
4.694248762168923284e-03
1.100568753862751717e-13
1.263113274539756312e-13
5.711624224223189278e-15
6.474649113845217875e-10
2.263450688597288562e-14
4.245687075071446700e-12
1.176749162249685666e-11
6.654293196436153097e-09
4.423258512208897727e-05
4.610755522708498260e-11
1.430723754681569082e-11
3.435339906087883904e-04
3.738013949621475610e-12
1.223400112599608776e-15
3.212556794137826557e-09
8.176512957325053839e-12
3.140437537430133538e-11
3.709896261046836942e-10
6.902233233025650190e-06
8.050296047382973945e-14
1.168771950527050875e-08
2.867366298055829506e-05
9.095288060491780404e-11
2.712445072048494006e-11
3.993674343584342979e-05
1.345145006583103310e-15
2.546395704536274308e-12
1.044273635402918047e-04
6.163940560119215636e-08
2.099552963774531537e-10
1.683952763506974547e-12
1.250102419941747944e-11
1.093184524628410723e-13
1.013406301397099305e-08
8.488184195620859199e-18
1.801797174307884900e-18
3.718067179407334061e-18
1.536026995182074646e-18
4.018547280406785087e-15
3.430177186455961747e-03
3.792422078249622451e-07
5.000294639958068688e-15
8.984213071703977833e-04
3.718590605736483791e-07
1.562545929797684420e-12
3.962506900138444791e-06
1.472143460781710289e-03
6.991063645372438920e-07
7.775736109356586232e-16
2.217363650907947272e-07
1.029587390126927648e-10
2.833447896980061531e-06
3.103816333064859002e-07
1.307725928271257878e-06
2.004906373574988196e-06
3.302494204143339657e-10
2.317473948837099377e-10
5.017664387417369691e-03
7.834536413003361623e-13
2.916754753008251649e-14
1.354165672914395322e-14
5.731362884064226953e-05
7.132757383298420593e-12
1.030547378042142856e-05
3.575573887194717787e-07
8.139300553945162071e-07
1.359170285157730071e-13
3.927149628829629012e-09
7.199585795910081100e-07
9.123328451219146418e-06
4.055334324617032214e-07
6.531369897570129634e-06
6.794674410397263352e-13
4.958502434884796882e-10
3.042322262462769933e-07
2.827152813436137227e-04
1.229362488248431075e-06
2.154219754754648689e-07
3.944966755473693675e-07
3.665973828647308451e-10
9.335122654914602291e-15
3.921761295544604571e-07
7.371423173895236477e-07
4.539927967855702003e-13
9.751324832354925713e-10
2.535564190016724384e-10
2.573422027579939653e-01
9.866601483881167790e-04
7.896913828564934890e-06
6.456793207907500666e-09
3.628067086074987800e-09
3.103968708981248539e-06
2.026339875815761194e-09
7.726959554566000194e-13
1.584606639357480030e-15
1.000000000000000072e-18
2.040108564043479344e-01
6.027484159717464785e-04
2.543830390311776331e-07
9.081271821594327429e-03
2.110184449699879454e-07
9.736431282450283141e-05
4.248002131131395934e-17
4.381856369704738469e-15
7.959961924425764839e-13
5.052298358097616600e-07
4.552941933743085269e-16
3.069697400392958083e-17
5.894863629460633803e-01
3.688702573104363962e-05
3.306934805358216096e-14
5.792531236424581445e-06
3.119040336776491736e-07
1.000000000000000072e-18
2.506062485855501791e-15
4.603928878886736789e-06
1.041623370899308142e-12
7.785996322214047420e-06
5.772417915935981192e-01
3.003300363294097515e-07
8.375070876213103636e-06
3.526822961387186539e-01
4.256859701310244442e-07
2.305911840190694474e-10
6.139885758607354067e-15
7.241019335390983518e-16
2.760800316445089289e-02
1.577147985027487666e-05
6.846154492317391131e-15
4.087295760541192327e-18
7.158970908895581996e-16
7.018543450439617574e-18
1.930324987232161223e-06
6.189361176466449322e-13
1.077034382668399723e-03
5.508003223619081543e-12
2.043902960947856709e-11
1.650029897650440606e-08
4.436013584020837377e-05
1.059036599291621236e-17
2.552900397732822096e-16
1.035583987575752377e-13
3.335697037435579335e-10
4.717173887810488281e-04
4.013940491186494925e-13
1.493304722428907223e-05
9.216243992420118534e-17
1.073882651428490473e-14
5.545146832489275649e-17
3.850510266774354040e-05
4.894346781752234934e-03
1.413072420130503638e-16
6.454304021099478393e-10
4.750974332684099882e-02
1.543999805368367027e-02
2.350410828609427529e-10
2.049741814135994404e-04
5.397554682340387254e-04
3.680970349311724798e-05
8.519951778537046951e-05
9.445194005625846290e-14
1.424727821585557798e-10
1.030304115199652884e-02
6.078341705661695859e-10
1.157188132479817881e-07
2.342288071123450920e-04
5.815920196402715302e-04
8.930864544782404797e-07
4.739091407497526788e-04
1.302794320099396316e-10
8.336361256311741623e-09
6.667983063704801139e-05
1.436208557527395563e-11
2.105034065200421707e-04
1.048615866804619182e-10
1.739595313984914233e-10
7.997563004368632358e-10
2.164670328081736740e-03
1.966444544029966312e-05
8.916404680684953580e-11
7.262998888913600607e-04
1.956578691073053636e-05
1.779648914306325487e-09
1.463003175040635705e-10
4.316343205036524480e-03
8.198693127421955085e-07
4.362167085070917693e-09
1.043998513722183839e-10
1.911638505117470483e-04
5.433562358104950928e-04
2.028572910715152611e-02
2.862084876053617385e-10
8.875421811572768483e-09
1.584479963718184474e-10
8.923805046279609398e-11
1.485133259619285350e-07
5.106478649254669647e-09
3.446153000928988742e-04
2.184073207968587597e-08
3.866541349427733379e-10
2.259001549123050653e-09
1.070575945311670869e-10
1.006719756656923064e-09
1.473254223674528431e-09
2.992342210495591688e-08
1.852854691492068671e-09
2.175156942067720107e-09
1.021260354892600396e-09
3.734062448245583445e-08
1.715204065897644246e-09
4.572384164069848232e-05
1.355209300841640713e-10
2.397858765904468759e-10
4.163479913118616732e-08
3.126970323436885387e-10
1.025434016965493337e-15
2.955450715163049753e-10
2.144232727725057221e-08
3.350061641506970472e-05
3.545488577993671358e-05
1.480419058347614083e-04
2.469707199574880719e-05
3.250268100946548163e-03
1.101583114551037543e-09
8.215888955209019903e-12
1.399271668290511181e-09
1.034186069450562924e-10
2.787697276971624530e-15
1.316308513091126946e-07
1.084963549967688349e-10
1.822446780405680535e-03
2.179939188635928848e-09
8.086406746292350772e-11
1.224188944590824608e-09
5.172657253450058619e-11
1.450247535579491090e-06
5.713598896756142569e-17
9.399105958203872391e-11
2.204316565411865603e-06
9.936677993730106191e-18
5.177149124378032335e-10
3.564544214274203716e-05
1.886266236931754934e-18
5.199640688231597872e-12
3.355062877844546675e-06
1.000000000000000072e-18
1.754504109745145336e-06
2.238502434476130196e-13
1.793447252856004491e-14
1.015494392096684362e-09
1.550012819115980556e-09
3.979827780335782635e-05
4.772713985647512083e-06
1.000000000000000072e-18
3.215234684052273973e-05
3.413744505381516349e-06
5.781399820656223207e-05
1.232007332297524896e-18
2.145240452114631056e-08
1.494964208465060257e-15
1.000000000000000072e-18
4.044037904874788326e-10
5.970417891832370551e-09
3.267631205955640222e-06
7.257000730127841537e-05
1.000000000000000072e-18
1.000000000000000072e-18
1.000000000000000072e-18
1.000000000000000072e-18
1.000000000000000072e-18
1.000000000000000072e-18
1.229407350256947462e-06
4.138341697391202510e-08
1.425623666820519266e-12
1.249632760824855535e-05
2.199675235422843173e-18
6.994478531105077673e-06
7.524997445596655343e-03
5.216724262087262865e-05
4.363562506836661211e-05
4.087098190633219605e-06
3.963750543073864822e-15
1.867213388088726378e-13
2.158014269045276783e-06
9.963588059796272193e-17
3.468910539186916035e-17
1.830128985511444711e-16
6.717717370583956563e-07
9.973098102187957840e-07
2.727474117694478837e-15
9.178222720403376466e-06
4.839657762631664947e-17
4.984209826135751267e-15
2.263136230289947929e-03
9.976307490377224802e-06
1.649362747871609098e-08
5.245450977171594343e-08
3.437750684945906064e-18
4.437153682318543133e-04
3.325325687006462205e-05
2.811959968675338453e-03
1.522084526134472711e-17
3.309317754515423981e-11
1.682663046369507739e-07
1.182791908482946216e-06
1.109163133991503420e-12
5.962727945326512289e-06
9.300174451897852472e-06
1.667026351789290145e-12
7.852655176419761013e-04
4.535465596848008217e-05
1.983019249653667720e-08
1.657292016822897001e-07
1.653875153721881160e-08
2.862985170034183700e-09
4.444053557524272572e-05
7.065351754297199559e-05
2.291605340133482335e-06
1.216624835946889411e-07
4.544204104590684974e-05
1.041916216368893224e-04
2.652308951324063944e-08
4.131239981989047677e-04
2.466831527106859846e-04
1.629734340427164681e-04
6.032240059215018015e-07
3.713563478472039370e-06
1.632798430329780597e-08
5.154747702182292522e-08
3.747091797359440845e-05
1.237949704061977747e-05
1.246705313291130862e-05
2.320770698891702535e-03
1.989151144467518738e-06
3.004262952977989744e-08
3.619218816142638715e-04
3.940562963472372193e-08
8.565170778676907911e-07
2.427671521341510494e-11
1.387549561998498058e-05
7.490800019278780716e-10
6.497328135465233347e-08
5.262133713564978845e-14
1.819118807304721704e-07
1.613736823730455762e-07
7.178518965588843261e-14
1.399644675740018457e-05
3.543665351228929407e-10
1.354016682676913738e-05
3.059057579754108275e-07
5.297652896566901077e-07
1.741726509923038243e-10
2.491847827832912840e-14
6.527696645950855308e-14
1.476971809010735422e-05
8.035999769651440587e-11
8.774800104255630376e-12
8.701960195843011914e-11
9.661600720555024826e-08
7.199696166240697597e-14
2.369403706612317124e-12
7.375927470804757282e-11
4.702200165061991657e-04
4.646328349765286095e-03
1.291012544177046759e-03
5.202070762294132297e-13
1.058402484183257198e-08
1.457335734059506463e-03
5.252858628052715743e-03
7.665098370925154477e-10
1.295294349127025322e-11
4.061507572772871766e-15
2.431376527387535959e-15
3.652873641999342487e-10
9.859223401366811065e-05
9.753026017044834523e-15
9.073569352746484908e-12
1.587866015580596648e-14
1.419541871688132401e-06
5.931442507292392641e-01
2.410668428485668183e-11
9.021483257790632388e-08
4.301695630508072660e-02
1.158673763012665458e-03
9.407088192912761715e-02
4.659241733858000140e-03
4.825313631574367314e-07
1.137654964328599689e-06
1.616841579689443832e-11
5.659577715990651343e-06
3.585896474643257999e-10
2.567655761600489780e-09
1.453083842320233854e-01
1.904622908112948394e-10
3.770722301878916635e-11
6.822315783374998865e-12
6.282469799939082366e-06
3.233736331022924764e-07
4.181234893698914957e-11
2.814498251499225249e-08
4.988770780386986596e-04
4.660557620865702776e-04
1.238307918089362956e-13
2.558178384403967843e-14
4.106826440087543482e-12
1.990426114963690668e-06
2.703421066510039387e-11
4.635980479183910916e-03
3.211226530107565672e-09
4.804418424748021881e-03
1.585318059489589783e-11
1.293729633707433815e-12
4.396209768238731672e-11
2.005474334984984635e-10
3.220013733613310376e-04
1.195017008944021835e-07
1.530804538430834332e-09
1.336196803804598884e-07
4.000648807356338617e-05
4.442770867599529078e-02
6.640708506412396333e-04
3.549720037809777712e-05
2.810057241644163559e-09
1.194640415534267355e-04
2.330705859571928938e-09
6.361018451188242245e-08
6.882095953788830581e-14
1.116008512238949552e-05
8.565595301027547356e-09
3.785311218856080440e-09
2.919734938596923763e-05
1.413026560163995382e-07
9.320339104194332844e-11
1.310476303494282095e-03
1.469116943383610582e-05
4.212611041758724291e-14
4.814527324057680701e-09
1.729732775430206895e-05
2.274202156354409796e-02
1.274224021608374015e-04
1.144342602759943766e-05
5.320836681692758306e-07
3.041919898187372970e-08
1.392725884556939095e-06
3.626545033407374534e-09
9.465438715742473272e-07
3.526184859337622540e-16
1.442364059836965444e-06
1.230038913330156975e-07
4.099432614651573891e-10
8.097154543630063345e-03
4.724011875786208634e-16
1.531731125074084379e-04
8.260475376968061163e-18
3.531943073547304288e-06
1.035583336837976208e-05
2.110987800916645438e-03
8.507655330042997524e-03
1.886480026685643341e-14
2.039358181371825923e-05
6.594557788842210168e-08
2.581497356514750752e-03
6.723837664201689706e-06
1.952194525412963289e-02
1.864819195729643621e-09
1.155577145027766053e-07
8.548444185252027284e-09
3.304046970904850728e-09
6.883260215899417079e-07
4.895636192023203673e-08
1.985440518864311886e-05
3.818231229577557541e-03
1.000000000000000072e-18
1.690967628987394972e-03
3.150907838790023324e-07
1.000000000000000072e-18
6.816110979584193066e-04
2.098180630705534704e-15
2.311542573189406335e-07
1.840508683904042442e-07
1.000000000000000072e-18
1.000000000000000072e-18
1.000000000000000072e-18
1.000000000000000072e-18
1.390947410147726345e-04
3.227864796283122169e-09
4.729566283627785915e-08
1.006049921637033689e-04
1.196581014886176440e-03
1.000000000000000072e-18
1.117895983983435790e-03
8.844382912664548073e-05
4.944916701661026801e-15
6.444485282092631162e-06
4.563414897192798449e-13
4.177433179184392697e-09
2.606618205053051458e-16
1.849567435350459134e-14
1.573140576289007344e-05
1.000000000000000072e-18
7.761040297681629439e-16
2.911389278648143840e-13
1.000000000000000072e-18
1.000000000000000072e-18
1.000000000000000072e-18
1.000000000000000072e-18
2.560875357182301020e-09
8.751455893234994170e-08
3.326075801622810138e-09
5.661245986349138145e-07
1.032347376084159805e-17
9.367481922637086401e-09
3.049677872638551337e-07
1.991881526949997220e-05
1.674244330921922930e-16
1.000000000000000072e-18
1.000000000000000072e-18
9.038557366066379828e-02
1.000000000000000072e-18
8.599118221990127406e-07
5.103174404029342786e-09
1.000000000000000072e-18
6.297526757207261864e-11
3.010618249477244596e-14
1.548740274834789400e-15
1.883169863969646010e-04
5.690941343776780913e-09
5.152454771986770117e-15
1.135011034724903438e-06
8.499807228782615802e-05
3.337411422789317044e-08
1.975024905309380399e-14
1.182412390567944716e-18
8.956654711638182447e-06
2.790721752073885778e-07
7.155224442974305544e-14
2.257276856704067667e-04
8.869761867155780866e-09
2.393709634074270846e-14
3.320703132948496465e-08
7.601954380578913794e-09
1.000000000000000072e-18
5.635281995775262235e-07
9.675069480786223187e-08
4.964656943961289489e-09
2.414617343252157952e-07
4.406091623074247157e-09
5.156915191403956169e-08
1.307731847066160897e-06
1.950997320575089541e-11
5.143164225398134389e-09
1.252342052323099853e-14
1.993196782343222566e-13
7.902300440021146758e-15
1.235354861193100972e-06
2.033006923403995600e-11
3.334919476734709561e-06
5.812153611389670252e-03
1.177730914770344085e-08
2.761972530637549485e-09
1.553155661135648198e-09
1.906898289504327382e-02
2.325083079424418680e-04
8.806838212575256869e-03
6.099595398193744010e-06
3.378163270467873759e-09
4.119702934755241078e-09
3.759958309108401901e-09
3.069106125823130703e-09
6.698517347840766738e-09
1.778729800074619285e-11
1.204044708482534016e-10
5.867996997145715976e-10
6.245417183862694383e-09
7.642831165925520064e-06
6.501463651615781035e-08
2.242671778884206807e-10
1.571754825995946695e-07
6.569087365049989270e-09
9.695484719182304358e-12
6.390752764282809097e-06
4.635572764907710799e-09
7.429968841279084621e-09
5.367424899724560053e-05
1.256113259924663040e-08
3.777331763090327460e-08
1.335678218169483829e-07
4.820532414558294863e-09
5.475050109089128048e-09
1.391426488654216331e-09
2.617443545976011894e-09
2.581170249139320814e-09
6.603447327594562375e-09
1.926204342398132180e-02
1.525378176662662445e-10
6.815502680483243722e-07
8.592500945268051875e-06
9.698889388325579951e-05
8.801976780988768345e-02
2.734602071103085091e-02
4.029865865713856897e-08
1.018408155147817813e-07
4.038166383851881995e-11
3.453314426063836344e-11
2.368616920663038289e-05
7.393502830449251789e-07
1.499348533110428706e-06
2.355440230676918577e-09
2.566933493926282139e-10
1.367672906608264051e-08
3.980164607869964878e-03
3.031214893917792396e-06
1.438940665351755126e-02
2.446311497284912469e-09
5.963292590804540834e-09
2.570083903395076366e-10
6.054266104704232792e-07
8.045834945880473948e-06
4.116036923927717998e-12
1.340791687294610963e-12
1.270214507461356402e-12
5.626390535378069345e-03
9.636811471649779132e-09
1.519693854491959041e-06
3.015068837903389518e-06
1.181337040657678947e-05
3.687703407012116350e-13
2.810377467867196239e-14
1.817563400170465462e-03
6.558494265369909055e-07
3.080541664302996738e-06
3.058076332661441073e-12
4.229630982848668809e-05
2.944806358761213287e-09
3.081022749105090070e-09
6.007330974990102721e-04
2.511005191109636631e-02
7.465812492050746818e-02
3.802085837851450820e-06
7.833748967933572951e-07
1.772547798808112642e-05
1.495321664727257284e-05
2.449680485898086688e-13
2.709705575864102683e-03
5.628666343497112229e-02
4.955347614219246202e-14
3.880957926752670488e-16
1.114687881496415360e-04
4.813063200890721360e-15
1.041083189944442052e-05
1.000000000000000072e-18
1.991546905866288143e-18
3.393720852402275017e-18
1.000000000000000072e-18
2.690071242163222776e-14
6.133477136993870225e-10
4.264903710745741120e-13
2.198014859873269644e-08
4.036309192452707195e-05
1.323953754282953797e-06
3.938475084452075710e-12
3.670767927296409620e-14
9.604969445144576201e-07
8.972404191942754227e-15
2.381857101158783852e-03
1.050087336826210878e-13
1.492225386129601748e-13
5.689186372449397308e-12
5.561756090840782110e-05
7.729339174279358362e-08
3.528565189279166125e-03
1.135066696386842982e-07
4.107196621271548553e-02
6.941816665493678030e-08
6.481275469454671079e-12
6.872522700692401090e-13
1.058011327744726751e-07
1.716918542545483857e-04
6.942690333788039289e-08
2.643916903499943743e-07
3.861058596151177255e-05
2.073453125198815396e-06
4.481551610524621730e-05
7.219420907686543706e-07
1.008532234964109791e-08
1.942486426704024435e-07
1.109219869936570342e-06
1.542564876965876616e-07
1.871992775426563652e-06
3.033333532375780680e-07
1.200487998102734947e-07
6.607930091248753113e-06
9.464402735053002915e-08
4.147722741605814229e-05
4.238638468223244749e-01
4.987940056942302171e-03
2.529028736044381942e-01
5.308532989503898097e-02
6.497806931095299887e-03
9.247290091348380203e-01
2.534923464156907391e-01
3.607971960694698589e-05
7.112248020925147074e-01
3.067086194895696782e-01
1.392376921925938919e-02
2.165733437744993273e-01
1.256790370044971675e-05
7.086615868826432463e-01
1.784652213959556089e-01
3.285651065258373693e-01
5.421355971163399623e-01
5.230657486613487020e-03
5.654029936161730774e-02
6.261798532295642650e-01
9.611506688315690259e-09
3.862570795153039924e-07
5.366138242332041430e-05
3.875831941369924372e-01
1.944412282000454462e-02
7.028806824350170013e-03
9.294937913011273034e-01
2.741004328238547897e-03
3.332110179464269940e-03
4.613539242456266704e-03
3.592744710029674438e-01
2.437000021302720421e-01
6.256984412379755717e-04
8.458660006842286805e-01
1.033806402980645689e-02
1.519607223860608101e-18
4.695807851683607703e-01
1.035873956443621319e-01
2.061985973570458312e-03
7.258028047526277060e-01
8.133126713025045085e-01
3.889994683989138058e-01
1.908569398008486823e-02
1.494188394883123328e-01
1.741617138746934082e-06
6.442546433208756751e-01
1.902267087905912387e-03
5.771190098528654611e-01
8.760050113422691506e-03
3.232401279765856512e-03
6.918339316884640766e-01
2.031016397946830698e-01
1.994292090723913998e-03
7.184596218722354433e-01
3.425534558852914579e-01
5.256359233573416612e-01
1.003721933138101118e-02
4.712282405640928762e-02
5.524499186462242944e-02
1.411164027250976782e-01
3.332903203453698674e-03
6.917192992056157008e-01
2.349035472506564859e-01
4.462565878975928435e-03
3.175815094964572899e-02
9.487287813070253983e-03
7.776656128803819019e-03
4.244054219655658128e-02
9.011974974745070588e-01
1.561416349987524432e-01
4.519063050315513808e-01
4.534536868789829827e-04
2.751826455879473610e-01
6.708681924497831781e-03
1.549816926716436893e-01
5.127775734806820640e-02
1.085512287297791569e-02
4.749914756062090238e-02
1.839995737613310794e-03
2.456520215126477835e-01
8.187573968781652889e-01
5.082457865994154389e-01
2.094772655700269035e-02
1.807443951972933713e-02
1.666597453750583895e-03
1.201972761488242407e-03
7.616176463881048075e-01
2.330522708065610182e-01
1.357476868932842307e-01
5.186004309964867831e-01
1.567805620284608639e-02
7.101066710478697031e-02
4.219647150931973845e-01
1.000000000000000072e-18
4.837009756853119774e-07
3.714380868111546389e-03
1.506448641540526941e-04
2.684564209552956493e-01
1.091395844634839441e-04
4.458479766086760111e-04
1.440893636326586342e-05
3.855439802301268148e-01
5.000587452315095882e-04
3.686999129068357917e-02
3.043400921570584906e-05
2.540224724203254004e-03
4.985276856278518217e-04
7.036449051647537117e-04
2.410628657486919152e-02
5.515850955526234835e-04
4.166083840004349990e-05
1.566521676685860009e-02
4.029461831744345773e-02
2.268876360060963909e-02
2.817580371025704277e-04
7.425013458622008698e-05
4.498525673648250024e-11
1.734363971312401003e-03
7.764652347295878387e-01
2.588627985621661520e-01
9.031279953740464217e-01
5.199044721660592283e-03
7.182796554879259700e-03
7.961360458774949245e-02
5.338192524936360983e-02
2.332171781337007838e-02
7.495686102074214374e-02
6.342643071428688724e-03
4.590058763610091659e-04
6.820056710702572245e-01
1.662803249443939729e-06
4.455259555367958868e-02
4.599484667527226067e-02
2.150509103034677679e-03
6.263812499344758589e-01
5.717891693217224125e-01
6.852703761941100202e-01
4.831482333876430807e-02
5.801328357757527587e-05
5.982327281037676248e-02
3.091997377596801197e-02
5.045412213664162149e-01
3.583328266887033514e-03
1.134334397966638673e-03
5.558310776671331055e-02
3.958719861984461540e-03
8.834363510273271491e-02
1.632402894366761711e-02
6.922408659537265807e-01
2.296066874822190582e-04
1.175553175468231903e-01
4.190659623615199635e-03
1.000000000000000072e-18
4.132347647273493241e-01
8.894640761449278945e-05
1.955507750648587117e-02
2.073246095872186001e-03
1.508768083078824707e-01
3.901483753620946238e-01
1.758854226423454611e-02
2.537365575039585847e-02
3.337856780830939559e-03
6.581411199498036213e-01
6.319102675382021195e-01
6.407717231847986916e-01
9.013914384201335284e-02
6.415573271158579033e-04
5.196536447738199678e-04
7.611618741014716805e-02
1.438270180071343773e-01
2.154312284295143154e-01
7.343476980088587964e-05
2.442606586616944131e-01
2.589131870014865777e-02
9.125613127162381100e-02
3.064870996139047255e-04
6.012950610954839042e-02
1.900595755700709041e-05
9.604713592519714682e-01
9.935849645631694010e-03
1.241076833160792009e-01
5.608543454665808614e-01
3.932069622015355324e-05
2.399479415229647476e-03
1.227510335487701167e-04
7.155106035186541424e-01
2.294975875046073566e-04
6.902638925448530138e-02
7.016483752216524496e-07
2.037536002698012813e-18
1.610427154664420268e-01
2.344728745741219977e-01
5.417445705952038670e-01
9.684815334578582569e-01
2.929017982814517175e-03
7.622458507477035405e-02
1.020623426677005618e-01
2.949692702279807944e-04
4.860951135628855391e-01
1.000000000000000072e-18
