1.000000000000000072e-18
1.000000000000000072e-18
1.000000000000000072e-18
1.000000000000000072e-18
1.000000000000000072e-18
1.000000000000000072e-18
1.000000000000000072e-18
1.000000000000000072e-18
1.000000000000000072e-18
1.000000000000000072e-18
1.000000000000000072e-18
1.000000000000000072e-18
1.000000000000000072e-18
1.000000000000000072e-18
1.000000000000000072e-18
1.000000000000000072e-18
1.000000000000000072e-18
1.000000000000000072e-18
1.000000000000000072e-18
1.000000000000000072e-18
1.000000000000000072e-18
1.000000000000000072e-18
1.000000000000000072e-18
1.000000000000000072e-18
1.000000000000000072e-18
1.000000000000000072e-18
1.000000000000000072e-18
1.000000000000000072e-18
1.000000000000000072e-18
1.000000000000000072e-18
4.902481136737530136e-04
1.000000000000000072e-18
1.000000000000000072e-18
1.509894912344353190e-18
5.000296987753372578e-03
1.000000000000000072e-18
1.000000000000000072e-18
1.000000000000000072e-18
1.000000000000000072e-18
1.000000000000000072e-18
1.000000000000000072e-18
1.000000000000000072e-18
1.000000000000000072e-18
1.000000000000000072e-18
1.000000000000000072e-18
1.000000000000000072e-18
1.000000000000000072e-18
1.000000000000000072e-18
4.859245674536793925e-08
1.000000000000000072e-18
1.000000000000000072e-18
2.125761276439026158e-09
1.000000000000000072e-18
1.000000000000000072e-18
1.000000000000000072e-18
1.000000000000000072e-18
1.000000000000000072e-18
1.000000000000000072e-18
1.000000000000000072e-18
1.000000000000000072e-18
1.000000000000000072e-18
1.000000000000000072e-18
1.000000000000000072e-18
1.000000000000000072e-18
1.000000000000000072e-18
2.323747740945774886e-05
1.705643941950570673e-18
1.000000000000000072e-18
1.000000000000000072e-18
3.636846343253255249e-04
1.000000000000000072e-18
1.000000000000000072e-18
1.000000000000000072e-18
1.000000000000000072e-18
1.000000000000000072e-18
1.000000000000000072e-18
1.000000000000000072e-18
1.000000000000000072e-18
1.000000000000000072e-18
1.000000000000000072e-18
1.000000000000000072e-18
1.000000000000000072e-18
1.000000000000000072e-18
1.000000000000000072e-18
1.000000000000000072e-18
1.000000000000000072e-18
1.000000000000000072e-18
1.000000000000000072e-18
1.000000000000000072e-18
1.000000000000000072e-18
1.000000000000000072e-18
1.000000000000000072e-18
1.000000000000000072e-18
1.000000000000000072e-18
1.000000000000000072e-18
1.000000000000000072e-18
1.000000000000000072e-18
1.000000000000000072e-18
1.000000000000000072e-18
1.000000000000000072e-18
1.000000000000000072e-18
1.000000000000000072e-18
1.000000000000000072e-18
1.000000000000000072e-18
5.484766094628066250e-10
1.314762128219983726e-08
1.000000000000000072e-18
1.334650830654461602e-17
2.304842646378671427e-06
2.073546153318367766e-07
8.661915841621936691e-06
9.981555952533586929e-08
1.000000000000000072e-18
2.170894361050400685e-05
1.000000000000000072e-18
2.180144841900538019e-17
1.768176470720322588e-17
1.055295447833355729e-07
2.272105645541911205e-06
1.758597165176548848e-07
3.654461874103733045e-06
1.297534233835008453e-10
1.077192409179557707e-08
1.036244184810400134e-10
1.515450711901949659e-06
7.409165431691030443e-06
1.000000000000000072e-18
1.197954454573512258e-07
1.000000000000000072e-18
6.883422423944673611e-09
1.000000000000000072e-18
1.000000000000000072e-18
1.000000000000000072e-18
1.530761748162352210e-05
1.000000000000000072e-18
7.767798460053691777e-04
1.000000000000000072e-18
1.000000000000000072e-18
2.591257329445137813e-07
1.076898571006011594e-09
1.447314044341084795e-10
3.487295423466054117e-07
8.708161307895366717e-14
1.000000000000000072e-18
1.000000000000000072e-18
1.000000000000000072e-18
1.273786944050726724e-08
1.000000000000000072e-18
1.621097873279766847e-08
4.575739291956169527e-04
2.556920247062902682e-14
4.217484066712587877e-11
3.420125740648272284e-13
1.111251616775727340e-13
2.104505177640489487e-13
1.438211435426073229e-13
8.430980448938380002e-06
1.362196285948427609e-05
4.760241359647311016e-07
1.825259853658262922e-04
4.182574861488970922e-13
3.484429915036342558e-10
2.947316952247206505e-09
2.110599548810862204e-10
2.710243491683023706e-05
1.792489079612431327e-05
9.458820264002609962e-12
1.042573438208967186e-08
5.555750536715947195e-08
5.621367430574879960e-16
1.135552294558624387e-13
1.094485995178785981e-13
2.025505588446177007e-06
6.947375495937457433e-05
4.703829498486958825e-04
4.669786395497574729e-06
2.491680010795452617e-10
8.812117525249545885e-07
3.727930004368391150e-12
2.086581861577152330e-08
4.703946379819996507e-11
1.306006857237687620e-10
1.482255175809228974e-07
2.284575582394632929e-08
2.521181941707839806e-14
2.681072435384405106e-13
2.578232181180261195e-14
1.485065116735411308e-03
2.754774927753025342e-11
1.677797583968414199e-09
1.136924329254323619e-11
6.149996994160295308e-08
3.816379379108041014e-07
1.118869626040832738e-07
1.407530893234516492e-07
1.257859300737638204e-11
1.439546980017220285e-06
5.723300783717081704e-10
1.140061400016786891e-11
9.466805358881951862e-12
8.365624278076932464e-04
1.255496694344715508e-13
3.691163614134651829e-06
1.636522403354570727e-03
2.454422676012064930e-02
5.652560297815774856e-08
1.366831156741529364e-13
1.202042947181405773e-13
1.536258707592349260e-15
2.009416600839276140e-11
4.895984666337898905e-15
2.125080333197961933e-12
2.165392297159227234e-11
1.165033561435430956e-08
6.358975100107310083e-05
8.464343461010154577e-11
6.043976540147570357e-12
1.773588770192986372e-07
1.905687892185229470e-12
4.164999607252714397e-16
5.665563688079017912e-09
1.503923168350457718e-11
5.670834871567101794e-11
6.727111975670579353e-10
8.720551518797689982e-07
1.414572817064890351e-14
1.812796379338237715e-10
1.459949362642736550e-06
1.635399968592394278e-10
4.986893796524696199e-11
6.689200321033966410e-05
2.467761052448182782e-15
1.373362741585134531e-12
8.947969872382953765e-08
6.142419800088928854e-10
6.236072490449282510e-11
3.067438365873203327e-12
2.300398791698004333e-11
2.001282817190311416e-13
1.767463925889422919e-08
1.057040169086059623e-17
2.012237691338465781e-18
3.027339579684655841e-18
1.564707493362332752e-18
3.981189601777399451e-15
4.862962099568921871e-03
7.406316538861441074e-08
4.881175487813656413e-15
1.322241335648720447e-03
5.571994435010534769e-07
2.245880175458939250e-12
6.135342600525643972e-06
2.229083683483403314e-03
1.030607745529598894e-07
8.580313822346400192e-16
6.377960459201365296e-08
1.509333540116665295e-10
4.126951769807533575e-06
4.836365473210843850e-07
1.918728032018665202e-06
9.491184320970626911e-08
1.196239068619798576e-10
8.777288535040862496e-11
5.630747582392787133e-06
1.121975384325017261e-12
4.093317345335646772e-14
1.889651030919665779e-14
8.094563688919655141e-05
3.927127688693915991e-12
2.240378419667019901e-07
7.203589853856402014e-08
1.126278614861900228e-07
1.926926009794821341e-13
5.849993010992537685e-09
1.090344097785958424e-06
1.475967753240250045e-05
6.277755870444439313e-07
1.053254522333120152e-05
9.723063981127079313e-13
7.319186284733866764e-10
6.724455121308495851e-08
8.820582394204932682e-05
7.081393926846858000e-08
6.490728356145747754e-08
5.882595946428591603e-07
5.404169918174039141e-10
1.441926214182725779e-14
5.891595469617720406e-07
7.517022502089273902e-09
3.895425044781950384e-14
2.992339154492797393e-11
9.478972926947732482e-12
1.910779044752513589e-01
1.334232061755966960e-03
1.203397335070432017e-05
9.639907537460320869e-09
9.112170033711221462e-11
3.079168426881688471e-07
5.567386836188193130e-11
6.217794259919009021e-14
2.459853070828792812e-15
1.407466172335973207e-18
2.243017616694342187e-01
8.828537651588796824e-04
6.367844928241643855e-08
3.263226206779317774e-03
6.685125847114230768e-08
1.014474095164704216e-06
6.655346351215435397e-17
6.783076684780396481e-15
1.210897362082245227e-12
7.495389735553733585e-07
8.262214816306665038e-17
7.172323351299448239e-18
3.845100000073378970e-04
6.186063559110658501e-07
5.088328974343738664e-14
8.836935874605095296e-06
4.856420898929568044e-07
1.000000000000000072e-18
3.832913984637811543e-16
2.670089054305452110e-07
8.081553879304064223e-14
3.054353183958380016e-07
3.795083256202034616e-04
1.457833779780519972e-07
3.136287065983611745e-07
2.801289637481839444e-04
6.335111867198347247e-07
3.390191731058171220e-10
9.495364560088944564e-15
1.126397625924912546e-15
1.758012650916421660e-03
2.662541214157359204e-05
1.187173209770653024e-14
7.230352674656015907e-18
8.088462747849047473e-16
1.042656798755302896e-17
4.744343695102505169e-08
3.339241083560438473e-13
1.810895952320935951e-03
9.043836488865494605e-12
3.286254325882077910e-11
2.892863180637589386e-08
4.606183267782459830e-06
1.545548296773496010e-17
3.112263953789730081e-16
7.076882906055187802e-14
5.910533115742747371e-10
8.175349446172101592e-04
6.784871031237963004e-13
2.546046299688085543e-05
1.200526924034825790e-16
9.493924151817236842e-15
7.442324874328477587e-17
4.828994345561111871e-06
5.507449906511500612e-03
2.482539719503899730e-16
9.454985444793792678e-10
6.232783376655643510e-05
5.504935883814244743e-03
4.749259743806881868e-11
8.668273118713588602e-07
1.222639492046705370e-05
5.496141381856889724e-06
2.391663668052230161e-05
6.528475403699023348e-14
1.094656940428462046e-10
6.583375489986892024e-03
1.078224319212869856e-09
1.990867090956444899e-07
2.153233413333803005e-04
8.103930412757927860e-06
2.738453592410977971e-08
1.121813667170083585e-05
1.018522676629264528e-10
1.065177580570279129e-08
1.028703065262735571e-04
2.323545008845760814e-11
3.405016716249917850e-04
8.642105339584205179e-11
1.291238084517018938e-10
4.870075070015879758e-10
1.036724121591011663e-04
3.438899609961644949e-05
1.524692898431425499e-10
1.023192993755299429e-03
3.421589012396688846e-05
1.563630995758476122e-09
1.118595445690134435e-10
1.488369013165103142e-03
1.152232427474242052e-06
4.894849832009529186e-09
1.824365162166073480e-10
6.773953067126640710e-05
2.167412231725262937e-05
3.301356792612425049e-05
3.043488200805243832e-10
1.101776104010066363e-08
1.600873928925674629e-10
1.540928547342387419e-10
1.135081225513070693e-07
5.597753257779267046e-09
3.048942139968273911e-05
1.533256543874350487e-08
3.796682825581669721e-10
2.668989047890588119e-09
1.178944446456333633e-10
1.468181944195632274e-09
1.908458534959720474e-09
2.848186190218679805e-08
2.456092639005431241e-09
2.827392682769744840e-09
1.579560361540458272e-09
3.454063487465469219e-08
2.181425663527087881e-09
7.802372092860854007e-05
1.343759494410455292e-10
2.440229830763733509e-10
5.420895661689157268e-08
3.118712674191385872e-10
1.111182945423116103e-15
3.804670558814110309e-10
1.101741817203439954e-08
4.902899857590372040e-05
5.877191410034788871e-05
2.217797070358369334e-04
4.121149791173398772e-05
1.390166821002139291e-03
1.574302585897383503e-09
1.226892626546695163e-11
2.233784342573827496e-09
1.227671907942508364e-10
2.980824764284205875e-15
2.313986883123984824e-07
1.296931946232689744e-10
2.361041154163348674e-03
2.832861459178418539e-09
1.185059597053895505e-10
1.717720075837180153e-09
4.347050926377888495e-11
1.510603059000251324e-06
6.401515820163042857e-17
1.067909775307040259e-10
3.872664946882442205e-06
1.601600686985368760e-17
7.459040959648799436e-10
4.313836573849471234e-05
2.182866266384067521e-18
4.758480986294170899e-12
3.994522445741741285e-06
1.000000000000000072e-18
3.087613718449583792e-06
3.429101523182456468e-13
2.789615997278875749e-14
1.568987479138362683e-09
2.168030101040735940e-09
3.028128517295320437e-06
4.536777527086926359e-07
1.000000000000000072e-18
4.787334609736321894e-05
5.970934847477273173e-06
7.449128394847596740e-05
2.001403219091254482e-18
3.454511089463102864e-08
1.612059352370714698e-15
1.000000000000000072e-18
5.293487571228891177e-10
1.003774491679959490e-08
5.718337545838147663e-06
8.657215812832561627e-05
1.000000000000000072e-18
1.000000000000000072e-18
1.000000000000000072e-18
1.000000000000000072e-18
1.000000000000000072e-18
1.000000000000000072e-18
2.069554855489559509e-06
5.783439552791270579e-08
2.397908000825068116e-12
2.629423172276260181e-06
1.000000000000000072e-18
3.910584586185084615e-07
1.513863629873077636e-05
1.345310391743679765e-05
3.028282227385708277e-05
6.848506632317191893e-06
6.674510005381982682e-15
4.827741477604707363e-14
2.097199243077076523e-06
3.807808476678990148e-17
1.390006087501639826e-17
3.071360917178931352e-16
5.763700346861556981e-07
1.518971849958519039e-06
4.591191965023117573e-15
4.192470158167442900e-07
1.910834181777130950e-17
1.574408961858363484e-15
6.588226527355472420e-04
1.478988553087039271e-05
2.561398739941051095e-08
7.141082667623208280e-08
5.738371787812934833e-18
7.562372349146773544e-05
1.476946529399313045e-06
1.980835356888073053e-06
6.321815496553199272e-18
5.486938068218465067e-11
2.810054220109180590e-07
1.989746582610130089e-06
1.866536711508683370e-12
3.774223561108596430e-07
8.071940935633255073e-06
3.769269967769774046e-13
1.547594198091413845e-06
5.392536410576118967e-05
3.244707999649980013e-08
2.768548051094290407e-07
2.567013618231256370e-08
3.683629294650901956e-10
2.984025227770062074e-05
3.756382019301953523e-06
2.866184817974946844e-06
2.042282694904178527e-07
3.909977665758591973e-05
6.867935336158896976e-05
4.394396013677991937e-08
1.955247833946912738e-04
3.342230232058256227e-05
1.029073769643125915e-06
9.931968454060396063e-07
4.328398266609073642e-06
2.625620286411938043e-08
7.031492505929788868e-08
4.704027416095536880e-05
2.972563024356522780e-06
3.141570776851751340e-06
1.131053266692064782e-05
3.158239386935133730e-06
3.982227626844283917e-08
2.624342993784006795e-04
6.591708120964986254e-08
6.846796500855708300e-07
2.961726282995255911e-11
1.119060833528218088e-05
1.154356467861746310e-09
1.091885135382831575e-07
8.120471804745387712e-14
2.323009065211998996e-07
1.885557217085101897e-07
1.105169651144680870e-13
1.988726742311352808e-05
5.297240140741740717e-10
2.148010749246093419e-05
5.097847134095760050e-07
8.429599095806239990e-07
2.493158403582920941e-10
3.867173426700711792e-14
1.005700021737888663e-13
2.238021994850667518e-06
1.033283176551799310e-10
1.046739097830130938e-11
1.179540515295400736e-10
1.623857389182060139e-07
7.452321552213466639e-14
2.740074562476957552e-12
9.332470453443872669e-11
2.847037204153145089e-04
2.564615492710949421e-03
4.280926405058992209e-05
8.700140410291268589e-13
1.596022583545492758e-08
7.106515895515108780e-04
3.858767681565712648e-03
1.212770657577058309e-09
1.302939813794214130e-12
1.103153105155108811e-15
7.016085307625757089e-16
3.167378283278658018e-10
3.090851541372460396e-08
2.395397327546614897e-15
9.616987726052078520e-13
3.690271970870842831e-15
1.829844057131796294e-06
1.118499174057660251e-04
3.962073581993335908e-11
1.286976272398939207e-07
6.338909052665922831e-04
7.398807150627247954e-04
1.212922360435439808e-04
2.609102526129908166e-03
5.344172100550831823e-08
3.126295775574395444e-07
1.573199126324477821e-12
2.431955627774678803e-07
2.973858316955155577e-10
3.983083151677814311e-09
1.190333649524243976e-04
3.069277262542835268e-10
3.214677601534525068e-12
7.533203021220405168e-13
5.959815514063632972e-07
2.213709581015015568e-07
4.127173635242971290e-11
4.146603826147223606e-08
2.424624870344413517e-04
2.940940474304890679e-04
3.854834423809365015e-14
6.335117938080832230e-15
1.968465439994211862e-12
1.029050310774642606e-07
2.753839174050852894e-11
1.667250541484187028e-03
2.135296060386593286e-09
1.438238884396412327e-03
8.964936142320799480e-12
5.397008033704999474e-13
2.831872705335576749e-11
1.280846469052565867e-11
4.758166163189321953e-04
1.529629912687131674e-07
2.371807310872348099e-09
1.727887087790088422e-07
7.155616608121170013e-07
2.881914261894032107e-07
4.490534114865620355e-07
7.330241759650670276e-07
4.383393514900030819e-09
7.140369954585434279e-05
3.628165571961905951e-09
1.024317468338076184e-07
3.165588347885883276e-15
1.786627170211443541e-05
1.941341049831733536e-10
5.818352740193502131e-11
2.221886578761195894e-05
1.833680718809556877e-07
1.395773402786952820e-10
2.073368813620610034e-03
3.098265981158176410e-06
2.106008454119314463e-15
8.609121045018003065e-11
2.417547689227963486e-06
1.263051405652330927e-02
2.024219419158567726e-04
1.438897769400585171e-05
5.906455512935065177e-07
9.974693155572002535e-10
3.358408700825330815e-09
5.370543887523636602e-11
1.725757169509781183e-09
4.734189876597562592e-16
1.977693263992733150e-06
1.579742353236305512e-07
4.870217269187700986e-10
5.346736954855436567e-07
1.250309599713738455e-18
5.114721127573555239e-06
1.000000000000000072e-18
4.708960518374700556e-06
1.308258956532966274e-05
5.147902008136122625e-04
1.224315560551129771e-02
3.074753422746762858e-17
1.271613288449035411e-08
2.165794514408803031e-10
8.278891737095143969e-09
6.097991470122179921e-06
2.612601561148052837e-02
2.138029217167852022e-09
1.445376419281889358e-07
5.148100288872335055e-11
4.340050203728943676e-11
5.980171867060874560e-10
1.739326115192741864e-10
1.807172341720198628e-07
1.541284569491459738e-06
1.000000000000000072e-18
1.177268521937747496e-05
4.202219494279369428e-07
1.000000000000000072e-18
1.050460667373277323e-03
2.795401969391885336e-15
2.711294162223085804e-07
2.416984220687553521e-07
1.000000000000000072e-18
1.000000000000000072e-18
1.000000000000000072e-18
1.000000000000000072e-18
4.491061438017915816e-08
3.713601758309018155e-11
1.695868717809714756e-10
2.554620307802632053e-06
1.194349440021183118e-05
1.000000000000000072e-18
1.652069728661647446e-03
9.694443638286158048e-05
6.561391475834747801e-15
8.962663399713192923e-06
4.691051891382077431e-16
6.888379751598487472e-11
1.000000000000000072e-18
3.022830730789556603e-17
2.218523993611678363e-05
1.000000000000000072e-18
1.038565422245411579e-15
3.771604651019572466e-13
1.000000000000000072e-18
1.000000000000000072e-18
1.000000000000000072e-18
1.000000000000000072e-18
5.588224665083097283e-10
8.737130348236449390e-09
6.955247326804511382e-10
3.203153757369609135e-07
1.000000000000000072e-18
8.967473400460548781e-11
5.014000050933878298e-11
2.152447672129016928e-08
1.000000000000000072e-18
1.000000000000000072e-18
1.000000000000000072e-18
6.982506997208526098e-07
1.000000000000000072e-18
5.867765031154127234e-07
9.910004952277855052e-10
1.000000000000000072e-18
5.672651502198500236e-14
8.553565371046332597e-17
6.453141783935975697e-18
8.322542364147686265e-08
4.396229431745536351e-09
2.952700003289106277e-15
1.684297051888071810e-06
1.207384771160468747e-04
2.092238415419286350e-10
5.935932597904723583e-17
1.000000000000000072e-18
1.762452855311517386e-08
4.014048172153972869e-07
3.707147766388376012e-14
1.475174818846476134e-04
7.695978638136758167e-09
7.012658798983505947e-17
9.071093568810901692e-12
7.982960955457512275e-11
1.000000000000000072e-18
3.174822120274730223e-07
1.956958979918213094e-08
3.658832269705243545e-09
3.885618964464213186e-08
7.280740571111591500e-11
2.495066113055373147e-09
1.483774209133260378e-10
2.133996379917756583e-14
3.840345783639148533e-09
6.952757398170053594e-15
9.865131335642679284e-14
4.461106907497704999e-15
3.039479534421699039e-09
2.208859135545907209e-14
6.263842984760300959e-09
2.899358648948415905e-08
4.091035113397725741e-09
2.104360411912970068e-09
1.310916142931711547e-09
4.646367503608923866e-04
8.628835072237117339e-05
1.919681552923715224e-07
8.324358275970609362e-07
7.591124779161758677e-11
2.134149982993081114e-09
2.279817402721030571e-09
2.294070033286956070e-09
4.332017779966529515e-09
9.827807608947916146e-13
4.744383147739504234e-12
1.780024598729452429e-11
1.582504612496752372e-10
4.712412380521736502e-07
2.690296361949684662e-08
2.592136642050703501e-10
2.817545445311036713e-08
1.708546118904031279e-10
6.072712418654372048e-13
1.832033091522841413e-08
9.349300679631273484e-11
2.970011540570342685e-09
1.696512855982188829e-06
4.284432382119183494e-09
9.653683468448732417e-09
7.966028130238578935e-09
6.816336938102106487e-11
6.935408384483123458e-11
3.650439774091714061e-11
2.013693254346945896e-09
1.990788052573468598e-09
2.748302346824096737e-09
1.058853789386262663e-04
4.684428839996883573e-11
8.253076133888241680e-07
5.009260632655317171e-06
1.383690874721581817e-04
1.029355811410039290e-01
6.736923433220364660e-03
5.962171230319340890e-08
1.199109599004566960e-07
1.005571270649809877e-11
8.382700208980697416e-12
1.728283427089867819e-06
8.564208418478166333e-07
1.439759429620521371e-06
3.267657905335179311e-09
3.776872290984454399e-10
1.779560454145177808e-08
4.447239377209191366e-03
4.365729650187772128e-06
6.148415459192075813e-03
3.652495788261432216e-09
1.481073366885879806e-10
8.566718047151621411e-11
7.763674755035621017e-07
3.632967598957670883e-06
6.172012743996641429e-12
2.008090991284155759e-12
1.902252414783753257e-12
7.659345608757324843e-04
2.153199417981460020e-10
1.997846621919882636e-06
1.066617057682374636e-06
3.158446196566740197e-07
5.511892807746664833e-13
4.175892219367938309e-14
4.015810850857401328e-04
9.558610656819696611e-07
4.135090159710069413e-07
2.413124309980099061e-13
1.375165420460585290e-06
1.495062804410410050e-09
4.597572957690060326e-09
8.217716208907704413e-04
8.331663108434346141e-03
8.453824230780460081e-02
3.716185937393915436e-07
8.771498591826060702e-07
1.541016687482950971e-05
1.239042715380813859e-05
3.658625003335655775e-13
3.693349595554048202e-03
5.237349796573482173e-03
7.374143544728965878e-14
6.572601102492871554e-17
3.794508026722209201e-05
6.787026558286351531e-16
2.682840577808091543e-06
1.000000000000000072e-18
1.944264855372193251e-18
3.428720979061177417e-18
1.000000000000000072e-18
1.725383637440555880e-14
2.291269649663668240e-10
2.438892289553160052e-13
5.805449923267714663e-09
6.027738481074773239e-05
1.938493709095452669e-06
5.358349167915881458e-12
4.695806298213073965e-14
1.150873996720322296e-06
5.995428641272871964e-15
3.493254527943007181e-05
6.379171477926014559e-14
1.947608035704682934e-13
7.773085872982703177e-12
8.334493932358703211e-05
1.145072402593979552e-07
9.379580308978447149e-05
4.058643477734114395e-08
5.220425538732591300e-06
4.674339427830760073e-08
8.868444586652807056e-12
9.153350830541784604e-13
1.569816307052347121e-07
1.517579065304659324e-04
4.662064329433798658e-08
5.331881801103019282e-08
2.176602640952499953e-05
2.302611661714907335e-07
7.549355840893918751e-06
1.046702552739632996e-06
1.476011448644255898e-08
4.772672748686114782e-08
9.078960279592557975e-08
4.419628441230793681e-08
2.615117027144302858e-06
4.547706797602614263e-07
4.113047644613252917e-08
1.599166663236465722e-07
3.934812882482050460e-08
2.115927558492836966e-06
1.500600271633246392e-05
2.657173156646261400e-09
5.644985061955001826e-02
7.129582886398182182e-09
1.955372151394524447e-04
2.260458151680210969e-08
8.662956713573344975e-05
5.951217407269303642e-05
3.944097132786707511e-06
2.423885076625515051e-06
4.186406314095111728e-04
6.334056279810665386e-08
8.796300063844722958e-06
6.455941350637731276e-07
1.128315032592229830e-02
8.535565008346126311e-05
1.788657887925378543e-03
3.399292706130237473e-05
3.701565960761388913e-02
4.061082406670145084e-01
1.657935254214435653e-08
4.145043512969211990e-08
3.022672565503609229e-05
4.961980201684340023e-05
5.393150222792737584e-04
3.551147494408493470e-04
5.209221092361228031e-03
7.308587231007420727e-04
1.046691358642229831e-03
1.951791488015407775e-07
5.081254141431982285e-01
5.473442303745355838e-08
9.498662453483614756e-04
1.590422432031777504e-07
8.794286859041943599e-04
1.576405221046656292e-18
1.074963522937569867e-06
3.643384749415545798e-02
2.435662245606073570e-03
1.226169206379470744e-01
3.889832527343879687e-03
2.186307557691250514e-01
2.293084419714135330e-03
1.658371592266574823e-01
2.548274245508798167e-06
8.400478367936284237e-06
2.362674957149993749e-03
4.238554882508568239e-03
1.311908523355504765e-02
5.064861122569193216e-06
3.180371324845490677e-02
1.995874724448245798e-05
2.855094903682613844e-03
1.037777812555175063e-04
1.053012176106141035e-01
3.292672261302827968e-04
9.547234394903258867e-06
7.251296824338054588e-05
5.581375374789774484e-05
4.474561100166115264e-06
5.718327585022640186e-04
4.103229352830833139e-06
1.682688761090228233e-02
6.259781028414773208e-05
7.894198136404899369e-03
5.007841413665052750e-05
3.564477614002706241e-03
1.187823526577539779e-03
6.928657403088824829e-01
1.731510162313575629e-01
9.158280639985411000e-04
5.261726977133043305e-04
2.417063102913559192e-01
9.863768548411033909e-06
2.805313564858882142e-03
3.690571077355361368e-05
1.239655656630039501e-03
4.640473904779108399e-04
9.840285391301797002e-05
4.180550249780257458e-05
3.986433821216472226e-06
1.615547316954359797e-02
2.571589819094933799e-03
3.960327502189315120e-04
6.075841482771876089e-04
1.377987009813669414e-03
2.818601291993226478e-03
1.395837676289304064e-05
1.920735974979434837e-02
5.849803806212183368e-06
1.237812723901791576e-02
1.527108539428579522e-06
9.584989317436789016e-03
1.000000000000000072e-18
3.618244081674692090e-07
1.112405177926221390e-05
4.503190966102690022e-06
2.512648000944628368e-02
1.533672261450480721e-05
7.612033881975482810e-05
1.079385640942704422e-05
1.206769874693021835e-06
7.379604713240420395e-04
2.746348512605112371e-06
3.060533472582798353e-05
1.968863311952272205e-05
5.831973992765569466e-06
3.161218718810278154e-04
1.659239943213242010e-04
4.085827023875638546e-04
4.875783268526157055e-05
3.883170886370833526e-04
5.993656279811340748e-03
1.443879550510939434e-02
2.159799865819341360e-04
8.971836813205337556e-05
5.572553287027025718e-11
1.145462074181828951e-03
1.000210130289113097e-01
2.529740359882302233e-08
3.291753644786605864e-08
3.767631327548320083e-03
9.332332679487636553e-04
1.360686529106717574e-07
6.382745356197131684e-04
3.320231098157949007e-02
1.227778921699853980e-04
9.438183788080982878e-06
2.334276799383211816e-05
4.181618911585611374e-07
2.746368046180404466e-06
6.049548460865463096e-08
1.098427124639047951e-02
2.513599733618913997e-06
8.071668547891300630e-03
5.030305000013098800e-06
2.862100163449786926e-03
1.799953487247076193e-05
8.343002199990091677e-05
2.524539861925421504e-07
4.644287612426026279e-02
1.639921915854329962e-02
1.536284268016260618e-03
1.203076257077561413e-05
7.207394029316858652e-09
5.813887863824852148e-03
6.129847878463817040e-02
3.833890140382642011e-08
6.280253667318355843e-09
2.342492707738620585e-04
2.885902364308969409e-09
4.095944277918342057e-05
1.000000000000000072e-18
2.713083666915958509e-07
2.515875261996314982e-09
2.950534521266511392e-08
2.391478911305829243e-03
3.527075568830847490e-07
1.000016570887351554e-03
3.687529759781539207e-07
2.598214641386764720e-04
9.149305603629838141e-08
3.535138106707013949e-06
2.537781855102382153e-04
3.577215039765285591e-04
6.887872095008907655e-07
6.719822506785217886e-06
1.964213094492065837e-04
4.593109512332020888e-05
5.718336002728136860e-05
1.204768006278517252e-04
1.047168473102251074e-04
3.111058044134497151e-03
1.700711492821856110e-07
1.559146157952967082e-03
1.086900237572510030e-06
2.647553322071409011e-03
2.849813935064307224e-06
5.029881324922600913e-03
6.044093578161043728e-03
1.381033306762590174e-01
5.191820692393359212e-04
5.113395035820376526e-07
3.257414260377493580e-03
8.891391916290595101e-08
5.794316284253208105e-01
8.542423382504703844e-08
3.670773379557176752e-02
4.361160272784002523e-09
1.990192620955726180e-18
4.881014289133552529e-06
7.141376648171704478e-02
6.302472644953600878e-03
5.686095545076464954e-05
5.788372528417009194e-05
1.792218614827153535e-03
1.247162017334244564e-05
1.805151538992013412e-04
3.721906717491029138e-07
1.000000000000000072e-18
