1.202277147393561868e-01
6.155048641973792645e-02
5.880567816458434072e-01
8.475100159482396034e-02
1.538444696129578348e-01
4.773836759096999199e-02
6.318273565797056790e-01
6.731069524316830865e-02
8.943984637474514110e-02
2.742412958027662384e-02
2.637982263401538185e-01
8.782138554678410591e-02
3.538313819755366518e-01
4.197489350651181089e-02
5.509819733519142337e-01
6.984465496137452767e-02
1.062308659045665821e-01
1.740226837589696832e-02
7.657552984181020816e-02
8.452290559108474599e-02
6.155961849022060228e-01
8.033780965138752339e-02
5.525174811203344971e-01
1.085615835990297040e-01
1.589146866769850230e-01
2.272567920458295337e-02
3.153879931627169564e-02
7.590009479590925645e-02
2.901473069713796926e-01
2.465533709568462073e-01
4.051401256182589616e-01
2.423782427390423211e-01
1.848377236460550521e-01
4.522622326417977123e-02
2.158830305961716850e-02
4.936679962283901935e-02
1.405590699183628389e-01
3.821394221991885054e-01
2.305361508910477308e-01
4.282200288296610369e-01
2.032627148440911968e-01
1.036705574760213022e-01
2.616908576444213624e-02
3.160900220864160809e-02
8.392669771642860543e-02
3.459396109761914695e-01
2.041420126012674918e-01
4.867853921454941557e-01
2.160944407636677944e-01
2.162073915760829301e-01
4.457561037231971834e-02
2.871868490756206843e-02
4.592346285834207620e-02
3.081073921035328289e-01
1.485189119728943519e-01
4.673498723152032519e-01
1.365972787281723444e-01
4.713991599124028875e-01
6.944744574915605317e-02
4.351614736415913148e-02
2.549372754219450185e-02
2.637136638864966409e-01
8.613449816084242650e-02
3.122392935657683499e-01
5.016913559047901650e-02
5.685370113563390504e-01
7.612542134779812231e-02
1.105651506674674156e-01
1.984747208584556125e-02
1.795042845273348564e-01
6.376438994426401885e-02
3.103138200401137636e-01
2.787315504279268275e-02
1.880280504168704292e-01
7.715085211580188784e-02
4.221633479447587378e-01
3.291614039667667413e-02
1.677576797680815912e-01
7.159271574993487930e-02
4.193062789349407682e-01
3.337487561005490072e-02
7.705483598173977489e-02
7.283573238043156151e-02
6.075912510941023914e-01
8.338261457090886952e-02
2.793151227088193633e-01
9.576500612214296215e-02
4.730102483226122367e-01
5.063284237651859143e-02
4.829436472168011085e-02
4.663940010126267632e-02
3.401575298531862579e-01
1.359616570885923692e-01
4.497667719562301047e-01
1.058062257465227779e-01
5.183735768863146909e-01
7.070830212494649825e-02
4.517550745728207695e-02
2.421397130922616631e-02
1.471095172841255239e-01
1.329195186811653051e-01
5.658431702068017488e-01
1.094281942487441428e-01
5.567779466728386417e-01
9.697704610966351169e-02
6.239464571429681472e-02
1.750433362685471436e-02
5.230740365109221024e-02
1.231382398535524059e-01
3.825103345841887603e-01
2.253374420116796562e-01
4.142551358526396221e-01
1.871846659067957219e-01
9.520445952262801548e-02
2.423876954564033875e-02
2.358195656203148152e-02
1.070184156146289922e-01
1.570574223521650215e-01
5.370458813417937627e-01
1.548980398493340627e-01
4.912762063429010340e-01
1.086066079415080321e-01
5.528145946922465026e-02
1.708993954899208981e-02
6.993760740905563544e-02
8.770262747049677177e-02
6.280802275852325200e-01
7.990344362027469727e-02
5.244065471312474580e-01
1.157442457286103898e-01
1.725748759334873594e-01
2.408459196560214927e-02
5.224627512558497472e-02
6.883610848300597551e-02
6.213449492035731936e-01
8.237887555899298109e-02
3.067440136923997307e-01
1.164323649860983662e-01
4.386335219135519825e-01
4.812557975405334920e-02
5.995994638341701349e-02
5.379468046661622926e-02
5.867021350631739240e-01
8.376268363953037754e-02
1.820077347769886167e-01
7.285916623299380779e-02
6.363159664577231478e-01
7.607342293245900056e-02
1.008185743371272369e-01
3.747444057378326171e-02
5.376577330967147184e-01
6.942084568623563268e-02
1.247868308617057637e-01
3.053659157441836539e-02
3.317813489132464544e-01
7.997819245918065534e-02
2.520416606341609467e-01
3.175957858192277744e-02
4.214983729438442905e-01
6.532288996547370996e-02
1.411304497024031546e-01
1.876897089404969826e-02
9.323229761617253530e-02
7.818219371450328692e-02
6.307094898832364960e-01
5.915002742277101350e-02
4.424038664358014294e-01
9.335493643461428848e-02
2.074978369257082234e-01
2.419684088698497229e-02
3.799619124577313656e-02
7.089482042244757420e-02
3.693731519431010524e-01
1.749684243006356388e-01
5.013308141601673373e-01
1.826601599878531490e-01
2.408155168875905083e-01
4.520841122368614295e-02
2.561731167641765824e-02
4.576784589392705188e-02
1.760838162005299579e-01
2.787468699731965871e-01
3.500738456290188871e-01
2.953774480069864539e-01
2.674122468601696778e-01
9.031414523983496978e-02
2.925592978099840480e-02
2.767712968691813172e-02
9.445661152961082330e-02
2.553735129420151573e-01
2.984127464772950988e-01
3.597883391336803016e-01
2.885358026438095691e-01
1.672947421471902285e-01
4.699750159553064965e-02
2.350366693972718093e-02
4.515278427696714503e-02
2.288891979591478609e-01
