1.000000000000000072e-18
1.214121058158595585e-06
8.162743592265285786e-01
1.197012391460657632e+00
1.349136632703363530e-05
9.724919261458015937e-05
8.166484919956507049e-01
1.196850989404800725e+00
1.025465522987834119e-04
7.340433633046064294e-04
8.173841980372685834e-01
1.196855682233828322e+00
3.849592912451400232e-04
2.731550468000909851e-03
8.224229136614062963e-01
1.197190060376950749e+00
1.019256032562423529e-03
7.172631836712330122e-03
8.403202678152504879e-01
1.205220837364081143e+00
2.231681850512004690e-03
1.564746782120602850e-02
1.157560998116540230e+00
7.616082275427993320e-01
2.834832666225514664e-02
3.953426398676654525e-03
1.172245019757945705e+00
7.937789897515172832e-01
4.936283977346066221e-02
6.270348781468719837e-03
1.167695266516241892e+00
7.957347353285650904e-01
9.780709345415231071e-02
6.907654590412476772e-03
1.101642496979245989e+00
6.154483634382521551e-01
3.615675983350753742e-02
4.723374515061748435e-02
8.299321823611840454e-01
1.142473009738458112e+00
3.210148681043360069e-02
9.685746425604437049e-02
8.308006647298267211e-01
1.111962543957506044e+00
1.318506761056108256e-01
4.064641280590673006e-02
1.050813884586084601e+00
8.376780496622167060e-01
1.606695185291316386e-01
5.268453613629379972e-02
8.994452543469060313e-01
8.230177441852872811e-01
1.648046303406299484e-01
6.767115794546359198e-02
4.127008740267671394e-01
4.459140154884408402e-01
2.447215667554793889e-02
1.533964909941020176e-03
2.078692616470958349e-02
3.124719179695236715e-01
4.611026899906312676e-02
3.730141612184243449e-01
2.954557154164865196e-01
1.132159379306435065e+00
8.500922764688934041e-02
4.102609448393573777e-01
4.360377219626169754e-01
1.255053290926193998e+00
1.109143349464759148e-01
4.526142949890592515e-01
4.950894543131751924e-01
1.275191572532740958e+00
1.326303406327747347e-01
4.915982599023489552e-01
5.123218684522552469e-01
1.264407132680202439e+00
1.563827713959617394e-01
5.344819456321052709e-01
5.103894300062217226e-01
1.227617948849531793e+00
1.777721966269616427e-01
5.689701142613445839e-01
4.842255287094416882e-01
1.126216598405162861e+00
1.870544544958920585e-01
5.820030569533567455e-01
3.844782447854224738e-01
8.416061211001288900e-01
1.472456289109408678e-01
5.311727502824533653e-01
1.418710488099605982e-01
1.339812104026437689e-01
1.806918635917505872e-02
2.437342355805024724e-06
1.264684466637515815e-03
3.637659305742579376e-03
1.503333157461930747e-02
5.183260929003385975e-02
4.863330369011004128e-02
2.070845234156960535e-01
6.728612310207535141e-02
2.188195146462627028e-01
9.926832584498798684e-02
4.384991740897002943e-01
1.157798793414654970e-01
3.416799286160706606e-01
1.258048478854195962e-01
5.765497579878000600e-01
1.534490539670188558e-01
4.123880856929069694e-01
1.350504434719850266e-01
6.366408612423571922e-01
1.832553573304480932e-01
4.391847449953246718e-01
1.642207123290785331e-01
5.653456579065019305e-01
1.945774488184993101e-01
5.867895989104163768e-01
7.631900623645504478e-02
7.272707820545381008e-01
2.245710390944586077e-01
4.994602064034047162e-01
6.923909107276683683e-02
6.582028436356638368e-01
2.425400985397922482e-01
4.683106073195220098e-01
5.170583100024472856e-02
5.775845149633254128e-01
2.679819360854520660e-01
3.996125260055048978e-01
3.154349770045957596e-02
5.254314995294071533e-01
2.528009124086308956e-01
3.743600369679298545e-01
1.832823016121528509e-02
3.836807987748093174e-01
2.662493770471976440e-01
2.845880025885155207e-01
8.069114696432681116e-03
2.515656081140321132e-01
2.739210310194758469e-01
1.841321070701956719e-01
2.433012672520448207e-03
1.277109467734877934e-01
2.785840603370887125e-01
8.567621807454896266e-02
3.496208694961772914e-04
3.567383947406378014e-02
2.812734930185910032e-01
1.381633637852652634e-02
4.553503850646577406e-06
2.995750237479590070e-04
1.000000000000000072e-18
2.935831613001167343e-05
1.167649687462225181e-05
1.707175987792613125e-03
1.215440412972560225e+00
1.021096230865425371e-02
8.810316743270924303e-04
2.594147670656771210e-02
1.214441752228576643e+00
4.400459562670117758e-02
5.946776301227520330e-03
8.640925756847431249e-02
1.212682210969634689e+00
8.580093737943440824e-02
1.902379224128437907e-02
1.772026173079812028e-01
1.208851024024709675e+00
1.248054699211465501e-01
4.192180622192846068e-02
2.860716261481086597e-01
1.203668761447378888e+00
1.553481669123975561e-01
7.361263130599415838e-02
3.900135002983130539e-01
1.197136499744373861e+00
1.817422660459634964e-01
1.167792579672043141e-01
4.905138764760000880e-01
1.186086960772531951e+00
1.921001531745131496e-01
1.763862025544106760e-01
5.340378867210526792e-01
1.168118408317307289e+00
1.794567095766869680e-01
3.472990556248464200e-01
2.330150249225640957e-01
8.573499857990783957e-01
2.967912842753083758e-01
5.277988868301460718e-02
1.137032683509769937e+00
1.147109207178745871e+00
2.369578399509943423e-01
1.437721861309630977e-01
1.079784749715585912e+00
1.119885198941381832e+00
2.125797235282367859e-01
1.851254920032575080e-01
1.000000000000000072e-18
