1.000000000000000072e-18
6.966135339231722609e-03
8.259732848140965977e-01
9.549073110819445986e-01
5.198269276054603982e-02
2.103534673705736435e-01
8.244096267282653434e-01
9.546892822524436495e-01
1.930093783967703203e-01
4.924661728595842169e-01
8.216785700563573602e-01
9.543250439279044040e-01
3.457632469130400565e-01
6.673305292838276337e-01
8.175737456031306749e-01
9.538703935937620226e-01
4.639603007475360252e-01
7.650938673476362917e-01
8.107037578542821699e-01
9.538328798043368417e-01
5.387760696317697162e-01
8.291633699252011214e-01
9.484202427089237775e-01
8.103159472738841185e-01
8.547274717368570363e-01
5.999559168547381471e-01
9.480039310798269447e-01
7.978120883828548893e-01
8.778673171210791271e-01
6.290203742965401190e-01
9.441175018106051642e-01
7.827113496943144400e-01
8.942463052999772843e-01
6.207439926537962060e-01
8.539386440981391324e-01
6.077871247081665373e-01
7.265738336271124753e-01
8.781692059562707930e-01
7.667681199521321211e-01
9.429554418631566071e-01
6.852319836407239073e-01
8.936047540156599744e-01
7.321266778530366448e-01
9.319647555654027027e-01
8.890225863828152830e-01
6.589096707140504883e-01
9.114870217857523604e-01
6.839600342940779232e-01
8.632925239893374236e-01
6.091898992378195210e-01
8.533650214005624735e-01
5.957173659276476796e-01
7.517153053884197966e-01
4.927447015044227330e-01
5.660758184307341789e-01
3.867490034994541803e-01
1.232041182882846614e-01
1.073045126345627005e-03
3.212146114983660539e-01
8.423129967370186488e-01
8.524292877777268629e-01
8.929135316161687097e-01
9.510101408449669336e-01
9.336279988978706257e-01
8.850212574920155451e-01
9.337910942792637670e-01
8.858196932087319952e-01
9.536932883955927531e-01
8.225263171812796648e-01
9.436825872522106584e-01
8.194317883866660823e-01
9.577251963454084249e-01
7.572854955572970725e-01
9.432045488212058570e-01
7.426552445512258904e-01
9.512505029550838431e-01
6.858707074994541131e-01
9.353513405977303963e-01
6.531641155851319880e-01
9.359035405955243858e-01
5.891099154483033784e-01
9.102887602835563197e-01
5.291361933120435346e-01
8.929604475732227931e-01
4.377474596769298509e-01
8.451765083500698550e-01
3.390501680719255617e-01
7.837897798163016017e-01
2.167235688016092565e-01
6.830899067367766087e-01
9.884895624733637531e-02
5.608198139907866198e-01
1.809378716241548737e-02
1.700947379451922269e-06
3.047894924952003828e-02
1.022345805424343043e-02
2.210209668239654923e-01
7.996473385717579874e-02
4.637611067268272991e-01
1.812081543957969054e-01
6.453987032862888995e-01
2.749416536468561878e-01
7.701251205185364324e-01
3.528457853500195918e-01
8.427511219444503432e-01
4.069183047731358971e-01
8.858265627645268703e-01
4.480266025027828669e-01
9.138946008660563392e-01
4.706610547469763373e-01
9.227277345398678943e-01
4.846818525330804928e-01
9.368092860367126518e-01
4.782124032059621999e-01
9.346865156395831598e-01
4.211997431068997821e-01
8.894835043096095406e-01
6.699486796345914819e-01
9.002582848920389624e-01
5.533516345731439579e-01
9.301367021319811856e-01
5.203959047066833987e-01
8.895750032073644897e-01
4.969374726223385608e-01
9.210983561894032778e-01
4.680817608708565669e-01
8.653801473393351040e-01
4.367982150034260269e-01
9.047811023831542343e-01
3.815423671686556939e-01
8.494307183980501774e-01
4.062265685526733616e-01
9.047017689971285082e-01
3.476646800459264330e-01
7.944279661383802926e-01
3.011662085813573975e-01
8.913936019979777914e-01
2.532665419005541985e-01
7.243305766312835292e-01
2.048713601038428256e-01
8.810143250668729387e-01
1.571258449520880340e-01
5.985912804847197677e-01
1.117054910819496177e-01
8.729662384159614374e-01
7.117868117343277568e-02
3.450381118250102630e-01
3.768640100738606530e-02
8.678244489866431266e-01
1.400553992569168391e-02
2.177719646313819660e-02
1.556180004259215266e-03
1.000000000000000072e-18
1.291310848226294916e-03
4.745214874936549282e-02
1.145640427064402792e-02
9.440503388893566328e-01
3.131057425231757035e-02
4.894815774625397853e-01
5.978574750530346593e-02
9.419083983593382614e-01
9.504468330925389119e-02
7.203562195676687097e-01
1.367045581341638505e-01
9.382966223322837251e-01
1.805681464806976333e-01
8.100582878334002812e-01
2.285071325696198252e-01
9.330139861274566737e-01
2.737168142966934781e-01
8.485994087210444459e-01
3.239199071692995258e-01
9.256344809706910093e-01
3.659956424638311501e-01
8.589789400457510382e-01
3.988492188324079257e-01
9.193204395240740512e-01
4.389931240970880721e-01
8.720551312069803052e-01
4.787276567592751442e-01
9.072023169389696884e-01
4.961610947924935955e-01
8.703872808126883465e-01
5.160202964170593765e-01
8.907244056425629442e-01
4.877613689669992869e-01
8.580441929201360063e-01
3.166499443883424303e-01
6.386669695870369479e-01
6.731647048178726056e-01
8.200650503648498901e-01
8.556139266678662869e-01
8.741356426224329290e-01
8.037495302243111706e-01
8.313373080916527380e-01
8.197099935104492641e-01
8.533817921331429135e-01
8.032749851789704465e-01
8.178851289299940985e-01
1.000000000000000072e-18
