1.000000000000000072e-18
4.134598827905313299e-09
7.200235053538504848e-02
3.861897265759199893e-01
4.616191440495056930e-08
3.354210221447918352e-07
7.273728016269531693e-02
3.864936361017435873e-01
3.548226689932166332e-07
2.596911920149061396e-06
7.408971610936225527e-02
3.880890455365876290e-01
1.354365138951422839e-06
1.003734336776565161e-05
7.816197737161804937e-02
3.912250770792621846e-01
3.665500103182884521e-06
2.771836319615246543e-05
9.137450169583156978e-02
4.250994619735827262e-01
8.259365923199225764e-06
6.448702029473261780e-05
2.824484381429129276e-01
5.522941496805808259e-02
1.259210996602404308e-04
1.504858614900517606e-05
3.244663698099727323e-01
7.188072140485278483e-02
2.416214182912814910e-04
2.463344976067476466e-05
3.209514351769704454e-01
7.897598518971404857e-02
5.736213772674524829e-04
2.739548708286910583e-05
3.844374004391717392e-01
5.827817767205315663e-02
1.777410687591530797e-04
2.289994302445685361e-04
1.114111706434162963e-01
2.614375116174915137e-01
1.556559446217004809e-04
5.665242665133241040e-04
1.454551115684400153e-01
2.174777328536521281e-01
8.694447973327830556e-04
2.095480851111910375e-04
1.515449208164580397e-01
2.520957695249508301e-01
1.182129647897900340e-03
2.974505571740387248e-04
6.889853837493212230e-02
1.140713067182850926e+00
1.347415138213992362e-03
4.484890604663246505e-04
7.386322675400861827e-03
4.668046693380115825e-02
1.906908977262994451e-04
2.170871348384964918e-04
1.041125336051145574e-04
3.316038640311036716e-03
2.327446476368534947e-04
4.738049634777348126e-03
3.243842720293107530e-03
2.523154137997090096e-01
5.008357694786672379e-04
5.544774004562258267e-03
7.797519283984317984e-03
7.561317427160028082e-01
7.395542263461167770e-04
6.791872053577154879e-03
1.204903294528624283e-02
9.413537080827979464e-01
9.950159622811967017e-04
8.206359310531798068e-03
1.592551489218312424e-02
9.054548623703002619e-01
1.356966013152834322e-03
1.015973527301487073e-02
2.084775994953145736e-02
6.986216302074214068e-01
1.870961011006352925e-03
1.244968290811748410e-02
3.047416130822957342e-02
3.534212813885679316e-01
2.711451148793870159e-03
1.514593048882430237e-02
5.695056904808563220e-02
6.637959628510968491e-02
4.247069446540980425e-03
1.801504958200949788e-02
3.062036514422602496e-01
9.180739143719695693e-04
1.326181487135969644e-03
1.903402407982039418e-06
4.963109847412956307e-06
1.388421479577396405e-05
7.915858246315059070e-05
9.683403348766193158e-04
2.872823401850385368e-04
5.701454930458140988e-03
4.110442463599917095e-04
9.184842779659235096e-03
6.486774011379383602e-04
3.698279632080117563e-02
7.883509571239308376e-04
1.718585596109404451e-02
8.628150792660811783e-04
1.015279567710792585e-01
1.145469461974688409e-03
2.326626180776629471e-02
9.417626691848546240e-04
1.968996716512809719e-01
1.481479971892985100e-03
2.838096755948911129e-02
1.251003229111358889e-03
3.775604997395223816e-01
1.672006802420802516e-03
3.261253377562926825e-02
4.355561847763587393e-04
3.325459120043490202e-01
2.058872193561451375e-03
3.706964683533081617e-02
3.852247904124396385e-04
4.210325767107763184e-01
2.358669022484433456e-03
3.998083089554257952e-02
2.679808334212945616e-04
4.101320179652009346e-01
2.843260456694763835e-03
4.077922773409138613e-02
1.476428819923996543e-04
2.621772025536267536e-01
2.566776132912292931e-03
3.786345566595941681e-02
7.944263314934125401e-05
1.323668745919153455e-01
2.844370533354812717e-03
2.870211865939157822e-02
3.216106100372558913e-05
4.466227596125608296e-02
3.021854123635915775e-03
1.424069338853205940e-02
9.016923355982800608e-06
9.725670119411951309e-03
3.140103069019826304e-03
3.136046536941777471e-03
1.227819254929330125e-06
8.922513158502003161e-04
3.212062891885003255e-03
1.148232754766255416e-04
1.553892225854743949e-08
1.418237027202769723e-06
1.000000000000000072e-18
1.016316278270160665e-07
3.992639327936049801e-08
7.445385470872966475e-06
6.173698363439745762e-01
6.230648587010968514e-05
3.148976920858513601e-06
1.981394744716606724e-04
6.269909583660737695e-01
4.917389972098522646e-04
2.308869685136059148e-05
1.117369517785877760e-03
6.434831678670458466e-01
1.246455054074747113e-03
8.260811071345590579e-05
3.686040771820269825e-03
6.602894650056647663e-01
1.910244479258507407e-03
2.076509983387527642e-04
9.152945761226658969e-03
6.878901697226110779e-01
2.276235202804583174e-03
4.211433361511799874e-04
1.887783450339110269e-02
6.925429212595000106e-01
2.623085007582038122e-03
7.852208324569138337e-04
3.143185140098157110e-02
7.240926066143767992e-01
2.596774553855468910e-03
1.454071701624302417e-03
3.719635940598379348e-02
7.440858681348001546e-01
2.304510595266752622e-03
4.917384862935861994e-03
4.732111322524401066e-03
7.344505653185792182e-01
4.618367587071919682e-03
2.784850942042316289e-04
8.105412974890798816e-01
7.434667580407023912e-01
2.514652145097536883e-03
1.088553732163939419e-03
7.375696405272617051e-01
7.277544538840632349e-01
2.080786938084016983e-03
1.631806218137516048e-03
1.000000000000000072e-18
