1.000000000000000072e-18
1.519485524706351917e-07
6.669269948495715195e-01
1.503688628411703254e+00
1.694524099179964328e-06
1.228879685591846758e-05
6.697048859973993018e-01
1.503812556125240452e+00
1.298947405984211584e-05
9.455465984113926392e-05
6.747852258110779156e-01
1.505203957362714950e+00
4.937954229700539988e-05
3.620659349381538704e-04
6.911350022636330026e-01
1.508308362286915116e+00
1.329221864584335716e-04
9.873749537167258832e-04
7.417521812012622950e-01
1.543469189668119856e+00
2.973813015171991657e-04
2.260001204588398503e-03
1.363814064984953944e+00
5.763200362232088203e-01
4.328239247590712907e-03
5.380198270163970287e-04
1.424063916328618173e+00
6.552699799713777029e-01
8.093648765295950037e-03
8.736759028959459154e-04
1.418092858760144681e+00
6.799130966827464650e-01
1.827297983126283110e-02
9.692914167338344527e-04
1.457905810468637542e+00
5.196961782475451042e-01
5.939717333199171986e-03
7.690666677760641529e-03
7.886937832215693556e-01
1.323757950042973919e+00
5.221546598955993830e-03
1.806043499261995866e-02
8.604896624821084528e-01
1.240602290809903696e+00
2.676121809353805558e-02
6.911052727354490000e-03
1.079970497092419990e+00
1.010831590089906751e+00
3.518323519026914092e-02
9.560254606911415889e-03
7.525647222304772122e-01
1.322344933400277700e+00
3.873454011271125486e-02
1.374883166637453497e-02
1.725273376866384156e-01
4.343141039965745520e-01
5.563616173544073604e-03
2.172609625012552823e-03
3.467198618710269110e-03
8.852942653327854072e-02
7.718566852479580472e-03
1.178449248978833686e-01
8.384993109319149873e-02
1.309718572308238738e+00
1.589065072424722044e-02
1.346498962150186329e-01
1.661822619310960314e-01
1.778743934596093146e+00
2.260961299893211873e-02
1.584491856119017439e-01
2.240343286382637522e-01
1.863727018460123785e+00
2.932046125067939296e-02
1.836009683871535347e-01
2.636715199118640496e-01
1.839694822666348539e+00
3.813381112057661476e-02
2.156394232283866952e-01
3.009813056562647970e-01
1.724724480725308151e+00
4.920088909019647294e-02
2.490718807753378172e-01
3.486634317841204034e-01
1.424947883832434092e+00
6.328503709139693401e-02
2.807748750348856848e-01
3.892922306741086191e-01
7.204424890219844890e-01
7.345410413804021044e-02
2.947175332791955316e-01
2.511999958164645719e-01
2.837853719619428880e-02
1.433093733949961437e-02
4.174874261907584957e-06
1.768340583089875293e-04
5.201771781315624827e-04
2.595631488529083659e-03
2.139484728792020313e-02
9.121275283456721505e-03
1.304955523452864530e-01
1.289623979085861849e-02
1.311764342249280013e-01
1.995635542167628965e-02
4.444616280631427108e-01
2.392542490965224311e-02
2.212384944770631745e-01
2.613869835793815669e-02
7.060474648580072898e-01
3.376785358047017932e-02
2.815945034261347901e-01
2.837616991985431741e-02
8.599345412510223108e-01
4.255586760157793053e-02
3.189220576912843441e-01
3.664548567467017237e-02
8.354758774631103613e-01
4.707755506250274613e-02
3.990969190125223109e-01
1.394354491952101358e-02
1.012815055398630593e+00
5.669587662686090268e-02
3.854977276943300502e-01
1.242401419244670846e-02
9.466593521054137428e-01
6.363766689428729251e-02
3.839385253308105206e-01
8.820260222430055183e-03
8.319525952415935954e-01
7.437939429813414383e-02
3.521664897800266814e-01
4.999163901998065693e-03
7.152255354610674853e-01
6.820743061101711135e-02
3.379155207579708775e-01
2.746123561674537663e-03
4.970003833161118489e-01
7.422233149189964851e-02
2.677888804169761827e-01
1.136363966343382310e-03
2.881323550828681079e-01
7.794153688258491364e-02
1.708530940106506024e-01
3.245376346798639080e-04
1.150829581872175322e-01
8.035774303561526999e-02
6.381686288170715371e-02
4.478540908440023765e-05
1.924796260535345527e-02
8.180623404085840544e-02
3.986106219334101773e-03
5.707747417780313810e-07
4.904116791558204674e-05
1.000000000000000072e-18
3.730356312253113584e-06
1.465858630192330985e-06
2.617429493797852110e-04
1.643088009964100760e+00
2.040107169085810662e-03
1.143643111756199578e-04
6.143540410833968693e-03
1.647246969158880248e+00
1.316556454911226894e-02
8.213048423434717981e-04
2.951412945849613695e-02
1.654027724964442614e+00
2.952547625121178590e-02
2.854209754743078711e-03
8.104366017115714749e-02
1.658382094501944515e+00
4.374926559861246067e-02
6.922329886092495888e-03
1.648055177533955529e-01
1.665612647771513855e+00
5.277956056195516610e-02
1.347304163839816230e-02
2.735533020371436752e-01
1.661666312293112124e+00
6.109261984940492218e-02
2.392635741259237225e-02
3.843410053329224807e-01
1.662352437850451281e+00
6.201910227243347118e-02
4.150076656166824807e-02
4.304851720415979743e-01
1.649450823619249995e+00
5.614550846896648045e-02
1.153265851454784163e-01
1.036035499732349263e-01
1.280167861203077351e+00
1.043052674880497188e-01
9.119875315523587669e-03
1.653356074922373242e+00
1.622959752550725998e+00
6.575198533861446870e-02
3.194531942958391685e-02
1.541874645692049128e+00
1.584659021505758325e+00
5.599681441403027427e-02
4.553473083873951083e-02
1.000000000000000072e-18
