2.360399631178439379e-03
2.360417474954683726e-03
2.360438967845934332e-03
2.360464856122260809e-03
2.360496038650689108e-03
2.360533598126771365e-03
2.360578838672325926e-03
2.360633331098149334e-03
2.360698967462261395e-03
2.360778026758548077e-03
2.360873254049830963e-03
2.360987955795978109e-03
2.361126114638169900e-03
2.361292527733435589e-03
2.361492973295163406e-03
2.361734411265463407e-03
2.362025224990743719e-03
2.362375512377098974e-03
2.362797436529020211e-03
2.363305648210529096e-03
2.363917794653028811e-03
2.364655132526474399e-03
2.365543266263877599e-03
2.366613037530164356e-03
2.367901596688425179e-03
2.369453693557287653e-03
2.371323232396150334e-03
2.373575145219037914e-03
2.376287648637316532e-03
2.379554962816848255e-03
2.383490587142325905e-03
2.388231246540152650e-03
2.393941645594652515e-03
2.400820195206983514e-03
2.409105909717340881e-03
2.419086711348659643e-03
2.431109424639179162e-03
2.445591796179898483e-03
2.463036933933493954e-03
2.484050623414938395e-03
2.509362039223031731e-03
2.539848418248816155e-03
2.576564271302076662e-03
2.620775639621568918e-03
2.673999669594324686e-03
2.738049236199501576e-03
2.815081230708187891e-03
2.907644978830632027e-03
3.018723274984432860e-03
3.151751365796697998e-03
3.310586727188845075e-03
3.499381409650127814e-03
3.722274884152661049e-03
3.982775216834807085e-03
4.282633168566144649e-03
4.619962932827778590e-03
4.986405011200067960e-03
5.363440528189339189e-03
5.718822622714780056e-03
6.005594146809914435e-03
6.167510605582984112e-03
6.153475439649442116e-03
5.937500559735914805e-03
5.532866117200536601e-03
4.989349851278480560e-03
4.374448186972054557e-03
3.751332139699843291e-03
3.165378056743899451e-03
2.641684343457568855e-03
2.189254711836847566e-03
1.806909199220269610e-03
1.488218292590732812e-03
1.224759105264526440e-03
1.007944479039382365e-03
8.299000745042077682e-04
6.837904767686088427e-04
5.638606047496740699e-04
4.653479688324923288e-04
3.843487349596199244e-04
3.176781584156548378e-04
2.627430084319366962e-04
2.174319717422183750e-04
1.800245498388505663e-04
1.491166772947980998e-04
1.235605638721486426e-04
1.024162516264792320e-04
8.491265292125277917e-05
7.041619171028983936e-05
5.840551802024703952e-05
4.845106955760446871e-05
4.019850643471792312e-05
3.335524802495687716e-05
2.767950191627986352e-05
2.297130149651224583e-05
1.906516790894286802e-05
1.582408987287603063e-05
1.313457592753619305e-05
1.090258177524402943e-05
9.050153474023289781e-06
7.512657488350089762e-06
