9.999468118403722627e-01
9.998520147117910817e-01
9.995883299265284627e-01
9.988553372611094217e-01
9.968213453292376069e-01
9.912046709200855732e-01
9.759015545781799528e-01
9.356883679071326121e-01
8.393567881474999215e-01
6.521903730032562185e-01
6.521903730032562185e-01
6.490414343164018218e-01
6.458794438901137580e-01
6.427046260611598560e-01
6.395172094761473192e-01
6.363174270416148692e-01
6.331055158712286524e-01
6.298817172300815725e-01
6.266462764761101534e-01
6.233994429986438046e-01
6.201414701541132501e-01
6.168726151989271100e-01
6.135931392195540512e-01
6.103033070598371523e-01
6.070033872455657953e-01
6.036936519063520468e-01
6.003743766948420602e-01
5.970458407033063519e-01
5.937083263776588016e-01
5.903621194289467855e-01
5.870075087423700655e-01
5.836447862838785028e-01
5.802742470044105483e-01
5.768961887418323498e-01
5.735109121206428684e-01
5.701187204495070660e-01
5.667199196166955444e-01
5.633148179834965852e-01
5.599037262756771938e-01
5.564869574730774149e-01
5.530648266974053096e-01
5.496376510983337349e-01
5.462057497379655402e-01
5.427694434737670992e-01
5.393290548400613282e-01
5.358849079281564620e-01
5.324373282652226091e-01
5.289866426920030174e-01
5.255331792394508650e-01
5.220772670044048214e-01
5.186192360243874200e-01
5.151594171516409304e-01
5.116981419264914344e-01
5.082357424501496856e-01
5.047725512570555573e-01
5.013089011868615552e-01
4.978451252561720275e-01
4.943815565301288295e-01
4.909185279939657365e-01
4.874563724246208096e-01
4.839954222625275637e-01
4.805360094836743645e-01
4.770784654720497953e-01
4.736231208925776870e-01
4.701703055646283547e-01
4.667203483362363792e-01
4.632735769591015407e-01
4.598303179644902539e-01
4.563908965401266560e-01
4.529556364081797071e-01
4.495248597044340100e-01
4.460988868587474898e-01
4.426780364768857501e-01
4.392626252238206463e-01
4.358529677085868914e-01
4.324493763707856209e-01
4.290521613688128566e-01
4.256616304698998543e-01
4.222780889420441053e-01
4.189018394479112617e-01
4.155331819407778182e-01
4.121724135625903229e-01
4.088198285442069535e-01
4.054757181078958439e-01
4.021403703721415090e-01
3.988140702588303665e-01
3.954970994028675357e-01
3.921897360642807584e-01
3.888922550428607905e-01
3.856049275953906674e-01
3.823280213555024232e-01
3.790618002562083921e-01
3.758065244551406781e-01
3.725624502625382028e-01
3.693298300720079252e-01
3.661089122940923701e-01
3.628999412926681711e-01
3.597031573241966651e-01
3.565187964798399722e-01
3.533470906304691517e-01
3.501882673745667640e-01
3.470425499890330556e-01
3.439101573829089764e-01
3.407913040540074268e-01
3.376862000484638360e-01
3.345950509231914727e-01
3.315180577112422089e-01
3.284554168900599147e-01
3.254073203526150482e-01
3.223739553814047865e-01
3.193555046253007124e-01
3.163521460792220741e-01
3.133640530666138568e-01
3.103913942247029656e-01
3.074343334925020432e-01
3.044930301015324470e-01
3.015676385692354078e-01
2.986583086950294064e-01
2.957651855589870094e-01
2.928884095230797624e-01
2.900281162349616082e-01
2.871844366342405364e-01
2.843574969611956105e-01
2.815474187678932427e-01
2.787543189316572523e-01
2.759783096708382510e-01
2.732194985628370598e-01
2.704779885643261439e-01
2.677538780336193858e-01
2.650472607551315196e-01
2.623582259658798765e-01
2.596868583839602729e-01
2.570332382389556858e-01
2.543974413042046079e-01
2.517795389308832288e-01
2.491795980838349134e-01
2.465976813790922706e-01
2.440338471230300288e-01
2.414881493530897094e-01
2.389606378800173681e-01
2.364513583315504541e-01
2.339603521974998879e-01
2.314876568761601583e-01
2.290333057219944568e-01
2.265973280945278723e-01
2.241797494083965780e-01
2.217805911844883959e-01
2.193998711021164782e-01
2.170376030521712352e-01
2.146937971911876686e-01
2.123684599962753494e-01
2.100615943208503922e-01
2.077731994511164137e-01
2.055032711632364395e-01
2.032518017811436595e-01
2.010187802349346631e-01
1.988041921197941930e-01
1.966080197553981279e-01
1.944302422457438728e-01
1.922708355393564772e-01
1.901297724898252106e-01
1.880070229166162510e-01
1.859025536661186029e-01
1.838163286728769774e-01
1.817483090209631724e-01
1.796984530054447082e-01
1.776667161939073369e-01
1.756530514879887650e-01
1.736574091848826495e-01
1.716797370387752042e-01
1.697199803221733638e-01
1.677780818870887591e-01
1.658539822260422791e-01
1.639476195328518349e-01
1.620589297631713777e-01
1.601878466947482538e-01
1.583343019873673096e-01
1.564982252424524101e-01
1.546795440622923956e-01
1.528781841088717175e-01
1.510940691622686682e-01
1.493271211786036667e-01
1.475772603475096756e-01
1.458444051491014082e-01
1.441284724104217041e-01
1.424293773613437286e-01
1.407470336899084851e-01
1.390813535970792103e-01
1.374322478508941403e-01
1.357996258400009926e-01
1.341833956265570948e-01
1.325834639984797836e-01
1.309997365210336384e-01
1.294321175877425067e-01
1.278805104706103035e-01
1.263448173696457844e-01
1.248249394616740282e-01
1.233207769484306604e-01
1.218322291039279776e-01
1.203591943210845089e-01
1.189015701576132678e-01
1.174592533811605055e-01
1.160321400136912484e-01
1.146201253751159554e-01
1.132231041261545779e-01
1.118409703104357167e-01
1.104736173958267564e-01
1.091209383149950446e-01
1.077828255051978823e-01
1.064591709473002162e-01
1.051498662040210585e-01
1.038548024574094397e-01
1.025738705455494504e-01
1.013069609984979941e-01
1.000539640734560420e-01
9.881476978917590193e-02
9.758926795960984335e-02
9.637734822680024682e-02
9.517890009301846477e-02
9.399381295215469834e-02
9.282197612036455214e-02
9.166327886597745722e-02
9.051761043867265211e-02
8.938486009792724618e-02
8.826491714074512218e-02
8.715767092867014731e-02
8.606301091409300497e-02
8.498082666585680955e-02
8.391100789417015038e-02
8.285344447483433683e-02
8.180802647279253326e-02
8.077464416500874933e-02
7.975318806268545668e-02
7.874354893282743684e-02
7.774561781916021486e-02
7.675928606241214092e-02
7.578444531996865463e-02
7.482098758490779433e-02
7.386880520442506981e-02
7.292779089765837053e-02
7.199783777292022291e-02
7.107883934434786055e-02
7.017068954798022506e-02
6.927328275727048790e-02
6.838651379804476516e-02
6.751027796291486638e-02
6.664447102515620724e-02
6.578898925205882431e-02
6.494372941776228869e-02
6.410858881558291478e-02
6.328346526984351961e-02
6.246825714721428863e-02
6.166286336757592634e-02
6.086718341441184343e-02
6.008111734474162052e-02
5.930456579860274302e-02
5.853743000809145947e-02
5.777961180597095125e-02
5.703101363385718742e-02
5.629153854998971557e-02
5.556109023659887985e-02
5.483957300687590519e-02
5.412689181155718593e-02
5.342295224512938479e-02
5.272766055166593080e-02
5.204092363030216745e-02
5.136264904035879597e-02
5.069274500612140633e-02
5.003112042128481790e-02
4.937768485307020283e-02
4.873234854602377653e-02
4.809502242550427187e-02
4.746561810086832173e-02
4.684404786836037643e-02
4.623022471371569797e-02
4.562406231448434130e-02
4.502547504208262441e-02
4.443437796358082337e-02
4.385068684323330940e-02
4.327431814375897606e-02
4.270518902737909656e-02
4.214321735661925167e-02
4.158832169488217018e-02
4.104042130679907280e-02
4.049943615836471694e-02
3.996528691686448281e-02
3.943789495059787931e-02
3.891718232840685882e-02
3.840307181901336797e-02
3.789548689017330912e-02
3.739435170765254696e-02
3.689959113403062929e-02
3.641113072733808548e-02
3.592889673953319346e-02
3.545281611482329481e-02
3.498281648783618109e-02
3.451882618164712341e-02
3.406077420566628461e-02
3.360859025339188455e-02
3.316220470003411469e-02
3.272154860001436072e-02
3.228655368434458356e-02
3.185715235789197963e-02
3.143327769653263964e-02
3.101486344419930596e-02
3.060184400982715255e-02
3.019415446420221222e-02
2.979173053671616694e-02
2.939450861203188325e-02
2.900242572666355059e-02
2.861541956547491300e-02
2.823342845810011478e-02
2.785639137528994266e-02
2.748424792518782550e-02
2.711693834953847124e-02
2.675440351983282908e-02
2.639658493339257575e-02
2.604342470939770976e-02
2.569486558485959207e-02
2.535085091054330164e-02
2.501132464684195297e-02
2.467623135960571312e-02
2.434551621592856777e-02
2.401912497989552170e-02
2.369700400829283238e-02
2.337910024628385430e-02
2.306536122305312062e-02
2.275573504742099337e-02
2.245017040343129031e-02
2.214861654591421258e-02
2.185102329602667953e-02
2.155734103677254751e-02
2.126752070850436091e-02
2.098151380440914371e-02
2.069927236597987955e-02
2.042074897847458159e-02
2.014589676636525592e-02
1.987466938877787900e-02
1.960702103492563408e-02
1.934290641953701970e-02
1.908228077828011404e-02
1.882509986318504913e-02
1.857131993806598533e-02
1.832089777394381794e-02
1.807379064447160733e-02
1.782995632136351316e-02
1.758935306982899530e-02
1.735193964401323882e-02
1.711767528244531600e-02
1.688651970349498710e-02
1.665843310083953491e-02
1.643337613894160429e-02
1.621130994853900789e-02
1.599219612214780942e-02
1.577599670957940611e-02
1.556267421347257672e-02
1.535219158484154613e-02
1.514451221864071551e-02
1.493959994934719246e-02
1.473741904656156003e-02
1.453793421062789769e-02
1.434111056827371000e-02
1.414691366827042045e-02
1.395530947711520579e-02
1.376626437473464117e-02
1.357974515021093294e-02
1.339571899753117315e-02
1.321415351136026768e-02
1.303501668283803955e-02
1.285827689540093577e-02
1.268390292062889640e-02
1.251186391411780729e-02
1.234212941137779497e-02
1.217466932375822937e-02
1.200945393439913599e-02
1.184645389420990388e-02
1.168564021787547695e-02
1.152698427989018969e-02
1.137045781061964134e-02
1.121603289239108021e-02
1.106368195561205185e-02
1.091337777491817145e-02
1.076509346534963024e-02
1.061880247855702744e-02
1.047447859903669239e-02
1.033209594039541032e-02
1.019162894164490560e-02
1.005305236352619855e-02
9.916341284863848179e-03
9.781471098950335688e-03
9.648417509960587057e-03
9.517156529396633008e-03
9.387664472562690793e-03
9.259917955070450998e-03
9.133893889374968336e-03
9.009569481340691521e-03
8.886922226838133571e-03
8.765929908370891088e-03
8.646570591733088867e-03
8.528822622697312256e-03
8.412664623732852079e-03
8.298075490754374881e-03
8.185034389900871024e-03
8.073520754344875455e-03
7.963514281131943776e-03
7.854994928050241382e-03
7.747942910530189291e-03
7.642338698574107671e-03
7.538163013715733912e-03
7.435396826009650802e-03
7.334021351050240556e-03
7.234018047020391098e-03
7.135368611769581614e-03
7.038054979921341305e-03
6.942059320010008500e-03
6.847364031646476119e-03
6.753951742713012844e-03
6.661805306586832988e-03
6.570907799392362164e-03
6.481242517282082526e-03
6.392792973745680882e-03
6.305542896947474545e-03
6.219476227091856428e-03
6.134577113816666594e-03
6.050829913614255186e-03
5.968219187280142217e-03
5.886729697389019196e-03
5.806346405797975507e-03
5.727054471176777801e-03
5.648839246564895354e-03
5.571686276955319095e-03
5.495581296904751036e-03
5.420510228170128536e-03
5.346459177371215392e-03
5.273414433679111425e-03
5.201362466530478484e-03
5.130289923367250399e-03
5.060183627401714998e-03
4.991030575406631663e-03
4.922817935530356646e-03
4.855533045136627493e-03
4.789163408668912873e-03
4.723696695539048550e-03
4.659120738040003346e-03
4.595423529282543530e-03
4.532593221155646439e-03
4.470618122310374490e-03
4.409486696167084704e-03
4.349187558945716986e-03
4.289709477718966872e-03
4.231041368488184899e-03
4.173172294281732829e-03
4.116091463275599847e-03
4.059788226936141692e-03
4.004252078184639997e-03
3.949472649583568237e-03
3.895439711544286705e-03
3.842143170556026888e-03
3.789573067435902422e-03
3.737719575599770996e-03
3.686572999353793234e-03
3.636123772206378921e-03
3.586362455200428189e-03
3.537279735265585340e-03
3.488866423590374771e-03
3.441113454013942311e-03
3.394011881437308722e-03
3.347552880253821823e-03
3.301727742798687103e-03
3.256527877817377761e-03
3.211944808952677845e-03
3.167970173250237928e-03
3.124595719682383109e-03
3.081813307690039767e-03
3.039614905742528666e-03
2.997992589915096477e-03
2.956938542483978846e-03
2.916445050538753886e-03
2.876504504611904559e-03
2.837109397325307189e-03
2.798252322053502994e-03
2.759925971603609078e-03
2.722123136911593078e-03
2.684836705754820810e-03
2.648059661480678742e-03
2.611785081751019730e-03
2.576006137302395624e-03
2.540716090721763590e-03
2.505908295237571637e-03
2.471576193526034675e-03
2.437713316532420273e-03
2.404313282307191449e-03
2.371369794856824798e-03
2.338876643009128297e-03
2.306827699292933465e-03
2.275216918831941999e-03
2.244038338252611967e-03
2.213286074605903993e-03
2.182954324302717897e-03
2.153037362062876648e-03
2.123529539877486768e-03
2.094425285984549429e-03
2.065719103857620136e-03
2.037405571207405539e-03
2.009479338996123920e-03
1.981935130464491848e-03
1.954767740171179605e-03
1.927972033044583365e-03
1.901542943446799189e-03
1.875475474249592434e-03
1.849764695922298139e-03
1.824405745631436232e-03
1.799393826351964329e-03
1.774724205989980158e-03
1.750392216516761038e-03
1.726393253113994936e-03
1.702722773330084044e-03
1.679376296247363448e-03
1.656349401660119113e-03
1.633637729263259222e-03
1.611236977851543926e-03
1.589142904529187647e-03
1.567351323929773227e-03
1.545858107446292963e-03
1.524659182471230223e-03
1.503750531646548929e-03
1.483128192123458209e-03
1.462788254831848787e-03
1.442726863759270567e-03
1.422940215239335395e-03
1.403424557249435952e-03
1.384176188717639372e-03
1.365191458838697480e-03
1.346466766398988048e-03
1.327998559110332190e-03
1.309783332952552375e-03
1.291817631524665253e-03
1.274098045404600853e-03
1.256621211517359267e-03
1.239383812511452585e-03
1.222382576143591108e-03
1.205614274671451634e-03
1.189075724254472092e-03
1.172763784362534402e-03
1.156675357192469850e-03
1.140807387092251457e-03
1.125156859992812843e-03
1.109720802847369986e-03
1.094496283078165650e-03
1.079480408030532171e-03
1.064670324434189999e-03
1.050063217871678983e-03
1.035656312253835885e-03
1.021446869302239857e-03
1.007432188038512441e-03
9.936096042804053435e-04
9.799764901445809796e-04
9.665302535559962445e-04
9.532683377638226157e-04
9.401882208637876584e-04
9.272874153268836168e-04
9.145634675343544033e-04
9.020139573188613478e-04
8.896364975117800012e-04
8.774287334965242364e-04
8.653883427678257627e-04
8.535130344968976058e-04
8.418005491024002380e-04
8.302486578271355477e-04
8.188551623204003453e-04
8.076178942259152694e-04
7.965347147752654521e-04
7.856035143867776994e-04
7.748222122697684833e-04
7.641887560340794800e-04
7.537011213048513221e-04
7.433573113424515400e-04
7.331553566674921816e-04
7.230933146908799731e-04
7.131692693488237778e-04
7.033813307427347339e-04
6.937276347839637768e-04
6.842063428432976170e-04
6.748156414051722975e-04
6.655537417265210663e-04
6.564188795002120005e-04
6.474093145230009000e-04
6.385233303679562974e-04
6.297592340612802580e-04
6.211153557634855032e-04
6.125900484548551335e-04
6.041816876251370275e-04
5.958886709674164313e-04
5.877094180761114435e-04
5.796423701490320893e-04
5.716859896934634120e-04
5.638387602361971196e-04
5.560991860374798037e-04
5.484657918088171229e-04
5.409371224345840791e-04
5.335117426973901011e-04
5.261882370071483067e-04
5.189652091338080656e-04
5.118412819436849457e-04
5.048150971393659250e-04
4.978853150031136484e-04
4.910506141437454442e-04
4.843096912469325652e-04
4.776612608288683705e-04
4.711040549932754172e-04
4.646368231916938349e-04
4.582583319870091342e-04
4.519673648201863805e-04
4.457627217801523483e-04
4.396432193768002867e-04
4.336076903170609713e-04
4.276549832840093046e-04
4.217839627189606051e-04
4.159935086065182563e-04
4.102825162625353662e-04
4.046498961249476111e-04
3.990945735474426236e-04
3.936154885959210919e-04
3.882115958477270210e-04
3.828818641935897993e-04
3.776252766422596410e-04
3.724408301277909753e-04
3.673275353194393588e-04
3.622844164341388435e-04
3.573105110515248893e-04
3.524048699314671494e-04
3.475665568340807971e-04
3.427946483421784448e-04
3.380882336861404857e-04
3.334464145711537111e-04
3.288683050068067133e-04
3.243530311389948551e-04
3.198997310841106300e-04
3.155075547654888910e-04
3.111756637520728510e-04
3.069032310992756470e-04
3.026894411920053214e-04
2.985334895898217236e-04
2.944345828742043537e-04
2.903919384978919543e-04
2.864047846362767730e-04
2.824723600408174471e-04
2.785939138944482844e-04
2.747687056689555028e-04
2.709960049842941921e-04
2.672750914698231216e-04
2.636052546274250826e-04
2.599857936964931979e-04
2.564160175207566344e-04
2.528952444169160112e-04
2.494228020450740845e-04
2.459980272809266888e-04
2.426202660896961531e-04
2.392888734017850757e-04
2.360032129901189603e-04
2.327626573491673053e-04
2.295665875756085336e-04
2.264143932506239635e-04
2.233054723237953951e-04
2.202392309985862565e-04
2.172150836193851111e-04
2.142324525600869172e-04
2.112907681141974281e-04
2.083894683864333307e-04
2.055279991858022389e-04
2.027058139201430261e-04
1.999223734921023185e-04
1.971771461965309686e-04
1.944696076192829433e-04
1.917992405373919094e-04
1.891655348206124207e-04
1.865679873343050030e-04
1.840061018436460786e-04
1.814793889191455747e-04
1.789873658434564668e-04
1.765295565194521885e-04
1.741054913795667027e-04
1.717147072963632725e-04
1.693567474943334487e-04
1.670311614628954293e-04
1.647375048705821408e-04
1.624753394804019386e-04
1.602442330663555548e-04
1.580437593310929215e-04
1.558734978246969962e-04
1.537330338645737972e-04
1.516219584564421736e-04
1.495398682163977212e-04
1.474863652940463989e-04
1.454610572966879786e-04
1.434635572145320076e-04
1.414934833469429503e-04
1.395504592296861832e-04
1.376341135631739239e-04
1.357440801416913043e-04
1.338799977835873308e-04
1.320415102624247934e-04
1.302282662390673057e-04
1.284399191946983244e-04
1.266761273647560757e-04
1.249365536737688314e-04
1.232208656710868727e-04
1.215287354674875225e-04
1.198598396726528384e-04
1.182138593334996102e-04
1.165904798733529210e-04
1.149893910319548966e-04
1.134102868062896553e-04
1.118528653922223318e-04
1.103168291269347718e-04
1.088018844321480736e-04
1.073077417581250773e-04
1.058341155284356171e-04
1.043807240854801872e-04
1.029472896367595382e-04
1.015335382018774519e-04
1.001391995602719781e-04
9.876400719965858547e-05
9.740769826518282776e-05
9.607001350926706255e-05
9.475069724214390306e-05
9.344949728306805562e-05
9.216616491219404683e-05
9.090045482311577497e-05
8.965212507605391278e-05
8.842093705168422278e-05
8.720665540560056464e-05
8.600904802339793057e-05
8.482788597637384192e-05
8.366294347783512361e-05
8.251399784000249405e-05
8.138082943150727860e-05
8.026322163546799489e-05
7.916096080814376094e-05
7.807383623815173225e-05
7.700164010624475973e-05
7.594416744563993080e-05
7.490121610288948259e-05
7.387258669928977752e-05
7.285808259281676758e-05
7.185750984058468093e-05
7.087067716181901335e-05
6.989739590133534075e-05
6.893747999352082189e-05
6.799074592680714297e-05
6.705701270863177320e-05
6.613610183087912904e-05
6.522783723579474863e-05
6.433204528236727239e-05
6.344855471317070814e-05
6.257719662166135637e-05
6.171780441992358161e-05
6.087021380685601391e-05
6.003426273679607968e-05
5.920979138857230444e-05
5.839664213498260546e-05
5.759465951269050364e-05
5.680369019253289853e-05
5.602358295023720424e-05
5.525418863753711255e-05
5.449536015368666486e-05
5.374695241736402704e-05
5.300882233895977652e-05
5.228082879324650337e-05
5.156283259242176313e-05
5.085469645952167772e-05
5.015628500219880792e-05
4.946746468685878838e-05
4.878810381315336022e-05
4.811807248882080232e-05
4.745724260487348345e-05
4.680548781112490531e-05
4.616268349205141831e-05
4.552870674298699761e-05
4.490343634664214134e-05
4.428675274994662675e-05
4.367853804120920585e-05
4.307867592758996456e-05
4.248705171288300763e-05
4.190355227560213069e-05
4.132806604736860513e-05
4.076048299159483511e-05
4.020069458245958353e-05
3.964859378417335764e-05
3.910407503052614804e-05
3.856703420471724314e-05
3.803736861946138649e-05
3.751497699736689936e-05
3.699975945158450163e-05
3.649161746672018318e-05
3.599045388001064210e-05
3.549617286275713558e-05
3.500867990201306809e-05
3.452788178252426637e-05
3.405368656891534122e-05
3.358600358812180404e-05
3.312474341206270688e-05
3.266981784055043132e-05
3.222113988443633205e-05
3.177862374898589244e-05
3.134218481748334478e-05
3.091173963506087615e-05
3.048720589274905228e-05
3.006850241174718527e-05
2.965554912790845817e-05
2.924826707643870163e-05
2.884657837680474355e-05
2.845040621784981075e-05
2.805967484311360782e-05
2.767430953635303758e-05
2.729423660726233017e-05
2.691938337738906370e-05
2.654967816624266466e-05
2.618505027759476808e-05
2.582542998596635864e-05
2.547074852330118784e-05
2.512093806582179457e-05
2.477593172106568614e-05
2.443566351509985035e-05
2.410006837991025087e-05
2.376908214096488657e-05
2.344264150494704342e-05
2.312068404765720082e-05
2.280314820208100725e-05
2.248997324662064515e-05
2.218109929348822978e-05
2.187646727725798282e-05
2.157601894357586591e-05
2.127969683802417042e-05
2.098744429513858673e-05
2.069920542757660100e-05
2.041492511543387201e-05
2.013454899570771387e-05
1.985802345190519437e-05
1.958529560379350783e-05
1.931631329729149060e-05
1.905102509449939282e-05
1.878938026386591683e-05
1.853132877049007960e-05
1.827682126655600845e-05
1.802580908189937585e-05
1.777824421470294923e-05
1.753407932232012734e-05
1.729326771222443055e-05
1.705576333308291194e-05
1.682152076595260168e-05
1.659049521559728435e-05
1.636264250192381623e-05
1.613791905153588881e-05
1.591628188940364278e-05
1.569768863064788545e-05
1.548209747243670955e-05
1.526946718599362889e-05
1.505975710871553707e-05
1.485292713639836964e-05
1.464893771557007198e-05
1.444774983592835849e-05
1.424932502288251814e-05
1.405362533019770404e-05
1.386061333273980153e-05
1.367025211932038837e-05
1.348250528563949006e-05
1.329733692732549481e-05
1.311471163307059865e-05
1.293459447786024410e-05
1.275695101629591030e-05
1.258174727600911337e-05
1.240894975116618834e-05
1.223852539606216546e-05
1.207044161880233467e-05
1.190466627507100538e-05
1.174116766198535917e-05
1.157991451203396687e-05
1.142087598709851970e-05
1.126402167255741450e-05
1.110932157147060313e-05
1.095674609884394953e-05
1.080626607597260310e-05
1.065785272486197216e-05
1.051147766272508110e-05
1.036711289655586580e-05
1.022473081777656065e-05
1.008430419695888421e-05
9.945806178617581773e-06
9.809210276075374540e-06
9.674490366398647871e-06
9.541620685402323512e-06
9.410575822723646415e-06
9.281330716963475001e-06
9.153860650894156693e-06
9.028141246733485556e-06
8.904148461483237740e-06
8.781858582331910325e-06
8.661248222120603078e-06
8.542294314870923361e-06
8.424974111374622786e-06
8.309265174843457927e-06
8.195145376619042979e-06
8.082592891941496670e-06
7.971586195776132950e-06
7.862104058697621180e-06
7.754125542830438427e-06
7.647629997845246263e-06
7.542597057010206979e-06
7.439006633296383685e-06
7.336838915536826215e-06
7.236074364638196787e-06
7.136693709844577131e-06
7.038677945052459276e-06
6.942008325176382972e-06
6.846666362564515036e-06
6.752633823463344731e-06
6.659892724531050525e-06
6.568425329398604763e-06
6.478214145278230881e-06
6.389241919618359333e-06
6.301491636804462216e-06
6.214946514905371021e-06
6.129590002464052597e-06
6.045405775332566364e-06
5.962377733550553085e-06
5.880489998266396305e-06
5.799726908700843869e-06
5.720073019152210279e-06
5.641513096042737231e-06
5.564032115005566843e-06
5.487615258011583874e-06
5.412247910535877912e-06
5.337915658762959854e-06
5.264604286830441314e-06
5.192299774110593341e-06
5.120988292529106817e-06
5.050656203920847879e-06
4.981290057421724887e-06
4.912876586896551751e-06
4.845402708402136826e-06
4.778855517685185699e-06
4.713222287714665513e-06
4.648490466247939652e-06
4.584647673430383096e-06
4.521681699427999869e-06
4.459580502092440347e-06
4.398332204658200742e-06
4.337925093471341516e-06
4.278347615749474878e-06
4.219588377372496175e-06
4.161636140703589944e-06
4.104479822440262434e-06
4.048108491494794966e-06
3.992511366903843699e-06
3.937677815766763977e-06
3.883597351212189158e-06
3.830259630392606417e-06
3.777654452506387853e-06
3.725771756847070647e-06
3.674601620879362384e-06
3.624134258341577181e-06
3.574360017374191781e-06
3.525269378673984151e-06
3.476852953673636436e-06
3.429101482746288539e-06
3.382005833434696315e-06
3.335556998704840210e-06
3.289746095223365609e-06
3.244564361658776514e-06
3.200003157005945938e-06
3.156053958933583414e-06
3.112708362154478393e-06
3.069958076818031179e-06
3.027794926924940984e-06
2.986210848763630545e-06
2.945197889368115914e-06
2.904748204997117720e-06
2.864854059633989114e-06
2.825507823507294800e-06
2.786701971631697679e-06
2.748429082368853262e-06
2.710681836008107707e-06
2.673453013366651365e-06
2.636735494408927917e-06
2.600522256884993761e-06
2.564806374987534992e-06
2.529581018027421696e-06
2.494839449127341323e-06
2.460575023933445051e-06
2.426781189344680207e-06
2.393451482259526671e-06
2.360579528340024609e-06
2.328159040792667483e-06
2.296183819166158636e-06
2.264647748165573213e-06
2.233544796482868239e-06
2.202869015643444401e-06
2.172614538868513036e-06
2.142775579953148472e-06
2.113346432159675910e-06
2.084321467126309282e-06
2.055695133790776081e-06
2.027461957328678036e-06
1.999616538106491890e-06
1.972153550648894789e-06
1.945067742620308804e-06
1.918353933820432085e-06
1.892007015193522237e-06
1.866021947851349955e-06
