9.999055639499233594e-01
9.998963574497794493e-01
9.998862535108942184e-01
9.998751646716511621e-01
9.998629949507127357e-01
9.998496390179256732e-01
9.998349812847141527e-01
9.998188949061741493e-01
9.998012406863346913e-01
9.997818658772487099e-01
9.997606028616694562e-01
9.997372677080962333e-01
9.997116585859272542e-01
9.996835540272669407e-01
9.996527110206709921e-01
9.996188629207567455e-01
9.995817171560494874e-01
9.995409527158254370e-01
9.994962173949080153e-01
9.994471247734215691e-01
9.993932509064017422e-01
9.993341306958355430e-01
9.992692539152571163e-01
9.991980608542690989e-01
9.991199375474849598e-01
9.990342105492154845e-01
9.989401412118243950e-01
9.988369194220371172e-01
9.987236567455577418e-01
9.985993789261732312e-01
9.984630176810357360e-01
9.983134017290846707e-01
9.981492469845392179e-01
9.979691458421088290e-01
9.977715554750127280e-01
9.975547850611959921e-01
9.973169818471410153e-01
9.970561159526749595e-01
9.967699638140564700e-01
9.964560901566201778e-01
9.961118283823927610e-01
9.957342592526585712e-01
9.953201877405034592e-01
9.948661179243196706e-01
9.943682257903092570e-01
9.938223298106589887e-01
9.932238591647090109e-01
9.925678194737129756e-01
9.918487559263593489e-01
9.910607136829867603e-01
9.901971954622885708e-01
9.892511162365492661e-01
9.882147549913381512e-01
9.870797035448498624e-01
9.858368124724321557e-01
9.844761342455226050e-01
9.829868637735555970e-01
9.813572766351057464e-01
9.795746654035950574e-01
9.776252746165150498e-01
9.754942351087644292e-01
9.731654986338720281e-01
9.706217739351818974e-01
9.678444657057858613e-01
9.648136181939270806e-01
9.615078655718302114e-01
9.579043915909608575e-01
9.539789014944168866e-01
9.497056096432676675e-01
9.450572468306841500e-01
9.400050917929472227e-01
9.345190319614713470e-01
9.285676590089008142e-01
9.221184051903283940e-01
9.151377268231029039e-01
9.075913414295773141e-01
8.994445250193110475e-01
8.906624756324009740e-01
8.812107485166262855e-01
8.710557670754004445e-01
8.601654119097672524e-01
8.485096878042155399e-01
8.360614653136894114e-01
8.227972896758088961e-01
8.086982451310463782e-01
7.937508574910550063e-01
7.779480121492704514e-01
7.612898589797721938e-01
7.437846701297547991e-01
7.254496120861977371e-01
7.063113901694522134e-01
6.864067223826321174e-01
6.657826008931926332e-01
6.444963037876132450e-01
6.226151273572405609e-01
6.002158199875140543e-01
5.773837123284116801e-01
5.542115540482757119e-01
5.307980840100392506e-01
5.072463768115944571e-01
5.072463768115944571e-01
5.037400848934410202e-01
5.002334200319578095e-01
4.967267318935996157e-01
4.932203701542844376e-01
4.897146843572256492e-01
4.862100237708786854e-01
4.827067372471309792e-01
4.792051730798573828e-01
4.757056788639653089e-01
4.722086013550534367e-01
4.687142863298062734e-01
4.652230784472475289e-01
4.617353211109648248e-01
4.582513563324360772e-01
4.547715245955625818e-01
4.512961647225333106e-01
4.478256137411225080e-01
4.443602067535442623e-01
4.409002768069611999e-01
4.374461547657609861e-01
4.339981691856954482e-01
4.305566461899961173e-01
4.271219093475473461e-01
4.236942795532261385e-01
4.202740749104912354e-01
4.168616106163114399e-01
4.134571988485229999e-01
4.100611486556888785e-01
4.066737658495453989e-01
4.032953529001053194e-01
3.999262088334891718e-01
3.965666291325560255e-01
3.932169056403850282e-01
3.898773264666821059e-01
3.865481758971517356e-01
3.832297343058949091e-01
3.799222780708759739e-01
3.766260794925027078e-01
3.733414067153553173e-01
3.700685236531042199e-01
3.668076899166420324e-01
3.635591607454610186e-01
3.603231869422953704e-01
3.571000148110471395e-01
3.538898860980130845e-01
3.506930379364210371e-01
3.475097027942801731e-01
3.443401084255560129e-01
3.411844778246574394e-01
3.380430291842457802e-01
3.349159758563416966e-01
3.318035263167329330e-01
3.287058841326579439e-01
3.256232479337485275e-01
3.225558113862145304e-01
3.195037631702384306e-01
3.164672869605553718e-01
3.134465614101868969e-01
3.104417601372924662e-01
3.074530517151050635e-01
3.044805996649050384e-01
3.015245624519974355e-01
2.985850934846393523e-01
2.956623411158777470e-01
2.927564486482432948e-01
2.898675543412498889e-01
2.869957914216457739e-01
2.841412880963617438e-01
2.813041675680978404e-01
2.784845480534888784e-01
2.756825428037906756e-01
2.728982601280210973e-01
2.701318034184965744e-01
2.673832711786966465e-01
2.646527570533925289e-01
2.619403498609719771e-01
2.592461336278937267e-01
2.565701876252032276e-01
2.539125864070407301e-01
2.512733998510743305e-01
2.486526932007821211e-01
2.460505271095248248e-01
2.434669576863250362e-01
2.409020365432944510e-01
2.383558108446312551e-01
2.358283233571228932e-01
2.333196125020784717e-01
2.308297124086269025e-01
2.283586529683073740e-01
2.259064598908855359e-01
2.234731547613246216e-01
2.210587550978459492e-01
2.186632744110100224e-01
2.162867222637534781e-01
2.139291043323141017e-01
2.115904224679800993e-01
2.092706747595984851e-01
2.069698555967839082e-01
2.046879557337586419e-01
2.024249623537687781e-01
2.001808591340154542e-01
1.979556263110395231e-01
1.957492407465060147e-01
1.935616759933289632e-01
1.913929023620847825e-01
1.892428869876556230e-01
1.871115938960548342e-01
1.849989840713812395e-01
1.829050155228515995e-01
1.808296433518643831e-01
1.787728198190465800e-01
1.767344944112381189e-01
1.747146139083689542e-01
1.727131224501878282e-01
1.707299616027969091e-01
1.687650704249581135e-01
1.668183855341258126e-01
1.648898411721740342e-01
1.629793692707779129e-01
1.610868995164188300e-01
1.592123594149749688e-01
1.573556743558711390e-01
1.555167676757533701e-01
1.536955607216591302e-01
1.518919729136589125e-01
1.501059218069386303e-01
1.483373231532995884e-01
1.465860909620524677e-01
1.448521375602821459e-01
1.431353736524608733e-01
1.414357083793928438e-01
1.397530493764667647e-01
1.380873028312029904e-01
1.364383735400758468e-01
1.348061649645968807e-01
1.331905792866441840e-01
1.315915174630248319e-01
1.300088792792583325e-01
1.284425634025697649e-01
1.268924674340820014e-01
1.253584879601993829e-01
1.238405206031725769e-01
1.223384600708386782e-01
1.208522002055308908e-01
1.193816340321499081e-01
1.179266538053943270e-01
1.164871510561462792e-01
1.150630166370083113e-01
1.136541407669894033e-01
1.122604130753398349e-01
1.108817226445318743e-01
1.095179580523892998e-01
1.081690074133627721e-01
1.068347584189555943e-01
1.055150983772989715e-01
1.042099142518813637e-01
1.029190926994330846e-01
1.016425201069711126e-01
1.003800826280075026e-01
9.913166621792542099e-02
9.789715666852871756e-02
9.667643964177044524e-02
9.546940070266499156e-02
9.427592535139178720e-02
9.309589905459539350e-02
9.192920727589093399e-02
9.077573550558047655e-02
8.963536928958915073e-02
8.850799425762827244e-02
8.739349615059392729e-02
8.629176084721024154e-02
8.520267438992415454e-02
8.412612301006343329e-02
8.306199315226352187e-02
8.201017149817728391e-02
8.097054498947185708e-02
7.994300085012659429e-02
7.892742660803991894e-02
7.792371011595503050e-02
7.693173957171614563e-02
7.595140353786249132e-02
7.498259096057388606e-02
7.402519118797561137e-02
7.307909398781441135e-02
7.214418956451461307e-02
7.122036857562774603e-02
7.030752214768233588e-02
6.940554189144847175e-02
6.851431991662408627e-02
6.763374884595596548e-02
6.676372182880604966e-02
6.590413255417150451e-02
6.505487526317196845e-02
6.421584476101170613e-02
6.338693642842981035e-02
6.256804623264654308e-02
6.175907073781815998e-02
6.095990711500871850e-02
6.017045315169131103e-02
5.939060726078637664e-02
5.862026848924922762e-02
5.785933652621659540e-02
5.710771171072075852e-02
5.636529503898247973e-02
5.563198817129250129e-02
5.490769343849016826e-02
5.419231384805017065e-02
5.348575308978582854e-02
5.278791554117873153e-02
5.209870627234373941e-02
5.141803105063921797e-02
5.074579634493044805e-02
5.008190932951549906e-02
4.942627788772348957e-02
4.877881061519166728e-02
4.813941682283194579e-02
4.750800653949441982e-02
4.688449051433568604e-02
4.626878021890139941e-02
4.566078784892987213e-02
4.506042632588528468e-02
4.446760929822825281e-02
4.388225114243119590e-02
4.330426696374607698e-02
4.273357259673214725e-02
4.217008460555064092e-02
4.161372028403378942e-02
4.106439765553501764e-02
4.052203547256728877e-02
3.998655321623611342e-02
3.945787109547455734e-02
3.893591004608554923e-02
3.842059172959897545e-02
3.791183853194920322e-02
3.740957356197942979e-02
3.691372064977822831e-02
3.642420434485536124e-02
3.594094991416111468e-02
3.546388333995610653e-02
3.499293131753607178e-02
3.452802125281766166e-02
3.406908125979014185e-02
3.361604015783817984e-02
3.316882746894085632e-02
3.272737341475213946e-02
3.229160891356645108e-02
3.186146557717552119e-02
3.143687570762009054e-02
3.101777229384124548e-02
3.060408900823572559e-02
3.019576020311939835e-02
2.979272090710340104e-02
2.939490682138616931e-02
2.900225431596622008e-02
2.861470042577920342e-02
2.823218284676239781e-02
2.785463993185148535e-02
2.748201068691175086e-02
2.711423476660862475e-02
2.675125247021948108e-02
2.639300473739130196e-02
2.603943314384632446e-02
2.569047989703958021e-02
2.534608783177069030e-02
2.500620040575335032e-02
2.467076169514510059e-02
2.433971639004012255e-02
2.401300978992802759e-02
2.369058779912072352e-02
2.337239692215068582e-02
2.305838425914202849e-02
2.274849750115788549e-02
2.244268492552570216e-02
2.214089539114268840e-02
2.184307833376419872e-02
2.154918376127617358e-02
2.125916224895485832e-02
2.097296493471461146e-02
2.069054351434663000e-02
2.041185023675005580e-02
2.013683789915695840e-02
1.986545984235360204e-02
1.959766994589925287e-02
1.933342262334392450e-02
1.907267281744730661e-02
1.881537599539971975e-02
1.856148814404683101e-02
1.831096576511963281e-02
1.806376587047087146e-02
1.781984597731918127e-02
1.757916410350257932e-02
1.734167876274174055e-02
1.710734895991527713e-02
1.687613418634719906e-02
1.664799441510814507e-02
1.642289009633126490e-02
1.620078215254385293e-02
1.598163197401537838e-02
1.576540141412346302e-02
1.555205278473774724e-02
1.534154885162362057e-02
1.513385282986538100e-02
1.492892837931078520e-02
1.472673960003679020e-02
1.452725102783777172e-02
1.433042762973659769e-02
1.413623479951931113e-02
1.394463835329396752e-02
1.375560452507430462e-02
1.356909996238865254e-02
1.338509172191475367e-02
1.320354726514088098e-02
1.302443445405370749e-02
1.284772154685353586e-02
1.267337719369710652e-02
1.250137043246846505e-02
1.233167068457828239e-02
1.216424775079190043e-02
1.199907180708655041e-02
1.183611340053789159e-02
1.167534344523627962e-02
1.151673321823293121e-02
1.136025435551636133e-02
1.120587884801918510e-02
1.105357903765544735e-02
1.090332761338894986e-02
1.075509760733236314e-02
1.060886239087762035e-02
1.046459567085753287e-02
1.032227148573867416e-02
1.018186420184600746e-02
1.004334850961885288e-02
9.906699419898747430e-03
9.771892260248894388e-03
9.638902671305443065e-03
9.507706603160670164e-03
9.378280311777882280e-03
9.250600355438320585e-03
9.124643591219899416e-03
9.000387171507825620e-03
8.877808540537043130e-03
8.756885430966518391e-03
8.637595860485390922e-03
8.519918128450789524e-03
8.403830812557362695e-03
8.289312765538457348e-03
8.176343111898819183e-03
8.064901244678839010e-03
7.954966822250129910e-03
7.846519765142379726e-03
7.739540252901501438e-03
7.634008720978723191e-03
7.529905857650802739e-03
7.427212600970939556e-03
7.325910135750538128e-03
7.225979890571461624e-03
7.127403534828737758e-03
7.030162975803700386e-03
6.934240355767077625e-03
6.839618049112260699e-03
6.746278659518318080e-03
6.654205017142715041e-03
6.563380175843574679e-03
6.473787410431248827e-03
6.385410213949076555e-03
6.298232294983120358e-03
6.212237575000782892e-03
6.127410185717918276e-03
6.043734466494565458e-03
5.961194961758760694e-03
5.879776418458579172e-03
5.799463783541884514e-03
5.720242201463861600e-03
5.642097011722032630e-03
5.565013746418453686e-03
5.488978127849052785e-03
5.413976066119868293e-03
5.339993656789827729e-03
5.267017178540118159e-03
5.195033090869752637e-03
5.124028031817155771e-03
5.053988815707597532e-03
4.984902430926238526e-03
4.916756037716648806e-03
4.849536966004378696e-03
4.783232713245670099e-03
4.717830942300814748e-03
4.653319479332141198e-03
4.589686311726307033e-03
4.526919586040729741e-03
4.465007605973916015e-03
4.403938830359491706e-03
4.343701871183710400e-03
4.284285491626244578e-03
4.225678604124006102e-03
4.167870268457814741e-03
4.110849689861667544e-03
4.054606217154454670e-03
3.999129340893862322e-03
3.944408691552198261e-03
3.890434037714080896e-03
3.837195284295652400e-03
3.784682470785047815e-03
3.732885769504177415e-03
3.681795483891273264e-03
3.631402046804239891e-03
3.581696018844497675e-03
3.532668086701113829e-03
3.484309061515021913e-03
3.436609877263188499e-03
3.389561589162383513e-03
3.343155372092502641e-03
3.297382519039104409e-03
3.252234439555094694e-03
3.207702658241236467e-03
3.163778813245349004e-03
3.120454654780001856e-03
3.077722043658494971e-03
3.035572949848877773e-03
2.993999451045936937e-03
2.952993731260822406e-03
2.912548079428215354e-03
2.872654888030796126e-03
2.833306651740840395e-03
2.794495966078772240e-03
2.756215526088455579e-03
2.718458125029043961e-03
2.681216653083249961e-03
2.644484096081767006e-03
2.608253534243745644e-03
2.572518140933118674e-03
2.537271181430526650e-03
2.502506011720816419e-03
2.468216077295765781e-03
2.434394911972006473e-03
2.401036136723858419e-03
2.368133458530998457e-03
2.335680669240712895e-03
2.303671644444625893e-03
2.272100342369706791e-03
2.240960802783391152e-03
2.210247145912665884e-03
2.179953571376940652e-03
2.150074357134551615e-03
2.120603858442749162e-03
2.091536506830984909e-03
2.062866809087353110e-03
2.034589346258060261e-03
2.006698772659702180e-03
1.979189814904279594e-03
1.952057270936722591e-03
1.925296009084832664e-03
1.898900967121459980e-03
1.872867151338796594e-03
1.847189635634588099e-03
1.821863560610208601e-03
1.796884132680370491e-03
1.772246623194359289e-03
1.747946367568690334e-03
1.723978764430960731e-03
1.700339274774885934e-03
1.677023421126252285e-03
1.654026786719751474e-03
1.631345014686504157e-03
1.608973807252189660e-03
1.586908924945604638e-03
1.565146185817557854e-03
1.543681464669955164e-03
1.522510692294953925e-03
1.501629854724071452e-03
1.481034992487108770e-03
1.460722199880773627e-03
1.440687624246898271e-03
1.420927465260102144e-03
1.401437974224806681e-03
1.382215453381477766e-03
1.363256255221985663e-03
1.344556781813954945e-03
1.326113484133997289e-03
1.307922861409730863e-03
1.289981460470462265e-03
1.272285875106410466e-03
1.254832745436396634e-03
1.237618757283859977e-03
1.220640641561115264e-03
1.203895173661752478e-03
1.187379172861045048e-03
1.171089501724301802e-03
1.155023065523038414e-03
1.139176811658878770e-03
1.123547729095084134e-03
1.108132847795612963e-03
1.092929238171622911e-03
1.077934010535301157e-03
1.063144314560961938e-03
1.048557338753270968e-03
1.034170309922566615e-03
1.019980492667122785e-03
1.005985188862316450e-03
9.921817371565772817e-04
9.785675124740463374e-04
9.651399255238700577e-04
9.518964223160076123e-04
9.388344836835061605e-04
9.259516248111379936e-04
9.132453947703262666e-04
9.007133760602760528e-04
8.883531841552261537e-04
8.761624670577525991e-04
8.641389048580312487e-04
8.522802092989955258e-04
8.405841233473094858e-04
8.290484207700708937e-04
8.176709057171834862e-04
8.064494123093188379e-04
7.953818042313849992e-04
7.844659743314581031e-04
7.736998442250658109e-04
7.630813639047951671e-04
7.526085113551201277e-04
7.422792921723969390e-04
7.320917391899642648e-04
7.220439121082730368e-04
7.121338971299709993e-04
7.023598065999092080e-04
6.927197786499572889e-04
6.832119768486170528e-04
6.738345898553313538e-04
6.645858310794451520e-04
6.554639383437514503e-04
6.464671735525667024e-04
6.375938223642738925e-04
6.288421938682687770e-04
6.202106202662620174e-04
6.116974565578693320e-04
6.033010802304396855e-04
5.950198909530636212e-04
5.868523102747066553e-04
5.787967813264112502e-04
5.708517685275160810e-04
5.630157572958420726e-04
5.552872537617802636e-04
5.476647844862472369e-04
5.401468961824460987e-04
5.327321554413830262e-04
5.254191484610907029e-04
5.182064807795122357e-04
5.110927770109956842e-04
5.040766805863455303e-04
4.971568534963919511e-04
4.903319760390280205e-04
4.836007465696656174e-04
4.769618812550684064e-04
4.704141138305194454e-04
4.639561953602661191e-04
4.575868940012182214e-04
4.513049947698378746e-04
4.451092993121891390e-04
4.389986256771045417e-04
4.329718080924176192e-04
4.270276967442363783e-04
4.211651575591990695e-04
4.153830719896909728e-04
4.096803368019627241e-04
4.040558638671322943e-04
3.985085799550118577e-04
3.930374265307381358e-04
3.876413595541592164e-04
3.823193492819424496e-04
3.770703800723707315e-04
3.718934501927864092e-04
3.667875716296484386e-04
3.617517699011734669e-04
3.567850838725153580e-04
3.518865655734576266e-04
3.470552800185842512e-04
3.422903050298911880e-04
3.375907310618055730e-04
3.329556610285933126e-04
3.283842101341006908e-04
3.238755057038180665e-04
3.194286870192240271e-04
3.150429051543818639e-04
3.107173228147615349e-04
3.064511141782505239e-04
3.022434647383285492e-04
2.980935711493777726e-04
2.940006410740941367e-04
2.899638930329802625e-04
2.859825562558825562e-04
2.820558705355525751e-04
2.781830860832000193e-04
2.743634633860107851e-04
2.705962730666120830e-04
2.668807957444438005e-04
2.632163218990221762e-04
2.596021517350656461e-04
2.560375950494570029e-04
2.525219711000206723e-04
2.490546084760856703e-04
2.456348449708138583e-04
2.422620274552675032e-04
2.389355117541946190e-04
2.356546625235074813e-04
2.324188531294305677e-04
2.292274655292973816e-04
2.260798901539727644e-04
2.229755257918773076e-04
2.199137794745971116e-04
2.168940663640495374e-04
2.139158096411918053e-04
2.109784403962457146e-04
2.080813975204212456e-04
2.052241275991183633e-04
2.024060848065843080e-04
1.996267308020107333e-04
1.968855346270475171e-04
1.941819726047165488e-04
1.915155282397051364e-04
1.888856921200206295e-04
1.862919618199885316e-04
1.837338418045736637e-04
1.812108433350101779e-04
1.787224843757175691e-04
1.762682895024920071e-04
1.738477898119464803e-04
1.714605228321935970e-04
1.691060324347448348e-04
1.667838687476135256e-04
1.644935880696082127e-04
1.622347527857938840e-04
1.600069312841098591e-04
1.578096978731276061e-04
1.556426327009311958e-04
1.535053216751078168e-04
1.513973563838318429e-04
1.493183340180269511e-04
1.472678572945927352e-04
1.452455343806804489e-04
1.432509788190059223e-04
1.412838094541817382e-04
1.393436503600565233e-04
1.374301307680504854e-04
1.355428849964677356e-04
1.336815523807780774e-04
1.318457772048509688e-04
1.300352086331299755e-04
1.282495006437364400e-04
1.264883119624857504e-04
1.247513059978094330e-04
1.230381507765651800e-04
1.213485188807260693e-04
1.196820873849356424e-04
1.180385377949184992e-04
1.164175559867321110e-04
1.148188321468513964e-04
1.132420607130723710e-04
1.116869403162251402e-04
1.101531737226837677e-04
1.086404677776647512e-04
1.071485333492994834e-04
1.056770852734742878e-04
1.042258422994240825e-04
1.027945270360719894e-04
1.013828658991018910e-04
9.999058905875839198e-05
9.861743038835922342e-05
9.726312741351241930e-05
9.592742126203131247e-05
9.461005661453252393e-05
9.331078165571270319e-05
9.202934802629083330e-05
9.076551077560971728e-05
8.951902831488695576e-05
8.828966237110399127e-05
8.707717794153049492e-05
8.588134324886754795e-05
8.470192969700816800e-05
8.353871182740294215e-05
8.239146727602294693e-05
8.125997673091288093e-05
8.014402389032526197e-05
7.904339542142812657e-05
7.795788091958005177e-05
7.688727286815989542e-05
7.583136659895064514e-05
7.478996025306294240e-05
7.376285474239628961e-05
7.274985371162743695e-05
7.175076350071907781e-05
7.076539310794377068e-05
6.979355415341335672e-05
6.883506084310839787e-05
6.788972993340133344e-05
6.695738069606488503e-05
6.603783488376092556e-05
6.513091669600158619e-05
6.423645274557711218e-05
6.335427202544478939e-05
6.248420587607021336e-05
6.162608795321764855e-05
6.077975419618081087e-05
5.994504279644967556e-05
5.912179416680744234e-05
5.830985091084961441e-05
5.750905779292248736e-05
5.671926170847286255e-05
5.594031165480428880e-05
5.517205870223539403e-05
5.441435596565155186e-05
5.366705857644903625e-05
5.293002365486175714e-05
5.220311028266859171e-05
5.148617947627515844e-05
5.077909416016340678e-05
5.008171914070715883e-05
4.939392108034463153e-05
4.871556847210686158e-05
4.804653161449489124e-05
4.738668258670056482e-05
4.673589522416895056e-05
4.609404509449426977e-05
4.546100947364690759e-05
4.483666732252742575e-05
4.422089926384034728e-05
4.361358755928687966e-05
4.301461608706898682e-05
4.242387031970350924e-05
4.184123730213899994e-05
4.126660563017385357e-05
4.069986542917047005e-05
4.014090833306028263e-05
3.958962746363823399e-05
3.904591741014016811e-05
3.850967420910090860e-05
3.798079532448874076e-05
3.745917962811180476e-05
3.694472738029404188e-05
3.643734021081548272e-05
3.593692110011472264e-05
3.544337436074889520e-05
3.495660561910780292e-05
3.447652179737961003e-05
3.400303109576307609e-05
3.353604297492445330e-05
3.307546813869513091e-05
3.262121851700598138e-05
3.217320724905677499e-05
3.173134866671566227e-05
3.129555827814703000e-05
3.086575275166387517e-05
3.044184989980132231e-05
3.002376866360954941e-05
2.961142909716107425e-05
2.920475235227160138e-05
2.880366066343025225e-05
2.840807733293623769e-05
2.801792671623994305e-05
2.763313420748491605e-05
2.725362622524818572e-05
2.687933019847677107e-05
2.651017455261632055e-05
2.614608869593098453e-05
2.578700300601038703e-05
2.543284881646199283e-05
2.508355840378640979e-05
2.473906497443202515e-05
2.439930265202833176e-05
2.406420646479347895e-05
2.373371233311519059e-05
2.340775705730226892e-05
2.308627830550351271e-05
2.276921460179320947e-05
2.245650531441974597e-05
2.214809064421531759e-05
2.184391161316546267e-05
2.154391005313433565e-05
2.124802859474605801e-05
2.095621065641739995e-05
2.066840043354186429e-05
2.038454288782197397e-05
2.010458373674773363e-05
1.982846944322002886e-05
1.955614720531572716e-05
1.928756494619400982e-05
1.902267130414086167e-05
1.876141562275007201e-05
1.850374794123944237e-05
1.824961898489952441e-05
1.799898015567357677e-05
1.775178352286716540e-05
1.750798181398455797e-05
1.726752840569174287e-05
1.703037731490279324e-05
1.679648318998900661e-05
1.656580130210868589e-05
1.633828753665567425e-05
1.611389838482564120e-05
1.589259093529775827e-05
1.567432286603089695e-05
1.545905243617230236e-05
1.524673847807725204e-05
1.503734038943850883e-05
1.483081812552350612e-05
1.462713219151838129e-05
1.442624363497700733e-05
1.422811403837351155e-05
1.403270551175744789e-05
1.383998068550932067e-05
1.364990270319586337e-05
1.346243521452343597e-05
1.327754236838786898e-05
1.309518880602007452e-05
1.291533965422543770e-05
1.273796051871635099e-05
1.256301747753598933e-05
1.239047707457244842e-05
1.222030631316216705e-05
1.205247264978075813e-05
1.188694398782082497e-05
1.172368867145489753e-05
1.156267547958293141e-05
1.140387361986267882e-05
1.124725272282202356e-05
1.109278283605241261e-05
1.094043441848152597e-05
1.079017833472511189e-05
1.064198584951602575e-05
1.049582862220981876e-05
1.035167870136589373e-05
1.020950851940285768e-05
1.006929088732740192e-05
9.930998989535603404e-06
9.794606378685348174e-06
9.660086970639470078e-06
9.527415039478107390e-06
9.396565212579562358e-06
9.267512465768894584e-06
9.140232118532782879e-06
9.014699829300472627e-06
8.890891590789155250e-06
8.768783725413559549e-06
8.648352880758401358e-06
8.529576025112974922e-06
8.412430443067249038e-06
8.296893731168149960e-06
8.182943793635771891e-06
8.070558838138215706e-06
7.959717371624483312e-06
7.850398196214668708e-06
7.742580405146439460e-06
7.636243378777300388e-06
7.531366780641746670e-06
7.427930553562413614e-06
7.325914915814832593e-06
7.225300357344655600e-06
7.126067636036940131e-06
7.028197774036673642e-06
6.931672054119665966e-06
6.836472016113534416e-06
6.742579453367544050e-06
6.649976409271131161e-06
6.558645173820173158e-06
6.468568280230326384e-06
6.379728501597032054e-06
6.292108847601234871e-06
6.205692561260355220e-06
6.120463115724036376e-06
6.036404211113631644e-06
5.953499771405339104e-06
5.871733941355939575e-06
5.791091083470856584e-06
5.711555775013908134e-06
5.633112805057885469e-06
5.555747171575926636e-06
5.479444078572632831e-06
5.404188933254606511e-06
5.329967343239943700e-06
5.256765113805905456e-06
5.184568245174536422e-06
5.113362929835380024e-06
5.043135549905117531e-06
4.973872674523393213e-06
4.905561057284382594e-06
4.838187633703687058e-06
4.771739518719940713e-06
4.706204004230806798e-06
4.641568556662757992e-06
4.577820814574220510e-06
4.514948586291681327e-06
4.452939847578207967e-06
4.391782739334004777e-06
4.331465565328585547e-06
4.271976789963972100e-06
4.213305036068774012e-06
4.155439082722406611e-06
4.098367863109275305e-06
4.042080462402434965e-06
3.986566115676234774e-06
3.931814205847718999e-06
3.877814261646216171e-06
3.824555955610896448e-06
3.772029102115720324e-06
3.720223655421616916e-06
3.669129707755366224e-06
3.618737487414815228e-06
3.569037356900214790e-06
3.520019811071121273e-06
3.471675475328673155e-06
3.423995103822806831e-06
3.376969577684079999e-06
3.330589903279816315e-06
3.284847210494141896e-06
3.239732751031674784e-06
3.195237896744552291e-06
3.151354137982307905e-06
3.108073081964566409e-06
3.065386451175955840e-06
3.023286081783124457e-06
2.981763922073515021e-06
2.940812030915513535e-06
2.900422576239804717e-06
2.860587833541547969e-06
2.821300184403137096e-06
2.782552115037266790e-06
2.744336214849936576e-06
2.706645175023285916e-06
2.669471787117821712e-06
2.632808941693847620e-06
2.596649626951886806e-06
2.560986927391668705e-06
2.525814022489646733e-06
2.491124185394585345e-06
2.456910781641117302e-06
2.423167267880949309e-06
2.389887190631485183e-06
2.357064185041655650e-06
2.324691973674658305e-06
2.292764365307461210e-06
2.261275253746764756e-06
2.230218616661230371e-06
2.199588514429741875e-06
2.169379089005501259e-06
2.139584562795687428e-06
2.110199237556560595e-06
2.081217493303668415e-06
2.052633787237086114e-06
2.024442652681359840e-06
1.996638698040045235e-06
1.969216605764603638e-06
1.942171131337417063e-06
1.915497102268841470e-06
1.889189417107953814e-06
1.863243044466938855e-06
1.837653022058873076e-06
1.812414455748677627e-06
1.787522518617169788e-06
1.762972450037909075e-06
1.738759554766759222e-06
1.714879202043945583e-06
1.691326824708421629e-06
1.668097918324443297e-06
1.645188040320089053e-06
1.622592809137639464e-06
1.600307903395628898e-06
1.578329061062390178e-06
1.556652078640949064e-06
1.535272810365132807e-06
1.514187167406681457e-06
1.493391117093304738e-06
1.472880682137409844e-06
1.452651939875490416e-06
1.432701021517898664e-06
1.413024111408963144e-06
1.393617446297260132e-06
1.374477314615885498e-06
1.355600055772644691e-06
1.336982059449950363e-06
1.318619764914378077e-06
1.300509660335675743e-06
1.282648282115126630e-06
1.265032214223157954e-06
1.247658087546012088e-06
1.230522579241430616e-06
1.213622412103149236e-06
1.196954353934146099e-06
1.180515216928491149e-06
1.164301857061672339e-06
1.148311173489320832e-06
1.132540107954168923e-06
1.116985644201156851e-06
1.101644807400594257e-06
1.086514663579214292e-06
1.071592319059059396e-06
1.056874919904065757e-06
1.042359651374251584e-06
1.028043737387408613e-06
1.013924439988160043e-06
9.999990588243533541e-07
