9.999944444725021864e-01
9.999939028184323675e-01
9.999933083543727230e-01
9.999926559315405195e-01
9.999919398991793384e-01
9.999911540556185585e-01
9.999902915945739768e-01
9.999893450462002953e-01
9.999883062124002020e-01
9.999871660958482567e-01
9.999859148220593408e-01
9.999845415538978211e-01
9.999830343977311742e-01
9.999813803004538038e-01
9.999795649364596750e-01
9.999775725836136386e-01
9.999753859871324257e-01
9.999729862101998101e-01
9.999703524700304103e-01
9.999674619579637103e-01
9.999642896420235516e-01
9.999608080502565555e-01
9.999569870329594323e-01
9.999527935017463731e-01
9.999481911432220871e-01
9.999431401047543799e-01
9.999375966496663048e-01
9.999315127788628299e-01
9.999248358156326288e-01
9.999175079500345342e-01
9.999094657389723251e-01
9.999006395576240935e-01
9.998909529975357202e-01
9.998803222061770635e-01
9.998686551623239271e-01
9.998558508809999301e-01
9.998417985412080267e-01
9.998263765289523430e-01
9.998094513873638789e-01
9.997908766649696855e-01
9.997704916522704988e-01
9.997481199958406783e-01
9.997235681782022931e-01
9.996966238505059499e-01
9.996670540039281905e-01
9.996346029642970699e-01
9.995989901930132371e-01
9.995599078757753109e-01
9.995170182788490898e-01
9.994699508507687291e-01
9.994182990452937787e-01
9.993616168392309707e-01
9.992994149163093587e-01
9.992311564856883876e-01
9.991562527008313044e-01
9.990740576414237628e-01
9.989838628177221125e-01
9.988848911531189589e-01
9.987762903969283901e-01
9.986571259152718927e-01
9.985263728035401742e-01
9.983829072592812492e-01
9.982254971493487172e-01
9.980527916999372140e-01
9.978633102325915605e-01
9.976554298635357254e-01
9.974273720776599683e-01
9.971771880823686596e-01
9.969027428402276181e-01
9.966016976730587285e-01
9.962714913239636427e-01
9.959093193577619463e-01
9.955121117748260140e-01
9.950765087083751625e-01
9.945988340713258768e-01
9.940750670161060398e-01
9.935008110698874129e-01
9.928712608089125258e-01
9.921811659397720140e-01
9.914247926632232533e-01
9.905958822084741655e-01
9.896876064438191456e-01
9.886925204943606271e-01
9.876025123308438403e-01
9.864087493370828907e-01
9.851016219190990020e-01
9.836706842892298797e-01
9.821045926457532271e-01
9.803910410759297811e-01
9.785166956410757955e-01
9.764671272598568486e-01
9.742267441942142892e-01
9.717787251651507363e-01
9.691049543867634730e-01
9.661859601102144035e-01
9.630008586176737051e-01
9.595273060019290368e-01
9.557414605106938632e-01
9.516179587242333815e-01
9.471299093655587420e-01
9.471299093655587420e-01
9.464299272196601276e-01
9.457211688058232424e-01
9.450035372954221913e-01
9.442769351488567997e-01
9.435412641205905837e-01
9.427964252645757437e-01
9.420423189400555231e-01
9.412788448177717981e-01
9.405059018865756792e-01
9.397233884604501153e-01
9.389312021859725910e-01
9.381292400502031503e-01
9.373173983890262795e-01
9.364955728959506454e-01
9.356636586313796800e-01
9.348215500323554528e-01
9.339691409228074725e-01
9.331063245242858795e-01
9.322329934672198837e-01
9.313490398026980088e-01
9.304543550147799102e-01
9.295488300333552001e-01
9.286323552475665988e-01
9.277048205197897524e-01
9.267661152002020231e-01
9.258161281419464705e-01
9.248547477168822528e-01
9.238818618319694087e-01
9.228973579462660393e-01
9.219011230885640895e-01
9.208930438756823822e-01
9.198730065314038029e-01
9.188408969060979370e-01
9.177966004970194991e-01
9.167400024692995419e-01
9.156709876776393253e-01
9.145894406887241646e-01
9.134952458043639201e-01
9.123882870853604610e-01
9.112684483761331888e-01
9.101356133300982920e-01
9.089896654358123884e-01
9.078304880438999858e-01
9.066579643947678679e-01
9.054719776471060744e-01
9.042724109072139971e-01
9.030591472591260604e-01
9.018320697955701792e-01
9.005910616497549981e-01
8.993360060280017887e-01
8.980667862432212267e-01
8.967832857492490373e-01
8.954853881760453937e-01
8.941729773657574043e-01
8.928459374096713308e-01
8.915041526860276733e-01
8.901475078987413081e-01
8.887758881170002567e-01
8.873891788157621807e-01
8.859872659171602605e-01
8.845700358327909241e-01
8.831373755069260589e-01
8.816891724606207292e-01
8.802253148367251701e-01
8.787456914458132706e-01
8.772501918130083398e-01
8.757387062257204757e-01
8.742111257822815507e-01
8.726673424414861380e-01
8.711072490730259466e-01
8.695307395088155422e-01
8.679377085952016957e-01
8.663280522460634625e-01
8.647016674967691330e-01
8.630584525590089262e-01
8.613983068764751172e-01
8.597211311813850454e-01
8.580268275518460053e-01
8.563152994700211629e-01
8.545864518811170374e-01
8.528401912531492490e-01
8.510764256374883097e-01
8.492950647301542588e-01
8.474960199338528177e-01
8.456792044207248615e-01
8.438445331957897810e-01
8.419919231610603072e-01
8.401212931803078154e-01
8.382325641444418052e-01
8.363256590374903432e-01
8.344005030031385051e-01
8.324570234118126022e-01
8.304951499282536842e-01
8.285148145795759866e-01
8.265159518237520375e-01
8.244984986184984432e-01
8.224623944905304906e-01
8.204075816051301651e-01
8.183340048360033814e-01
8.162416118353759131e-01
8.141303531042827224e-01
8.120001820630103895e-01
8.098510551216426823e-01
8.076829317506626360e-01
8.054957745515542999e-01
8.032895493273666254e-01
8.010642251531678859e-01
7.988197744463583216e-01
7.965561730367547444e-01
7.942734002364262302e-01
7.919714389091893070e-01
7.896502755397192264e-01
7.873099003022170361e-01
7.849503071285546252e-01
7.825714937758515566e-01
7.801734618934041965e-01
7.777562170889069648e-01
7.753197689938939874e-01
7.728641313283381997e-01
7.703893219643284107e-01
7.678953629887590449e-01
7.653822807649629523e-01
7.628501059932007999e-01
7.602988737699624133e-01
7.577286236459565005e-01
7.551393996827762134e-01
7.525312505081053205e-01
7.499042293694314631e-01
7.472583941861665746e-01
7.445938076001065165e-01
7.419105370241571018e-01
7.392086546892364662e-01
7.364882376892857296e-01
7.337493680243193372e-01
7.309921326414176024e-01
7.282166234736048294e-01
7.254229374765291949e-01
7.226111766628643407e-01
7.197814481343770554e-01
7.169338641115600153e-01
7.140685419607860629e-01
7.111856042188927640e-01
7.082851786151334039e-01
7.053673980904316965e-01
7.024324008138669306e-01
6.994803301963218312e-01
6.965113349012441724e-01
6.935255688524378792e-01
6.905231912388491988e-01
6.875043665162728912e-01
6.844692644059300335e-01
6.814180598898693653e-01
6.783509332031321115e-01
6.752680698226490863e-01
6.721696604528080154e-01
6.690559010076659874e-01
6.659269925897617348e-01
6.627831414654936637e-01
6.596245590370319878e-01
6.564514618107478716e-01
6.532640713621158390e-01
6.500626142970902244e-01
6.468473222099214714e-01
6.436184316374204961e-01
6.403761840096404701e-01
6.371208255969864620e-01
6.338526074537464972e-01
6.305717853580595778e-01
6.272786197483037895e-01
6.239733756559524558e-01
6.206563226348852380e-01
6.173277346871902660e-01
6.139878901854836091e-01
6.106370717917755098e-01
6.072755663729150211e-01
6.039036649126555689e-01
6.005216624203910669e-01
5.971298578366019960e-01
5.937285539350743990e-01
5.903180572219399735e-01
5.868986778316114261e-01
5.834707294196679328e-01
5.800345290527716413e-01
5.765903970956884894e-01
5.731386570954832838e-01
5.696796356629921787e-01
5.662136623516427214e-01
5.627410695337207169e-01
5.592621922741818352e-01
5.557773682021011075e-01
5.522869373798712234e-01
5.487912421702455523e-01
5.452906271013474582e-01
5.417854387297494911e-01
5.382760255017429163e-01
5.347627376129144849e-01
5.312459268661520184e-01
5.277259465282042594e-01
5.242031511849174485e-01
5.206778965952794103e-01
5.171505395444028208e-01
5.136214376955707817e-01
5.100909494414941348e-01
5.065594337548940951e-01
5.030272500385619683e-01
4.994947579750276256e-01
4.959623173759712400e-01
4.924302880315151731e-01
4.888990295595384561e-01
4.853689012551466453e-01
4.818402619404383858e-01
4.783134698147020192e-01
4.747888823051746310e-01
4.712668559185144712e-01
4.677477460930996589e-01
4.642319070523008850e-01
4.607196916588542357e-01
4.572114512704633649e-01
4.537075355967603585e-01
4.502082925577468586e-01
4.467140681438442895e-01
4.432252062776687596e-01
4.397420486776502102e-01
4.362649347236120523e-01
4.327942013244195918e-01
4.293301827878125421e-01
4.258732106925184890e-01
4.224236137627585541e-01
4.189817177452321850e-01
4.155478452886905982e-01
4.121223158261756447e-01
4.087054454600163034e-01
4.052975468496701206e-01
4.018989291024814836e-01
3.985098976674325555e-01
3.951307542319582589e-01
3.917617966218918113e-01
3.884033187045994318e-01
3.850556102953651694e-01
3.817189570670695975e-01
3.783936404632211592e-01
3.750799376143772457e-01
3.717781212579904238e-01
3.684884596617229446e-01
3.652112165502523489e-01
3.619466510355920930e-01
3.586950175509557859e-01
3.554565657881718632e-01
3.522315406386650194e-01
3.490201821380152780e-01
3.458227254140875950e-01
3.426394006387398217e-01
3.394704329831018663e-01
3.363160425764152861e-01
3.331764444684162663e-01
3.300518485952536052e-01
3.269424597489132278e-01
3.238484775501250246e-01
3.207700964247285902e-01
3.177075055834602813e-01
3.146608890051286744e-01
3.116304254231406778e-01
3.086162883153362735e-01
3.056186458970851505e-01
3.026376611175999876e-01
2.996734916594182563e-01
2.967262899409903176e-01
2.937962031223346204e-01
2.908833731136841738e-01
2.879879365870784969e-01
2.851100249908309348e-01
2.822497645668136101e-01
2.794072763704870122e-01
2.765826762936154926e-01
2.737760750895915640e-01
2.709875784013060507e-01
2.682172867914880965e-01
2.654652957754426446e-01
2.627316958561166094e-01
2.600165725614118628e-01
2.573200064836773104e-01
2.546420733212985676e-01
2.519828439223140704e-01
2.493423843299766851e-01
2.467207558301872938e-01
2.441180150007205285e-01
2.415342137621710461e-01
2.389693994305351066e-01
2.364236147713588143e-01
2.338968980553722821e-01
2.313892831155362761e-01
2.289007994054206852e-01
2.264314720588497809e-01
2.239813219507265085e-01
2.215503657589757980e-01
2.191386160275238248e-01
2.167460812302462458e-01
2.143727658358152433e-01
2.120186703733709099e-01
2.096837914989520546e-01
2.073681220626183985e-01
2.050716511761944139e-01
2.027943642815726033e-01
2.005362432195121891e-01
1.982972662988678469e-01
1.960774083661883105e-01
1.938766408756262549e-01
1.916949319590992851e-01
1.895322464966443521e-01
1.873885461869113089e-01
1.852637896177413701e-01
1.831579323367753809e-01
1.810709269220451556e-01
1.790027230524929847e-01
1.769532675783749287e-01
1.749225045915025478e-01
1.729103754952706629e-01
1.709168190744379257e-01
1.689417715646107654e-01
1.669851667213934632e-01
1.650469358891658023e-01
1.631270080694491864e-01
1.612253099888268926e-01
1.593417661663865947e-01
1.574762989806457458e-01
1.556288287359369193e-01
1.537992737282182776e-01
1.519875503102805780e-01
1.501935729563278199e-01
1.484172543259032473e-01
1.466585053271365624e-01
1.449172351792910041e-01
1.431933514745899472e-01
1.414867602392993751e-01
1.397973659940509317e-01
1.381250718133895383e-01
1.364697793845218721e-01
1.348313890652625968e-01
1.332097999411523681e-01
1.316049098817441698e-01
1.300166155960423287e-01
1.284448126870835760e-01
1.268893957056536625e-01
1.253502582031285895e-01
1.238272927834340870e-01
1.223203911541180106e-01
1.208294441765281058e-01
1.193543419150941559e-01
1.178949736857067832e-01
1.164512281031946234e-01
1.150229931278936996e-01
1.136101561113113390e-01
1.122126038408829685e-01
1.108302225838227184e-01
1.094628981300667658e-01
1.081105158343157596e-01
1.067729606571739820e-01
1.054501172053916164e-01
1.041418697712123420e-01
1.028481023708308628e-01
1.015686987819655607e-01
1.003035425805502284e-01
9.905251717655291777e-02
9.781550584892582945e-02
9.659239177969472512e-02
9.538305808719409196e-02
9.418738785845541528e-02
9.300526418075709401e-02
9.183657017234354847e-02
9.068118901232365137e-02
8.953900396975408849e-02
8.840989843192058328e-02
8.729375593182314708e-02
8.619046017487821953e-02
8.509989506484386124e-02
8.402194472898157074e-02
8.295649354246235896e-02
8.190342615202908516e-02
8.086262749892554613e-02
7.983398284110190812e-02
7.881737777470834705e-02
7.781269825488773551e-02
7.681983061587828454e-02
7.583866159043720079e-02
7.486907832859736323e-02
7.391096841576570708e-02
7.296421989017926046e-02
7.202872125972463457e-02
7.110436151813800953e-02
7.019103016059113909e-02
6.928861719868016633e-02
6.839701317482485554e-02
6.751610917609121576e-02
6.664579684744877108e-02
6.578596840447309413e-02
6.493651664550548208e-02
6.409733496328066937e-02
6.326831735603383189e-02
6.244935843809780451e-02
6.164035345000143384e-02
6.084119826808030707e-02
6.005178941361026534e-02
5.927202406147488722e-02
5.850180004837703118e-02
5.774101588060520651e-02
5.698957074136577761e-02
5.624736449769054264e-02
5.551429770692938026e-02
5.479027162284044739e-02
5.407518820128495024e-02
5.336895010553822927e-02
5.267146071122649764e-02
5.198262411089836499e-02
5.130234511824104116e-02
5.063052927195108716e-02
4.996708283926717259e-02
4.931191281917632341e-02
4.866492694530048096e-02
4.802603368847336435e-02
4.739514225901615002e-02
4.677216260872028158e-02
4.615700543254557670e-02
4.554958217004242971e-02
4.494980500650613831e-02
4.435758687387078569e-02
4.377284145135118543e-02
4.319548316583985553e-02
4.262542719206768166e-02
4.206258945253413956e-02
4.150688661721585460e-02
4.095823610305964618e-02
4.041655607326743310e-02
3.988176543637970972e-02
3.935378384516452499e-02
3.883253169531834803e-02
3.831793012398528042e-02
3.780990100810090182e-02
3.730836696256716045e-02
3.681325133826396367e-02
3.632447821990403974e-02
3.584197242373583087e-02
3.536565949510109969e-02
3.489546570585206481e-02
3.443131805163405362e-02
3.397314424903843250e-02
3.352087273263124750e-02
3.307443265186269660e-02
3.263375386786190185e-02
3.219876695012233170e-02
3.176940317308256378e-02
3.134559451260612861e-02
3.092727364236616192e-02
3.051437393013781488e-02
3.010682943400419184e-02
2.970457489847843496e-02
2.930754575054723976e-02
2.891567809563883734e-02
2.852890871351957194e-02
2.814717505412322671e-02
2.777041523331573447e-02
2.739856802859988102e-02
2.703157287476260981e-02
2.666936985946863695e-02
2.631189971880360662e-02
2.595910383276971156e-02
2.561092422073731403e-02
2.526730353685490219e-02
2.492818506542064314e-02
2.459351271621857543e-02
2.426323101982139074e-02
2.393728512286356566e-02
2.361562078328596770e-02
2.329818436555606762e-02
2.298492283586478502e-02
2.267578375730275320e-02
2.237071528501897652e-02
2.206966616136283449e-02
2.177258571101232595e-02
2.147942383609081213e-02
2.119013101127328533e-02
2.090465827888524433e-02
2.062295724399513044e-02
2.034498006950271470e-02
2.007067947122472343e-02
1.980000871297971435e-02
1.953292160167377500e-02
1.926937248238836525e-02
1.900931623347215313e-02
1.875270826163801322e-02
1.849950449706668984e-02
1.824966138851866898e-02
1.800313589845537257e-02
1.775988549817058421e-02
1.751986816293423649e-02
1.728304236714872655e-02
1.704936707951954650e-02
1.681880175824090884e-02
1.659130634619768868e-02
1.636684126618447033e-02
1.614536741614255172e-02
1.592684616441631881e-02
1.571123934502916333e-02
1.549850925298024498e-02
1.528861863956285094e-02
1.508153070770483495e-02
1.487720910733220103e-02
1.467561793075634370e-02
1.447672170808557077e-02
1.428048540266159232e-02
1.408687440652174432e-02
1.389585453588700753e-02
1.370739202667706387e-02
1.352145353005229124e-02
1.333800610798345498e-02
1.315701722884956779e-02
1.297845476306421116e-02
1.280228697873090835e-02
1.262848253732766143e-02
1.245701048942136034e-02
1.228784027041199788e-02
1.212094169630736212e-02
1.195628495952825825e-02
1.179384062474462917e-02
1.163357962474290651e-02
1.147547325632442689e-02
1.131949317623577415e-02
1.116561139713061375e-02
1.101380028356361424e-02
1.086403254801634501e-02
1.071628124695552485e-02
1.057051977692342708e-02
1.042672187066102929e-02
1.028486159326343942e-02
1.014491333836813926e-02
1.000685182437581824e-02
9.870652090704023010e-03
9.736289494073615755e-03
9.603739704827965115e-03
9.472978703285001370e-03
9.343982776122189762e-03
9.216728512794192946e-03
9.091192801983385627e-03
8.967352828083285585e-03
8.845186067714444836e-03
8.724670286273283198e-03
8.605783534513416697e-03
8.488504145159508560e-03
8.372810729553842313e-03
8.258682174334919593e-03
8.146097638148728018e-03
8.035036548391960923e-03
7.925478597987482138e-03
7.817403742191692331e-03
7.710792195433840285e-03
7.605624428187005015e-03
7.501881163870699303e-03
7.399543375784924625e-03
7.298592284075641062e-03
7.199009352731279218e-03
7.100776286610348785e-03
7.003875028499867081e-03
6.908287756204506934e-03
6.813996879666279170e-03
6.720985038114518119e-03
6.629235097246070386e-03
6.538730146435530778e-03
6.449453495975158469e-03
6.361388674344588788e-03
6.274519425509789833e-03
6.188829706251459950e-03
6.104303683522311827e-03
6.020925731833258812e-03
5.938680430668277083e-03
5.857552561927670438e-03
5.777527107399605018e-03
5.698589246259615562e-03
5.620724352598014707e-03
5.543917992974858357e-03
5.468155924002293666e-03
5.393424089954192494e-03
5.319708620402640101e-03
5.246995827881193245e-03
5.175272205574784484e-03
5.104524425035786121e-03
5.034739333926313565e-03
4.965903953786354394e-03
4.898005477827510612e-03
4.831031268752251744e-03
4.764968856598383005e-03
4.699805936608483087e-03
4.635530367124115515e-03
4.572130167504626259e-03
4.509593516070251745e-03
4.447908748069344734e-03
4.387064353669505555e-03
4.327048975972359358e-03
4.267851409051796364e-03
4.209460596015433993e-03
4.151865627089099640e-03
4.095055737724070423e-03
4.039020306726931117e-03
3.983748854411717222e-03
3.929231040774253808e-03
3.875456663688353186e-03
3.822415657123752995e-03
3.770098089385503712e-03
3.718494161374633414e-03
3.667594204869869482e-03
3.617388680830175684e-03
3.567868177717955017e-03
3.519023409842605629e-03
3.470845215724350889e-03
3.423324556478000123e-03
3.376452514216525102e-03
3.330220290474207676e-03
3.284619204649171214e-03
3.239640692465044734e-03
3.195276304451621398e-03
3.151517704444278464e-03
3.108356668101915857e-03
3.065785081443311421e-03
3.023794939401580183e-03
2.982378344396638317e-03
2.941527504925404209e-03
2.901234734169595274e-03
2.861492448620875893e-03
2.822293166723219022e-03
2.783629507532253342e-03
2.745494189391389957e-03
2.707880028624624555e-03
2.670779938245712755e-03
2.634186926683638845e-03
2.598094096524113366e-03
2.562494643266976374e-03
2.527381854099292578e-03
2.492749106683973988e-03
2.458589867963733612e-03
2.424897692980237506e-03
2.391666223708210134e-03
2.358889187904398936e-03
2.326560397971164790e-03
2.294673749834573017e-03
2.263223221836764207e-03
2.232202873642500328e-03
2.201606845159683606e-03
2.171429355473659950e-03
2.141664701795222784e-03
2.112307258422083979e-03
2.083351475713641002e-03
2.054791879079001255e-03
2.026623067977934012e-03
1.998839714934747772e-03
1.971436564564849319e-03
1.944408432613856097e-03
1.917750205009128347e-03
1.891456836923544483e-03
1.865523351851400887e-03
1.839944840696268284e-03
1.814716460870647707e-03
1.789833435407332156e-03
1.765291052082295069e-03
1.741084662548947511e-03
1.717209681483682126e-03
1.693661585742522145e-03
1.670435913528720180e-03
1.647528263571271029e-03
1.624934294314081540e-03
1.602649723115725979e-03
1.580670325459696901e-03
1.558991934174908892e-03
1.537610438666479461e-03
1.516521784156493486e-03
1.495721970934767685e-03
1.475207053619435795e-03
1.454973140427181415e-03
1.435016392453117426e-03
1.415333022960056555e-03
1.395919296677167881e-03
1.376771529107834744e-03
1.357886085846631225e-03
1.339259381905277997e-03
1.320887881047481905e-03
1.302768095132551948e-03
1.284896583467667625e-03
1.267269952168689718e-03
1.249884853529418301e-03
1.232737985399180898e-03
1.215826090568648864e-03
1.199145956163783985e-03
1.182694413047791042e-03
1.166468335231006515e-03
1.150464639288588126e-03
1.134680283785929542e-03
1.119112268711711534e-03
1.103757634918431981e-03
1.088613463570424445e-03
1.073676875599136786e-03
1.058945031165708624e-03
1.044415129130667457e-03
1.030084406530660385e-03
1.015950138062191293e-03
1.002009635572180491e-03
9.882602475553528727e-04
9.746993586582961911e-04
9.613243891901330834e-04
9.481327946397340818e-04
9.351220651993447661e-04
9.222897252945934463e-04
9.096333331207722556e-04
8.971504801852883291e-04
8.848387908562619763e-04
8.726959219171301395e-04
8.607195621272265181e-04
8.489074317882305864e-04
8.372572823164129742e-04
8.257668958206265761e-04
8.144340846859200083e-04
8.032566911627598595e-04
7.922325869617390061e-04
7.813596728537171038e-04
7.706358782753431691e-04
7.600591609398441289e-04
7.496275064530510436e-04
7.393389279345849397e-04
7.291914656441159494e-04
7.191831866126504377e-04
7.093121842787672958e-04
6.995765781297565633e-04
6.899745133475637757e-04
6.805041604595115246e-04
6.711637149937132269e-04
6.619513971391222931e-04
6.528654514101644339e-04
6.439041463158780808e-04
6.350657740335103338e-04
6.263486500865256138e-04
6.177511130269257517e-04
6.092715241218806498e-04
6.009082670445640203e-04
5.926597475691676399e-04
5.845243932700306929e-04
5.765006532248211036e-04
5.685869977217336210e-04
5.607819179706274599e-04
5.530839258180780208e-04
5.454915534662693960e-04
5.380033531956836430e-04
5.306178970915419396e-04
5.233337767739411339e-04
5.161496031316344059e-04
5.090640060594187446e-04
5.020756341990693927e-04
4.951831546837807095e-04
4.883852528860623855e-04
4.816806321690484012e-04
4.750680136411775285e-04
4.685461359141846068e-04
4.621137548643793362e-04
4.557696433971519822e-04
4.495125912146694536e-04
4.433414045867246195e-04
4.372549061246811322e-04
4.312519345584966252e-04
4.253313445167502898e-04
4.194920063096680535e-04
4.137328057150886033e-04
4.080526437673217882e-04
4.024504365488846039e-04
3.969251149850545305e-04
3.914756246412154491e-04
3.861009255229517416e-04
3.807999918788570679e-04
3.755718120060212327e-04
3.704153880581565958e-04
3.653297358563328563e-04
3.603138847022826965e-04
3.553668771942389846e-04
3.504877690452841269e-04
3.456756289041570908e-04
3.409295381785026999e-04
3.362485908605257999e-04
3.316318933550078995e-04
3.270785643096692122e-04
3.225877344478337064e-04
3.181585464033736361e-04
3.137901545578987493e-04
3.094817248801544503e-04
3.052324347676188868e-04
3.010414728902375951e-04
2.969080390363014509e-04
2.928313439604150704e-04
2.888106092335320256e-04
2.848450670950410991e-04
2.809339603068552235e-04
2.770765420094978455e-04
2.732720755801451920e-04
2.695198344925994445e-04
2.658191021791759655e-04
2.621691718944663021e-04
2.585693465809605967e-04
2.550189387365028415e-04
2.515172702835479141e-04
2.480636724402067884e-04
2.446574855930434356e-04
2.412980591716104074e-04
2.379847515246957227e-04
2.347169297982515965e-04
2.314939698149956319e-04
2.283152559556480730e-04
2.251801810417916204e-04
2.220881462203313941e-04
2.190385608495240078e-04
2.160308423865725015e-04
2.130644162767436037e-04
2.101387158440083506e-04
2.072531821831674398e-04
2.044072640534529139e-04
2.016004177735845199e-04
1.988321071182498406e-04
1.961018032160096933e-04
1.934089844485876466e-04
1.907531363515396728e-04
1.881337515162798666e-04
1.855503294934420899e-04
1.830023766975650483e-04
1.804894063130739381e-04
1.780109382015518328e-04
1.755664988102768485e-04
1.731556210820047869e-04
1.707778443659894757e-04
1.684327143302159259e-04
1.661197828748332925e-04
1.638386080467737105e-04
1.615887539555325536e-04
1.593697906901058901e-04
1.571812942370577582e-04
1.550228463997114343e-04
1.528940347184449329e-04
1.507944523920724995e-04
1.487236982003072949e-04
1.466813764272781968e-04
1.446670967860955387e-04
1.426804743444496065e-04
1.407211294512219959e-04
1.387886876641069862e-04
1.368827796782165560e-04
1.350030412556659518e-04
1.331491131561231929e-04
1.313206410683029444e-04
1.295172755424058952e-04
1.277386719234744770e-04
1.259844902856659804e-04
1.242543953674226048e-04
1.225480565075276810e-04
1.208651475820406932e-04
1.192053469420905297e-04
1.175683373525229205e-04
1.159538059313880654e-04
1.143614440902539486e-04
1.127909474753389723e-04
1.112420159094494745e-04
1.097143533347106113e-04
1.082076677560851161e-04
1.067216711856604325e-04
1.052560795877025815e-04
1.038106128244596594e-04
1.023849946027085704e-04
1.009789524210342050e-04
9.959221751782836593e-05
9.822452482000441746e-05
9.687561289240918404e-05
9.554522388793276408e-05
9.423310349829820611e-05
9.293900090552635824e-05
9.166266873406598409e-05
9.040386300357767981e-05
8.916234308236655045e-05
8.793787164145223467e-05
8.673021460926688578e-05
8.553914112697538991e-05
8.436442350440635600e-05
8.320583717658765687e-05
8.206316066087759029e-05
8.093617551468183454e-05
7.982466629375222747e-05
7.872842051105418250e-05
7.764722859620008528e-05
7.658088385543711067e-05
7.552918243218361891e-05
7.449192326810666353e-05
7.346890806473262863e-05
7.245994124558356861e-05
7.146482991883391076e-05
7.048338384047657032e-05
6.951541537799645846e-05
6.856073947453974180e-05
6.761917361357546526e-05
6.669053778404143370e-05
6.577465444596699358e-05
6.487134849656818784e-05
6.398044723680680027e-05
6.310178033840816651e-05
6.223517981133116508e-05
6.138047997168347668e-05
6.053751741007864915e-05
5.970613096042368551e-05
5.888616166913828679e-05
5.807745276479299668e-05
5.727984962816518418e-05
5.649319976270599305e-05
5.571735276541025535e-05
5.495216029808850842e-05
5.419747605903013784e-05
5.345315575505725329e-05
5.271905707396103705e-05
5.199503965731520509e-05
5.128096507366387033e-05
5.057669679207587297e-05
4.988210015606189845e-05
4.919704235785041208e-05
4.852139241301428569e-05
4.785502113544798066e-05
4.719780111268535345e-05
4.654960668155800225e-05
4.591031390418627388e-05
4.527980054429993605e-05
4.465794604388400853e-05
4.404463150014382408e-05
4.343973964278736771e-05
4.284315481161852433e-05
4.225476293443729801e-05
4.167445150524431253e-05
4.110210956274302710e-05
4.053762766913751234e-05
3.998089788922136846e-05
3.943181376975264240e-05
3.889027031911243321e-05
3.835616398724196806e-05
3.782939264585543146e-05
3.730985556892412965e-05
3.679745341342784983e-05
3.629208820037110352e-05
3.579366329605923288e-05
3.530208339363177111e-05
3.481725449484880815e-05
3.433908389212743444e-05
3.386748015082484739e-05
3.340235309176414985e-05
3.294361377399994683e-05
3.249117447782103025e-05
3.204494868798522523e-05
3.160485107718536795e-05
3.117079748974117701e-05
3.074270492551559530e-05
3.032049152405164849e-05
2.990407654892660467e-05
2.949338037232162256e-05
2.908832445980201285e-05
2.868883135530736031e-05
2.829482466634738688e-05
2.790622904940037084e-05
2.752297019551276002e-05
2.714497481609567264e-05
2.677217062891704938e-05
2.640448634428545837e-05
2.604185165142353735e-05
2.568419720502902994e-05
2.533145461201928244e-05
2.498355641845870651e-05
2.464043609666486081e-05
2.430202803249170140e-05
2.396826751278782579e-05
2.363909071302596669e-05
2.331443468510297322e-05
2.299423734530720980e-05
2.267843746245038451e-05
2.236697464616339015e-05
2.205978933535162462e-05
2.175682278680967209e-05
2.145801706399178067e-05
2.116331502593644582e-05
2.087266031634355117e-05
2.058599735280042459e-05
2.030327131615695160e-05
2.002442814004558910e-05
1.974941450054567624e-05
1.947817780598970122e-05
1.921066618690893548e-05
1.894682848611789323e-05
1.868661424893412314e-05
1.842997371353269519e-05
1.817685780143312956e-05
1.792721810811641632e-05
1.768100689377155311e-05
1.743817707416842977e-05
1.719868221165635834e-05
1.696247650628635126e-05
1.672951478705459301e-05
1.649975250326696970e-05
