9.999944444744257588e-01
9.999939028207498470e-01
9.999933083571640458e-01
9.999926559349027189e-01
9.999919399032287659e-01
9.999911540604974336e-01
9.999902916004504982e-01
9.999893450532763017e-01
9.999883062209242723e-01
9.999871661061154882e-01
9.999859148344263371e-01
9.999845415687934613e-01
9.999830344156735995e-01
9.999813803220660713e-01
9.999795649624910743e-01
9.999775726149684463e-01
9.999753860248988824e-01
9.999729862556889781e-01
9.999703525248223590e-01
9.999674620239593636e-01
9.999642897215147430e-01
9.999608081460037434e-01
9.999569871482849592e-01
9.999527936406558126e-01
9.999481913105361386e-01
9.999431403062816193e-01
9.999375968924020253e-01
9.999315130712338462e-01
9.999248361677878227e-01
9.999175083741979053e-01
9.999094662498655417e-01
9.999006401729811921e-01
9.998909537387126178e-01
9.998803230988990709e-01
9.998686562375727060e-01
9.998558521760910756e-01
9.998418001010850320e-01
9.998263784077420224e-01
9.998094536502587504e-01
9.997908793904827229e-01
9.997704949349585091e-01
9.997481239495866756e-01
9.997235729401516835e-01
9.996966295858257245e-01
9.996670609115294592e-01
9.996346112837158904e-01
9.995990002127119745e-01
9.995599199431224324e-01
9.995170328121398828e-01
9.994699683536967250e-01
9.994183201243641568e-01
9.993616422247262321e-01
9.992994454875200327e-01
9.992311933012756331e-01
9.991562970353646822e-01
9.990741110293489546e-01
9.989839271062539439e-01
9.988849685658739430e-01
9.987763836104597281e-01
9.986572381511218399e-01
9.985265079389336051e-01
9.983830699602043168e-01
9.982256930305233311e-01
9.980530275170875765e-01
9.978635941134710308e-01
9.976557715854507125e-01
9.974277834007814203e-01
9.971776831499077343e-01
9.969033386587603518e-01
9.966024146888399216e-01
9.962723541141416117e-01
9.959103574590770780e-01
9.955133606766614074e-01
9.950780110421605373e-01
9.946006410343213311e-01
9.940772400747157622e-01
9.935034239960016667e-01
9.928744021125845975e-01
9.921849417730044252e-01
9.914293302829558785e-01
9.906013341024010321e-01
9.896941552405021936e-01
9.887003847996926886e-01
9.876119536564087475e-01
9.864200803125992012e-01
9.851152160111396050e-01
9.836869872818443383e-01
9.821241361754775578e-01
9.804144585536811451e-01
9.785447409361354154e-01
9.765006965656362059e-01
9.742669015404675781e-01
9.718267320846236679e-01
9.691623042832483437e-01
9.662544179056441473e-01
9.630825062731639408e-01
9.596245945049176607e-01
9.558572688892221780e-01
9.517556605795619573e-01
9.472934472934467776e-01
9.472934472934467776e-01
9.465976809298466410e-01
9.458932419523643498e-01
9.451800358814304026e-01
9.444579675718540734e-01
9.437269412184099426e-01
9.429868603618316580e-01
9.422376278951465345e-01
9.414791460704249326e-01
9.407113165059228788e-01
9.399340401936181477e-01
9.391472175071802209e-01
9.383507482103571329e-01
9.375445314657958606e-01
9.367284658443155720e-01
9.359024493346266294e-01
9.350663793535184398e-01
9.342201527565237029e-01
9.333636658490572779e-01
9.324968143980582047e-01
9.316194936441334340e-01
9.307315983142061544e-01
9.298330226347000238e-01
9.289236603452478702e-01
9.280034047129457342e-01
9.270721485471584700e-01
9.261297842148950021e-01
9.251762036567440228e-01
9.242112984034038803e-01
9.232349595927987762e-01
9.222470779877992575e-01
9.212475439945514433e-01
9.202362476814335279e-01
9.192130787986362295e-01
9.181779267983903869e-01
9.171306808558411516e-01
9.160712298905754336e-01
9.149994625888344668e-01
9.139152674263812948e-01
9.128185326920698062e-01
9.117091465121035521e-01
9.105869968749993326e-01
9.094519716572506685e-01
9.083039586497305695e-01
9.071428455848037364e-01
9.059685201641776153e-01
9.047808700874997445e-01
9.035797830816951759e-01
9.023651469310711715e-01
9.011368495081684138e-01
8.998947788053872632e-01
8.986388229673889505e-01
8.973688703242704845e-01
8.960848094255223772e-01
8.947865290747749611e-01
8.934739183653395145e-01
8.921468667165314281e-01
8.908052639108068327e-01
8.894490001316887051e-01
8.880779660024971101e-01
8.866920526258850188e-01
8.852911516241741552e-01
8.838751551804987505e-01
8.824439560807509908e-01
8.809974477563301543e-01
8.795355243276935520e-01
8.780580806487022771e-01
8.765650123517685355e-01
8.750562158937853496e-01
8.735315886028554022e-01
8.719910287257897075e-01
8.704344354763886571e-01
8.688617090844870106e-01
8.672727508457642731e-01
8.656674631722987012e-01
8.640457496438673779e-01
8.624075150599798123e-01
8.607526654926256349e-01
8.590811083397301706e-01
8.573927523793026806e-01
8.556875078242687227e-01
8.539652863779543246e-01
8.522260012902265203e-01
8.504695674142557227e-01
8.486959012638892741e-01
8.469049210716150800e-01
8.450965468470909014e-01
8.432707004362222092e-01
8.414273055807608426e-01
8.395662879783976074e-01
8.376875753433350447e-01
8.357910974672981830e-01
8.338767862809589593e-01
8.319445759157578779e-01
8.299944027660693946e-01
8.280262055516980357e-01
8.260399253806660624e-01
8.240355058122526000e-01
8.220128929202554779e-01
8.199720353564343700e-01
8.179128844141020371e-01
8.158353940918160463e-01
8.137395211571392117e-01
8.116252252104183551e-01
8.094924687485456349e-01
8.073412172286495991e-01
8.051714391316766584e-01
8.029831060258174613e-01
8.007761926297189969e-01
7.985506768754482287e-01
7.963065399711442005e-01
7.940437664633135384e-01
7.917623442987163918e-01
7.894622648857823055e-01
7.871435231555169443e-01
7.848061176218251722e-01
7.824500504412041924e-01
7.800753274717502350e-01
7.776819583314158457e-01
7.752699564554598188e-01
7.728393391530317125e-01
7.703901276628264405e-01
7.679223472077547630e-01
7.654360270485589535e-01
7.629312005363116933e-01
7.604079051637515629e-01
7.578661826153652026e-01
7.553060788161712891e-01
7.527276439791430462e-01
7.501309326511904629e-01
7.475160037576540351e-01
7.448829206452373120e-01
7.422317511233087473e-01
7.395625675035329971e-01
7.368754466377316348e-01
7.341704699539405299e-01
7.314477234905870651e-01
7.287072979287246843e-01
7.259492886222698171e-01
7.231737956261714562e-01
7.203809237224557682e-01
7.175707824440968885e-01
7.147434860966292991e-01
7.118991537774806977e-01
7.090379093929330967e-01
7.061598816726828431e-01
7.032652041819384969e-01
7.003540153309935068e-01
6.974264583822454844e-01
6.944826814545895788e-01
6.915228375251645243e-01
6.885470844283765324e-01
6.855555848521925899e-01
6.825485063316283352e-01
6.795260212394225174e-01
6.764883067738372002e-01
6.734355449435680541e-01
6.703679225497282124e-01
6.672856311648664995e-01
6.641888671090150353e-01
6.610778314227236940e-01
6.579527298370787536e-01
6.548137727406668773e-01
6.516611751434996380e-01
6.484951566378558407e-01
6.453159413560626279e-01
6.421237579251886096e-01
6.389188394186633424e-01
6.357014233048173812e-01
6.324717513923475698e-01
6.292300697727277736e-01
6.259766287595589507e-01
6.227116828248946412e-01
6.194354905325485383e-01
6.161483144684080093e-01
6.128504211677909819e-01
6.095420810398619604e-01
6.062235682891559119e-01
6.028951608342320023e-01
5.995571402235158054e-01
5.962097915483589583e-01
5.928534033533767733e-01
5.894882675441062148e-01
5.861146792920499671e-01
5.827329369371537782e-01
5.793433418877882435e-01
5.759461985182989796e-01
5.725418140641921338e-01
5.691304985150232865e-01
5.657125645050785634e-01
5.622883272019111311e-01
5.588581041928217807e-01
5.554222153693658681e-01
5.519809828099798699e-01
5.485347306608003848e-01
5.450837850147900454e-01
5.416284737892452794e-01
5.381691266017936126e-01
5.347060746449774360e-01
5.312396505595219365e-01
5.277701883063923294e-01
5.242980230377485285e-01
5.208234909668927326e-01
5.173469292373328310e-01
5.138686757910549963e-01
5.103890692361274795e-01
5.069084487137400785e-01
5.034271537647936334e-01
4.999455241961487939e-01
4.964638999466560731e-01
4.929826209530660530e-01
4.895020270159476938e-01
4.860224576657191098e-01
4.825442520289068282e-01
4.790677486947484409e-01
4.755932855822476713e-01
4.721211998077948224e-01
4.686518275534684586e-01
4.651855039361166844e-01
4.617225628773425350e-01
4.582633369744859575e-01
4.548081573727205118e-01
4.513573536383591600e-01
4.479112536334821648e-01
4.444701833919779688e-01
4.410344669971035247e-01
4.376044264606582246e-01
4.341803816038607433e-01
4.307626499400323827e-01
4.273515465591617435e-01
4.239473840144524219e-01
4.205504722109257854e-01
4.171611182961640907e-01
4.137796265532758810e-01
4.104062982961536044e-01
4.070414317670958404e-01
4.036853220368693540e-01
4.003382609072639875e-01
3.970005368162183301e-01
3.936724347455619610e-01
3.903542361314336073e-01
3.870462187774326157e-01
3.837486567705435392e-01
3.804618203998817449e-01
3.771859760783072835e-01
3.739213862669317767e-01
3.706683094025663427e-01
3.674269998281293192e-01
3.641977077260508677e-01
3.609806790546858934e-01
3.577761554877678662e-01
3.545843743569082607e-01
3.514055685971612109e-01
3.482399666956610407e-01
3.450877926433333354e-01
3.419492658896891579e-01
3.388246013007002455e-01
3.357140091197388099e-01
3.326176949315942100e-01
3.295358596295381859e-01
3.264686993854332697e-01
3.234164056228651107e-01
3.203791649932795638e-01
3.173571593550985614e-01
3.143505657557955635e-01
3.113595564168908369e-01
3.083842987218509135e-01
3.054249552068425411e-01
3.024816835543194804e-01
2.995546365893902996e-01
2.966439622789384112e-01
2.937498037334440593e-01
2.908722992114655126e-01
2.880115821267347775e-01
2.851677810578143735e-01
2.823410197602715943e-01
2.795314171813107484e-01
2.767390874768174136e-01
2.739641400307532004e-01
2.712066794768488442e-01
2.684668057225386706e-01
2.657446139750733183e-01
2.630401947697579845e-01
2.603536340002485794e-01
2.576850129508510001e-01
2.550344083307566345e-01
2.524018923101549738e-01
2.497875325581591366e-01
2.471913922824797993e-01
2.446135302707844461e-01
2.420540009336806242e-01
2.395128543492536788e-01
2.369901363090998747e-01
2.344858883657877646e-01
2.320001478816837714e-01
2.295329480790815058e-01
2.270843180915644854e-01
2.246542830165476623e-01
2.222428639689269236e-01
2.198500781357777545e-01
2.174759388320426645e-01
2.151204555571422650e-01
2.127836340524528747e-01
2.104654763595862899e-01
2.081659808794208699e-01
2.058851424318114964e-01
2.036229523159399923e-01
2.013793983712270363e-01
1.991544650387729321e-01
1.969481334232529024e-01
1.947603813552251928e-01
1.925911834537953893e-01
1.904405111895856317e-01
1.883083329479571522e-01
1.861946140924400084e-01
1.840993170283182212e-01
1.820224012663271551e-01
1.799638234864126551e-01
1.779235376015124714e-01
1.759014948213116769e-01
1.738976437159362176e-01
1.719119302795359405e-01
1.699442979937259290e-01
1.679946878908392671e-01
1.660630386169623662e-01
1.641492864947109720e-01
1.622533655857147372e-01
1.603752077527793585e-01
1.585147427216878624e-01
1.566718981426175328e-01
1.548465996511386722e-01
1.530387709287671649e-01
1.512483337630466385e-01
1.494752081071298588e-01
1.477193121388391817e-01
1.459805623191795243e-01
1.442588734502830428e-01
1.425541587327632254e-01
1.408663298224608063e-01
1.391952968865598494e-01
1.375409686590568226e-01
1.359032524955675614e-01
1.342820544274551664e-01
1.326772792152637881e-01
1.310888304014465044e-01
1.295166103623726084e-01
1.279605203596046736e-01
1.264204605904324930e-01
1.248963302376573520e-01
1.233880275186138575e-01
1.218954497334252540e-01
1.204184933124820001e-01
1.189570538631395391e-01
1.175110262156295327e-01
1.160803044681775614e-01
1.146647820313279054e-01
1.132643516714670479e-01
1.118789055535483190e-01
1.105083352830127513e-01
1.091525319469052874e-01
1.078113861541892815e-01
1.064847880752539111e-01
1.051726274806202566e-01
1.038747937788462167e-01
1.025911760536285938e-01
1.013216631001116474e-01
1.000661434603982020e-01
9.882450545827153876e-02
9.759663723312879402e-02
9.638242677313424434e-02
9.518176194759191133e-02
9.399453053854700535e-02
9.282062027162142626e-02
9.165991884608563900e-02
9.051231396417783182e-02
8.937769335967424289e-02
8.825594482571845478e-02
8.714695624191692858e-02
8.605061560070687010e-02
8.496681103300741944e-02
8.389543083315791072e-02
8.283636348315524811e-02
8.178949767619661526e-02
8.075472233953590040e-02
7.973192665666463397e-02
7.872100008882455813e-02
7.772183239586101522e-02
7.673431365642775781e-02
7.575833428755049392e-02
7.479378506356103296e-02
7.384055713440905444e-02
7.289854204336336518e-02
7.196763174411005548e-02
7.104771861726018323e-02
7.013869548627359174e-02
6.924045563281171212e-02
6.835289281152666374e-02
6.747590126429880986e-02
6.660937573393065081e-02
6.575321147730839311e-02
6.490730427804088098e-02
6.407155045858518860e-02
6.324584689186918407e-02
6.243009101242085607e-02
6.162418082701472122e-02
6.082801492484372213e-02
6.004149248722826654e-02
5.926451329687004027e-02
5.849697774666262617e-02
5.773878684806464656e-02
5.698984223905104174e-02
5.625004619164464259e-02
5.551930161904322647e-02
5.479751208234834303e-02
5.408458179690568690e-02
5.338041563826630143e-02
5.268491914777824470e-02
5.199799853781565673e-02
5.131956069665619125e-02
5.064951319301404936e-02
4.998776428023851692e-02
4.933422290018444484e-02
4.868879868676580236e-02
4.805140196919768791e-02
4.742194377493743479e-02
4.680033583233093181e-02
4.618649057297369298e-02
4.558032113379285877e-02
4.498174135885956576e-02
4.439066580093737474e-02
4.380700972277594418e-02
4.323068909815645094e-02
4.266162061269539868e-02
4.209972166441552921e-02
4.154491036408889532e-02
4.099710553536047714e-02
4.045622671465842063e-02
3.992219415089728884e-02
3.939492880498129956e-02
3.887435234911371107e-02
3.836038716591828185e-02
3.785295634738014559e-02
3.735198369360991782e-02
3.685739371143940263e-02
3.636911161285256294e-02
3.588706331325929727e-02
3.541117542961576270e-02
3.494137527839798890e-02
3.447759087343371665e-02
3.401975092359679070e-02
3.356778483037142768e-02
3.312162268528826004e-02
3.268119526723987922e-02
3.224643403967891037e-02
3.181727114770357273e-02
3.139363941503573591e-02
3.097547234089593690e-02
3.056270409677865757e-02
3.015526952313335451e-02
2.975310412595472825e-02
2.935614407328643663e-02
2.896432619164195088e-02
2.857758796234679058e-02
2.819586751780544728e-02
2.781910363769723310e-02
2.744723574510369787e-02
2.708020390257201773e-02
2.671794880811731790e-02
2.636041179116700717e-02
2.600753480845073573e-02
2.565926043983873805e-02
2.531553188413193309e-02
2.497629295480647410e-02
2.464148807571545433e-02
2.431106227675130724e-02
2.398496118947043496e-02
2.366313104268412404e-02
2.334551865801663684e-02
2.303207144543466950e-02
2.272273739874946033e-02
2.241746509109378629e-02
2.211620367037742466e-02
2.181890285472169039e-02
2.152551292787613715e-02
2.123598473461920516e-02
2.095026967614489755e-02
2.066831970543742125e-02
2.039008732263562773e-02
2.011552557038899514e-02
1.984458802920721632e-02
1.957722881280465205e-02
1.931340256344190112e-02
1.905306444726534432e-02
1.879617014964685487e-02
1.854267587052481348e-02
1.829253831974793701e-02
1.804571471242335384e-02
1.780216276427024069e-02
1.756184068698029427e-02
1.732470718358630410e-02
1.709072144384006856e-02
1.685984313960055270e-02
1.663203242023391509e-02
1.640724990802598648e-02
1.618545669360829317e-02
1.596661433139909270e-02
1.575068483505949815e-02
1.553763067296660624e-02
1.532741476370369678e-02
1.512000047156866755e-02
1.491535160210162407e-02
1.471343239763215315e-02
1.451420753284713219e-02
1.431764211037979233e-02
1.412370165642058001e-02
1.393235211635074008e-02
1.374355985039876250e-02
1.355729162932084106e-02
1.337351463010530948e-02
1.319219643170225359e-02
1.301330501077793515e-02
1.283680873749534941e-02
1.266267637132091096e-02
1.249087705685773125e-02
1.232138031970585537e-02
1.215415606235000293e-02
1.198917456007505059e-02
1.182640645690965012e-02
1.166582276159805129e-02
1.150739484360085649e-02
1.135109442912455441e-02
1.119689359718023872e-02
1.104476477567199223e-02
1.089468073751457926e-02
1.074661459678129781e-02
1.060053980488155634e-02
1.045643014676890178e-02
1.031425973717916764e-02
1.017400301689919476e-02
1.003563474906605038e-02
9.899130015496996823e-03
9.764464213050142241e-03
9.631613050015959063e-03
9.500552542539734274e-03
9.371259011074845741e-03
9.243709076867182017e-03
9.117879658470403811e-03
8.993747968292321177e-03
8.871291509172268483e-03
8.750488070989444200e-03
8.631315727302338661e-03
8.513752832018982655e-03
8.397778016098240636e-03
8.283370184281964657e-03
8.170508511857910161e-03
8.059172441453481273e-03
7.949341679860107840e-03
7.840996194888269835e-03
7.734116212253029470e-03
7.628682212490031991e-03
7.524674927901715826e-03
7.422075339533953237e-03
7.320864674182516948e-03
7.221024401429842858e-03
7.122536230711394925e-03
7.025382108411941037e-03
6.929544214991365143e-03
6.835004962139831775e-03
6.741746989962521530e-03
6.649753164193238433e-03
6.559006573437236969e-03
6.469490526442790886e-03
6.381188549401449993e-03
6.294084383276912081e-03
6.208161981162150025e-03
6.123405505664755895e-03
6.039799326320269626e-03
5.957328017033367354e-03
5.875976353546671742e-03
5.795729310937055082e-03
5.716572061139127241e-03
5.638489970495917138e-03
5.561468597336407735e-03
5.485493689579676486e-03
5.410551182365771344e-03
5.336627195712618024e-03
5.263708032199269915e-03
5.191780174674906490e-03
5.120830283993660879e-03
5.050845196774868089e-03
4.981811923188669659e-03
4.913717644766711114e-03
4.846549712237745687e-03
4.780295643387839910e-03
4.714943120945218336e-03
4.650479990489260820e-03
4.586894258383596851e-03
4.524174089733111297e-03
4.462307806364517251e-03
4.401283884830439579e-03
4.341090954436716866e-03
4.281717795292723158e-03
4.223153336384488296e-03
4.165386653670461597e-03
4.108406968199650872e-03
4.052203644251964158e-03
3.996766187500555567e-03
3.942084243195880314e-03
3.888147594371379155e-03
3.834946160070523344e-03
3.782469993594978538e-03
3.730709280773735013e-03
3.679654338252999046e-03
3.629295611806587860e-03
3.579623674666683724e-03
3.530629225874752468e-03
3.482303088652290764e-03
3.434636208791432520e-03
3.387619653064979832e-03
3.341244607655799535e-03
3.295502376605397108e-03
3.250384380281313209e-03
3.205882153863360597e-03
3.161987345848354079e-03
3.118691716573175187e-03
3.075987136756014578e-03
3.033865586055561891e-03
2.992319151647954405e-03
2.951340026821324888e-03
2.910920509587707535e-03
2.871053001312179245e-03
2.831730005358999019e-03
2.792944125754542525e-03
2.754688065866971527e-03
2.716954627102247458e-03
2.679736707616535082e-03
2.643027301044640655e-03
2.606819495244379597e-03
2.571106471056725830e-03
2.535881501081482976e-03
2.501137948468382024e-03
2.466869265723386443e-03
2.433068993530046031e-03
2.399730759585726007e-03
2.366848277452554376e-03
2.334415345422909301e-03
2.302425845399261751e-03
2.270873741788258498e-03
2.239753080408827309e-03
2.209057987414161667e-03
2.178782668227459245e-03
2.148921406491186015e-03
2.119468563029769728e-03
2.090418574825546674e-03
2.061765954007766573e-03
2.033505286854586213e-03
2.005631232807795084e-03
1.978138523500243533e-03
1.951021961795699556e-03
1.924276420841074600e-03
1.897896843130829304e-03
1.871878239583437504e-03
1.846215688629747418e-03
1.820904335313099478e-03
1.795939390401072016e-03
1.771316129508693259e-03
1.747029892233022694e-03
1.723076081298904275e-03
1.699450161715797573e-03
1.676147659945575845e-03
1.653164163081069851e-03
1.630495318035340285e-03
1.608136830741441160e-03
1.586084465362621676e-03
1.564334043512833868e-03
1.542881443487327010e-03
1.521722599503376070e-03
1.500853500950820665e-03
1.480270191652453566e-03
1.459968769134084837e-03
1.439945383904086022e-03
1.420196238742443655e-03
1.400717587999072066e-03
1.381505736901345602e-03
1.362557040870710813e-03
1.343867904848257411e-03
1.325434782629168404e-03
1.307254176205885268e-03
1.289322635119939577e-03
1.271636755822309504e-03
1.254193181042164351e-03
1.236988599163988669e-03
1.220019743612846567e-03
1.203283392247803335e-03
1.186776366763347837e-03
1.170495532098684037e-03
1.154437795854876487e-03
1.138600107719657225e-03
1.122979458899868704e-03
1.107572881561419377e-03
1.092377448276617277e-03
1.077390271478889617e-03
1.062608502924658775e-03
1.048029333162410655e-03
1.033649991008780663e-03
1.019467743031597434e-03
1.005479893039796504e-03
9.916837815801128435e-04
9.780767854404522933e-04
9.646563171598951771e-04
9.514198245451787770e-04
9.383647901936630151e-04
9.254887310226074916e-04
9.127891978047410161e-04
9.002637747100366780e-04
8.879100788535531372e-04
8.757257598493573122e-04
8.637084993703672466e-04
8.518560107140781814e-04
8.401660383741055890e-04
8.286363576174315439e-04
8.172647740673181106e-04
8.060491232917829044e-04
7.949872703975936761e-04
7.840771096296989765e-04
7.733165639759987352e-04
7.627035847774323073e-04
7.522361513432761129e-04
7.419122705716083661e-04
7.317299765748441851e-04
7.216873303103063866e-04
7.117824192157600838e-04
7.020133568498088464e-04
6.923782825371537246e-04
6.828753610185835142e-04
6.735027821056959385e-04
6.642587603402354702e-04
6.551415346580203658e-04
6.461493680573894127e-04
6.372805472720994343e-04
6.285333824486333308e-04
6.199062068278488307e-04
6.113973764308980232e-04
6.030052697494032521e-04
5.947282874397766131e-04
5.865648520216767666e-04
5.785134075805280392e-04
5.705724194740322084e-04
5.627403740426660311e-04
5.550157783240521926e-04
5.473971597712068210e-04
5.398830659745795400e-04
5.324720643878396581e-04
5.251627420573787850e-04
5.179537053554489952e-04
5.108435797169151799e-04
5.038310093795678093e-04
4.969146571279299714e-04
4.900932040405438315e-04
4.833653492406585054e-04
4.767298096503009685e-04
4.701853197476667918e-04
4.637306313277917281e-04
4.573645132664656593e-04
4.510857512873410360e-04
4.448931477321849625e-04
4.387855213342624025e-04
4.327617069947591088e-04
4.268205555622603224e-04
4.209609336151982884e-04
4.151817232472546017e-04
4.094818218556732568e-04
4.038601419324342563e-04
3.983156108582707562e-04
3.928471706994646965e-04
3.874537780074085568e-04
3.821344036208861278e-04
3.768880324710262753e-04
3.717136633889149512e-04
3.666103089158095061e-04
3.615769951159299340e-04
3.566127613917999435e-04
3.517166603020814770e-04
3.468877573818979622e-04
3.421251309655834114e-04
3.374278720118499423e-04
3.327950839313281294e-04
3.282258824164450582e-04
3.237193952736253902e-04
3.192747622577610678e-04
3.148911349089376227e-04
3.105676763913842913e-04
3.063035613346031059e-04
3.020979756766701847e-04
2.979501165096599979e-04
2.938591919271748838e-04
2.898244208739550400e-04
2.858450329975211228e-04
2.819202685018538457e-04
2.780493780030461213e-04
2.742316223869353353e-04
2.704662726686671271e-04
2.667526098541707271e-04
2.630899248035224324e-04
2.594775180961696810e-04
2.559146998979899769e-04
2.524007898301645512e-04
2.489351168398286525e-04
2.455170190724991148e-04
2.421458437462260512e-04
2.388209470274665859e-04
2.355416939086531669e-04
2.323074580874217112e-04
2.291176218474962208e-04
2.259715759411888602e-04
2.228687194735087188e-04
2.198084597878470037e-04
2.167902123532217476e-04
2.138134006530628987e-04
2.108774560755116874e-04
2.079818178052168429e-04
2.051259327166084147e-04
2.023092552686270003e-04
1.995312474008905702e-04
1.967913784312741443e-04
1.940891249548949195e-04
1.914239707444673135e-04
1.887954066520249172e-04
1.862029305119817884e-04
1.836460470455169333e-04
1.811242677662634087e-04
1.786371108872877595e-04
1.761841012293375132e-04
1.737647701303438269e-04
1.713786553561569813e-04
1.690253010125050714e-04
1.667042574581517167e-04
1.644150812192426525e-04
1.621573349048227185e-04
1.599305871235034017e-04
1.577344124012751078e-04
1.555683911004365945e-04
1.534321093396357654e-04
1.513251589150038288e-04
1.492471372223637101e-04
1.471976471805068107e-04
1.451762971555126060e-04
1.431827008861088070e-04
1.412164774100487473e-04
1.392772509914948556e-04
1.373646510493971003e-04
1.354783120868493574e-04
1.336178736214117216e-04
1.317829801163878094e-04
1.299732809130381894e-04
1.281884301637255762e-04
1.264280867659697241e-04
1.246919142974080362e-04
1.229795809516449206e-04
1.212907594749761396e-04
1.196251271039841784e-04
1.179823655039822063e-04
1.163621607083023735e-04
1.147642030584165314e-04
1.131881871448728961e-04
1.116338117490441560e-04
1.101007797856700288e-04
1.085887982461888462e-04
1.070975781428427036e-04
1.056268344535482735e-04
1.041762860675233887e-04
1.027456557316554637e-04
1.013346699976067815e-04
9.994305916964172222e-05
9.857055725316952533e-05
9.721690190399186443e-05
9.588183437824393182e-05
9.456509948302079319e-05
9.326644552768326591e-05
9.198562427582537761e-05
9.072239089790409600e-05
8.947650392451460624e-05
8.824772520030701593e-05
8.703581983853513635e-05
8.584055617622503428e-05
8.466170572996021041e-05
8.349904315227073238e-05
8.235234618862060361e-05
8.122139563498474832e-05
8.010597529600497406e-05
7.900587194372247232e-05
7.792087527687265416e-05
7.685077788073872934e-05
7.579537518755699544e-05
7.475446543746096175e-05
7.372784963996475538e-05
7.271533153597063075e-05
7.171671756029928129e-05
7.073181680473365643e-05
6.976044098156720366e-05
6.880240438765439432e-05
6.785752386895091577e-05
6.692561878554306916e-05
6.600651097715340291e-05
6.510002472912092871e-05
6.420598673884759860e-05
6.332422608270310137e-05
6.245457418338589133e-05
6.159686477772844174e-05
6.075093388494646552e-05
5.991661977532236567e-05
5.909376293931730475e-05
5.828220605710809178e-05
5.748179396854034867e-05
5.669237364349407319e-05
5.591379415265666553e-05
5.514590663869382305e-05
5.438856428781910988e-05
5.364162230175045781e-05
5.290493787005269745e-05
5.217837014285932969e-05
5.146178020396715436e-05
5.075503104430137072e-05
5.005798753574311998e-05
4.937051640531681351e-05
4.869248620973135147e-05
4.802376731026970232e-05
4.736423184802389559e-05
4.671375371946901085e-05
4.607220855237160231e-05
4.543947368203025527e-05
4.481542812783999373e-05
4.419995257017929232e-05
4.359292932761374992e-05
4.299424233441245379e-05
4.240377711837279261e-05
4.182142077894891377e-05
4.124706196568137889e-05
4.068059085692096331e-05
4.012189913884568488e-05
3.957087998476539026e-05
3.902742803470937900e-05
3.849143937529543900e-05
3.796281151987331395e-05
3.744144338894209439e-05
3.692723529083577944e-05
3.642008890267290272e-05
3.591990725156898922e-05
3.542659469610551405e-05
3.494005690805368941e-05
3.446020085434889195e-05
3.398693477931228143e-05
3.352016818711654115e-05
3.305981182449168097e-05
3.260577766366888370e-05
3.215797888555771254e-05
3.171632986315418574e-05
3.128074614517713004e-05
3.085114443992808305e-05
3.042744259937332839e-05
3.000955960344451600e-05
2.959741554455369380e-05
2.919093161232203876e-05
2.879003007851719208e-05
2.839463428219772084e-05
2.800466861506152160e-05
2.762005850699476067e-05
2.724073041181984342e-05
2.686661179323820121e-05
2.649763111096645928e-05
2.613371780706282113e-05
2.577480229244088781e-05
2.542081593356878419e-05
2.507169103935032289e-05
2.472736084818700968e-05
2.438775951521705504e-05
2.405282209972928450e-05
2.372248455275059587e-05
2.339668370480284338e-05
2.307535725382838638e-05
2.275844375328112798e-05
2.244588260038096332e-05
2.213761402452957397e-05
2.183357907588476325e-05
2.153371961409250910e-05
2.123797829717257040e-05
2.094629857055734873e-05
2.065862465628128477e-05
2.037490154231787562e-05
2.009507497206391324e-05
1.981909143396752535e-05
1.954689815129860258e-05
1.927844307206008715e-05
1.901367485903702310e-05
1.875254287998288669e-05
1.849499719794002938e-05
1.824098856169341997e-05
1.799046839635532109e-05
1.774338879407894181e-05
1.749970250489990401e-05
