9.999944444753082751e-01
9.999845415756207778e-01
9.999569872011423444e-01
9.998803235080643281e-01
9.996670640775126015e-01
9.990741354988178502e-01
9.974279719239913522e-01
9.928758418834119359e-01
9.804251919381901104e-01
9.473684210526314153e-01
9.473684210526314153e-01
9.469068193785256105e-01
9.464413981335828563e-01
9.459721297396693762e-01
9.454989864905586350e-01
9.450219405526679717e-01
9.445409639658217671e-01
9.440560286440471405e-01
9.435671063764041744e-01
9.430741688278451162e-01
9.425771875401142141e-01
9.420761339326724215e-01
9.415709793036648456e-01
9.410616948309180607e-01
9.405482515729759463e-01
9.400306204701701640e-01
9.395087723457274942e-01
9.389826779069158080e-01
9.384523077462244567e-01
9.379176323425878481e-01
9.373786220626413312e-01
9.368352471620255972e-01
9.362874777867186138e-01
9.357352839744216277e-01
9.351786356559734781e-01
9.346175026568165345e-01
9.340518546984991621e-01
9.334816614002197088e-01
9.329068922804200081e-01
9.323275167584140766e-01
9.317435041560707676e-01
9.311548236995288441e-01
9.305614445209720031e-01
9.299633356604367629e-01
9.293604660676729745e-01
9.287528046040522955e-01
9.281403200445217383e-01
9.275229810796040697e-01
9.269007563174508357e-01
9.262736142859406829e-01
9.256415234348291943e-01
9.250044521379483520e-01
9.243623686954577368e-01
9.237152413361460201e-01
9.230630382197829720e-01
9.224057274395262018e-01
9.217432770243811913e-01
9.210756549417101757e-01
9.204028290997988693e-01
9.197247673504792553e-01
9.190414374918005613e-01
9.183528072707615175e-01
9.176588443860971278e-01
9.169595164911196195e-01
9.162547911966181235e-01
9.155446360738168643e-01
9.148290186573876381e-01
9.141079064485239103e-01
9.133812669180706445e-01
9.126490675097153060e-01
9.119112756432390388e-01
9.111678587178243527e-01
9.104187841154289806e-01
9.096640192042126927e-01
9.089035313420334994e-01
9.081372878800004766e-01
9.073652561660879856e-01
9.065874035488186156e-01
9.058036973809988623e-01
9.050141050235283036e-01
9.042185938492633968e-01
9.034171312469524429e-01
9.026096846252270600e-01
9.017962214166665991e-01
9.009767090819168489e-01
9.001511151138859024e-01
8.993194070419924246e-01
8.984815524364889727e-01
8.976375189128456000e-01
8.967872741362038491e-01
8.959307858258888091e-01
8.950680217599968902e-01
8.941989497800431064e-01
8.933235377956765255e-01
8.924417537894649977e-01
8.915535658217410564e-01
8.906589420355200959e-01
8.897578506614812754e-01
8.888502600230180350e-01
8.879361385413520047e-01
8.870154547407174128e-01
8.860881772536103318e-01
8.851542748261034266e-01
8.842137163232295372e-01
8.832664707344324295e-01
8.823125071790773877e-01
8.813517949120377448e-01
8.803843033293395903e-01
8.794100019738759766e-01
8.784288605411856299e-01
8.774408488852960541e-01
8.764459370246342473e-01
8.754440951479983690e-01
8.744352936205961324e-01
8.734195029901481444e-01
8.723966939930496434e-01
8.713668375606027361e-01
8.703299048253031467e-01
8.692858671271963544e-01
8.682346960202886876e-01
8.671763632790243648e-01
8.661108409048209333e-01
8.650381011326617742e-01
8.639581164377534428e-01
8.628708595422347472e-01
8.617763034219487750e-01
8.606744213132661026e-01
8.595651867199711749e-01
8.584485734201939833e-01
8.573245554734063578e-01
8.561931072274637788e-01
8.550542033257008123e-01
8.539078187140816123e-01
8.527539286483951653e-01
8.515925087015030481e-01
8.504235347706329273e-01
8.492469830847225731e-01
8.480628302118021766e-01
8.468710530664289582e-01
8.456716289171581913e-01
8.444645353940607446e-01
8.432497504962763735e-01
8.420272525996098656e-01
8.407970204641588285e-01
8.395590332419857749e-01
8.383132704848140770e-01
8.370597121517660000e-01
8.357983386171248252e-01
8.345291306781283946e-01
8.332520695627918528e-01
8.319671369377545922e-01
8.306743149161499584e-01
8.293735860654974923e-01
8.280649334156182650e-01
8.267483404665634250e-01
8.254237911965623953e-01
8.240912700699840610e-01
8.227507620453092807e-01
8.214022525831141675e-01
8.200457276540601415e-01
8.186811737468902006e-01
8.173085778764288545e-01
8.159279275915800600e-01
8.145392109833270444e-01
8.131424166927272434e-01
8.117375339188983574e-01
8.103245524269997446e-01
8.089034625561992708e-01
8.074742552276266139e-01
8.060369219523116913e-01
8.045914548391024379e-01
8.031378466025611562e-01
8.016760905708354423e-01
8.002061806935035770e-01
7.987281115493874983e-01
7.972418783543339105e-01
7.957474769689605321e-01
7.942449039063601557e-01
7.927341563397679591e-01
7.912152321101779684e-01
7.896881297339175543e-01
7.881528484101671950e-01
7.866093880284275031e-01
7.850577491759305193e-01
7.834979331449877238e-01
7.819299419402782059e-01
7.803537782860689997e-01
7.787694456333625892e-01
7.771769481669782431e-01
7.755762908125497512e-01
7.739674792434485529e-01
7.723505198876203792e-01
7.707254199343417378e-01
7.690921873408774756e-01
7.674508308390557421e-01
7.658013599417361483e-01
7.641437849491895529e-01
7.624781169553639382e-01
7.608043678540514776e-01
7.591225503449428036e-01
7.574326779395665898e-01
7.557347649671151135e-01
7.540288265801474710e-01
7.523148787601714460e-01
7.505929383230944829e-01
7.488630229245485381e-01
7.471251510650787075e-01
7.453793420951925208e-01
7.436256162202734554e-01
7.418639945053462359e-01
7.400944988796952506e-01
7.383171521413337546e-01
7.365319779613166418e-01
7.347390008878971202e-01
7.329382463505220713e-01
7.311297406636618756e-01
7.293135110304749258e-01
7.274895855463003880e-01
7.256579932019764367e-01
7.238187638869819640e-01
7.219719283923986541e-01
7.201175184136887619e-01
7.182555665532861511e-01
7.163861063229999271e-01
7.145091721462228929e-01
7.126247993599476027e-01
7.107330242165816880e-01
7.088338838855631208e-01
7.069274164547724171e-01
7.050136609317381176e-01
7.030926572446316580e-01
7.011644462430515201e-01
6.992290696985935528e-01
6.972865703052046893e-01
6.953369916793157302e-01
6.933803783597539683e-01
6.914167758074324377e-01
6.894462304048125656e-01
6.874687894551386735e-01
6.854845011814431066e-01
6.834934147253171055e-01
6.814955801454536388e-01
6.794910484159466524e-01
6.774798714243590592e-01
6.754621019695488116e-01
6.734377937592564978e-01
6.714070014074492443e-01
6.693697804314231448e-01
6.673261872486597746e-01
6.652762791734390113e-01
6.632201144132033876e-01
6.611577520646773065e-01
6.590892521097357903e-01
6.570146754110264276e-01
6.549340837073399646e-01
6.528475396087320970e-01
6.507551065913957933e-01
6.486568489922807101e-01
6.465528320034628074e-01
6.444431216662658279e-01
6.423277848651269828e-01
6.402068893212173872e-01
6.380805035858091445e-01
6.359486970333938505e-01
6.338115398545514090e-01
6.316691030485725999e-01
6.295214584158306259e-01
6.273686785499086316e-01
6.252108368294801988e-01
6.230480074099471466e-01
6.208802652148327494e-01
6.187076859269320384e-01
6.165303459792262908e-01
6.143483225455542707e-01
6.121616935310500995e-01
6.099705375623436510e-01
6.077749339775331272e-01
6.055749628159203812e-01
6.033707048075235280e-01
6.011622413623612937e-01
5.989496545595165422e-01
5.967330271359740923e-01
5.945124424752472603e-01
5.922879845957850220e-01
5.900597381391695651e-01
5.878277883581042307e-01
5.855922211041968417e-01
5.833531228155394155e-01
5.811105805040913674e-01
5.788646817428675373e-01
5.766155146529331477e-01
5.743631678902139104e-01
5.721077306321203926e-01
5.698492925639961904e-01
5.675879438653865794e-01
5.653237751961399660e-01
5.630568776823415833e-01
5.607873429020838740e-01
5.585152628710808864e-01
5.562407300281286826e-01
5.539638372204176431e-01
5.516846776887031067e-01
5.494033450523327922e-01
5.471199332941487636e-01
5.448345367452507304e-01
5.425472500696455480e-01
5.402581682487719306e-01
5.379673865659166943e-01
5.356750005905208667e-01
5.333811061623846550e-01
5.310857993757760465e-01
5.287891765634498142e-01
5.264913342805770391e-01
5.241923692886005792e-01
5.218923785390110481e-01
5.195914591570586216e-01
5.172897084254002298e-01
5.149872237676905717e-01
5.126841027321227262e-01
5.103804429749239091e-01
5.080763422438118182e-01
5.057718983614174491e-01
5.034672092086823758e-01
5.011623727082344937e-01
4.988574868077477742e-01
4.965526494632930277e-01
4.942479586226879995e-01
4.919435122088465784e-01
4.896394081031415491e-01
4.873357441287770042e-01
4.850326180341867355e-01
4.827301274764569383e-01
4.804283700047820016e-01
4.781274430439607093e-01
4.758274438779341864e-01
4.735284696333798005e-01
4.712306172633541346e-01
4.689339835310071258e-01
4.666386649933566000e-01
4.643447579851417428e-01
4.620523586027545093e-01
4.597615626882555206e-01
4.574724658134828870e-01
4.551851632642560652e-01
4.528997500246812469e-01
4.506163207615665467e-01
4.483349698089470481e-01
4.460557911527285313e-01
4.437788784154573785e-01
4.415043248412138244e-01
4.392322232806437077e-01
4.369626661761245590e-01
4.346957455470781828e-01
4.324315529754294563e-01
4.301701795912187265e-01
4.279117160583724155e-01
4.256562525606342184e-01
4.234038787876640009e-01
4.211546839213073934e-01
4.189087566220404679e-01
4.166661850155941593e-01
4.144270566797605415e-01
4.121914586313888407e-01
4.099594773135699644e-01
4.077311985830177621e-01
4.055067076976489049e-01
4.032860893043621608e-01
4.010694274270270032e-01
3.988568054546769992e-01
3.966483061299170276e-01
3.944440115375460465e-01
3.922440030933944666e-01
3.900483615333861231e-01
3.878571669028200164e-01
3.856704985458785373e-01
3.834884350953663423e-01
3.813110544626758802e-01
3.791384338279885635e-01
3.769706496307083099e-01
3.748077775601346140e-01
3.726498925463698764e-01
3.704970687514712591e-01
3.683493795608417942e-01
3.662068975748634658e-01
3.640696946007789814e-01
3.619378416448132407e-01
3.598114089045466590e-01
3.576904657615334049e-01
3.555750807741683284e-01
3.534653216708035228e-01
3.513612553431138541e-01
3.492629478397132337e-01
3.471704643600214135e-01
3.450838692483798043e-01
3.430032259884214785e-01
3.409285971976871998e-01
3.388600446224960816e-01
3.367976291330651573e-01
3.347414107188772525e-01
3.326914484843015440e-01
3.306478006444597550e-01
3.286105245213434278e-01
3.265796765401761670e-01
3.245553122260240730e-01
3.225374862006502030e-01
3.205262521796152786e-01
3.185216629696190349e-01
3.165237704660863738e-01
3.145326256509902718e-01
3.125482785909179939e-01
3.105707784353704537e-01
3.086001734152994391e-01
3.066365108418797059e-01
3.046798371055091659e-01
3.027301976750444434e-01
3.007876370972591973e-01
2.988521989965329251e-01
2.969239260747601472e-01
2.950028601114828009e-01
2.930890419642421807e-01
2.911825115691452082e-01
2.892833079416493036e-01
2.873914691775538710e-01
2.855070324542049454e-01
2.836300340319051205e-01
2.817605092555265367e-01
2.798984925563259285e-01
2.780440174539575149e-01
2.761971165586805110e-01
2.743578215737614845e-01
2.725261632980624515e-01
2.707021716288188773e-01
2.688858755645983645e-01
2.670773032084421961e-01
2.652764817711811829e-01
2.634834375749281477e-01
2.616981960567387189e-01
2.599207817724423775e-01
2.581512184006344857e-01
2.563895287468322959e-01
2.546357347477871680e-01
2.528898574759503859e-01
2.511519171440920184e-01
2.494219331100659964e-01
2.476999238817186033e-01
2.459859071219395454e-01
2.442798996538498857e-01
2.425819174661230371e-01
2.408919757184371790e-01
2.392100887470547943e-01
2.375362700705253571e-01
2.358705323955088973e-01
2.342128876227158041e-01
2.325633468529601788e-01
2.309219203933236542e-01
2.292886177634246292e-01
2.276634477017924207e-01
2.260464181723383925e-01
2.244375363709268656e-01
2.228368087320359570e-01
2.212442409355090955e-01
2.196598379133939682e-01
2.180836038568619850e-01
2.165155422232096227e-01
2.149556557429342929e-01
2.134039464268846498e-01
2.118604155734795935e-01
2.103250637759944974e-01
2.087978909299105790e-01
2.072788962403245561e-01
2.057680782294148969e-01
2.042654347439631091e-01
2.027709629629245724e-01
2.012846594050482218e-01
1.998065199365403055e-01
1.983365397787701101e-01
1.968747135160154316e-01
1.954210351032427129e-01
1.939754978739207381e-01
1.925380945478648853e-01
1.911088172391083584e-01
1.896876574637983148e-01
1.882746061481136435e-01
1.868696536362024485e-01
1.854727896981355206e-01
1.840840035378742967e-01
1.827032838012500604e-01
1.813306185839512474e-01
1.799659954395192718e-01
1.786094013873455733e-01
1.772608229206719122e-01
1.759202460145899427e-01
1.745876561340362620e-01
1.732630382417839898e-01
1.719463768064252718e-01
1.706376558103440688e-01
1.693368587576781770e-01
1.680439686822655654e-01
1.667589681555764203e-01
1.654818392946249828e-01
1.642125637698637064e-01
1.629511228130537392e-01
1.616974972251114806e-01
1.604516673839312124e-01
1.592136132521783654e-01
1.579833143850547239e-01
1.567607499380318792e-01
1.555458986745536232e-01
1.543387389737023718e-01
1.531392488378309213e-01
1.519474059001576505e-01
1.507631874323210608e-01
1.495865703518960421e-01
1.484175312298677274e-01
1.472560462980627149e-01
1.461020914565358542e-01
1.449556422809126499e-01
1.438166740296831780e-01
1.426851616514493715e-01
1.415610797921239561e-01
1.404444028020771507e-01
1.393351047432350998e-01
1.382331593961233229e-01
1.371385402668590658e-01
1.360512205940885011e-01
1.349711733558696392e-01
1.338983712764988121e-01
1.328327868332805084e-01
1.317743922632406139e-01
1.307231595697803117e-01
1.296790605292711118e-01
1.286420666975919835e-01
1.276121494166034820e-01
1.265892798205633107e-01
1.255734288424792122e-01
1.245645672203998244e-01
1.235626655036445448e-01
1.225676940589677244e-01
1.215796230766620217e-01
1.205984225765962120e-01
1.196240624141892417e-01
1.186565122863203481e-01
1.176957417371729403e-01
1.167417201640142121e-01
1.157944168229089882e-01
1.148538008343674699e-01
1.139198411889279505e-01
1.129925067526721671e-01
1.120717662726750108e-01
1.111575883823881505e-01
1.102499416069559202e-01
1.093487943684660624e-01
1.084541149911323193e-01
1.075658717064111591e-01
1.066840326580516668e-01
1.058085659070783641e-01
1.049394394367075822e-01
1.040766211571967220e-01
1.032200789106275662e-01
1.023697804756224655e-01
1.015256935719945630e-01
1.006877858653313362e-01
9.985602497151234436e-02
9.903037846116090337e-02
9.821081386402966129e-02
9.739729867332140578e-02
9.658980034994378572e-02
9.578828632669872389e-02
9.499272401240788088e-02
9.420308079597275452e-02
9.341932405037074727e-02
9.264142113658688227e-02
9.186933940748237548e-02
9.110304621159913407e-02
9.034250889690165209e-02
8.958769481445601202e-02
8.883857132204649176e-02
8.809510578773004086e-02
8.735726559332952779e-02
8.662501813786528670e-02
8.589833084092640680e-02
8.517717114598073735e-02
8.446150652362589828e-02
8.375130447477974194e-02
8.304653253381262534e-02
8.234715827162043811e-02
8.165314929863916327e-02
8.096447326780242815e-02
8.028109787744114323e-02
7.960299087412626984e-02
7.893012005545604892e-02
7.826245327278627539e-02
7.759995843390579684e-02
7.694260350565726436e-02
7.629035651650310779e-02
7.564318555903824792e-02
7.500105879244842177e-02
7.436394444491706279e-02
7.373181081597869613e-02
7.310462627882109710e-02
7.248235928253649041e-02
7.186497835432101300e-02
7.125245210162502174e-02
7.064474921425349663e-02
7.004183846641659494e-02
6.944368871873289606e-02
6.885026892018338007e-02
6.826154811001866607e-02
6.767749541961914916e-02
6.709808007430839716e-02
6.652327139512136112e-02
6.595303880052642842e-02
6.538735180810315017e-02
6.482618003617626745e-02
6.426949320540455146e-02
6.371726114032856547e-02
6.316945377087375413e-02
6.262604113381312065e-02
6.208699337418738945e-02
6.155228074668481208e-02
6.102187361698014484e-02
6.049574246303397740e-02
5.997385787635263477e-02
5.945619056320922829e-02
5.894271134582688282e-02
5.843339116352333495e-02
5.792820107381916467e-02
5.742711225350898702e-02
5.693009599969645063e-02
5.643712373079394495e-02
5.594816698748668327e-02
5.546319743366264626e-02
5.498218685730830307e-02
5.450510717137063005e-02
5.403193041458649593e-02
5.356262875227895542e-02
5.309717447712188759e-02
5.263554000987311771e-02
5.217769790007617536e-02
5.172362082673206962e-02
5.127328159894026932e-02
5.082665315651073434e-02
5.038370857054667862e-02
4.994442104399854365e-02
4.950876391219025813e-02
4.907671064331723537e-02
4.864823483891788508e-02
4.822331023431779967e-02
4.780191069904796836e-02
4.738401023723747690e-02
4.696958298797994369e-02
4.655860322567609288e-02
4.615104536035117416e-02
4.574688393794867913e-02
4.534609364060040310e-02
4.494864928687312272e-02
4.455452583199298600e-02
4.416369836804719812e-02
4.377614212416395395e-02
4.339183246667108890e-02
4.301074489923332328e-02
4.263285506296894678e-02
4.225813873654644948e-02
4.188657183626103703e-02
4.151813041609198757e-02
4.115279066774037153e-02
4.079052892064866098e-02
4.043132164200167328e-02
4.007514543670964019e-02
3.972197704737390200e-02
3.937179335423495602e-02
3.902457137510399743e-02
3.868028826527794561e-02
3.833892131743813630e-02
3.800044796153349835e-02
3.766484576464793066e-02
3.733209243085282292e-02
3.700216580104476183e-02
3.667504385276878359e-02
3.635070470002744331e-02
3.602912659307607596e-02
3.571028791820468618e-02
3.539416719750666102e-02
3.508074308863436130e-02
3.476999438454268787e-02
3.446190001321983859e-02
3.415643903740640808e-02
3.385359065430272596e-02
3.355333419526500965e-02
3.325564912549013041e-02
3.296051504368967267e-02
3.266791168175364052e-02
3.237781890440357552e-02
3.209021670883609872e-02
3.180508522435621099e-02
3.152240471200144084e-02
3.124215556415686768e-02
3.096431830416082262e-02
3.068887358590233552e-02
3.041580219340950242e-02
3.014508504043028614e-02
2.987670317000476819e-02
2.961063775402999337e-02
2.934687009281725101e-02
2.908538161464167132e-02
2.882615387528529582e-02
2.856916855757282714e-02
2.831440747090094995e-02
2.806185255076131327e-02
2.781148585825682362e-02
2.756328957961244955e-02
2.731724602567989213e-02
2.707333763143662808e-02
2.683154695547970703e-02
2.659185667951398380e-02
2.635424960783569123e-02
2.611870866681074640e-02
2.588521690434858469e-02
2.565375748937157724e-02
2.542431371127966758e-02
2.519686897941141729e-02
2.497140682250055532e-02
2.474791088812902662e-02
2.452636494217619659e-02
2.430675286826451328e-02
2.408905866720192218e-02
2.387326645642104395e-02
2.365936046941524012e-02
2.344732505517184776e-02
2.323714467760258987e-02
2.302880391497132487e-02
2.282228745931948188e-02
2.261758011588897374e-02
2.241466680254304913e-02
2.221353254918485148e-02
2.201416249717428469e-02
2.181654189874288746e-02
2.162065611640702142e-02
2.142649062237956745e-02
2.123403099798010923e-02
2.104326293304367712e-02
2.085417222532842327e-02
2.066674477992208603e-02
2.048096660864755572e-02
2.029682382946727814e-02
2.011430266588710644e-02
1.993338944635945562e-02
1.975407060368567988e-02
1.957633267441812042e-02
1.940016229826167435e-02
1.922554621747507575e-02
1.905247127627192338e-02
1.888092442022172232e-02
1.871089269565066882e-02
1.854236324904265376e-02
1.837532332644035635e-02
1.820976027284647303e-02
1.804566153162541486e-02
1.788301464390516099e-02
1.772180724797971577e-02
1.756202707871199267e-02
1.740366196693742679e-02
1.724669983886808339e-02
1.709112871549763740e-02
1.693693671200702591e-02
1.678411203717113456e-02
1.663264299276624031e-02
1.648251797297867888e-02
1.633372546381420612e-02
1.618625404250889979e-02
1.604009237694091136e-02
1.589522922504360558e-02
1.575165343421998723e-02
1.560935394075831095e-02
1.546831976924931996e-02
1.532854003200471819e-02
1.519000392847724007e-02
1.505270074468229718e-02
1.491661985262103529e-02
1.478175070970520408e-02
1.464808285818362116e-02
1.451560592457033262e-02
1.438430961907462974e-02
1.425418373503269283e-02
1.412521814834123875e-02
1.399740281689299849e-02
1.387072778001397638e-02
1.374518315790292620e-02
1.362075915107248403e-02
1.349744603979258044e-02
1.337523418353574883e-02
1.325411402042459864e-02
1.313407606668131819e-02
1.301511091607935981e-02
1.289720923939729341e-02
1.278036178387482492e-02
1.266455937267105779e-02
1.254979290432500262e-02
1.243605335221828825e-02
1.232333176404026322e-02
1.221161926125534543e-02
1.210090703857267386e-02
1.199118636341828768e-02
1.188244857540938886e-02
1.177468508583128133e-02
1.166788737711656546e-02
1.156204700232679392e-02
1.145715558463662048e-02
1.135320481682032534e-02
1.125018646074087657e-02
1.114809234684148616e-02
1.104691437363962067e-02
1.094664450722364693e-02
1.084727478075181786e-02
1.074879729395395757e-02
1.065120421263566347e-02
1.055448776818506719e-02
1.045864025708211249e-02
1.036365404041048911e-02
1.026952154337213916e-02
1.017623525480434304e-02
1.008378772669943531e-02
9.992171573727098161e-03
9.901379472759310948e-03
9.811404162397906886e-03
9.722238442504745753e-03
9.633875173734578884e-03
9.546307277070457259e-03
9.459527733361854443e-03
9.373529582865436707e-03
9.288305924788407483e-03
9.203849916834636047e-03
9.120154774753249510e-03
9.037213771890061087e-03
8.955020238741553604e-03
8.873567562511504997e-03
8.792849186670372019e-03
8.712858610517185826e-03
8.633589388744198831e-03
8.555035131004173551e-03
8.477189501480273531e-03
8.400046218458682989e-03
8.323599053903771305e-03
8.247841833035987960e-03
8.172768433912363031e-03
8.098372787009654877e-03
8.024648874810122456e-03
7.951590731389913611e-03
7.879192442010159517e-03
7.807448142710551528e-03
7.736352019905677960e-03
7.665898309983911786e-03
7.596081298908874402e-03
7.526895321823538765e-03
7.458334762656945033e-03
7.390394053733474050e-03
7.323067675384728990e-03
7.256350155563935818e-03
7.190236069463030837e-03
7.124720039132182055e-03
7.059796733101950800e-03
6.995460866007995569e-03
6.931707198218266079e-03
6.868530535462789854e-03
6.805925728465966364e-03
6.743887672581342675e-03
6.682411307428981657e-03
6.621491616535235374e-03
6.561123626975078060e-03
6.501302409016904149e-03
6.442023075769770513e-03
6.383280782833194826e-03
6.325070727949276723e-03
6.267388150657384610e-03
6.210228331951199963e-03
6.153586593938276984e-03
6.097458299501912898e-03
6.041838851965489372e-03
5.986723694759230399e-03
5.932108311089295122e-03
5.877988223609309677e-03
5.824358994094174999e-03
5.771216223116337057e-03
5.718555549724339132e-03
5.666372651123718560e-03
5.614663242360260105e-03
5.563423076005512280e-03
5.512647941844641200e-03
5.462333666566593360e-03
5.412476113456484925e-03
5.363071182090321624e-03
5.314114808031936490e-03
5.265602962532183601e-03
5.217531652230393037e-03
5.169896918858009859e-03
5.122694838944501228e-03
5.075921523525399846e-03
5.029573117852596462e-03
4.983645801106775623e-03
4.938135786112039793e-03
4.893039319052693188e-03
4.848352679192137644e-03
4.804072178593931687e-03
4.760194161844966826e-03
4.716715005780742868e-03
4.673631119212765667e-03
4.630938942657976225e-03
4.588634948070324793e-03
4.546715638574350300e-03
4.505177548200837989e-03
4.464017241624530091e-03
4.423231313903796744e-03
4.382816390222418930e-03
4.342769125633281352e-03
4.303086204804120948e-03
4.263764341765233050e-03
4.224800279659136903e-03
4.186190790492189291e-03
4.147932674888177469e-03
4.110022761843804689e-03
4.072457908486132490e-03
4.035234999831882607e-03
3.998350948548673976e-03
3.961802694718142767e-03
3.925587205600905572e-03
3.889701475403411698e-03
3.854142525046629509e-03
3.818907401936578929e-03
3.783993179736664606e-03
3.749396958141860883e-03
3.715115862654677029e-03
3.681147044362894066e-03
3.647487679719111763e-03
3.614134970322053358e-03
3.581086142699604121e-03
3.548338448093624545e-03
3.515889162246471807e-03
3.483735585189243374e-03
3.451875041031747960e-03
3.420304877754140518e-03
3.389022467000285879e-03
3.358025203872748703e-03
3.327310506729477379e-03
3.296875816982129843e-03
3.266718598896058232e-03
3.236836339391875594e-03
3.207226547848677535e-03
3.177886755908871513e-03
3.148814517284577799e-03
3.120007407565642855e-03
3.091463024029184482e-03
3.063178985450741576e-03
3.035152931916958261e-03
3.007382524639781989e-03
2.979865445772252389e-03
2.952599398225729064e-03
2.925582105488696693e-03
2.898811311447018618e-03
2.872284780205696178e-03
2.846000295912116430e-03
2.819955662580722784e-03
2.794148703919179227e-03
2.768577263155957893e-03
2.743239202869361681e-03
2.718132404817982795e-03
2.693254769772538641e-03
2.668604217349143659e-03
2.644178685843959382e-03
2.619976132069217964e-03
2.595994531190636521e-03
2.572231876566155942e-03
2.548686179586067465e-03
2.525355469514459390e-03
2.502237793331992585e-03
2.479331215580013025e-03
2.456633818205945872e-03
2.434143700410020504e-03
2.411858978493260173e-03
2.389777785706769225e-03
2.367898272102292312e-03
2.346218604384015666e-03
2.324736965761636884e-03
2.303451555804681989e-03
2.282360590298028544e-03
2.261462301098688624e-03
2.240754935993771822e-03
2.220236758559668202e-03
2.199906048022438627e-03
2.179761099119359967e-03
2.159800221961681154e-03
2.140021741898518945e-03
2.120423999381929395e-03
2.101005349833125549e-03
2.081764163509828777e-03
2.062698825374764591e-03
2.043807734965266080e-03
2.025089306264004491e-03
2.006541967570819179e-03
1.988164161375645216e-03
1.969954344232526921e-03
1.951910986634716478e-03
1.934032572890836141e-03
1.916317601002107520e-03
1.898764582540643812e-03
1.881372042528761191e-03
1.864138519319354873e-03
1.847062564477293693e-03
1.830142742661833386e-03
1.813377631510049246e-03
1.796765821521262773e-03
