1.000000000000000021e-02
1.668100537200059227e-02
2.782559402207124277e-02
4.641588833612777382e-02
7.742636826811269413e-02
1.291549665014883885e-01
2.154434690031883370e-01
3.593813663804625858e-01
5.994842503189409255e-01
1.000000000000000000e+00
1.000000000000000000e+00
1.006938631476027579e+00
1.013925407558815106e+00
1.020960662306046762e+00
1.028044732093309266e+00
1.035177955630176339e+00
1.042360673976401531e+00
1.049593230558227397e+00
1.056875971184804142e+00
1.064209244064724169e+00
1.071593399822671211e+00
1.079028791516184027e+00
1.086515774652538235e+00
1.094054707205742716e+00
1.101645949633656585e+00
1.109289864895222744e+00
1.116986818467823106e+00
1.124737178364751733e+00
1.132541315152811867e+00
1.140399601970032650e+00
1.148312414543511073e+00
1.156280131207375828e+00
1.164303132920876616e+00
1.172381803286598911e+00
1.180516528568805068e+00
1.188707697711903322e+00
1.196955702359043361e+00
1.205260936870842459e+00
1.213623798344240834e+00
1.222044686631488242e+00
1.230524004359261570e+00
1.239062156947916327e+00
1.247659552630869584e+00
1.256316602474120581e+00
1.265033720395903449e+00
1.273811323186478495e+00
1.282649830528060475e+00
1.291549665014883885e+00
1.300511252173409016e+00
1.309535020482667234e+00
1.318621401394748593e+00
1.327770829355429782e+00
1.336983741824946392e+00
1.346260579298910187e+00
1.355601785329368481e+00
1.365007806546014058e+00
1.374479092677537428e+00
1.384016096573131405e+00
1.393619274224142446e+00
1.403289084785872776e+00
1.413025990599533932e+00
1.422830457214352640e+00
1.432702953409830782e+00
1.442643951218157694e+00
1.452653925946780777e+00
1.462733356201129986e+00
1.472882723907502633e+00
1.483102514336104294e+00
1.493393216124252243e+00
1.503755321299738101e+00
1.514189325304352129e+00
1.524695727017573832e+00
1.535275028780422657e+00
1.545927736419477450e+00
1.556654359271061550e+00
1.567455410205595312e+00
1.578331405652117381e+00
1.589282865622977825e+00
1.600310313738700696e+00
1.611414277253019556e+00
1.622595287078087534e+00
1.633853877809861244e+00
1.645190587753662559e+00
1.656605958949914248e+00
1.668100537200058797e+00
1.679674872092653537e+00
1.691329517029648066e+00
1.703065029252844420e+00
1.714881969870539757e+00
1.726780903884355567e+00
1.738762400216250725e+00
1.750827031735724404e+00
1.762975375287205715e+00
1.775208011717634982e+00
1.787525525904235080e+00
1.799928506782476845e+00
1.812417547374236992e+00
1.824993244816152327e+00
1.837656200388171124e+00
1.850407019542301690e+00
1.863246311931560317e+00
1.876174691439120634e+00
1.889192776207666347e+00
1.902301188668944487e+00
1.915500555573527608e+00
1.928791508020778256e+00
1.942174681489025723e+00
1.955650715865949074e+00
1.969220255479172232e+00
1.982883949127071110e+00
1.996642450109793909e+00
2.010496416260498354e+00
2.024446509976803643e+00
2.038493398252463340e+00
2.052637752709252084e+00
2.066880249629082567e+00
2.081221569986338338e+00
2.095662399480433091e+00
2.110203428568595552e+00
2.124845352498882622e+00
2.139588871343422127e+00
2.154434690031883814e+00
2.169383518385184395e+00
2.184436071149427505e+00
2.199593068030074594e+00
2.214855233726359618e+00
2.230223297965937768e+00
2.245697995539774450e+00
2.261280066337278516e+00
2.276970255381679742e+00
2.292769312865649223e+00
2.308677994187168903e+00
2.324697059985648018e+00
2.340827276178293115e+00
2.357069413996727647e+00
2.373424250023866922e+00
2.389892566231049731e+00
2.406475150015424447e+00
2.423172794237599348e+00
2.439986297259550074e+00
2.456916462982790872e+00
2.473964100886813622e+00
2.491130026067788883e+00
2.508415059277540049e+00
2.525820026962784404e+00
2.543345761304649066e+00
2.560993100258458721e+00
2.578762887593801345e+00
2.596655972934871048e+00
2.614673211801091579e+00
2.632815465648020936e+00
2.651083601908538423e+00
2.669478494034321248e+00
2.688001021537606228e+00
2.706652070033241486e+00
2.725432531281029025e+00
2.744343303228364839e+00
2.763385290053170351e+00
2.782559402207124499e+00
2.801866556459195134e+00
2.821307675939471959e+00
2.840883690183303223e+00
2.860595535175742388e+00
2.880444153396296336e+00
2.900430493863991543e+00
2.920555512182746227e+00
2.940820170587063132e+00
2.961225437988034948e+00
2.981772290019672145e+00
3.002461709085549213e+00
3.023294684405777311e+00
3.044272212064301986e+00
3.065395295056527303e+00
3.086664943337273481e+00
3.108082173869064047e+00
3.129648010670751823e+00
3.151363484866478437e+00
3.173229634734977100e+00
3.195247505759212014e+00
3.217418150676371713e+00
3.239742629528197249e+00
3.262222009711669202e+00
3.284857366030044634e+00
3.307649780744240875e+00
3.330600343624588788e+00
3.353710152002930656e+00
3.376980310825090648e+00
3.400411932703706785e+00
3.424006137971423946e+00
3.447764054734464345e+00
3.471686818926561280e+00
3.495775574363274352e+00
3.520031472796679939e+00
3.544455673970434706e+00
3.569049345675229468e+00
3.593813663804627634e+00
3.618749812411279354e+00
3.643858983763545556e+00
3.669142378402493243e+00
3.694601205199302463e+00
3.720236681413067625e+00
3.746050032748991843e+00
3.772042493416998266e+00
3.798215306190735330e+00
3.824569722466999000e+00
3.851107002325570683e+00
3.877828414589456152e+00
3.904735236885561012e+00
3.931828755705769396e+00
3.959110266468458761e+00
3.986581073580440560e+00
4.014242490499320581e+00
4.042095839796306933e+00
4.070142453219437684e+00
4.098383671757261482e+00
4.126820845702954266e+00
4.155455334718875626e+00
4.184288507901581688e+00
4.213321743847288303e+00
4.242556430717777438e+00
4.271993966306778745e+00
4.301635758106795215e+00
4.331483223376399572e+00
4.361537789208004945e+00
4.391800892596085859e+00
4.422273980505899260e+00
4.452958509942654963e+00
4.483855948021187032e+00
4.514967772036100335e+00
4.546295469532399380e+00
4.577840538376618973e+00
4.609604486828433600e+00
4.641588833612778409e+00
4.673795107992462228e+00
4.706224849841281532e+00
4.738879609717653096e+00
4.771760948938745805e+00
4.804870439655130276e+00
4.838209664925956055e+00
4.871780218794632411e+00
4.905583706365048258e+00
4.939621743878320537e+00
4.973895958790063965e+00
5.008407989848211450e+00
5.043159487171360311e+00
5.078152112327673606e+00
5.113387538414325917e+00
5.148867450137493584e+00
5.184593543892911605e+00
5.220567527846976752e+00
5.256791122018421802e+00
5.293266058360561743e+00
5.329994080844088877e+00
5.366976945540474553e+00
5.404216420705916235e+00
5.441714286865890315e+00
5.479472336900286678e+00
5.517492376129125908e+00
5.555776222398876030e+00
5.594325706169378520e+00
5.633142670601354318e+00
5.672228971644543094e+00
5.711586478126432276e+00
5.751217071841612238e+00
5.791122647641759436e+00
5.831305113526221717e+00
5.871766390733255570e+00
5.912508413831877974e+00
5.953533130814368413e+00
5.994842503189410365e+00
6.036438506075866961e+00
6.078323128297229871e+00
6.120498372476699700e+00
6.162966255132940496e+00
6.205728806776502182e+00
6.248788072006891348e+00
6.292146109610343707e+00
6.335804992658251145e+00
6.379766808606280648e+00
6.424033659394192242e+00
6.468607661546325716e+00
6.513490946272802340e+00
6.558685659571431792e+00
6.604193962330303869e+00
6.650018030431120053e+00
6.696160054853220522e+00
6.742622241778342129e+00
6.789406812696109128e+00
6.836516004510237110e+00
6.883952069645498106e+00
6.931717276155406005e+00
6.979813907830660469e+00
7.028244264308349365e+00
7.077010661181887485e+00
7.126115430111747528e+00
7.175560918936926491e+00
7.225349491787214085e+00
7.275483529196228538e+00
7.325965428215230446e+00
7.376797602527732423e+00
7.427982482564916111e+00
7.479522515621821022e+00
7.531420165974371805e+00
7.583677914997190683e+00
7.636298261282243871e+00
7.689283720758311347e+00
7.742636826811269302e+00
7.796360130405233235e+00
7.850456200204509294e+00
7.904927622696422240e+00
7.959777002314983640e+00
8.015006961565404708e+00
8.070620141149502658e+00
8.126619200091946382e+00
8.183006815867392092e+00
8.239785684528516896e+00
8.296958520834905926e+00
8.354528058382866718e+00
8.412497049736117560e+00
8.470868266557404880e+00
8.529644499741023012e+00
8.588828559546252350e+00
8.648423275731722981e+00
8.708431497690723333e+00
8.768856094587428984e+00
8.829699955494088925e+00
8.890965989529160396e+00
8.952657125996395848e+00
9.014776314524917566e+00
9.077326525210226649e+00
9.140310748756229842e+00
9.203731996618223832e+00
9.267593301146877849e+00
9.331897715733239451e+00
9.396648314954692438e+00
9.461848194722000116e+00
9.527500472427291811e+00
9.593608287093141840e+00
9.660174799522645017e+00
9.727203192450540215e+00
9.794696670695392626e+00
9.862658461312822311e+00
9.931091813749794994e+00
1.000000000000000000e+01
1.006938631476027624e+01
1.013925407558815373e+01
1.020960662306046451e+01
1.028044732093309221e+01
1.035177955630176250e+01
1.042360673976401664e+01
1.049593230558227752e+01
1.056875971184804008e+01
1.064209244064724125e+01
1.071593399822671167e+01
1.079028791516184071e+01
1.086515774652538369e+01
1.094054707205742361e+01
1.101645949633656407e+01
1.109289864895222699e+01
1.116986818467823106e+01
1.124737178364751955e+01
1.132541315152811556e+01
1.140399601970032428e+01
1.148312414543511117e+01
1.156280131207375916e+01
1.164303132920876749e+01
1.172381803286598512e+01
1.180516528568804979e+01
1.188707697711903322e+01
1.196955702359043450e+01
1.205260936870842592e+01
1.213623798344240612e+01
1.222044686631488020e+01
1.230524004359261525e+01
1.239062156947916193e+01
1.247659552630869761e+01
1.256316602474120891e+01
1.265033720395903138e+01
1.273811323186478539e+01
1.282649830528060519e+01
1.291549665014884063e+01
1.300511252173409282e+01
1.309535020482667100e+01
1.318621401394748460e+01
1.327770829355429782e+01
1.336983741824946570e+01
1.346260579298910365e+01
1.355601785329368170e+01
1.365007806546013747e+01
1.374479092677537295e+01
1.384016096573131627e+01
1.393619274224142757e+01
1.403289084785872376e+01
1.413025990599533621e+01
1.422830457214352684e+01
1.432702953409831004e+01
1.442643951218158094e+01
1.452653925946780511e+01
1.462733356201129808e+01
1.472882723907502545e+01
1.483102514336104427e+01
1.493393216124252554e+01
1.503755321299737702e+01
1.514189325304351996e+01
1.524695727017573788e+01
1.535275028780422701e+01
1.545927736419477760e+01
1.556654359271061239e+01
1.567455410205595001e+01
1.578331405652117247e+01
1.589282865622977958e+01
1.600310313738700785e+01
1.611414277253019023e+01
1.622595287078087267e+01
1.633853877809861288e+01
1.645190587753662470e+01
1.656605958949914381e+01
1.668100537200059108e+01
1.679674872092653004e+01
1.691329517029647889e+01
1.703065029252844198e+01
1.714881969870539891e+01
1.726780903884355922e+01
1.738762400216250370e+01
1.750827031735724404e+01
1.762975375287205893e+01
1.775208011717635159e+01
1.787525525904235479e+01
1.799928506782476489e+01
1.812417547374236548e+01
1.824993244816152327e+01
1.837656200388171612e+01
1.850407019542302223e+01
1.863246311931559873e+01
1.876174691439120323e+01
1.889192776207666213e+01
1.902301188668944931e+01
1.915500555573527919e+01
1.928791508020777812e+01
1.942174681489025545e+01
1.955650715865949252e+01
1.969220255479172366e+01
1.982883949127071332e+01
1.996642450109793288e+01
2.010496416260497909e+01
2.024446509976803910e+01
2.038493398252463251e+01
2.052637752709252084e+01
2.066880249629081945e+01
2.081221569986338338e+01
2.095662399480433180e+01
2.110203428568595641e+01
2.124845352498882889e+01
2.139588871343421417e+01
2.154434690031883193e+01
2.169383518385184217e+01
2.184436071149427150e+01
2.199593068030074861e+01
2.214855233726359174e+01
2.230223297965937590e+01
2.245697995539773828e+01
2.261280066337278427e+01
2.276970255381679920e+01
2.292769312865650022e+01
2.308677994187168636e+01
2.324697059985647840e+01
2.340827276178293204e+01
2.357069413996727647e+01
2.373424250023867543e+01
2.389892566231048932e+01
2.406475150015424092e+01
2.423172794237599348e+01
2.439986297259550341e+01
2.456916462982791316e+01
2.473964100886813000e+01
2.491130026067788350e+01
2.508415059277539783e+01
2.525820026962784581e+01
2.543345761304649599e+01
2.560993100258458099e+01
2.578762887593800812e+01
2.596655972934870960e+01
2.614673211801092023e+01
2.632815465648021203e+01
2.651083601908537446e+01
2.669478494034320804e+01
2.688001021537606050e+01
2.706652070033241131e+01
2.725432531281029114e+01
2.744343303228363951e+01
2.763385290053169996e+01
2.782559402207124322e+01
2.801866556459195223e+01
2.821307675939472048e+01
2.840883690183302690e+01
2.860595535175741944e+01
2.880444153396296514e+01
2.900430493863991543e+01
2.920555512182746583e+01
2.940820170587062066e+01
2.961225437988034415e+01
2.981772290019671701e+01
3.002461709085549302e+01
3.023294684405777843e+01
3.044272212064302607e+01
3.065395295056526592e+01
3.086664943337272859e+01
3.108082173869063780e+01
3.129648010670752001e+01
3.151363484866479325e+01
3.173229634734976301e+01
3.195247505759212103e+01
3.217418150676371624e+01
3.239742629528197426e+01
3.262222009711669557e+01
3.284857366030043835e+01
3.307649780744240786e+01
3.330600343624588788e+01
3.353710152002930300e+01
3.376980310825091181e+01
3.400411932703705986e+01
3.424006137971424124e+01
3.447764054734464167e+01
3.471686818926561102e+01
3.495775574363275240e+01
3.520031472796679139e+01
3.544455673970433907e+01
3.569049345675229290e+01
3.593813663804627367e+01
3.618749812411280686e+01
3.643858983763544757e+01
3.669142378402492000e+01
3.694601205199302285e+01
3.720236681413067714e+01
3.746050032748993175e+01
3.772042493416997644e+01
3.798215306190733997e+01
3.824569722466998911e+01
3.851107002325570505e+01
3.877828414589457395e+01
3.904735236885559857e+01
3.931828755705767975e+01
3.959110266468458406e+01
3.986581073580440915e+01
4.014242490499322003e+01
4.042095839796307644e+01
4.070142453219436618e+01
4.098383671757261482e+01
4.126820845702953733e+01
4.155455334718875093e+01
4.184288507901582221e+01
4.213321743847286882e+01
4.242556430717777260e+01
4.271993966306779100e+01
4.301635758106795038e+01
4.331483223376400815e+01
4.361537789208003346e+01
4.391800892596086214e+01
4.422273980505899260e+01
4.452958509942655496e+01
4.483855948021188453e+01
4.514967772036099802e+01
4.546295469532399380e+01
4.577840538376618440e+01
4.609604486828433778e+01
4.641588833612780007e+01
4.673795107992461340e+01
4.706224849841281355e+01
4.738879609717653807e+01
4.771760948938745628e+01
4.804870439655131520e+01
4.838209664925954456e+01
4.871780218794631168e+01
4.905583706365047902e+01
4.939621743878320359e+01
4.973895958790065208e+01
5.008407989848210207e+01
5.043159487171358535e+01
5.078152112327673251e+01
5.113387538414325917e+01
5.148867450137495183e+01
5.184593543892910361e+01
5.220567527846975509e+01
5.256791122018422158e+01
5.293266058360561033e+01
5.329994080844090831e+01
5.366976945540476152e+01
5.404216420705915169e+01
5.441714286865889960e+01
5.479472336900287388e+01
5.517492376129126086e+01
5.555776222398877451e+01
5.594325706169377810e+01
5.633142670601354496e+01
5.672228971644543805e+01
5.711586478126432098e+01
5.751217071841613659e+01
5.791122647641758192e+01
5.831305113526221362e+01
5.871766390733255747e+01
5.912508413831878329e+01
5.953533130814370367e+01
5.994842503189408944e+01
6.036438506075867139e+01
6.078323128297230227e+01
6.120498372476699700e+01
6.162966255132942450e+01
6.205728806776500761e+01
6.248788072006890815e+01
6.292146109610344240e+01
6.335804992658250967e+01
6.379766808606282069e+01
6.424033659394190465e+01
6.468607661546323584e+01
6.513490946272803228e+01
6.558685659571432325e+01
6.604193962330305112e+01
6.650018030431118632e+01
6.696160054853218924e+01
6.742622241778342129e+01
6.789406812696108773e+01
6.836516004510238531e+01
6.883952069645496863e+01
6.931717276155403340e+01
6.979813907830660469e+01
7.028244264308348477e+01
7.077010661181888906e+01
7.126115430111745752e+01
7.175560918936925248e+01
7.225349491787214617e+01
7.275483529196229426e+01
7.325965428215229736e+01
7.376797602527734909e+01
7.427982482564914335e+01
7.479522515621820844e+01
7.531420165974371628e+01
7.583677914997190328e+01
7.636298261282244937e+01
7.689283720758309926e+01
7.742636826811269657e+01
7.796360130405233235e+01
7.850456200204509116e+01
7.904927622696423839e+01
7.959777002314982042e+01
8.015006961565404708e+01
8.070620141149503013e+01
8.126619200091946027e+01
8.183006815867393868e+01
8.239785684528514764e+01
8.296958520834907347e+01
8.354528058382867073e+01
8.412497049736118981e+01
8.470868266557407367e+01
8.529644499741020525e+01
8.588828559546249153e+01
8.648423275731721560e+01
8.708431497690723688e+01
8.768856094587431471e+01
8.829699955494086794e+01
8.890965989529158264e+01
8.952657125996395848e+01
9.014776314524917211e+01
9.077326525210227715e+01
9.140310748756228065e+01
9.203731996618220990e+01
9.267593301146878559e+01
9.331897715733238385e+01
9.396648314954695991e+01
9.461848194721997629e+01
9.527500472427290390e+01
9.593608287093141485e+01
9.660174799522646083e+01
9.727203192450542701e+01
9.794696670695395824e+01
9.862658461312820180e+01
9.931091813749794994e+01
1.000000000000000000e+02
1.006938631476027126e+02
1.013925407558815266e+02
1.020960662306046487e+02
1.028044732093309790e+02
1.035177955630176285e+02
1.042360673976401131e+02
1.049593230558227646e+02
1.056875971184803973e+02
1.064209244064724658e+02
1.071593399822671131e+02
1.079028791516183645e+02
1.086515774652538369e+02
1.094054707205742432e+02
1.101645949633656869e+02
1.109289864895222735e+02
1.116986818467822644e+02
1.124737178364751884e+02
1.132541315152811450e+02
1.140399601970033103e+02
1.148312414543511153e+02
1.156280131207375348e+02
1.164303132920876749e+02
1.172381803286598512e+02
1.180516528568805512e+02
1.188707697711903251e+02
1.196955702359042846e+02
1.205260936870842556e+02
1.213623798344240470e+02
1.222044686631488730e+02
1.230524004359261596e+02
1.239062156947915696e+02
1.247659552630869797e+02
1.256316602474120145e+02
1.265033720395903742e+02
1.273811323186478432e+02
1.282649830528060022e+02
1.291549665014883885e+02
1.300511252173408536e+02
1.309535020482667562e+02
1.318621401394748602e+02
1.327770829355428930e+02
1.336983741824946605e+02
1.346260579298909761e+02
1.355601785329369022e+02
1.365007806546013853e+02
1.374479092677536585e+02
1.384016096573131449e+02
1.393619274224141975e+02
1.403289084785873229e+02
1.413025990599533657e+02
1.422830457214352009e+02
1.432702953409830968e+02
1.442643951218157383e+02
1.452653925946781328e+02
1.462733356201129880e+02
1.472882723907501656e+02
1.483102514336104321e+02
1.493393216124251808e+02
1.503755321299738341e+02
1.514189325304351996e+02
1.524695727017574427e+02
1.535275028780422701e+02
1.545927736419477014e+02
1.556654359271062162e+02
1.567455410205595001e+02
1.578331405652118065e+02
1.589282865622977852e+02
1.600310313738700074e+02
1.611414277253019804e+02
1.622595287078087267e+02
1.633853877809862070e+02
1.645190587753662328e+02
1.656605958949913600e+02
1.668100537200059250e+02
1.679674872092653288e+02
1.691329517029648741e+02
1.703065029252844340e+02
1.714881969870539251e+02
1.726780903884356064e+02
1.738762400216250512e+02
1.750827031735725257e+02
1.762975375287205679e+02
1.775208011717634236e+02
1.787525525904235337e+02
1.799928506782476347e+02
1.812417547374237756e+02
1.824993244816152469e+02
1.837656200388170475e+02
1.850407019542302010e+02
1.863246311931559944e+02
1.876174691439121318e+02
1.889192776207666213e+02
1.902301188668943723e+02
1.915500555573527777e+02
1.928791508020777599e+02
1.942174681489026398e+02
1.955650715865949110e+02
1.969220255479171442e+02
1.982883949127071332e+02
1.996642450109793288e+02
2.010496416260499188e+02
2.024446509976803839e+02
2.038493398252462043e+02
2.052637752709252084e+02
2.066880249629082016e+02
2.081221569986339262e+02
2.095662399480432896e+02
2.110203428568594290e+02
2.124845352498882960e+02
2.139588871343421488e+02
2.154434690031884543e+02
2.169383518385184288e+02
2.184436071149426084e+02
2.199593068030074789e+02
2.214855233726359245e+02
2.230223297965938514e+02
2.245697995539773899e+02
2.261280066337277219e+02
2.276970255381679920e+02
2.292769312865648885e+02
2.308677994187169702e+02
2.324697059985647911e+02
2.340827276178291925e+02
2.357069413996727860e+02
2.373424250023866193e+02
2.389892566231050353e+02
2.406475150015424163e+02
2.423172794237598282e+02
2.439986297259550270e+02
2.456916462982790108e+02
2.473964100886814208e+02
2.491130026067788492e+02
2.508415059277538717e+02
2.525820026962784652e+02
2.543345761304648249e+02
2.560993100258459663e+02
2.578762887593800883e+02
2.596655972934869965e+02
2.614673211801091952e+02
2.632815465648019995e+02
2.651083601908538867e+02
2.669478494034320875e+02
2.688001021537604629e+02
2.706652070033241557e+02
2.725432531281027764e+02
2.744343303228365585e+02
2.763385290053169570e+02
2.782559402207126027e+02
2.801866556459195294e+02
2.821307675939470982e+02
2.840883690183304111e+02
2.860595535175742157e+02
2.880444153396297793e+02
2.900430493863991614e+02
2.920555512182745019e+02
2.940820170587063558e+02
2.961225437988034628e+02
2.981772290019673619e+02
3.002461709085549160e+02
3.023294684405776138e+02
3.044272212064302607e+02
3.065395295056526948e+02
3.086664943337274281e+02
3.108082173869063922e+02
3.129648010670750296e+02
3.151363484866479325e+02
3.173229634734976230e+02
3.195247505759213595e+02
3.217418150676371624e+02
3.239742629528195721e+02
3.262222009711670125e+02
3.284857366030043409e+02
3.307649780744242776e+02
3.330600343624588504e+02
3.353710152002929021e+02
3.376980310825091465e+02
3.400411932703706270e+02
3.424006137971425687e+02
3.447764054734464025e+02
3.471686818926559681e+02
3.495775574363275382e+02
3.520031472796678713e+02
3.544455673970435328e+02
3.569049345675229574e+02
3.593813663804625662e+02
3.618749812411280118e+02
3.643858983763544188e+02
3.669142378402493705e+02
3.694601205199302285e+02
3.720236681413065867e+02
3.746050032748992749e+02
3.772042493416997218e+02
3.798215306190735987e+02
3.824569722466999337e+02
3.851107002325568942e+02
3.877828414589457111e+02
3.904735236885559857e+02
3.931828755705770391e+02
3.959110266468458690e+02
3.986581073580438783e+02
4.014242490499322003e+02
4.042095839796305654e+02
4.070142453219438607e+02
4.098383671757261482e+02
4.126820845702951601e+02
4.155455334718875520e+02
4.184288507901580374e+02
4.213321743847288872e+02
4.242556430717776834e+02
4.271993966306776542e+02
4.301635758106795038e+02
4.331483223376398541e+02
4.361537789208005620e+02
4.391800892596086214e+02
4.422273980505897271e+02
4.452958509942655496e+02
4.483855948021186464e+02
4.514967772036101792e+02
4.546295469532399238e+02
4.577840538376616450e+02
4.609604486828433778e+02
4.641588833612777307e+02
4.673795107992463613e+02
4.706224849841281639e+02
4.738879609717650965e+02
4.771760948938745628e+02
4.804870439655128962e+02
4.838209664925957441e+02
4.871780218794630741e+02
4.905583706365045487e+02
4.939621743878320785e+02
4.973895958790062650e+02
5.008407989848212196e+02
5.043159487171358819e+02
5.078152112327675809e+02
5.113387538414326059e+02
5.148867450137491915e+02
5.184593543892913203e+02
5.220567527846975509e+02
5.256791122018424858e+02
5.293266058360561601e+02
5.329994080844087421e+02
5.366976945540476436e+02
5.404216420705914743e+02
5.441714286865892518e+02
5.479472336900287246e+02
5.517492376129123386e+02
5.555776222398877735e+02
5.594325706169377099e+02
5.633142670601357622e+02
5.672228971644543662e+02
5.711586478126429256e+02
5.751217071841613233e+02
5.791122647641758476e+02
5.831305113526224204e+02
5.871766390733255321e+02
5.912508413831875487e+02
5.953533130814370224e+02
5.994842503189408944e+02
6.036438506075869554e+02
6.078323128297230369e+02
6.120498372476696431e+02
6.162966255132942024e+02
6.205728806776500051e+02
6.248788072006893799e+02
6.292146109610343956e+02
6.335804992658247556e+02
6.379766808606282211e+02
6.424033659394191318e+02
6.468607661546327563e+02
6.513490946272802375e+02
6.558685659571428914e+02
6.604193962330305112e+02
6.650018030431118632e+02
6.696160054853222618e+02
6.742622241778342413e+02
6.789406812696105362e+02
6.836516004510237963e+02
6.883952069645496294e+02
6.931717276155407035e+02
6.979813907830659900e+02
7.028244264308345919e+02
7.077010661181889191e+02
7.126115430111744899e+02
7.175560918936928374e+02
7.225349491787213765e+02
7.275483529196225163e+02
7.325965428215230304e+02
7.376797602527731215e+02
7.427982482564918882e+02
7.479522515621821412e+02
7.531420165974368501e+02
7.583677914997190328e+02
7.636298261282241810e+02
7.689283720758313621e+02
7.742636826811269657e+02
7.796360130405229256e+02
7.850456200204508832e+02
7.904927622696420713e+02
7.959777002314986021e+02
8.015006961565404708e+02
8.070620141149498750e+02
8.126619200091945459e+02
8.183006815867389605e+02
8.239785684528519596e+02
8.296958520834906494e+02
8.354528058382862810e+02
8.412497049736118697e+02
8.470868266557401967e+02
8.529644499741025356e+02
8.588828559546249153e+02
8.648423275731718149e+02
8.708431497690723972e+02
8.768856094587426924e+02
8.829699955494091910e+02
8.890965989529157696e+02
8.952657125996400964e+02
9.014776314524917780e+02
9.077326525210223735e+02
9.140310748756231760e+02
9.203731996618221274e+02
9.267593301146882823e+02
9.331897715733239238e+02
9.396648314954691159e+02
9.461848194722001608e+02
9.527500472427290106e+02
9.593608287093146600e+02
9.660174799522645799e+02
9.727203192450537017e+02
9.794696670695395824e+02
9.862658461312820464e+02
9.931091813749800394e+02
1.000000000000000000e+03
