9.999944444753082751e-01
9.999845415756207778e-01
9.999569872011423444e-01
9.998803235080643281e-01
9.996670640775126015e-01
9.990741354988178502e-01
9.974279719239913522e-01
9.928758418834119359e-01
9.804251919381901104e-01
9.473684210526314153e-01
9.473684210526314153e-01
9.466745879230317184e-01
9.459721297396693762e-01
9.452609531022636569e-01
9.445409639658217671e-01
9.438120676465014958e-01
9.430741688278451162e-01
9.423271715673913196e-01
9.415709793036648456e-01
9.408054948635675707e-01
9.400306204701701640e-01
9.392462577509117505e-01
9.384523077462244567e-01
9.376486709185900548e-01
9.368352471620255972e-01
9.360119358120290167e-01
9.351786356559734781e-01
9.343352449439723539e-01
9.334816614002197088e-01
9.326177822348120650e-01
9.317435041560707676e-01
9.308587233833619523e-01
9.299633356604367629e-01
9.290572362692832709e-01
9.281403200445217383e-01
9.272124813883332317e-01
9.262736142859406829e-01
9.253236123216500575e-01
9.243623686954577368e-01
9.233897762402408782e-01
9.224057274395262018e-01
9.214101144458639592e-01
9.204028290997988693e-01
9.193837629494582275e-01
9.183528072707615175e-01
9.173098530882610735e-01
9.162547911966181235e-01
9.151875121827331983e-01
9.141079064485239103e-01
9.130158642343723097e-01
9.119112756432390388e-01
9.107940306654566109e-01
9.096640192042126927e-01
9.085211311017196145e-01
9.073652561660879856e-01
9.061962841989052997e-01
9.050141050235283036e-01
9.038186085140873516e-01
9.026096846252270600e-01
9.013872234225640545e-01
9.001511151138859024e-01
8.989012500810866779e-01
8.976375189128456000e-01
8.963598124380558474e-01
8.950680217599968902e-01
8.937620382912663253e-01
8.924417537894649977e-01
8.911070603936381840e-01
8.897578506614812754e-01
8.883940176072961936e-01
8.870154547407174128e-01
8.856220561061936003e-01
8.842137163232295372e-01
8.827903306273868766e-01
8.813517949120377448e-01
8.798980057708780667e-01
8.784288605411856299e-01
8.769442573478254399e-01
8.754440951479983690e-01
8.739282737767231080e-01
8.723966939930496434e-01
8.708492575269962677e-01
8.692858671271963544e-01
8.677064266092592293e-01
8.661108409048209333e-01
8.644990161112838800e-01
8.628708595422347472e-01
8.612262797785191770e-01
8.595651867199711749e-01
8.578874916377775550e-01
8.561931072274637788e-01
8.544819476624826438e-01
8.527539286483951653e-01
8.510089674776172286e-01
8.492469830847225731e-01
8.474678961022721335e-01
8.456716289171581913e-01
8.438581057274341379e-01
8.420272525996098656e-01
8.401789975263871391e-01
8.383132704848140770e-01
8.364300034948218832e-01
8.345291306781283946e-01
8.326105883174723665e-01
8.306743149161499584e-01
8.287202512578220048e-01
8.267483404665634250e-01
8.247585280671144714e-01
8.227507620453092807e-01
8.207249929086343210e-01
8.186811737468902006e-01
8.166192602929148725e-01
8.145392109833270444e-01
8.124409870192541572e-01
8.103245524269997446e-01
8.081898741186137602e-01
8.060369219523116913e-01
8.038656687927121514e-01
8.016760905708354423e-01
7.994681663438241159e-01
7.972418783543339105e-01
7.949972120895480998e-01
7.927341563397679591e-01
7.904527032565247247e-01
7.881528484101671950e-01
7.858345908468653551e-01
7.834979331449877238e-01
7.811428814707894741e-01
7.787694456333625892e-01
7.763776391387895437e-01
7.739674792434485529e-01
7.715389870064104372e-01
7.690921873408774756e-01
7.666271090645948583e-01
7.641437849491895529e-01
7.616422517683714144e-01
7.591225503449428036e-01
7.565847255965538753e-01
7.540288265801474710e-01
7.514549065350358825e-01
7.488630229245485381e-01
7.462532374761938758e-01
7.436256162202734554e-01
7.409802295268972383e-01
7.383171521413337546e-01
7.356364632176404239e-01
7.329382463505220713e-01
7.302225896053509135e-01
7.274895855463003880e-01
7.247393312625352024e-01
7.219719283923986541e-01
7.191874831455511430e-01
7.163861063229999271e-01
7.135679133349721592e-01
7.107330242165816880e-01
7.078815636412355561e-01
7.050136609317381176e-01
7.021294500690404838e-01
6.992290696985935528e-01
6.963126631342620998e-01
6.933803783597539683e-01
6.904323680275274988e-01
6.874687894551386735e-01
6.844898046189913376e-01
6.814955801454536388e-01
6.784862872993158156e-01
6.754621019695488116e-01
6.724232046523472839e-01
6.693697804314231448e-01
6.663020189555306505e-01
6.632201144132033876e-01
6.601242655046830610e-01
6.570146754110264276e-01
6.538915517603771654e-01
6.507551065913957933e-01
6.476055563138354287e-01
6.444431216662658279e-01
6.412680276709401550e-01
6.380805035858091445e-01
6.348807828536862097e-01
6.316691030485725999e-01
6.284457058191537104e-01
6.252108368294801988e-01
6.219647456968531163e-01
6.187076859269320384e-01
6.154399148460912850e-01
6.121616935310500995e-01
6.088732867358078726e-01
6.055749628159203812e-01
6.022669936501467980e-01
5.989496545595165422e-01
5.956232242238496122e-01
5.922879845957850220e-01
5.889442208123598643e-01
5.855922211041968417e-01
5.822322767023488943e-01
5.788646817428675373e-01
5.754897331691475326e-01
5.721077306321203926e-01
5.687189763883545579e-01
5.653237751961399660e-01
5.619224342096250657e-01
5.585152628710808864e-01
5.551025728013703198e-01
5.516846776887031067e-01
5.482618931757570202e-01
5.448345367452507304e-01
5.414029276040531746e-01
5.379673865659166943e-01
5.345282359329307509e-01
5.310857993757760465e-01
5.276404018128864060e-01
5.241923692886005792e-01
5.207420288504114314e-01
5.172897084254002298e-01
5.138357366959626082e-01
5.103804429749239091e-01
5.069241570801379382e-01
5.034672092086823758e-01
5.000099298107432144e-01
4.965526494632930277e-01
4.930956987436674321e-01
4.896394081031415491e-01
4.861841077406069411e-01
4.827301274764569383e-01
4.792777966267746104e-01
4.758274438779341864e-01
4.723793971617125109e-01
4.689339835310071258e-01
4.654915290362714453e-01
4.620523586027545093e-01
4.586167959086516754e-01
4.551851632642560652e-01
4.517577814922094648e-01
4.483349698089470481e-01
4.449170457074232976e-01
4.415043248412138244e-01
4.380971209100797403e-01
4.346957455470781828e-01
4.313005082073086416e-01
4.279117160583724155e-01
4.245296738726260233e-01
4.211546839213073934e-01
4.177870458706071100e-01
4.144270566797605415e-01
4.110750105012259681e-01
4.077311985830177621e-01
4.043959091732618472e-01
4.010694274270270032e-01
3.977520353154989641e-01
3.944440115375460465e-01
3.911456314337307116e-01
3.878571669028200164e-01
3.845788863208325914e-01
3.813110544626758802e-01
3.780539324264030610e-01
3.748077775601346140e-01
3.715728433916726248e-01
3.683493795608417942e-01
3.651376317545809713e-01
3.619378416448132407e-01
3.587502468291089985e-01
3.555750807741683284e-01
3.524125727621286175e-01
3.492629478397132337e-01
3.461264267702300890e-01
3.430032259884214785e-01
3.398935575581710222e-01
3.367976291330651573e-01
3.337156439198042390e-01
3.306478006444597550e-01
3.275942935215641616e-01
3.245553122260240730e-01
3.215310418678407611e-01
3.185216629696190349e-01
3.155273514468465157e-01
3.125482785909179939e-01
3.095846110548818864e-01
3.066365108418797059e-01
3.037041352962491780e-01
3.007876370972591973e-01
2.978871642554412058e-01
2.950028601114828009e-01
2.921348633376424919e-01
2.892833079416493036e-01
2.864483232730418161e-01
2.836300340319051205e-01
2.808285602799597269e-01
2.780440174539575149e-01
2.752765163813321037e-01
2.725261632980624515e-01
2.697930598686897885e-01
2.670773032084421961e-01
2.643789859074133219e-01
2.616981960567387189e-01
2.590350172767195147e-01
2.563895287468322959e-01
2.537618052375758548e-01
2.511519171440920184e-01
2.485599305215083488e-01
2.459859071219395454e-01
2.434299044330964223e-01
2.408919757184371790e-01
2.383721700588075088e-01
2.358705323955088973e-01
2.333871035747355493e-01
2.309219203933236542e-01
2.284750156457520942e-01
2.260464181723383925e-01
2.236361529085691136e-01
2.212442409355090955e-01
2.188706995312315329e-01
2.165155422232096227e-01
2.141787788416175953e-01
2.118604155734795935e-01
2.095604550176152492e-01
2.072788962403245561e-01
2.050157348317589723e-01
2.027709629629245724e-01
2.005445694432648474e-01
1.983365397787701101e-01
1.961468562305648533e-01
1.939754978739207381e-01
1.918224406576447549e-01
1.896876574637983148e-01
1.875711181676952832e-01
1.854727896981355206e-01
1.833926360978266890e-01
1.813306185839512474e-01
1.792866956088346453e-01
1.772608229206719122e-01
1.752529536242727615e-01
1.732630382417839898e-01
1.712910247733506475e-01
1.693368587576781770e-01
1.674004833324584107e-01
1.654818392946249828e-01
1.635808651604014341e-01
1.616974972251114806e-01
1.598316696227171652e-01
1.579833143850547239e-01
1.561523615007381627e-01
1.543387389737023718e-01
1.525423728813559976e-01
1.507631874323210608e-01
1.490011050237308177e-01
1.472560462980627149e-01
1.455279301994830410e-01
1.438166740296831780e-01
1.421221935031816153e-01
1.404444028020771507e-01
1.387832146302307723e-01
1.371385402668590658e-01
1.355102896195236883e-01
1.338983712764988121e-01
1.323026925585026881e-01
1.307231595697803117e-01
1.291596772485209821e-01
1.276121494166034820e-01
1.260804788286525868e-01
1.245645672203998244e-01
1.230643153563383690e-01
1.215796230766620217e-01
1.201103893434833925e-01
1.186565122863203481e-01
1.172178892468479922e-01
1.157944168229089882e-01
1.143859909117770912e-01
1.129925067526721671e-01
1.116138589685197052e-01
1.102499416069559202e-01
1.089006481805741694e-01
1.075658717064111591e-01
1.062455047446742712e-01
1.049394394367075822e-01
1.036475675421979908e-01
1.023697804756224655e-01
1.011059693419373851e-01
9.985602497151234436e-02
9.861983795431106259e-02
9.739729867332140578e-02
9.618829733723913145e-02
9.499272401240788088e-02
9.381046865402067891e-02
9.264142113658688227e-02
9.148547128367019721e-02
9.034250889690165209e-02
8.921242378427518549e-02
8.809510578773004086e-02
8.699044481002722595e-02
8.589833084092640680e-02
8.481865398266973111e-02
8.375130447477974194e-02
8.269617271817907012e-02
8.165314929863916327e-02
8.062212500956515704e-02
7.960299087412626984e-02
7.859563816673796610e-02
7.759995843390579684e-02
7.661584351443841145e-02
7.564318555903824792e-02
7.468187704927900517e-02
7.373181081597869613e-02
7.279288005697595598e-02
7.186497835432101300e-02
7.094799969088751157e-02
7.004183846641659494e-02
6.914638951300093594e-02
6.826154811001866607e-02
6.738720999852666760e-02
6.652327139512136112e-02
6.566962900527807678e-02
6.482618003617626745e-02
6.399282220902156870e-02
6.316945377087375413e-02
6.235597350598860722e-02
6.155228074668481208e-02
6.075827538374379416e-02
5.997385787635263477e-02
5.919892926159817104e-02
5.843339116352333495e-02
5.767714580175244826e-02
5.693009599969645063e-02
5.619214519234615873e-02
5.546319743366264626e-02
5.474315740357398735e-02
5.403193041458649593e-02
5.332942241801957861e-02
5.263554000987311771e-02
5.195019043633532924e-02
5.127328159894026932e-02
5.060472205938254531e-02
4.994442104399854365e-02
4.929228844792126613e-02
4.864823483891788508e-02
4.801217146091758814e-02
4.738401023723747690e-02
4.676366377351444392e-02
4.615104536035117416e-02
4.554606897568281437e-02
4.494864928687312272e-02
4.435870165254664210e-02
4.377614212416395395e-02
4.320088744734827679e-02
4.263285506296894678e-02
4.207196310799039829e-02
4.151813041609198757e-02
4.097127651806619503e-02
4.043132164200167328e-02
3.989818671325741362e-02
3.937179335423495602e-02
3.885206388395392313e-02
3.833892131743813630e-02
3.783228936491771222e-02
3.733209243085282292e-02
3.683825561278598892e-02
3.635070470002744331e-02
3.586936617217962447e-02
3.539416719750666102e-02
3.492503563115331028e-02
3.446190001321983859e-02
3.400468956669670806e-02
3.355333419526500965e-02
3.310776448096730551e-02
3.266791168175364052e-02
3.223370772890743474e-02
3.180508522435621099e-02
3.138197743787126542e-02
3.096431830416082262e-02
3.055204241986133468e-02
3.014508504043028614e-02
2.974338207694605246e-02
2.934687009281725101e-02
2.895548630040662222e-02
2.856916855757282714e-02
2.818785536413400544e-02
2.781148585825682362e-02
2.743999981277437869e-02
2.707333763143662808e-02
2.671144034509656887e-02
2.635424960783569123e-02
2.600170769303167609e-02
2.565375748937157724e-02
2.531034249681364881e-02
2.497140682250055532e-02
2.463689517662698628e-02
2.430675286826451328e-02
2.398092580114646877e-02
2.365936046941524012e-02
2.334200395333487291e-02
2.302880391497132487e-02
2.271970859384287236e-02
2.241466680254304913e-02
2.211362792233833446e-02
2.181654189874288746e-02
2.152335923707254794e-02
2.123403099798010923e-02
2.094850879297397925e-02
2.066674477992208603e-02
2.038869165854321694e-02
2.011430266588710644e-02
1.984353157180597862e-02
1.957633267441812042e-02
1.931266079556633736e-02
1.905247127627192338e-02
1.879571997218650037e-02
1.854236324904265376e-02
1.829235797810542519e-02
1.804566153162541486e-02
1.780223177829548184e-02
1.756202707871199267e-02
1.732500628084197858e-02
1.709112871549763740e-02
1.686035419181899225e-02
1.663264299276624031e-02
1.640795587062261057e-02
1.618625404250889979e-02
1.596749918591083492e-02
1.575165343421998723e-02
1.553867937228939691e-02
1.532854003200471819e-02
1.512119888787168132e-02
1.491661985262103529e-02
1.471476727283127853e-02
1.451560592457033262e-02
1.431910100905678732e-02
1.412521814834123875e-02
1.393392338100881214e-02
1.374518315790292620e-02
1.355896433787149094e-02
1.337523418353574883e-02
1.319396035708234050e-02
1.301511091607935981e-02
1.283865430931668827e-02
1.266455937267105779e-02
1.249279532499648730e-02
1.232333176404026322e-02
1.215613866238523383e-02
1.199118636341828768e-02
1.182844557732587280e-02
1.166788737711656546e-02
1.150948319467111174e-02
1.135320481682032534e-02
1.119902438145090051e-02
1.104691437363962067e-02
1.089684762181604427e-02
1.074879729395395757e-02
1.060273689379177126e-02
1.045864025708211249e-02
1.031648154787063489e-02
1.017623525480434304e-02
1.003787618746951674e-02
9.901379472759310948e-03
9.766720551271248704e-03
9.633875173734578884e-03
9.502819397467658635e-03
9.373529582865436707e-03
9.245982389916964847e-03
9.120154774753249510e-03
8.996023986225128166e-03
8.873567562511504997e-03
8.752763327757715275e-03
8.633589388744198831e-03
8.516024131585371582e-03
8.400046218458682989e-03
8.285634584363871583e-03
8.172768433912363031e-03
8.061427238146659860e-03
7.951590731389913611e-03
7.843238908125367212e-03
7.736352019905677960e-03
7.630910572292141057e-03
7.526895321823538765e-03
7.424287273014735719e-03
7.323067675384728990e-03
7.223218020514160682e-03
7.124720039132182055e-03
7.027555698232441916e-03
6.931707198218266079e-03
6.837156970076680058e-03
6.743887672581342675e-03
6.651882189524094789e-03
6.561123626975078060e-03
6.471595310571265879e-03
6.383280782833194826e-03
6.296163800509800394e-03
6.210228331951199963e-03
6.125458554509211409e-03
6.041838851965489372e-03
5.959353811987088377e-03
5.877988223609309677e-03
5.797727074745592443e-03
5.718555549724339132e-03
5.640459026852468610e-03
5.563423076005512280e-03
5.487433456244075400e-03
5.412476113456484925e-03
5.338537178027383603e-03
5.265602962532183601e-03
5.193659959457080401e-03
5.122694838944501228e-03
5.052694446563765936e-03
4.983645801106775623e-03
4.915536092408496517e-03
4.848352679192137644e-03
4.782083086938693564e-03
4.716715005780742868e-03
4.652236288420275208e-03
4.588634948070324793e-03
4.525899156420271595e-03
4.464017241624530091e-03
4.402977686314449475e-03
4.342769125633281352e-03
4.283380345293885325e-03
4.224800279659136903e-03
4.167018009844658706e-03
4.110022761843804689e-03
4.053803904674638942e-03
3.998350948548673976e-03
3.943653543061280929e-03
3.889701475403411698e-03
3.836484668594550198e-03
3.783993179736664606e-03
3.732217198288897368e-03
3.681147044362894066e-03
3.630773167038496216e-03
3.581086142699604121e-03
3.532076673390050631e-03
3.483735585189243374e-03
3.436053826607425414e-03
3.389022467000285879e-03
3.342632695002817345e-03
3.296875816982129843e-03
3.251743255509116116e-03
3.207226547848677535e-03
3.163317344468439141e-03
3.120007407565642855e-03
3.077288609612089179e-03
3.035152931916958261e-03
2.993592463207245345e-03
2.952599398225729064e-03
2.912166036346182461e-03
2.872284780205696178e-03
2.832948134353951205e-03
2.794148703919179227e-03
2.755879193290731218e-03
2.718132404817982795e-03
2.680901237525457927e-03
2.644178685843959382e-03
2.607957838357537195e-03
2.572231876566155942e-03
2.536994073663810609e-03
2.502237793331992585e-03
2.467956488548302390e-03
2.434143700410020504e-03
2.400793056972518741e-03
2.367898272102292312e-03
2.335453144344476397e-03
2.303451555804681989e-03
2.271887471044955857e-03
2.240754935993771822e-03
2.210048076869794431e-03
2.179761099119359967e-03
2.149888286367434946e-03
2.120423999381929395e-03
2.091362675051233917e-03
2.062698825374764591e-03
2.034427036466428945e-03
2.006541967570819179e-03
1.979038350091994695e-03
1.951910986634716478e-03
1.925154750057969395e-03
1.898764582540643812e-03
1.872735494659215870e-03
1.847062564477293693e-03
1.821740936646887299e-03
1.796765821521262773e-03
1.772132494279240631e-03
1.747836294060792434e-03
1.723872623113827237e-03
1.700236945951980093e-03
1.676924788523357496e-03
1.653931737389986506e-03
1.631253438917962782e-03
1.608885598478088054e-03
1.586823979656875163e-03
1.565064403477840890e-03
1.543602747632902674e-03
1.522434945723798562e-03
1.501556986513401162e-03
1.480964913186758394e-03
1.460654822621829628e-03
1.440622864669697080e-03
1.420865241444216288e-03
1.401378206620953635e-03
1.382158064745278451e-03
1.363201170549551344e-03
1.344503928279225987e-03
1.326062791027813378e-03
1.307874260080576535e-03
1.289934884266812727e-03
1.272241259320695036e-03
1.254790027250470095e-03
1.237577875715990513e-03
1.220601537414432811e-03
1.203857789474090719e-03
1.187343452856193292e-03
1.171055391764573963e-03
1.154990513063158418e-03
1.139145765701141209e-03
1.123518140145730957e-03
1.108104667822440090e-03
1.092902420562723948e-03
1.077908510058976643e-03
1.063120087326716685e-03
1.048534342173897994e-03
1.034148502677275597e-03
1.019959834665680725e-03
1.005965641210181680e-03
9.921632621210099093e-04
9.785500734511391741e-04
9.651234870065001454e-04
9.518809498626707236e-04
9.388199438880152990e-04
9.259379852731706084e-04
9.132326240667696564e-04
9.007014437173859215e-04
8.883420606215420472e-04
8.761521236777715252e-04
8.641293138466186628e-04
8.522713437164935665e-04
8.405759570753496175e-04
8.290409284880486708e-04
8.176640628793917535e-04
8.064431951227200683e-04
7.953761896339977232e-04
7.844609399713492991e-04
7.736953684399249702e-04
7.630774257020810341e-04
7.526050903927556128e-04
7.422763687400092767e-04
7.320892941906490588e-04
7.220419270408564953e-04
7.121323540717864079e-04
7.023586881900340797e-04
6.927190680729365625e-04
6.832116578186352585e-04
6.738346466008240986e-04
6.645862483281489473e-04
6.554647013081662957e-04
6.464682679158309910e-04
6.375952342664357010e-04
6.288439098929365185e-04
6.202126274276386839e-04
6.116997422881440905e-04
6.033036323675369361e-04
5.950226977287412754e-04
5.868553603029781586e-04
5.788000635923081514e-04
5.708552723761558048e-04
5.630194724218050154e-04
5.552911701987979466e-04
5.476688925971676895e-04
5.401511866494931695e-04
5.327366192566825162e-04
5.254237769174709095e-04
5.182112654615652486e-04
5.110977097863864203e-04
5.040817535973724124e-04
4.971620591517851356e-04
4.903373070059783428e-04
4.836061957660860449e-04
4.769674418420684825e-04
4.704197792050987428e-04
4.639619591482133120e-04
4.575927500502127948e-04
4.513109371427514354e-04
4.451153222805721800e-04
4.390047237148655968e-04
4.329779758696786565e-04
4.270339291213631283e-04
4.211714495810100849e-04
4.153894188798204815e-04
4.096867339573982019e-04
4.040623068528966704e-04
3.985150644990061272e-04
3.930439485187325627e-04
3.876479150249220675e-04
3.823259344225174807e-04
3.770769912134833688e-04
3.719000838043856724e-04
3.667942243165817334e-04
3.617584383989778745e-04
3.567917650433375656e-04
3.518932564020888377e-04
3.470619776086097496e-04
3.422970065999543401e-04
3.375974339419793822e-04
3.329623626568557326e-04
3.283909080529139133e-04
3.238821975568058212e-04
3.194353705479503628e-04
3.150495781952188340e-04
3.107239832958519680e-04
3.064577601165566624e-04
3.022500942367697561e-04
2.981001823940516125e-04
2.940072323315780136e-04
2.899704626477149689e-04
2.859891026476294395e-04
2.820623921969275198e-04
2.781895815772803416e-04
2.743699313440134142e-04
2.706027121856396131e-04
2.668872047852959201e-04
2.632226996840746438e-04
2.596084971462119862e-04
2.560439070261093459e-04
2.525282486371729896e-04
2.490608506224321417e-04
2.456410508269247020e-04
2.422681961718217258e-04
2.389416425302606339e-04
2.356607546048807554e-04
2.324249058070162631e-04
2.292334781375471797e-04
2.260858620693634053e-04
2.229814564314390837e-04
2.199196682944854311e-04
2.168999128581593141e-04
2.139216133398154872e-04
2.109842008647705338e-04
2.080871143580669360e-04
2.052298004377142617e-04
2.024117133093818275e-04
1.996323146625351931e-04
1.968910735679819837e-04
1.941874663768221061e-04
1.915209766207750098e-04
1.888910949138646685e-04
1.862973188554506779e-04
1.837391529345796973e-04
1.812161084356435424e-04
1.787277033453278598e-04
1.762734622608260642e-04
1.738529162993121709e-04
1.714656030086452810e-04
1.691110662792965052e-04
1.667888562574787014e-04
1.644985292594593749e-04
1.622396476870501274e-04
1.600117799442435720e-04
1.578145003549951656e-04
1.556473890821252651e-04
1.535100320473292126e-04
1.514020208522827622e-04
1.493229527008226552e-04
1.472724303221928594e-04
1.452500618953405309e-04
1.432554609742427555e-04
1.412882464142597311e-04
1.393480422994900771e-04
1.374344778711210910e-04
1.355471874567598265e-04
1.336858104007275407e-04
1.318499909953107867e-04
1.300393784129489044e-04
1.282536266393517841e-04
1.264923944075318834e-04
1.247553451327365658e-04
1.230421468482734962e-04
1.213524721422105679e-04
1.196859980949443569e-04
1.180424062176220186e-04
1.164213823914038627e-04
1.148226168075605456e-04
1.132458039083854349e-04
1.116906423289191352e-04
1.101568348394702933e-04
1.086440882889214604e-04
1.071521135488137503e-04
1.056806254581938408e-04
1.042293427692173551e-04
1.027979880934979035e-04
1.013862878491869857e-04
9.999397220878253063e-05
9.862077504764829453e-05
9.726643389324032038e-05
9.593068987502796499e-05
9.461328767509938277e-05
9.331397547944557088e-05
9.203250492990888135e-05
9.076863107679132439e-05
8.952211233211173963e-05
8.829271042350122351e-05
8.708019034873297774e-05
8.588432033087163011e-05
8.470487177403904623e-05
8.354161921978564109e-05
8.239434030405792049e-05
8.126281571475752255e-05
8.014682914987953483e-05
7.904616727622556063e-05
7.796061968868246770e-05
7.688997887005753610e-05
7.583404015146595265e-05
7.479260167325868546e-05
7.376546434648760769e-05
7.275243181489807209e-05
7.175331041744089971e-05
7.076790915130058441e-05
6.979603963542712274e-05
6.883751607457050717e-05
6.789215522380552255e-05
6.695977635354410831e-05
6.604020121502765636e-05
6.513325400629006951e-05
6.423876133858995416e-05
6.335655220330059035e-05
6.248645793925506329e-05
6.162831220053922475e-05
6.078195092472410855e-05
5.994721230153655358e-05
5.912393674195674494e-05
5.831196684774095877e-05
5.751114738136184703e-05
5.672132523635963478e-05
5.594234940810185845e-05
5.517407096494171781e-05
5.441634301977323914e-05
5.366902070197639884e-05
5.293196112974585808e-05
5.220502338280032017e-05
5.148806847546507715e-05
5.078095933012418111e-05
5.008356075103671107e-05
4.939573939851123983e-05
4.871736376343574297e-05
4.804830414215531320e-05
4.738843261169542334e-05
4.673762300532482939e-05
4.609575088845264485e-05
4.546269353485754691e-05
4.483832990324130820e-05
4.422254061410495993e-05
4.361520792694206387e-05
4.301621571774378732e-05
4.242544945681387693e-05
4.184279618688671452e-05
4.126814450154607625e-05
4.070138452394010274e-05
4.014240788578739093e-05
3.959110770667214105e-05
3.904737857362211773e-05
3.851111652096764985e-05
3.798221901047669536e-05
3.746058491176191218e-05
3.694611448295728192e-05
3.643870935165896064e-05
3.593827249612818113e-05
3.544470822675211406e-05
3.495792216775811393e-05
3.447782123918021147e-05
3.400431363907165886e-05
3.353730882596239635e-05
3.307671750155698800e-05
3.262245159366953027e-05
3.217442423939325638e-05
3.173254976850065572e-05
3.129674368707141113e-05
3.086692266134526076e-05
3.044300450179583391e-05
3.002490814742369212e-05
2.961255365026414408e-05
2.920586216010823824e-05
2.880475590943323020e-05
2.840915819853941432e-05
2.801899338089173074e-05
2.763418684866146178e-05
2.725466501846729629e-05
2.688035531731156050e-05
2.651118616870926746e-05
2.614708697900812497e-05
2.578798812389551759e-05
2.543382093509121247e-05
2.508451768722257699e-05
2.474001158487949291e-05
2.440023674984763177e-05
2.406512820851618192e-05
2.373462187945892245e-05
2.340865456118558475e-05
2.308716392006106535e-05
2.277008847839093178e-05
2.245736760266973489e-05
2.214894149199152118e-05
2.184475116661843542e-05
2.154473845670684085e-05
2.124884599118820249e-05
2.095701718680195865e-05
2.066919623727971319e-05
2.038532810267724516e-05
2.010535849885317715e-05
1.982923388709230332e-05
1.955690146387068022e-05
1.928830915076204674e-05
1.902340558448195474e-05
1.876214010706909525e-05
1.850446275620135713e-05
1.825032425564440233e-05
1.799967600583189721e-05
