-6.000000000000000000e+00
-5.987987987987987815e+00
-5.975975975975975629e+00
-5.963963963963964332e+00
-5.951951951951952147e+00
-5.939939939939939961e+00
-5.927927927927927776e+00
-5.915915915915915591e+00
-5.903903903903904293e+00
-5.891891891891892108e+00
-5.879879879879879923e+00
-5.867867867867867737e+00
-5.855855855855855552e+00
-5.843843843843844255e+00
-5.831831831831832069e+00
-5.819819819819819884e+00
-5.807807807807807698e+00
-5.795795795795795513e+00
-5.783783783783784216e+00
-5.771771771771772030e+00
-5.759759759759759845e+00
-5.747747747747747660e+00
-5.735735735735735474e+00
-5.723723723723724177e+00
-5.711711711711711992e+00
-5.699699699699699806e+00
-5.687687687687687621e+00
-5.675675675675675436e+00
-5.663663663663664138e+00
-5.651651651651651953e+00
-5.639639639639639768e+00
-5.627627627627627582e+00
-5.615615615615615397e+00
-5.603603603603603212e+00
-5.591591591591591914e+00
-5.579579579579579729e+00
-5.567567567567567544e+00
-5.555555555555555358e+00
-5.543543543543543173e+00
-5.531531531531531876e+00
-5.519519519519519690e+00
-5.507507507507507505e+00
-5.495495495495495319e+00
-5.483483483483483134e+00
-5.471471471471471837e+00
-5.459459459459459651e+00
-5.447447447447447466e+00
-5.435435435435435281e+00
-5.423423423423423095e+00
-5.411411411411411798e+00
-5.399399399399399613e+00
-5.387387387387387427e+00
-5.375375375375375242e+00
-5.363363363363363057e+00
-5.351351351351350871e+00
-5.339339339339339574e+00
-5.327327327327327389e+00
-5.315315315315315203e+00
-5.303303303303303018e+00
-5.291291291291290833e+00
-5.279279279279279535e+00
-5.267267267267267350e+00
-5.255255255255255165e+00
-5.243243243243242979e+00
-5.231231231231230794e+00
-5.219219219219219497e+00
-5.207207207207207311e+00
-5.195195195195195126e+00
-5.183183183183182940e+00
-5.171171171171170755e+00
-5.159159159159159458e+00
-5.147147147147147273e+00
-5.135135135135135087e+00
-5.123123123123122902e+00
-5.111111111111110716e+00
-5.099099099099099419e+00
-5.087087087087087234e+00
-5.075075075075075048e+00
-5.063063063063062863e+00
-5.051051051051050678e+00
-5.039039039039039380e+00
-5.027027027027027195e+00
-5.015015015015015010e+00
-5.003003003003002824e+00
-4.990990990990990639e+00
-4.978978978978979342e+00
-4.966966966966967156e+00
-4.954954954954954971e+00
-4.942942942942942786e+00
-4.930930930930930600e+00
-4.918918918918919303e+00
-4.906906906906907118e+00
-4.894894894894894932e+00
-4.882882882882882747e+00
-4.870870870870870561e+00
-4.858858858858859264e+00
-4.846846846846847079e+00
-4.834834834834834894e+00
-4.822822822822822708e+00
-4.810810810810810523e+00
-4.798798798798799226e+00
-4.786786786786787040e+00
-4.774774774774774855e+00
-4.762762762762762669e+00
-4.750750750750750484e+00
-4.738738738738739187e+00
-4.726726726726727001e+00
-4.714714714714714816e+00
-4.702702702702702631e+00
-4.690690690690690445e+00
-4.678678678678679148e+00
-4.666666666666666963e+00
-4.654654654654654777e+00
-4.642642642642642592e+00
-4.630630630630630407e+00
-4.618618618618619109e+00
-4.606606606606606924e+00
-4.594594594594594739e+00
-4.582582582582582553e+00
-4.570570570570570368e+00
-4.558558558558559071e+00
-4.546546546546546885e+00
-4.534534534534534700e+00
-4.522522522522522515e+00
-4.510510510510510329e+00
-4.498498498498499032e+00
-4.486486486486485958e+00
-4.474474474474474661e+00
-4.462462462462462476e+00
-4.450450450450450290e+00
-4.438438438438438993e+00
-4.426426426426425920e+00
-4.414414414414414622e+00
-4.402402402402402437e+00
-4.390390390390390252e+00
-4.378378378378378066e+00
-4.366366366366365881e+00
-4.354354354354354584e+00
-4.342342342342342398e+00
-4.330330330330330213e+00
-4.318318318318318028e+00
-4.306306306306305842e+00
-4.294294294294294545e+00
-4.282282282282282360e+00
-4.270270270270270174e+00
-4.258258258258257989e+00
-4.246246246246245803e+00
-4.234234234234234506e+00
-4.222222222222222321e+00
-4.210210210210210136e+00
-4.198198198198197950e+00
-4.186186186186185765e+00
-4.174174174174174468e+00
-4.162162162162162282e+00
-4.150150150150150097e+00
-4.138138138138137911e+00
-4.126126126126125726e+00
-4.114114114114114429e+00
-4.102102102102102243e+00
-4.090090090090090058e+00
-4.078078078078077873e+00
-4.066066066066065687e+00
-4.054054054054054390e+00
-4.042042042042042205e+00
-4.030030030030030019e+00
-4.018018018018017834e+00
-4.006006006006005649e+00
-3.993993993993993907e+00
-3.981981981981982166e+00
-3.969969969969969981e+00
-3.957957957957957795e+00
-3.945945945945946054e+00
-3.933933933933933869e+00
-3.921921921921922127e+00
-3.909909909909909942e+00
-3.897897897897897757e+00
-3.885885885885886015e+00
-3.873873873873873830e+00
-3.861861861861862089e+00
-3.849849849849849903e+00
-3.837837837837837718e+00
-3.825825825825825977e+00
-3.813813813813813791e+00
-3.801801801801801606e+00
-3.789789789789789864e+00
-3.777777777777777679e+00
-3.765765765765765938e+00
-3.753753753753753752e+00
-3.741741741741741567e+00
-3.729729729729729826e+00
-3.717717717717717640e+00
-3.705705705705705899e+00
-3.693693693693693714e+00
-3.681681681681681528e+00
-3.669669669669669787e+00
-3.657657657657657602e+00
-3.645645645645645860e+00
-3.633633633633633675e+00
-3.621621621621621490e+00
-3.609609609609609748e+00
-3.597597597597597563e+00
-3.585585585585585822e+00
-3.573573573573573636e+00
-3.561561561561561451e+00
-3.549549549549549710e+00
-3.537537537537537524e+00
-3.525525525525525339e+00
-3.513513513513513598e+00
-3.501501501501501412e+00
-3.489489489489489671e+00
-3.477477477477477485e+00
-3.465465465465465300e+00
-3.453453453453453559e+00
-3.441441441441441373e+00
-3.429429429429429632e+00
-3.417417417417417447e+00
-3.405405405405405261e+00
-3.393393393393393520e+00
-3.381381381381381335e+00
-3.369369369369369593e+00
-3.357357357357357408e+00
-3.345345345345345223e+00
-3.333333333333333481e+00
-3.321321321321321296e+00
-3.309309309309309555e+00
-3.297297297297297369e+00
-3.285285285285285184e+00
-3.273273273273273443e+00
-3.261261261261261257e+00
-3.249249249249249072e+00
-3.237237237237237331e+00
-3.225225225225225145e+00
-3.213213213213213404e+00
-3.201201201201201219e+00
-3.189189189189189033e+00
-3.177177177177177292e+00
-3.165165165165165106e+00
-3.153153153153153365e+00
-3.141141141141141180e+00
-3.129129129129128994e+00
-3.117117117117117253e+00
-3.105105105105105068e+00
-3.093093093093093326e+00
-3.081081081081081141e+00
-3.069069069069068956e+00
-3.057057057057057214e+00
-3.045045045045045029e+00
-3.033033033033032844e+00
-3.021021021021021102e+00
-3.009009009009008917e+00
-2.996996996996997176e+00
-2.984984984984984990e+00
-2.972972972972972805e+00
-2.960960960960961064e+00
-2.948948948948948878e+00
-2.936936936936937137e+00
-2.924924924924924952e+00
-2.912912912912912766e+00
-2.900900900900901025e+00
-2.888888888888888840e+00
-2.876876876876877098e+00
-2.864864864864864913e+00
-2.852852852852852727e+00
-2.840840840840840986e+00
-2.828828828828828801e+00
-2.816816816816817060e+00
-2.804804804804804874e+00
-2.792792792792792689e+00
-2.780780780780780947e+00
-2.768768768768768762e+00
-2.756756756756756577e+00
-2.744744744744744835e+00
-2.732732732732732650e+00
-2.720720720720720909e+00
-2.708708708708708723e+00
-2.696696696696696538e+00
-2.684684684684684797e+00
-2.672672672672672611e+00
-2.660660660660660870e+00
-2.648648648648648685e+00
-2.636636636636636499e+00
-2.624624624624624758e+00
-2.612612612612612573e+00
-2.600600600600600831e+00
-2.588588588588588646e+00
-2.576576576576576461e+00
-2.564564564564564719e+00
-2.552552552552552534e+00
-2.540540540540540349e+00
-2.528528528528528607e+00
-2.516516516516516422e+00
-2.504504504504504681e+00
-2.492492492492492495e+00
-2.480480480480480310e+00
-2.468468468468468568e+00
-2.456456456456456383e+00
-2.444444444444444642e+00
-2.432432432432432456e+00
-2.420420420420420271e+00
-2.408408408408408530e+00
-2.396396396396396344e+00
-2.384384384384384603e+00
-2.372372372372372418e+00
-2.360360360360360232e+00
-2.348348348348348491e+00
-2.336336336336336306e+00
-2.324324324324324564e+00
-2.312312312312312379e+00
-2.300300300300300194e+00
-2.288288288288288452e+00
-2.276276276276276267e+00
-2.264264264264264082e+00
-2.252252252252252340e+00
-2.240240240240240155e+00
-2.228228228228228414e+00
-2.216216216216216228e+00
-2.204204204204204043e+00
-2.192192192192192302e+00
-2.180180180180180116e+00
-2.168168168168168375e+00
-2.156156156156156189e+00
-2.144144144144144004e+00
-2.132132132132132263e+00
-2.120120120120120077e+00
-2.108108108108108336e+00
-2.096096096096096151e+00
-2.084084084084083965e+00
-2.072072072072072224e+00
-2.060060060060060039e+00
-2.048048048048048297e+00
-2.036036036036036112e+00
-2.024024024024023927e+00
-2.012012012012012185e+00
-2.000000000000000000e+00
-1.987987987987987815e+00
-1.975975975975975629e+00
-1.963963963963964332e+00
-1.951951951951952147e+00
-1.939939939939939961e+00
-1.927927927927927776e+00
-1.915915915915915591e+00
-1.903903903903904293e+00
-1.891891891891892108e+00
-1.879879879879879923e+00
-1.867867867867867737e+00
-1.855855855855855552e+00
-1.843843843843844255e+00
-1.831831831831832069e+00
-1.819819819819819884e+00
-1.807807807807807698e+00
-1.795795795795795513e+00
-1.783783783783784216e+00
-1.771771771771772030e+00
-1.759759759759759845e+00
-1.747747747747747660e+00
-1.735735735735735474e+00
-1.723723723723724177e+00
-1.711711711711711992e+00
-1.699699699699699806e+00
-1.687687687687687621e+00
-1.675675675675675436e+00
-1.663663663663664138e+00
-1.651651651651651953e+00
-1.639639639639639768e+00
-1.627627627627627582e+00
-1.615615615615615397e+00
-1.603603603603603212e+00
-1.591591591591591914e+00
-1.579579579579579729e+00
-1.567567567567567544e+00
-1.555555555555555358e+00
-1.543543543543543173e+00
-1.531531531531531876e+00
-1.519519519519519690e+00
-1.507507507507507505e+00
-1.495495495495495319e+00
-1.483483483483483134e+00
-1.471471471471471837e+00
-1.459459459459459651e+00
-1.447447447447447466e+00
-1.435435435435435281e+00
-1.423423423423423095e+00
-1.411411411411411798e+00
-1.399399399399399613e+00
-1.387387387387387427e+00
-1.375375375375375242e+00
-1.363363363363363057e+00
-1.351351351351351759e+00
-1.339339339339339574e+00
-1.327327327327327389e+00
-1.315315315315315203e+00
-1.303303303303303018e+00
-1.291291291291291721e+00
-1.279279279279279535e+00
-1.267267267267267350e+00
-1.255255255255255165e+00
-1.243243243243242979e+00
-1.231231231231231682e+00
-1.219219219219219497e+00
-1.207207207207207311e+00
-1.195195195195195126e+00
-1.183183183183182940e+00
-1.171171171171171643e+00
-1.159159159159159458e+00
-1.147147147147147273e+00
-1.135135135135135087e+00
-1.123123123123122902e+00
-1.111111111111110716e+00
-1.099099099099099419e+00
-1.087087087087087234e+00
-1.075075075075075048e+00
-1.063063063063062863e+00
-1.051051051051050678e+00
-1.039039039039039380e+00
-1.027027027027027195e+00
-1.015015015015015010e+00
-1.003003003003002824e+00
-9.909909909909906389e-01
-9.789789789789793417e-01
-9.669669669669671563e-01
-9.549549549549549710e-01
-9.429429429429427856e-01
-9.309309309309306002e-01
-9.189189189189193030e-01
-9.069069069069071176e-01
-8.948948948948949322e-01
-8.828828828828827469e-01
-8.708708708708705615e-01
-8.588588588588592643e-01
-8.468468468468470789e-01
-8.348348348348348935e-01
-8.228228228228227081e-01
-8.108108108108105228e-01
-7.987987987987992256e-01
-7.867867867867870402e-01
-7.747747747747748548e-01
-7.627627627627626694e-01
-7.507507507507504840e-01
-7.387387387387391868e-01
-7.267267267267270014e-01
-7.147147147147148161e-01
-7.027027027027026307e-01
-6.906906906906904453e-01
-6.786786786786791481e-01
-6.666666666666669627e-01
-6.546546546546547773e-01
-6.426426426426425920e-01
-6.306306306306304066e-01
-6.186186186186191094e-01
-6.066066066066069240e-01
-5.945945945945947386e-01
-5.825825825825825532e-01
-5.705705705705703679e-01
-5.585585585585581825e-01
-5.465465465465468853e-01
-5.345345345345346999e-01
-5.225225225225225145e-01
-5.105105105105103291e-01
-4.984984984984981438e-01
-4.864864864864868466e-01
-4.744744744744746612e-01
-4.624624624624624758e-01
-4.504504504504502904e-01
-4.384384384384381050e-01
-4.264264264264268078e-01
-4.144144144144146225e-01
-4.024024024024024371e-01
-3.903903903903902517e-01
-3.783783783783780663e-01
-3.663663663663667691e-01
-3.543543543543545837e-01
-3.423423423423423984e-01
-3.303303303303302130e-01
-3.183183183183180276e-01
-3.063063063063067304e-01
-2.942942942942945450e-01
-2.822822822822823596e-01
-2.702702702702701743e-01
-2.582582582582579889e-01
-2.462462462462466917e-01
-2.342342342342345063e-01
-2.222222222222223209e-01
-2.102102102102101355e-01
-1.981981981981979501e-01
-1.861861861861866529e-01
-1.741741741741744676e-01
-1.621621621621622822e-01
-1.501501501501500968e-01
-1.381381381381379114e-01
-1.261261261261266142e-01
-1.141141141141144288e-01
-1.021021021021022435e-01
-9.009009009009005808e-02
-7.807807807807787270e-02
-6.606606606606568732e-02
-5.405405405405439012e-02
-4.204204204204220474e-02
-3.003003003003001936e-02
-1.801801801801783398e-02
-6.006006006005648601e-03
6.006006006005648601e-03
1.801801801801783398e-02
3.003003003003001936e-02
4.204204204204220474e-02
5.405405405405439012e-02
6.606606606606568732e-02
7.807807807807787270e-02
9.009009009009005808e-02
1.021021021021022435e-01
1.141141141141144288e-01
1.261261261261257260e-01
1.381381381381379114e-01
1.501501501501500968e-01
1.621621621621622822e-01
1.741741741741744676e-01
1.861861861861857648e-01
1.981981981981979501e-01
2.102102102102101355e-01
2.222222222222223209e-01
2.342342342342345063e-01
2.462462462462458035e-01
2.582582582582579889e-01
2.702702702702701743e-01
2.822822822822823596e-01
2.942942942942945450e-01
3.063063063063058422e-01
3.183183183183180276e-01
3.303303303303302130e-01
3.423423423423423984e-01
3.543543543543545837e-01
3.663663663663658809e-01
3.783783783783780663e-01
3.903903903903902517e-01
4.024024024024024371e-01
4.144144144144146225e-01
4.264264264264268078e-01
4.384384384384381050e-01
4.504504504504502904e-01
4.624624624624624758e-01
4.744744744744746612e-01
4.864864864864868466e-01
4.984984984984981438e-01
5.105105105105103291e-01
5.225225225225225145e-01
5.345345345345346999e-01
5.465465465465468853e-01
5.585585585585581825e-01
5.705705705705703679e-01
5.825825825825825532e-01
5.945945945945947386e-01
6.066066066066069240e-01
6.186186186186182212e-01
6.306306306306304066e-01
6.426426426426425920e-01
6.546546546546547773e-01
6.666666666666669627e-01
6.786786786786782599e-01
6.906906906906904453e-01
7.027027027027026307e-01
7.147147147147148161e-01
7.267267267267270014e-01
7.387387387387382987e-01
7.507507507507504840e-01
7.627627627627626694e-01
7.747747747747748548e-01
7.867867867867870402e-01
7.987987987987983374e-01
8.108108108108105228e-01
8.228228228228227081e-01
8.348348348348348935e-01
8.468468468468470789e-01
8.588588588588583761e-01
8.708708708708705615e-01
8.828828828828827469e-01
8.948948948948949322e-01
9.069069069069071176e-01
9.189189189189193030e-01
9.309309309309306002e-01
9.429429429429427856e-01
9.549549549549549710e-01
9.669669669669671563e-01
9.789789789789793417e-01
9.909909909909906389e-01
1.003003003003002824e+00
1.015015015015015010e+00
1.027027027027027195e+00
1.039039039039039380e+00
1.051051051051050678e+00
1.063063063063062863e+00
1.075075075075075048e+00
1.087087087087087234e+00
1.099099099099099419e+00
1.111111111111110716e+00
1.123123123123122902e+00
1.135135135135135087e+00
1.147147147147147273e+00
1.159159159159159458e+00
1.171171171171170755e+00
1.183183183183182940e+00
1.195195195195195126e+00
1.207207207207207311e+00
1.219219219219219497e+00
1.231231231231230794e+00
1.243243243243242979e+00
1.255255255255255165e+00
1.267267267267267350e+00
1.279279279279279535e+00
1.291291291291290833e+00
1.303303303303303018e+00
1.315315315315315203e+00
1.327327327327327389e+00
1.339339339339339574e+00
1.351351351351350871e+00
1.363363363363363057e+00
1.375375375375375242e+00
1.387387387387387427e+00
1.399399399399399613e+00
1.411411411411410910e+00
1.423423423423423095e+00
1.435435435435435281e+00
1.447447447447447466e+00
1.459459459459459651e+00
1.471471471471471837e+00
1.483483483483483134e+00
1.495495495495495319e+00
1.507507507507507505e+00
1.519519519519519690e+00
1.531531531531531876e+00
1.543543543543543173e+00
1.555555555555555358e+00
1.567567567567567544e+00
1.579579579579579729e+00
1.591591591591591914e+00
1.603603603603603212e+00
1.615615615615615397e+00
1.627627627627627582e+00
1.639639639639639768e+00
1.651651651651651953e+00
1.663663663663663250e+00
1.675675675675675436e+00
1.687687687687687621e+00
1.699699699699699806e+00
1.711711711711711992e+00
1.723723723723723289e+00
1.735735735735735474e+00
1.747747747747747660e+00
1.759759759759759845e+00
1.771771771771772030e+00
1.783783783783783328e+00
1.795795795795795513e+00
1.807807807807807698e+00
1.819819819819819884e+00
1.831831831831832069e+00
1.843843843843843366e+00
1.855855855855855552e+00
1.867867867867867737e+00
1.879879879879879923e+00
1.891891891891892108e+00
1.903903903903903405e+00
1.915915915915915591e+00
1.927927927927927776e+00
1.939939939939939961e+00
1.951951951951952147e+00
1.963963963963964332e+00
1.975975975975975629e+00
1.987987987987987815e+00
2.000000000000000000e+00
2.012012012012011297e+00
2.024024024024024371e+00
2.036036036036035668e+00
2.048048048048048742e+00
2.060060060060060039e+00
2.072072072072071336e+00
2.084084084084084409e+00
2.096096096096095707e+00
2.108108108108108780e+00
2.120120120120120077e+00
2.132132132132131375e+00
2.144144144144144448e+00
2.156156156156155745e+00
2.168168168168168819e+00
2.180180180180180116e+00
2.192192192192191413e+00
2.204204204204204487e+00
2.216216216216215784e+00
2.228228228228228858e+00
2.240240240240240155e+00
2.252252252252251452e+00
2.264264264264264526e+00
2.276276276276275823e+00
2.288288288288288896e+00
2.300300300300300194e+00
2.312312312312311491e+00
2.324324324324324564e+00
2.336336336336335862e+00
2.348348348348348935e+00
2.360360360360360232e+00
2.372372372372371530e+00
2.384384384384384603e+00
2.396396396396395900e+00
2.408408408408408974e+00
2.420420420420420271e+00
2.432432432432431568e+00
2.444444444444444642e+00
2.456456456456455939e+00
2.468468468468469013e+00
2.480480480480480310e+00
2.492492492492491607e+00
2.504504504504504681e+00
2.516516516516515978e+00
2.528528528528529051e+00
2.540540540540540349e+00
2.552552552552551646e+00
2.564564564564564719e+00
2.576576576576576016e+00
2.588588588588589090e+00
2.600600600600600387e+00
2.612612612612611684e+00
2.624624624624624758e+00
2.636636636636636055e+00
2.648648648648649129e+00
2.660660660660660426e+00
2.672672672672671723e+00
2.684684684684684797e+00
2.696696696696696094e+00
2.708708708708709167e+00
2.720720720720720465e+00
2.732732732732733538e+00
2.744744744744744835e+00
2.756756756756756133e+00
2.768768768768769206e+00
2.780780780780780503e+00
2.792792792792793577e+00
2.804804804804804874e+00
2.816816816816816171e+00
2.828828828828829245e+00
2.840840840840840542e+00
2.852852852852853616e+00
2.864864864864864913e+00
2.876876876876876210e+00
2.888888888888889284e+00
2.900900900900900581e+00
2.912912912912913654e+00
2.924924924924924952e+00
2.936936936936936249e+00
2.948948948948949322e+00
2.960960960960960620e+00
2.972972972972973693e+00
2.984984984984984990e+00
2.996996996996996288e+00
3.009009009009009361e+00
3.021021021021020658e+00
3.033033033033033732e+00
3.045045045045045029e+00
3.057057057057056326e+00
3.069069069069069400e+00
3.081081081081080697e+00
3.093093093093093771e+00
3.105105105105105068e+00
3.117117117117116365e+00
3.129129129129129439e+00
3.141141141141140736e+00
3.153153153153153809e+00
3.165165165165165106e+00
3.177177177177176404e+00
3.189189189189189477e+00
3.201201201201200774e+00
3.213213213213213848e+00
3.225225225225225145e+00
3.237237237237236442e+00
3.249249249249249516e+00
3.261261261261260813e+00
3.273273273273273887e+00
3.285285285285285184e+00
3.297297297297296481e+00
3.309309309309309555e+00
3.321321321321320852e+00
3.333333333333333925e+00
3.345345345345345223e+00
3.357357357357356520e+00
3.369369369369369593e+00
3.381381381381380891e+00
3.393393393393393964e+00
3.405405405405405261e+00
3.417417417417416559e+00
3.429429429429429632e+00
3.441441441441440929e+00
3.453453453453454003e+00
3.465465465465465300e+00
3.477477477477476597e+00
3.489489489489489671e+00
3.501501501501500968e+00
3.513513513513514042e+00
3.525525525525525339e+00
3.537537537537536636e+00
3.549549549549549710e+00
3.561561561561561007e+00
3.573573573573574080e+00
3.585585585585585378e+00
3.597597597597596675e+00
3.609609609609609748e+00
3.621621621621621046e+00
3.633633633633634119e+00
3.645645645645645416e+00
3.657657657657656713e+00
3.669669669669669787e+00
3.681681681681681084e+00
3.693693693693694158e+00
3.705705705705705455e+00
3.717717717717716752e+00
3.729729729729729826e+00
3.741741741741741123e+00
3.753753753753754197e+00
3.765765765765765494e+00
3.777777777777778567e+00
3.789789789789789864e+00
3.801801801801801162e+00
3.813813813813814235e+00
3.825825825825825532e+00
3.837837837837838606e+00
3.849849849849849903e+00
3.861861861861861200e+00
3.873873873873874274e+00
3.885885885885885571e+00
3.897897897897898645e+00
3.909909909909909942e+00
3.921921921921921239e+00
3.933933933933934313e+00
3.945945945945945610e+00
3.957957957957958683e+00
3.969969969969969981e+00
3.981981981981981278e+00
3.993993993993994351e+00
4.006006006006005649e+00
4.018018018018018722e+00
4.030030030030030019e+00
4.042042042042041317e+00
4.054054054054054390e+00
4.066066066066065687e+00
4.078078078078078761e+00
4.090090090090090058e+00
4.102102102102101355e+00
4.114114114114114429e+00
4.126126126126125726e+00
4.138138138138138800e+00
4.150150150150150097e+00
4.162162162162161394e+00
4.174174174174174468e+00
4.186186186186185765e+00
4.198198198198198838e+00
4.210210210210210136e+00
4.222222222222221433e+00
4.234234234234234506e+00
4.246246246246245803e+00
4.258258258258258877e+00
4.270270270270270174e+00
4.282282282282281471e+00
4.294294294294294545e+00
4.306306306306305842e+00
4.318318318318318916e+00
4.330330330330330213e+00
4.342342342342341510e+00
4.354354354354354584e+00
4.366366366366365881e+00
4.378378378378378954e+00
4.390390390390390252e+00
4.402402402402401549e+00
4.414414414414414622e+00
4.426426426426425920e+00
4.438438438438438993e+00
4.450450450450450290e+00
4.462462462462461588e+00
4.474474474474474661e+00
4.486486486486485958e+00
4.498498498498499032e+00
4.510510510510510329e+00
4.522522522522521626e+00
4.534534534534534700e+00
4.546546546546545997e+00
4.558558558558559071e+00
4.570570570570570368e+00
4.582582582582581665e+00
4.594594594594594739e+00
4.606606606606606036e+00
4.618618618618619109e+00
4.630630630630630407e+00
4.642642642642641704e+00
4.654654654654654777e+00
4.666666666666666075e+00
4.678678678678679148e+00
4.690690690690690445e+00
4.702702702702701743e+00
4.714714714714714816e+00
4.726726726726726113e+00
4.738738738738739187e+00
4.750750750750750484e+00
4.762762762762761781e+00
4.774774774774774855e+00
4.786786786786786152e+00
4.798798798798799226e+00
4.810810810810810523e+00
4.822822822822823596e+00
4.834834834834834894e+00
4.846846846846846191e+00
4.858858858858859264e+00
4.870870870870870561e+00
4.882882882882883635e+00
4.894894894894894932e+00
4.906906906906906229e+00
4.918918918918919303e+00
4.930930930930930600e+00
4.942942942942943674e+00
4.954954954954954971e+00
4.966966966966966268e+00
4.978978978978979342e+00
4.990990990990990639e+00
5.003003003003003712e+00
5.015015015015015010e+00
5.027027027027026307e+00
5.039039039039039380e+00
5.051051051051050678e+00
5.063063063063063751e+00
5.075075075075075048e+00
5.087087087087086346e+00
5.099099099099099419e+00
5.111111111111110716e+00
5.123123123123123790e+00
5.135135135135135087e+00
5.147147147147146384e+00
5.159159159159159458e+00
5.171171171171170755e+00
5.183183183183183829e+00
5.195195195195195126e+00
5.207207207207206423e+00
5.219219219219219497e+00
5.231231231231230794e+00
5.243243243243243867e+00
5.255255255255255165e+00
5.267267267267266462e+00
5.279279279279279535e+00
5.291291291291290833e+00
5.303303303303303906e+00
5.315315315315315203e+00
5.327327327327326500e+00
5.339339339339339574e+00
5.351351351351350871e+00
5.363363363363363945e+00
5.375375375375375242e+00
5.387387387387386539e+00
5.399399399399399613e+00
5.411411411411410910e+00
5.423423423423423984e+00
5.435435435435435281e+00
5.447447447447446578e+00
5.459459459459459651e+00
5.471471471471470949e+00
5.483483483483484022e+00
5.495495495495495319e+00
5.507507507507506617e+00
5.519519519519519690e+00
5.531531531531530987e+00
5.543543543543544061e+00
5.555555555555555358e+00
5.567567567567566655e+00
5.579579579579579729e+00
5.591591591591591026e+00
5.603603603603604100e+00
5.615615615615615397e+00
5.627627627627626694e+00
5.639639639639639768e+00
5.651651651651651065e+00
5.663663663663664138e+00
5.675675675675675436e+00
5.687687687687686733e+00
5.699699699699699806e+00
5.711711711711711104e+00
5.723723723723724177e+00
5.735735735735735474e+00
5.747747747747746772e+00
5.759759759759759845e+00
5.771771771771771142e+00
5.783783783783784216e+00
5.795795795795795513e+00
5.807807807807808587e+00
5.819819819819819884e+00
5.831831831831831181e+00
5.843843843843844255e+00
5.855855855855855552e+00
5.867867867867868625e+00
5.879879879879879923e+00
5.891891891891891220e+00
5.903903903903904293e+00
5.915915915915915591e+00
5.927927927927928664e+00
5.939939939939939961e+00
5.951951951951951258e+00
5.963963963963964332e+00
5.975975975975975629e+00
5.987987987987988703e+00
6.000000000000000000e+00
-2.575563089697860519e+00
-2.580478226586741641e+00
-2.575924009894727806e+00
-2.576090537661504865e+00
-2.577916518773167187e+00
-2.570389787798319059e+00
-2.563616928203922285e+00
-2.573859923142495010e+00
-2.565585632931191906e+00
-2.579163148779855863e+00
-2.581238790132610816e+00
-2.565409166528067608e+00
-2.565713354065537910e+00
-2.581024310962138024e+00
-2.580502048515801228e+00
-2.570299132987655000e+00
-2.570604518402408889e+00
-2.578923112693545683e+00
-2.567533397518765970e+00
-2.573716970672664583e+00
-2.574973711055794645e+00
-2.575921639947248210e+00
-2.572562640829399339e+00
-2.561884776453691615e+00
-2.573948301461925325e+00
-2.561661553286560533e+00
-2.578648049560890776e+00
-2.571877018481807831e+00
-2.568354180729640390e+00
-2.572469802815976259e+00
-2.573145931222834637e+00
-2.571970047341483045e+00
-2.570516681358247180e+00
-2.580015803051564305e+00
-2.561685685305436611e+00
-2.562226987704561143e+00
-2.574612673468818613e+00
-2.578921512955740347e+00
-2.581064345717015041e+00
-2.574842842681760668e+00
2.535242938252783240e+00
2.534681665722294586e+00
2.530476012952529441e+00
2.534723254022926753e+00
2.544699950570852298e+00
2.548083873786818554e+00
2.541795426088781173e+00
2.536845339528743359e+00
2.544134530549485351e+00
2.544261374606698212e+00
2.547742156322864382e+00
2.545773226066697426e+00
2.538467746608395803e+00
2.535026071695680283e+00
2.541033616429372533e+00
2.536395266123615766e+00
2.533787801240908522e+00
2.530551711197706499e+00
2.528608984409442151e+00
2.533589066203256746e+00
2.531999274521967713e+00
2.541780089083802707e+00
2.534230540221560801e+00
2.529052140698273110e+00
2.544476388324715455e+00
2.531507953600434568e+00
2.543736881470225697e+00
2.543004474615603083e+00
2.534868410362821400e+00
2.536583789842575154e+00
2.531488615456789493e+00
2.530543153867752082e+00
2.532326536142791351e+00
2.535040247335052399e+00
2.542053120239703645e+00
2.542035767341852992e+00
2.528356672502209967e+00
2.545212466645229821e+00
2.529797365946620413e+00
2.541104773071731326e+00
-2.469746718528289531e+00
-2.471461242936431546e+00
-2.464237337268775363e+00
-2.471299708235548120e+00
-2.478404183137788319e+00
-2.468569055219075103e+00
-2.463296045004667256e+00
-2.477936449305863320e+00
-2.462285260473942916e+00
-2.468655736527332056e+00
-2.471540010780906016e+00
-2.476731287947295357e+00
-2.464268685385125224e+00
-2.463329284585227708e+00
-2.476543886749759782e+00
-2.461973618470693292e+00
-2.474640258465331311e+00
-2.464639908996743234e+00
-2.478166408040877400e+00
-2.467974514347497816e+00
-2.461635121798774417e+00
-2.478135499650282458e+00
-2.479570030625038779e+00
-2.469545163477901095e+00
-2.472855422080444843e+00
-2.466444122034475495e+00
-2.467025505458445345e+00
-2.466512229329878458e+00
-2.466038864648645301e+00
-2.470907896117602309e+00
-2.472825265612909718e+00
-2.466427038195837085e+00
-2.472398863903376487e+00
-2.471432004106092428e+00
-2.462250438119959028e+00
-2.461587559630243227e+00
-2.472357108811193083e+00
-2.476885468354841802e+00
-2.477858687003891891e+00
-2.475514353586514726e+00
2.356990077513557491e+00
2.357954744469897168e+00
2.364547533106076571e+00
2.357130730559013010e+00
2.361376007471374106e+00
2.353678637123030715e+00
2.352103636392119945e+00
2.364457382857457990e+00
2.369982676825214796e+00
2.371519053179935277e+00
2.353885385151845977e+00
2.371368448857334332e+00
2.355051546642305205e+00
2.359616178111442419e+00
2.360138790206131709e+00
2.360591932115926994e+00
2.369072176306779465e+00
2.361714121320955595e+00
2.369136867675189162e+00
2.355046198279140857e+00
2.354245807596782925e+00
2.367368869783704977e+00
2.365572209606949805e+00
2.364199069131864395e+00
2.360440865365905250e+00
2.366795045912286621e+00
2.352663152504907096e+00
2.360117031162911605e+00
2.364471504475442298e+00
2.368747610784896818e+00
2.357005235905493823e+00
2.369175163612227575e+00
2.353930796282985849e+00
2.358875857766015383e+00
2.353220114594753998e+00
2.361841543154394873e+00
2.356112740061975241e+00
2.363778351343894357e+00
2.352079141676660434e+00
2.362455445847029267e+00
-1.990153015395045077e+00
-1.989990680382360377e+00
-1.980701604401276184e+00
-1.994795500667357224e+00
-1.981962540877751922e+00
-1.989078279196216936e+00
-1.995204193266664205e+00
-1.984347817173979234e+00
-1.987482428607564966e+00
-1.996538286937364015e+00
-1.980355528701210677e+00
-1.980675890065433098e+00
-1.984099035556657453e+00
-1.989668563536753476e+00
-1.997645606526864848e+00
-1.992408024212427131e+00
-1.994764495829843831e+00
-1.985011089951411734e+00
-1.980418101616472804e+00
-1.999399756583791099e+00
-1.985780423664681216e+00
-1.992471743901134129e+00
-1.982598494002341560e+00
-1.996850073941391468e+00
-1.996996651285339208e+00
-1.998684933580277656e+00
-1.987558698834742010e+00
-1.993697554284663553e+00
-1.997106947701788426e+00
-1.988709170869694232e+00
-1.985385104245531718e+00
-1.996221421243707494e+00
-1.994027362834378758e+00
-1.999882337051717140e+00
-1.995014368124825355e+00
-1.986440230581528521e+00
-1.997230309999914688e+00
-1.999637054505642775e+00
-1.996152457443288730e+00
-1.986614118869718837e+00
1.975869202198166530e+00
1.973775424906968556e+00
1.966684179430818524e+00
1.965891942877566523e+00
1.981969657612235647e+00
1.980508392766660908e+00
1.980924735644151502e+00
1.970601342907181364e+00
1.981579182597761113e+00
1.981010945968400883e+00
1.978610015011063483e+00
1.974511511690364873e+00
1.978540503073244583e+00
1.970250478784269843e+00
1.969679331422043322e+00
1.969217032898673114e+00
1.979507573299777334e+00
1.975774156394406011e+00
1.966677180045459883e+00
1.969018955012669991e+00
1.982765477669035770e+00
1.979173051902559211e+00
1.972229865981155017e+00
1.971825875967971431e+00
1.971704900586456422e+00
1.982074774512080362e+00
1.979207811371799242e+00
1.976557483737194643e+00
1.972024559184317294e+00
1.972763613184247866e+00
1.971944271034267171e+00
1.974090192168878932e+00
1.977834986322255073e+00
1.971083938863603890e+00
1.981281647586812689e+00
1.977530937941249789e+00
1.972253666572928221e+00
1.981327755186759410e+00
1.971820598972979344e+00
1.975343485547013112e+00
-1.881260380612052474e+00
-1.891481367416488313e+00
-1.893754336815222983e+00
-1.895160762605202498e+00
-1.894333745248302447e+00
-1.891553512113560043e+00
-1.893602942802439237e+00
-1.883207654919418994e+00
-1.889680942504034400e+00
-1.886246477548816580e+00
-1.886011818186003497e+00
-1.894471001492051165e+00
-1.892726273319754959e+00
-1.883026811694215930e+00
-1.891993864059046349e+00
-1.897046237245855416e+00
-1.886290016794661684e+00
-1.884702393321055380e+00
-1.889711425827147684e+00
-1.880276666828079257e+00
-1.879457898327465459e+00
-1.894879065794017103e+00
-1.889671187977391975e+00
-1.880157761545014905e+00
-1.885467406114936573e+00
-1.887457425349600149e+00
-1.886550942508018025e+00
-1.893468180434118686e+00
-1.884082016230569145e+00
-1.893172510560565902e+00
-1.891095963146816716e+00
-1.880743058745512730e+00
-1.893789105997546462e+00
-1.895485791789827346e+00
-1.881135881205196814e+00
-1.881435689307794368e+00
-1.892870802089424931e+00
-1.888643278904594602e+00
-1.897511231714428703e+00
-1.890068329750229648e+00
1.827426044285243467e+00
1.828035450636305237e+00
1.833884011400822578e+00
1.830551390449919991e+00
1.817688538018577660e+00
1.822106224330481972e+00
1.825516577597422030e+00
1.831980799213804856e+00
1.829599730664828172e+00
1.822958650976726158e+00
1.819229088991297649e+00
1.825577127168557245e+00
1.815988339998597434e+00
1.827875954826649663e+00
1.822282753508390751e+00
1.823500181524653430e+00
1.827970176705599359e+00
1.829515807278151662e+00
1.823923577316681977e+00
1.819249710798650499e+00
1.829276005390065851e+00
1.826061888276240941e+00
1.826493926093914144e+00
1.831887944553847403e+00
1.823616926721499665e+00
1.833985723191445372e+00
1.828740977390513889e+00
1.834418207925839317e+00
1.819936699420499515e+00
1.833796912357785969e+00
1.827466384481293504e+00
1.825692266409803421e+00
1.817085402230894431e+00
1.822112444960637845e+00
1.821876140655853238e+00
1.821935047401491703e+00
1.833369034161472344e+00
1.829556593189380020e+00
1.828304742930906057e+00
1.833363901527846673e+00
-2.036015491733813298e-01
-2.056258286376551059e-01
-1.980085462321667378e-01
-2.005871357619636586e-01
-1.986779588303523025e-01
-1.975070492558280988e-01
-2.108017064852227840e-01
-1.919443567856204402e-01
-1.980113338040686566e-01
-2.085901432353451934e-01
-2.056347077893288244e-01
-1.926791898044274143e-01
-2.069488131392051566e-01
-1.992754972322614559e-01
-1.970147002789740531e-01
-2.105227764305633853e-01
-2.083863926071745365e-01
-2.014749806388664299e-01
-1.990450695744682141e-01
-2.006169842211749654e-01
-2.022089296045445628e-01
-2.047727561417506947e-01
-2.051158775539769219e-01
-1.941546531615306326e-01
-2.078092864806548867e-01
-1.992823803577289388e-01
-1.918146666009215573e-01
-2.014250066084741220e-01
-2.056110899277700244e-01
-2.063207715494937422e-01
-1.948606233716110581e-01
-2.105197312729153447e-01
-2.066902583630612633e-01
-2.038414909618612159e-01
-2.103245471732531624e-01
-2.058171610579682675e-01
-1.965097812302797897e-01
-1.947261128322465840e-01
-1.990075963530273107e-01
-2.108880060043267224e-01
1.426662293808507453e-01
1.400651280266889676e-01
1.384609707856531702e-01
1.418465732629586584e-01
1.478235233665703141e-01
1.426350336749770131e-01
1.519235087427531494e-01
1.529759124595020114e-01
1.528369052152059038e-01
1.382603048730733641e-01
1.404285963290292372e-01
1.466282044064164403e-01
1.495804727081189445e-01
1.522486948764706083e-01
1.429812536468522965e-01
1.417831851088454109e-01
1.395348732783735501e-01
1.531089103260132311e-01
1.369396371635473730e-01
1.497933807538095186e-01
1.496041144928120237e-01
1.544598975078315395e-01
1.369405352107919138e-01
1.482860891774208656e-01
1.548647669035204399e-01
1.555521546683698020e-01
1.361141393278812450e-01
1.486732559591472103e-01
1.441269114636889725e-01
1.366660192334180901e-01
1.416521633947077918e-01
1.379797150864974231e-01
1.416502569148151425e-01
1.506769148458377838e-01
1.555329535049352063e-01
1.380850306171780284e-01
1.360996996425088146e-01
1.555659418771117575e-01
1.421137406732308761e-01
1.546265868170847990e-01
-4.736658705902502264e-02
-6.293317994244349012e-02
-6.390681556088681492e-02
-5.188186209397480098e-02
-5.252620479881330018e-02
-5.024094939264268922e-02
-5.601664579341756461e-02
-6.087903126511991225e-02
-4.919719954402795858e-02
-4.590318144522299859e-02
-6.476120244451985530e-02
-5.141247578875009910e-02
-5.954221712125332827e-02
-5.228424253439253877e-02
-6.349544190546044242e-02
-6.411030228420075416e-02
-5.747780892250403673e-02
-4.724786165060290699e-02
-5.104514464298823273e-02
-5.894157777253304642e-02
-4.614255136085305270e-02
-4.978551659406678376e-02
-5.509736297338354433e-02
-5.639488942241762531e-02
-5.067927267204920538e-02
-5.708794100345478129e-02
-6.242482621241105673e-02
-4.742781605880896922e-02
-4.928395736854163794e-02
-4.587323971250475974e-02
-6.196358874807803008e-02
-6.001386897535954112e-02
-6.339756868928460298e-02
-4.869130529667525797e-02
-5.204133965177844268e-02
-6.320063139168238808e-02
-5.790431756216087023e-02
-5.110202558972248843e-02
-5.766564732986281111e-02
-6.322466329467141266e-02
-2.571348907438105957e+00
2.538257609557482919e+00
-2.469665130583484913e+00
2.361616931410623454e+00
-1.990229156659015786e+00
1.974798236787018046e+00
-1.888138028412907232e+00
1.825914248029168352e+00
-2.010574917378447346e-01
1.457329080917476871e-01
-5.561764468724200022e-02
