1.000000000000000072e-18
1.200851816018927213e-12
2.465687935103344936e-12
3.797324347882819819e-12
5.198697538485924412e-12
6.672869740428651407e-12
8.223034430612403977e-12
9.852522072727096391e-12
1.156480612191764843e-11
1.336350930316729827e-11
1.525241017647121356e-11
1.723545000253556428e-11
1.931673992342507911e-11
2.150056847331101944e-11
2.379140943524067488e-11
2.619393006065379313e-11
2.871299966922625100e-11
3.135369864751553194e-11
3.412132786582632705e-11
3.702141853371657317e-11
4.005974251560303533e-11
4.324232312904448027e-11
4.657544644943801700e-11
5.006567314609714181e-11
5.371985087598158717e-11
5.754512726270739496e-11
6.154896348992257118e-11
6.573914853964800125e-11
7.012381410779046517e-11
7.471145023074101394e-11
7.951092165874646480e-11
8.453148501365256639e-11
8.978280677059493503e-11
9.527498210533743583e-11
1.010185546511734024e-10
1.070245372116689378e-10
1.133044334779973343e-10
1.198702608022628469e-10
1.267345740809671287e-10
1.339104908057179297e-10
1.414117173413833408e-10
1.492525764951656327e-10
1.574480364435552989e-10
1.660137410877799784e-10
1.749660419122563713e-10
1.843220314246622279e-10
1.940995782605866915e-10
2.043173640403293479e-10
2.149949220702894238e-10
2.261526779865420272e-10
2.378119924436707198e-10
2.499952059577056360e-10
2.627256860181606320e-10
2.760278765906534514e-10
2.899273501384814948e-10
3.044508622988253159e-10
3.196264093570043803e-10
3.354832886703902327e-10
3.520521622023245353e-10
3.693651233355896000e-10
3.874557671448039291e-10
4.063592643174971170e-10
4.261124389246450434e-10
4.467538502532168082e-10
4.683238789256453177e-10
4.908648175444121583e-10
5.144209661139577466e-10
5.390387325070065517e-10
5.647667382583063484e-10
5.916559299855710411e-10
6.197596967553519378e-10
6.491339937306211666e-10
6.798374724570487111e-10
7.119316181665823179e-10
7.454808944997961807e-10
7.805528960729114990e-10
8.172185093413766457e-10
8.555520822394831157e-10
8.956316031050727869e-10
9.375388894296170592e-10
9.813597870074980540e-10
1.027184380093892479e-09
1.075107213218599677e-09
1.125227525343744714e-09
1.177649497096348317e-09
1.232482511852892722e-09
1.289841431502134893e-09
1.349846887764817827e-09
1.412625590004990289e-09
1.478310650527361592e-09
1.547041928418993752e-09
1.618966393061780180e-09
1.694238508515076088e-09
1.773020640045759530e-09
1.855483484166154588e-09
1.941806523629424246e-09
2.032178508927228313e-09
2.126797967936233993e-09
2.225873745469397206e-09
2.329625574604380383e-09
2.438284681786679666e-09
2.552094427838882816e-09
2.671310987150865319e-09
2.796204067479607615e-09
2.927057672952068003e-09
3.064170913041204276e-09
3.207858860474968776e-09
3.358453461241214521e-09
3.516304500070147949e-09
3.681780625009856550e-09
3.855270434962381521e-09
4.037183634318163367e-09
4.227952259116845111e-09
4.428031979475162784e-09
4.637903483357929846e-09
4.858073947129507058e-09
5.089078598711531713e-09
5.331482379590746738e-09
5.585881712371257688e-09
5.852906381049918648e-09
6.133221531716271593e-09
6.427529801941130238e-09
6.736573587724638823e-09
7.061137457529516054e-09
7.402050723630761229e-09
7.760190181775221655e-09
8.136483030967254203e-09
8.531909986084126479e-09
8.947508596986718980e-09
9.384376788825315211e-09
9.843676639364858458e-09
1.032663841036529203e-08
1.083456485136500038e-08
1.136883579563832265e-08
1.193091306963293729e-08
1.252234573886332473e-08
1.314477571503985337e-08
1.379994375117279215e-08
1.448969585351407752e-08
1.521599014150317567e-08
1.598090418938767495e-08
1.678664288590278800e-08
1.763554685134895807e-08
1.853010145461268127e-08
1.947294647616609715e-08
2.046688646687643823e-08
2.151490185658813664e-08
2.262016087093779010e-08
2.378603231976629212e-08
2.501609932583071378e-08
2.631417406834880156e-08
2.768431362226018697e-08
2.913083698102941559e-08
3.065834335839183837e-08
3.227173187272056771e-08
3.397622272674719859e-08
3.577738000526511582e-08
3.768113622428056220e-08
3.969381877693936234e-08
4.182217843455321305e-08
4.407342007529795523e-08
4.645523582878186237e-08
4.897584084182979912e-08
5.164401188966078951e-08
5.446912907732167489e-08
5.746122089899108460e-08
6.063101294777936292e-08
6.398998059619545526e-08
6.755040599778197450e-08
7.132543979384641450e-08
7.532916794608461884e-08
7.957668415657518213e-08
8.408416838154469508e-08
8.886897199494692328e-08
9.394971021279696165e-08
9.934636244993433070e-08
1.050803813481596359e-07
1.111748112892246182e-07
1.176544172888051675e-07
1.245458252593338105e-07
1.318776747314371897e-07
1.396807852369744138e-07
1.479883376826375301e-07
1.568360721833094032e-07
1.662625039806290566e-07
1.763091592464490685e-07
1.870208327653200133e-07
1.984458697073709556e-07
2.106364739457805540e-07
2.236490456448080374e-07
2.375445511487197285e-07
2.523889285431744106e-07
2.682535326435700060e-07
2.852156235949412911e-07
3.033589037516338787e-07
3.227741080492615274e-07
3.435596536947132350e-07
3.658223556916412019e-07
3.896782154997863537e-07
4.152532910092242314e-07
4.426846570094818949e-07
4.721214664650670321e-07
5.037261241925292589e-07
5.376755859916337599e-07
5.741627979405555316e-07
6.133982924515583183e-07
6.556119598342319416e-07
7.010550165679915268e-07
7.500021942911342605e-07
8.027541767246761456e-07
8.596403154296581157e-07
9.210216595208930297e-07
9.872943393163004843e-07
1.058893349491851121e-06
1.136296783758988433e-06
1.220030580527611886e-06
1.310673847631856405e-06
1.408864844179060356e-06
1.515307709171272638e-06
1.630780040027040397e-06
1.756141439835440117e-06
1.892343170507096789e-06
2.040439070430512159e-06
2.201597920375144850e-06
2.377117470900939528e-06
2.568440379278899455e-06
2.777172344912979450e-06
3.005102780714387332e-06
3.254228415312589845e-06
3.526780289222373487e-06
3.825254689359721228e-06
4.152448663356770559e-06
4.511500871347442971e-06
4.905938672457607435e-06
5.339732511311372462e-06
5.817358872900981618e-06
6.343873320200356473e-06
6.924995428013863087e-06
7.567207791429751632e-06
8.277871733921863048e-06
9.065362888971770098e-06
9.939230506010504875e-06
1.091038516975462722e-05
1.199132066443392425e-05
1.319637701636295366e-05
1.454205338185761519e-05
1.604738150691610628e-05
1.773437309444909687e-05
1.962855773846766319e-05
2.175963234150623719e-05
2.416224841554957833e-05
2.687697077505029331e-05
2.995145040415707756e-05
3.344186646154494218e-05
3.741470850305214364e-05
4.194899149018808666e-05
4.713902503529672912e-05
5.309789749361484384e-05
5.996188909621351961e-05
6.789610236263537827e-05
7.710170143105266483e-05
8.782529796734252485e-05
1.003712300392338826e-04
1.151177825931936206e-04
1.325388420361858376e-04
1.532331392073080494e-04
1.779642380665761561e-04
2.077159751240664808e-04
2.437704897440874121e-04
2.878198994110165061e-04
3.421291139609477648e-04
4.097781556363728952e-04
4.950312396029052766e-04
6.039137333577316137e-04
7.451409971377001389e-04
9.316645354980589979e-04
1.183345795917469228e-03
1.531786282824748905e-03
2.029498867000820335e-03
2.768329720545130435e-03
3.918790060191409269e-03
5.819022844591972832e-03
9.180414028429015674e-03
1.548310353448973699e-02
2.662631075531021740e-02
3.682653457930139262e-02
3.033440031544210741e-02
1.881030203497060030e-02
1.257286732611679649e-02
1.079896918556465767e-02
1.304245078931615121e-02
2.237029287549162360e-02
5.400950556979926265e-02
2.069806007258424008e-01
4.765181526595122508e-01
5.841024271708689791e-02
2.674613329005082890e-02
1.952800336847676163e-02
1.544474985091641786e-02
1.272985684992737100e-02
1.085081501236486064e-02
9.512512906214888597e-03
8.536559317878802261e-03
7.812188360710498221e-03
7.268734484164058457e-03
6.859849490516859230e-03
6.554353158006775808e-03
6.330819182250061947e-03
6.174289614856197546e-03
6.074228981928405866e-03
6.023219516335563510e-03
6.016111790376853577e-03
6.049463060302556067e-03
6.121162541758375444e-03
6.230181684346476623e-03
6.376410604357741693e-03
6.560555835882367695e-03
6.784083138945844194e-03
7.049194279022725010e-03
7.358829538978056521e-03
7.716688728283935088e-03
8.127262686359321489e-03
8.595864458631821692e-03
9.128643827999379651e-03
9.732559701753967438e-03
1.041527057479768419e-02
1.118488219890319442e-02
1.204946210057655787e-02
1.301619249225277955e-02
1.408999044252879328e-02
1.527139091937039506e-02
1.655349813786721747e-02
1.791792899969358102e-02
1.933000170417800007e-02
2.073407273929399330e-02
2.205090132523468763e-02
2.317989556020502370e-02
2.400919000677212423e-02
2.443450175293452459e-02
2.438321296751643635e-02
2.383517284937519340e-02
2.283053868827670044e-02
2.146022479853681303e-02
1.984329127429515158e-02
1.810132437624803817e-02
1.633891802631516621e-02
1.463406001193726970e-02
1.303718677083263479e-02
1.157540809499096532e-02
1.025858767486806378e-02
9.085177788013940395e-03
8.046884530843153097e-03
7.131995073227187683e-03
6.327553289598838483e-03
5.620672848677418440e-03
4.999258602197888257e-03
4.452347911192199546e-03
3.970221773286855028e-03
3.544385242368288357e-03
3.167480038356014407e-03
2.833167418391303091e-03
2.536003305417531325e-03
2.271317631232400679e-03
2.035103782388550994e-03
1.823920493093129837e-03
1.634806547599113990e-03
1.465207616588242324e-03
1.312914069215540946e-03
1.176008435834758562e-03
1.052821201710059038e-03
9.418937039444894672e-04
8.419470332369568145e-04
7.518559815219699868e-04
6.706272115933826009e-04
5.973809485259102712e-04
5.313356024000732590e-04
4.717948271284853217e-04
4.181366018630470810e-04
3.698039908445918504e-04
3.262972961124010075e-04
2.871673666715746781e-04
2.520098688620405619e-04
2.204603569788012149e-04
1.921900117045897592e-04
1.669019375372453545e-04
1.443279299011960594e-04
1.242256386904071999e-04
1.063760681660627866e-04
9.058136390957791963e-05
7.666284632087936343e-05
6.445925730092760798e-05
5.382519255990268883e-05
4.462969669471278741e-05
3.675500198776350633e-05
3.009539496454326473e-05
2.455619725207557421e-05
2.005284932005254385e-05
1.651008735631525210e-05
1.386120490537607485e-05
1.204739204500412155e-05
1.101714584136954576e-05
1.072574664776790650e-05
1.113479552724525677e-05
1.221180871083877115e-05
1.392986557079746931e-05
1.626730710824546256e-05
1.920748244042524966e-05
2.273854123475745618e-05
2.685327048466526657e-05
3.154897446348884054e-05
3.682739713519387595e-05
4.269468675098303436e-05
4.916140282628860767e-05
5.624256618020354514e-05
6.395775323690252256e-05
7.233123634448832820e-05
8.139217247049039994e-05
9.117484329565389328e-05
1.017189504611213513e-04
1.130699705428496173e-04
1.252795752477566329e-04
1.384061233680654269e-04
1.525152322162945189e-04
1.676804376200983018e-04
1.839839531151674415e-04
2.015175407728191993e-04
2.203835081808901575e-04
2.406958485141105081e-04
2.625815434455324566e-04
2.861820519374165040e-04
3.116550117961811484e-04
3.391761853864742990e-04
3.689416861990721364e-04
4.011705292057479721e-04
4.361075552900640158e-04
4.740267887297245492e-04
5.152352969792722923e-04
5.600776341663193632e-04
6.089409641349695411e-04
6.622609759807501209e-04
7.205287253393178075e-04
7.842985588296279764e-04
8.541973077352295590e-04
9.309349710857164114e-04
1.015317148765465397e-03
1.108259533271742847e-03
1.210804825569041301e-03
1.324142507587477416e-03
1.449631982853965368e-03
1.588829689136682117e-03
1.743520894356595215e-03
1.915757010604613245e-03
2.107899401460651065e-03
2.322670814255232887e-03
2.563215738600041135e-03
2.833171169053034372e-03
3.136749421167164386e-03
3.478834795707319572e-03
3.865095971700181939e-03
4.302115982018513834e-03
4.797541404169023554e-03
5.360251863080357088e-03
6.000549917081419472e-03
6.730369636867791078e-03
7.563499355758472598e-03
8.515809733937208803e-03
9.605471912111621449e-03
1.085314155553207191e-02
1.228207250491757455e-02
1.391810837696380761e-02
1.578948238438785540e-02
1.792633693933316438e-02
2.035985976205177683e-02
2.312093019321403292e-02
2.623819015801864829e-02
2.973551368579030810e-02
3.362896076937933743e-02
3.792346935347704756e-02
4.260974405564925405e-02
4.766198728787448408e-02
5.303719751422590611e-02
5.867662943809429099e-02
6.450961460875237474e-02
7.045932792892208030e-02
7.644943799073297686e-02
8.241015607191939929e-02
8.828220748531150075e-02
9.401772178142969727e-02
9.957780493195171612e-02
1.049273402492386792e-01
1.100281288337852797e-01
1.148317256870655112e-01
1.192732942739238022e-01
1.232676057855962709e-01
1.267080711400238036e-01
1.294694988541817138e-01
1.314151466197182594e-01
1.324085234311692671e-01
1.323301427383932194e-01
1.310987775914197462e-01
1.286955031510491065e-01
1.251869501399015816e-01
1.207421981297439051e-01
1.156364384023069458e-01
1.102345796875330297e-01
1.049491304540366154e-01
1.001681749830015122e-01
9.615246128107302059e-02
9.291371429766684398e-02
9.012219005701964381e-02
8.713991160614206755e-02
8.325935402218881398e-02
7.806199744589714662e-02
7.163093924644867161e-02
6.444863763302266513e-02
5.711150822631545776e-02
5.010049427940523048e-02
4.370229193775861803e-02
3.803477669795818361e-02
3.310520534000131743e-02
2.886172221137542696e-02
2.522771008392106495e-02
2.212128975304854944e-02
1.946499905885896650e-02
1.718980490659258870e-02
1.523614105501802998e-02
1.355352643044453916e-02
1.209959847021217609e-02
1.083898263380070684e-02
9.742195369744662339e-03
8.784661800483982083e-03
7.945871897381108842e-03
7.208672188592891474e-03
6.558679004808772722e-03
5.983795947189535225e-03
5.473818522585958968e-03
5.020110636630979208e-03
4.615339836442566672e-03
4.253260373311222239e-03
3.928535112758713317e-03
3.636588992728701387e-03
3.373488122236873409e-03
3.135839751119012548e-03
2.920709263538085083e-03
2.725551090481334766e-03
2.548151032714595591e-03
2.386577963812923104e-03
2.239143266347922746e-03
2.104366662106860100e-03
1.980947344645474749e-03
1.867739521759299165e-03
1.763731636321169737e-03
1.668028664099328482e-03
1.579836992770171020e-03
1.498451472237061991e-03
1.423244296429039242e-03
1.353655434055972854e-03
1.289184372793670793e-03
1.229382980022531010e-03
1.173849315115720873e-03
1.122222254627237240e-03
1.074176813579543399e-03
1.029420064212458342e-03
9.876875686908597081e-04
9.487402549143582851e-04
9.123616751637022779e-04
8.783555962111470102e-04
8.465438770059012259e-04
8.167645963589194834e-04
7.888703983888428577e-04
7.627270280139410380e-04
7.382120326160174434e-04
7.152136092711959114e-04
6.936295797306251277e-04
6.733664777167266404e-04
6.543387351411910540e-04
6.364679556017019792e-04
6.196822650197387735e-04
6.039157305785571852e-04
5.891078402396151452e-04
5.752030360835864650e-04
5.621502955605341394e-04
5.499027554617262788e-04
5.384173740585132409e-04
5.276546274052550415e-04
5.175782362848492003e-04
5.081549206966447111e-04
4.993541791558508839e-04
4.911480903979459182e-04
4.835111353672581465e-04
4.764200376209973232e-04
4.698536205030742177e-04
4.637926796399354564e-04
4.582198694867001395e-04
4.531196028089858703e-04
4.484779621264724822e-04
4.442826222705476436e-04
4.405227833222687519e-04
4.371891132998033413e-04
4.342737000579420027e-04
4.317700119472390368e-04
4.296728668577983541e-04
4.279784093433756844e-04
4.266840955858253160e-04
4.257886860182762264e-04
4.252922454778781166e-04
4.251961508052959035e-04
4.255031058479239944e-04
4.262171638562662853e-04
4.273437572869049554e-04
4.288897350394180641e-04
4.308634071564886167e-04
4.332745970036896337e-04
4.361347009151054382e-04
4.394567552395277246e-04
4.432555106459324778e-04
4.475475134429457826e-04
4.523511935329901771e-04
4.576869584585613326e-04
4.635772928123941877e-04
4.700468620926396852e-04
4.771226199258698239e-04
4.848339175257810989e-04
4.932126144334124948e-04
5.022931902234192749e-04
5.121128583546509256e-04
5.227116863645573427e-04
5.341327322952466733e-04
5.464222175154854078e-04
5.596297742004881877e-04
5.738088370867953664e-04
5.890173028815092089e-04
6.053186722849211807e-04
6.227840449747612528e-04
6.414956009623635960e-04
6.615526464434349531e-04
6.830820530349932841e-04
7.062561839464811435e-04
7.313235220393615862e-04
7.586607460461627581e-04
7.888608008722341504e-04
8.228808178567365537e-04
8.622881218472243760e-04
9.096633486553619679e-04
9.692462309094428217e-04
1.047934980271938857e-03
1.156753311080645783e-03
1.312835443024150612e-03
1.541784591886048890e-03
1.879904161843917341e-03
2.375429544199365341e-03
3.087986851582856344e-03
4.086749003248324984e-03
5.450246736761985358e-03
7.273329790675627654e-03
9.687939436616955710e-03
1.290528331033658459e-02
1.729293372441645035e-02
2.352068709738842217e-02
3.286278863523215549e-02
4.788189767229819593e-02
7.405642071726520337e-02
1.232816543798535142e-01
2.141726735422407324e-01
3.105035432591504718e-01
2.587709380170764017e-01
1.484757383308601408e-01
8.337498776379601018e-02
5.043466056558616739e-02
3.283878739301556576e-02
2.266484173972740934e-02
1.635459674115846695e-02
1.220877638287208231e-02
9.354250251814796163e-03
7.311671280528066544e-03
5.802675667228933756e-03
4.657959401595827484e-03
3.770726488944140236e-03
3.071890345528848452e-03
2.516349974666398995e-03
2.075250398364320535e-03
1.731701763545137910e-03
1.478684228992735656e-03
1.318523784898620538e-03
1.263710511198823426e-03
1.339112481867660515e-03
1.585943526677570077e-03
2.068358570696520599e-03
2.884681939898299866e-03
4.188000349943971252e-03
6.227646701991934944e-03
9.440701721092525228e-03
1.467134806344952067e-02
2.374146701893443262e-02
4.102829423159864985e-02
7.716182206155822176e-02
1.399137639197899907e-01
1.362092571238565919e-01
6.575363031950527681e-02
2.935397801481770541e-02
1.435842080754413767e-02
7.624247702508501687e-03
4.314662547985978133e-03
2.608503147214102317e-03
1.752140950396320358e-03
1.421407474980802268e-03
1.504621744450174940e-03
2.048383531914820324e-03
3.314023300920261941e-03
5.984619335064740760e-03
1.133091202037965137e-02
1.816298977549036034e-02
1.695336534833355446e-02
1.048415821091112227e-02
6.148514285593229510e-03
3.827663874270640938e-03
2.543383560333376675e-03
1.781177867939700470e-03
1.298902488675012564e-03
9.773685706273437142e-04
7.538375715504113143e-04
5.931177989414917334e-04
4.743495021238836452e-04
3.845753338575760350e-04
3.154213373181716869e-04
2.612904590999352199e-04
2.183325412080845966e-04
1.838327075411950507e-04
1.558350615624466294e-04
1.329038295307013160e-04
1.139675202511004616e-04
9.821474063887330227e-05
8.502301761570348103e-05
7.390921706906057511e-05
6.449439960447564478e-05
5.647851464749693818e-05
4.962191734082723339e-05
4.373169275515434651e-05
3.865141677016119487e-05
3.425340658791001323e-05
3.043279691783755631e-05
2.710297004457263125e-05
2.419200036084913553e-05
2.163986636274018552e-05
1.939624843464968871e-05
1.741877747420107230e-05
1.567163318543829170e-05
1.412441553663586960e-05
1.275123106455712323e-05
1.152994923277881313e-05
1.044159419562054006e-05
9.469844986453619047e-06
8.600622987201870747e-06
7.821750012026172207e-06
7.122663792742610256e-06
6.494180336236561310e-06
5.928294719708675688e-06
5.418013535683995324e-06
4.957213498611845138e-06
4.540521756558202885e-06
4.163214274249390336e-06
3.821129312860644089e-06
3.510593562318225244e-06
3.228358910433430678e-06
2.971548180840512612e-06
2.737608454827616640e-06
2.524270823548186864e-06
2.329515606899044118e-06
2.151542231554890067e-06
1.988743089618190520e-06
1.839680806164951810e-06
1.703068432705057195e-06
1.577752157509327203e-06
1.462696185525340865e-06
1.356969492349243295e-06
1.259734200183975934e-06
1.170235360310213937e-06
1.087791957486345493e-06
1.011788977829329883e-06
9.416704038897344394e-07
8.769330194697683349e-07
8.171209227738958445e-07
7.618206601721268759e-07
7.106569045638000368e-07
6.632886123607262917e-07
6.194056017205655711e-07
5.787255020674532937e-07
5.409910313181002158e-07
5.059675627394628011e-07
4.734409481252869534e-07
4.432155681026612776e-07
4.151125839560603438e-07
3.889683684635221880e-07
3.646330959430884495e-07
3.419694740630119807e-07
3.208516020250030417e-07
3.011639415258835622e-07
2.828003884748848884e-07
2.656634348212411388e-07
2.496634110550218431e-07
2.347178010059986250e-07
2.207506214991194226e-07
2.076918602476667953e-07
1.954769660905397287e-07
1.840463863202306026e-07
1.733451464141030739e-07
1.633224679822226729e-07
1.539314211885567295e-07
1.451286082957286987e-07
1.368738753325962302e-07
1.291300491942589179e-07
1.218626977600585687e-07
1.150399108608739893e-07
1.086321001460924129e-07
1.026118160959750667e-07
9.695358059970145180e-08
9.163373367526457460e-08
8.663029304697198007e-08
8.192282542120057858e-08
7.749232841301244650e-08
7.332112217668189216e-08
6.939274988329589097e-08
6.569188626961120942e-08
6.220425355515515793e-08
5.891654409008974034e-08
5.581634915539371683e-08
5.289209339007757290e-08
5.013297436815185377e-08
4.752890689135176720e-08
4.507047160273856078e-08
4.274886756167118870e-08
4.055586845259913176e-08
3.848378212910268297e-08
3.652541322081530911e-08
3.467402855463679566e-08
3.292332516321242025e-08
3.126740067320939841e-08
2.970072588370731402e-08
2.821811936116030341e-08
2.681472389207551566e-08
2.548598464792465342e-08
2.422762892895755784e-08
2.303564736468259271e-08
2.190627645887434503e-08
2.083598237618278988e-08
1.982144587583260895e-08
1.885954830556971948e-08
1.794735857603475488e-08
1.708212104214891455e-08
1.626124422396122295e-08
1.548229030477710121e-08
1.474296534929174292e-08
1.404111018895985878e-08
1.337469192595155099e-08
1.274179601082576634e-08
1.214061885252548110e-08
1.156946092247621339e-08
1.102672031749881586e-08
1.051088674892947452e-08
1.002053592780914895e-08
9.554324318276734174e-09
9.110984233385288696e-09
8.689319249485830430e-09
8.288199917091396428e-09
7.906559747764069970e-09
7.543391458072758337e-09
7.197743453051354578e-09
6.868716532868339233e-09
6.555460807595586255e-09
6.257172806053504464e-09
5.973092765715916042e-09
5.702502091585227237e-09
5.444720972808369346e-09
5.199106146597522275e-09
4.965048799752793727e-09
4.741972598765647088e-09
4.529331840108491809e-09
4.326609712900240774e-09
4.133316666676180888e-09
3.948988877490611544e-09
3.773186806045140233e-09
3.605493841964278369e-09
3.445515028739836552e-09
3.292875864235460112e-09
3.147221171985822687e-09
3.008214038845303119e-09
2.875534814836108162e-09
2.748880171322537987e-09
2.627962213893609673e-09
2.512507646574288690e-09
2.402256984208148732e-09
2.296963810059096793e-09
2.196394075873078133e-09
2.100325441818464220e-09
2.008546653890626045e-09
1.920856956521517781e-09
1.837065538279057074e-09
1.756991008676563029e-09
1.680460904237555788e-09
1.607311222078735445e-09
1.537385979383475699e-09
1.470536797239812430e-09
1.406622507412786524e-09
1.345508780709483961e-09
1.287067775678679872e-09
1.231177806464482045e-09
1.177723028705958026e-09
1.126593142442879274e-09
1.077683111050869217e-09
1.030892895288958917e-09
9.861272015979387416e-10
9.432952438398970307e-10
9.023105177182586760e-10
8.630905871628822783e-10
8.255568820078552561e-10
7.896345063293680636e-10
7.552520568486252188e-10
7.223414508400358850e-10
6.908377630176117579e-10
6.606790709036792380e-10
6.318063082128585180e-10
6.041631258114098700e-10
5.776957598377746963e-10
5.523529065938732043e-10
5.280856038393859310e-10
5.048471181423081241e-10
4.825928379588656856e-10
4.612801721346750379e-10
4.408684535363622660e-10
4.213188475395078868e-10
4.025942651141612925e-10
3.846592802637361379e-10
3.674800515868920545e-10
3.510242477447568425e-10
3.352609766280926457e-10
3.201607180303653578e-10
3.056952596433980618e-10
2.918376362024924207e-10
2.785620716173290065e-10
2.658439239340098571e-10
2.536596329820371213e-10
2.419866705679533364e-10
2.308034930849693502e-10
2.200894964148731916e-10
2.098249730052947577e-10
1.999910710116331355e-10
1.905697553988931049e-10
1.815437709043366266e-10
1.728966067670648068e-10
1.646124631357003180e-10
1.566762190700233111e-10
1.490734020568412099e-10
1.417901589646354475e-10
1.348132283654125415e-10
1.281299141560079857e-10
1.217280604145909563e-10
1.155960274314582291e-10
1.097226688564179049e-10
1.040973099079780237e-10
9.870972659245401068e-11
9.355012588373741045e-11
8.860912681700107369e-11
8.387774245203540008e-11
7.934736266413164768e-11
7.500973772260600130e-11
7.085696261906574986e-11
6.688146210943181712e-11
6.307597643557355568e-11
5.943354769409762489e-11
5.594750682149223313e-11
5.261146116635220226e-11
4.941928262087058931e-11
4.636509628518854949e-11
4.344326963947472723e-11
4.064840219988208638e-11
3.797531563568551965e-11
3.541904432602990022e-11
3.297482633578466800e-11
3.063809479099007322e-11
2.840446963535249274e-11
2.626974975013650043e-11
2.422990542066366668e-11
2.228107113344854160e-11
2.041953868876337591e-11
1.864175061417025230e-11
1.694429386524141720e-11
1.532389380036388901e-11
1.377740841714217582e-11
1.230182283851172732e-11
1.089424403724804772e-11
9.551895788082859928e-12
8.272113837164084067e-12
7.052341279069891128e-12
5.890124132054732544e-12
4.783107102646944583e-12
3.729029531125158581e-12
2.725721509809178121e-12
1.771100166469177186e-12
8.631661055184224836e-13
1.000000000000000072e-18
3.700105194509578643e-02
3.480438447681689224e-02
3.695684454302387151e-02
3.692972938403335514e-02
3.636133591602917770e-02
3.550242982422088800e-02
2.933831093401416054e-02
3.693925003240277477e-02
3.138386164337404749e-02
3.570477620468387459e-02
3.419887557846651438e-02
3.120488588533848473e-02
3.151266311693645683e-02
3.437535229328782943e-02
3.478630106553651236e-02
3.544388775072808417e-02
3.563728004266703692e-02
3.584693319623072361e-02
3.326122541287469120e-02
3.691387401909078381e-02
3.703016836318132748e-02
3.695719989481123513e-02
3.659768302975813237e-02
2.749944172509632967e-02
3.695339127254103351e-02
2.726314459540268159e-02
3.600081852281986072e-02
3.631935056937642126e-02
3.398035219109846877e-02
3.656384243685154717e-02
3.678194590671168829e-02
3.636092317494652587e-02
3.558277315963719045e-02
3.514339348095136401e-02
2.728866689975196699e-02
2.786246001538736361e-02
3.702155362136993338e-02
3.584785624213207567e-02
3.434274135543357448e-02
3.702936678446820673e-02
1.545378167207168800e-02
1.511115228495435447e-02
1.249329420180199900e-02
1.513670944880678680e-02
1.903744227264259070e-02
1.867061691356268135e-02
1.857320215242739755e-02
1.639381403696906978e-02
1.900350242829452335e-02
1.901353973687683677e-02
1.874990778162865038e-02
1.902530862731809796e-02
1.725671125050430924e-02
1.532201356373815229e-02
1.833794441403475972e-02
1.613685714678832900e-02
1.455697609851243531e-02
1.253961756943437929e-02
1.137765076864320248e-02
1.443282581420574778e-02
1.343663519540696204e-02
1.856890235721335436e-02
1.483249534672911700e-02
1.163723791236129408e-02
1.902735375362954451e-02
1.313018427595786033e-02
1.896298613781099637e-02
1.885280291597929772e-02
1.522571388235706424e-02
1.624526689323843934e-02
1.311815653768908484e-02
1.253437737532584959e-02
1.364147284511630850e-02
1.533065195376608417e-02
1.864268822528583960e-02
1.863817374003323007e-02
1.123149090705995168e-02
1.904412301019352619e-02
1.208142454002183314e-02
1.836175437502292340e-02
5.563440297979995730e-01
6.000418428794862535e-01
2.127306833275675602e-01
5.999560401973248469e-01
2.783575253827703655e-01
4.835856835411292964e-01
1.759252517449746145e-01
2.981016257911921485e-01
1.444703113885628387e-01
4.896080891904320831e-01
5.997738489801881512e-01
3.557787325775906839e-01
2.140964394132545690e-01
1.770933419939982878e-01
3.656092514438891161e-01
1.362152249635051604e-01
4.746031409548490121e-01
2.310008860082450599e-01
2.882122561325823895e-01
4.409933016573938103e-01
1.279282440710133861e-01
2.895208382545077508e-01
2.352273413641454147e-01
5.456745843108135041e-01
5.683467308026425302e-01
3.331789199990455863e-01
3.726723472045439522e-01
3.376649681470336173e-01
3.073654371904057658e-01
5.961523182580910074e-01
5.695566429858999191e-01
3.320600578341482700e-01
5.844957458042313592e-01
6.000898662694218455e-01
1.435167075204912823e-01
1.268175137348472870e-01
5.857225855176445561e-01
3.478583619690389095e-01
3.015264337274560225e-01
4.230862619007315084e-01
1.217918526836242465e-01
1.272269897456667631e-01
1.543899349211061423e-01
1.225896080844549318e-01
1.445704901686685195e-01
1.031815593301862177e-01
9.483659410172545767e-02
1.542342826224727403e-01
1.478205352628680080e-01
1.407974642754374894e-01
1.043103943774649767e-01
1.415615880447345099e-01
1.107906143944128036e-01
1.361882233810538245e-01
1.388288515325776795e-01
1.410232026186259424e-01
1.510553388616700798e-01
1.459881176503261546e-01
1.508510506394970252e-01
1.107605283519424721e-01
1.062940405632216423e-01
1.549025378399156161e-01
1.555699425051079998e-01
1.537435252623171045e-01
1.403023765494526010e-01
1.555009721581125381e-01
9.774577761304019397e-02
1.387211350859167969e-01
1.542592030993403251e-01
1.520184820929795788e-01
1.218778847277108418e-01
1.507282156299351028e-01
1.045592462533137673e-01
1.322829740329622417e-01
1.007037332801822838e-01
1.465030577657844835e-01
1.168012957719150036e-01
1.528057126428660761e-01
9.471073412940447800e-02
1.488241444421404269e-01
2.048483384250662093e-02
2.050360639755475015e-02
2.154928683035091386e-02
1.994343234820685276e-02
2.141139080242105211e-02
2.060887155069797416e-02
1.989543611875855059e-02
2.114659584839028578e-02
2.079189296243280638e-02
1.973849787619356283e-02
2.158685987332052345e-02
2.155208276745755255e-02
2.117443706162207978e-02
2.054081793878705098e-02
1.960798498392171338e-02
2.022284825916177003e-02
1.994707178018961455e-02
2.107213207854657239e-02
2.158007540974612309e-02
1.940091476148216379e-02
2.098534711623852717e-02
2.021541542033058678e-02
2.134127579237985947e-02
1.970176964425325583e-02
1.968449719301031825e-02
1.948533305564321971e-02
2.078317998369608177e-02
2.007215048571769217e-02
1.967149771169818609e-02
2.065133183984359591e-02
2.102999538227574156e-02
1.977580616518881743e-02
2.003352166590517680e-02
1.934390390536073340e-02
1.991773408103052201e-02
2.091058136372931850e-02
1.965695600950208288e-02
1.937288259065710061e-02
1.978392351160878151e-02
2.089082775083819787e-02
3.101341947019162215e-01
3.000423183970321039e-01
2.401753824960752570e-01
2.325439552880895766e-01
3.055684604196833298e-01
3.114185220164421564e-01
3.100394066516064528e-01
2.764784104484674931e-01
3.074036636447707305e-01
3.097245344516037502e-01
3.146193949393734091e-01
3.041786129802993566e-01
3.146381876984701842e-01
2.734410616222457402e-01
2.683691499529465840e-01
2.641646041941639877e-01
3.137481192947599862e-01
3.097928298142898496e-01
2.401079695965276650e-01
2.623398570780489658e-01
3.012540562000366462e-01
3.142089406806708451e-01
2.895809217939153690e-01
2.865039618385991638e-01
2.855584302896372328e-01
3.050419991496030048e-01
3.141685635259585663e-01
3.122475944047236052e-01
2.880330662708211475e-01
2.934418410908393171e-01
2.874187737912967666e-01
3.018839750948485445e-01
3.144326006804479823e-01
2.805441119968220542e-01
3.086715910889176739e-01
3.141224833569830066e-01
2.897581790361283272e-01
3.084826288219660873e-01
2.864629426757416275e-01
3.080999440809132350e-01
2.003768227037741601e-02
2.140832245385631757e-02
2.169199815407574575e-02
2.186280464218050279e-02
2.176281940186923503e-02
2.141746431322754177e-02
2.167339054746305130e-02
2.030876189050295419e-02
2.117741901749094560e-02
2.072338183092212183e-02
2.069176688568384950e-02
2.177950395013113563e-02
2.156482158073634928e-02
2.028375210851569854e-02
2.147307258396233612e-02
2.208571087975795891e-02
2.072923989393572405e-02
2.051408036193861500e-02
2.118137147102909165e-02
1.989933848552036255e-02
1.978353749364116301e-02
2.182889542631205951e-02
2.117615394601030793e-02
1.988255718921634607e-02
2.061814926580939067e-02
2.088537049630238840e-02
2.076429461134941465e-02
2.165679172720759438e-02
2.042917412736632021e-02
2.162025788712821500e-02
2.135933824448832050e-02
1.996503958377927185e-02
2.169626561688707198e-02
2.190173785443042323e-02
2.002022284569307531e-02
2.006224204828016902e-02
2.158281539575417768e-02
2.104203116847689486e-02
2.213956419095035669e-02
2.122753968842068517e-02
3.682454594406893433e-03
3.735611494217464489e-03
4.291515450281727789e-03
3.964389011768622989e-03
2.942765887641932577e-03
3.253782428492653020e-03
3.521411614384628574e-03
4.101250756610871039e-03
3.876064121264887266e-03
3.318345552785263632e-03
3.046852754886788129e-03
3.526392034849329307e-03
2.833091726924919819e-03
3.721615534433728775e-03
3.267028047870909439e-03
3.360157321880905077e-03
3.729876436386389722e-03
3.868380536167267958e-03
3.393284094150386156e-03
3.048277168692701579e-03
3.846518961012433853e-03
3.566560866997707871e-03
3.602806529057452425e-03
4.092204921179636370e-03
3.369253146683446210e-03
4.301947722478899165e-03
3.798239203428183282e-03
4.346610247228807622e-03
3.096207024770577208e-03
4.282603508548209030e-03
3.685946701926211006e-03
3.535885208073361388e-03
2.903245019028129377e-03
3.254248083387311762e-03
3.236615521886476287e-03
3.241000207050379403e-03
4.239110723833702105e-03
3.872112558977343615e-03
3.759377475701896221e-03
4.238591894831725097e-03
6.777350078794566746e-02
6.677077634580680376e-02
7.055378399008638279e-02
6.927046636779851663e-02
7.022042839176803608e-02
7.080359994931023637e-02
6.421901596586146455e-02
7.357755915677964553e-02
7.055239557088924252e-02
6.530696493459760277e-02
6.676638323520658891e-02
7.321093908623421687e-02
6.611674829911118323e-02
6.992297677386712096e-02
7.104891924755066257e-02
6.435601681768671201e-02
6.540738575365945273e-02
6.882914820130822675e-02
7.003766937144986771e-02
6.925562466106205406e-02
6.846457420938265037e-02
6.719306525381037176e-02
6.702316197990959568e-02
7.247489609608785688e-02
6.569198148987319408e-02
6.991955104160370305e-02
7.364226498158679690e-02
6.885398015908351932e-02
6.677806867685606718e-02
6.642708768397237451e-02
7.212279202117603816e-02
6.435751284944009332e-02
6.624447913536857246e-02
6.765452907747222799e-02
6.445341918208728760e-02
6.667612195868548308e-02
7.130055847113929424e-02
7.218987469478382879e-02
7.005632279962502318e-02
6.417664172889189778e-02
8.146162946909377145e-02
8.251835928189003855e-02
8.313767717868174312e-02
8.180166381741503512e-02
7.917470461675385485e-02
8.147468963174181455e-02
7.718180626447307402e-02
7.664687169253787957e-02
7.671805260344198574e-02
8.321342487897467888e-02
8.237461247947797105e-02
7.972712667416499699e-02
7.833893772046052195e-02
7.701749616859950021e-02
8.132921803963977236e-02
8.182769038962937891e-02
8.272579456128348330e-02
7.657862051505766321e-02
8.370249314841213262e-02
7.823577200494230555e-02
7.832750186328825415e-02
7.587729646519300597e-02
8.370216612910892640e-02
7.895738564037318996e-02
7.566433313858855758e-02
7.529990479640619183e-02
8.399993537137666333e-02
7.877398724636999749e-02
8.083961996483443602e-02
8.380178093695345165e-02
8.188136378927712844e-02
8.331870399420585049e-02
8.188214356154405182e-02
7.780337764802840173e-02
7.531013275872985857e-02
8.327927606681118089e-02
8.400508235590005424e-02
7.529255901453410504e-02
8.169154140168004286e-02
7.578976997650220537e-02
1.306622815856371689e-01
1.274991547183787766e-01
1.272583856064831154e-01
1.298858282662066488e-01
1.297651633927764114e-01
1.301821391462280320e-01
1.290703800854417493e-01
1.279916634142035103e-01
1.303622861217876572e-01
1.308871994696741980e-01
1.270433025967918350e-01
1.299722069376152700e-01
1.283006538217284220e-01
1.298107576178446632e-01
1.273606806567568195e-01
1.272074803998829995e-01
1.287594548622058299e-01
1.306810266960352351e-01
1.300389037207331233e-01
1.284364642226984710e-01
1.308513271211814155e-01
1.302615490616306770e-01
1.292600006121736589e-01
1.289910077635133823e-01
1.301045446313174592e-01
1.288435493145396460e-01
1.276230075772027128e-01
1.306525802458717023e-01
1.303475617901344030e-01
1.308916611725892132e-01
1.277342673593597211e-01
1.281926899972966882e-01
1.273848966210716915e-01
1.304472373132082585e-01
1.298561877329602599e-01
1.274334806926615549e-01
1.286665210369703494e-01
1.300286277390974299e-01
1.287186460976925406e-01
1.274275622796093854e-01
3.606143300936195950e-02
1.715145072859454445e-02
5.521375392712550845e-01
1.455881196126453392e-01
2.047602443082491633e-02
3.056238640227458836e-01
2.097552988514071043e-02
3.554271147612211856e-03
6.903662885173619812e-02
8.013214157869494314e-02
1.000000000000000072e-18
