1.000000000000000072e-18
1.051585591173513624e-14
2.159102262780780590e-14
3.325007100083481379e-14
4.551862130426886423e-14
5.842338892234369385e-14
7.199223210604149121e-14
8.625420189291138672e-14
1.012395942934250842e-13
1.169800048517059792e-13
1.335083856938214529e-13
1.508591051825543574e-13
1.690680103035031871e-13
1.881724919136671641e-13
2.082115529903164183e-13
2.292258800248861592e-13
2.512579177140373568e-13
2.743519471077287600e-13
2.985541673823153802e-13
3.239127814153182050e-13
3.504780853475119062e-13
3.783025623276044114e-13
4.074409806447924663e-13
4.379504964651330677e-13
4.698907613988608097e-13
5.033240351375741176e-13
5.383153034127043497e-13
5.749324015398205674e-13
6.132461438271490643e-13
6.533304591414156522e-13
6.952625329394312346e-13
7.391229560903264497e-13
7.849958808303913617e-13
8.329691842107675582e-13
8.831346394174115721e-13
9.355880953630393177e-13
9.904296649721365543e-13
1.047763922602907744e-12
1.107700111073791465e-12
1.170352358787588477e-12
1.235839907472959534e-12
1.304287351091264863e-12
1.375824886486727057e-12
1.450588576389420250e-12
1.528720625414092683e-12
1.610369669733230723e-12
1.695691081140154853e-12
1.784847286257709079e-12
1.878008101689961602e-12
1.975351085958772971e-12
2.077061909114220839e-12
2.183334740957564126e-12
2.294372658868393140e-12
2.410388076283373034e-12
2.531603192933366609e-12
2.658250468008476177e-12
2.790573117487256567e-12
2.928825636936703793e-12
3.073274351164915848e-12
3.224197992187274662e-12
3.381888307051755586e-12
3.546650697157923373e-12
3.718804890799351097e-12
3.898685650759997769e-12
4.086643518901703889e-12
4.283045599793922870e-12
4.488276385557201815e-12
4.702738624220079983e-12
4.926854234025564129e-12
5.161065266267601331e-12
5.405834919392269810e-12
5.661648607261819216e-12
5.929015084653485422e-12
6.208467633250516264e-12
6.500565311579347733e-12
6.805894272556453780e-12
7.125069152531833415e-12
7.458734535952619178e-12
7.807566500024310568e-12
8.172274244015490745e-12
8.553601808139202423e-12
8.952329887249860278e-12
9.369277744920226255e-12
9.805305233810749453e-12
1.026131492861359267e-11
1.073825437824901793e-11
1.123711848441317119e-11
1.175895201402636194e-11
1.230485225361059178e-11
1.287597181413840806e-11
1.347352159544146605e-11
1.409877391985334277e-11
1.475306584538413658e-11
1.543780266939359543e-11
1.615446163444248635e-11
1.690459584876501259e-11
1.768983843462173457e-11
1.851190691866498626e-11
1.937260787938459743e-11
2.027384186770046092e-11
2.121760861784044212e-11
2.220601256678931445e-11
2.324126870182259639e-11
2.432570875695681295e-11
2.546178778055893546e-11
2.665209109787120062e-11
2.789934169383194027e-11
2.920640804331223287e-11
3.057631241776120593e-11
3.201223969925547762e-11
3.351754673510556459e-11
3.509577226848577507e-11
3.675064748303977760e-11
3.848610720208986806e-11
4.030630178595002574e-11
4.221560977393343498e-11
4.421865132097368500e-11
4.632030248235381887e-11
4.852571040389560534e-11
5.084030947910737259e-11
5.326983853926126291e-11
5.582035914718917219e-11
5.849827507077998160e-11
6.131035301776245933e-11
6.426374471940401539e-11
6.736601045727350080e-11
7.062514413426260054e-11
7.404959999865807458e-11
7.764832113828751666e-11
8.143076987062167759e-11
8.540696016434021990e-11
8.958749223823996926e-11
9.398358949460544057e-11
9.860713795634229734e-11
1.034707283903254373e-10
1.085877013137161128e-10
1.139721950954546027e-10
1.196391973819234366e-10
1.256046000939711594e-10
1.318852582622350587e-10
1.384990529891535709e-10
1.454649588493402256e-10
1.528031160653117196e-10
1.605349078230753758e-10
1.686830431220091257e-10
1.772716455860495656e-10
1.863263486986514049e-10
1.958743979626083186e-10
2.059447605279269036e-10
2.165682428768147205e-10
2.277776172049396853e-10
2.396077571927249446e-10
2.520957839201237532e-10
2.652812227435117411e-10
2.792061720245711399e-10
2.939154846790076544e-10
3.094569635982105258e-10
3.258815720903697593e-10
3.432436605898744000e-10
3.616012109959709890e-10
3.810161001247096691e-10
4.015543838932003552e-10
4.232866040034920177e-10
4.462881190563388813e-10
4.706394622042452679e-10
4.964267276503547196e-10
5.237419885167397056e-10
5.526837488447584753e-10
5.833574327537885536e-10
6.158759140754028930e-10
6.503600901011581957e-10
6.869395034368436836e-10
7.257530163482051272e-10
7.669495424169821918e-10
8.106888408066127892e-10
8.571423789691813274e-10
9.064942702156472636e-10
9.589422932265429511e-10
1.014699001308135797e-09
1.073992930008214683e-09
1.137069912605799561e-09
1.204194513991715541e-09
1.275651594574429023e-09
1.351748017092114055e-09
1.432814510604242170e-09
1.519207707491898327e-09
1.611312371037064150e-09
1.709543833100932171e-09
1.814350663607162483e-09
1.926217595989194411e-09
2.045668735516817772e-09
2.173271080516771302e-09
2.309638389992542514e-09
2.455435435082504219e-09
2.611382676236063183e-09
2.778261413004490130e-09
2.956919459019385484e-09
3.148277401161939581e-09
3.353335509219437610e-09
3.573181370609723063e-09
3.808998334176217555e-09
4.062074857787595388e-09
4.333814866717710448e-09
4.625749243764288039e-09
4.939548588064686976e-09
5.277037397900575287e-09
5.640209853827381507e-09
6.031247402659681625e-09
6.452538370710078007e-09
6.906699866830933124e-09
7.396602272973730284e-09
7.925396663021137767e-09
8.496545540590466309e-09
9.113857344576184771e-09
9.781525238856642547e-09
1.050417078158951966e-08
1.128689316196374674e-08
1.213532480070378192e-08
1.305569423809168842e-08
1.405489738349980432e-08
1.514057837791525801e-08
1.632122153118107992e-08
1.760625604539232475e-08
1.900617553329973344e-08
2.053267469581721879e-08
2.219880594830825945e-08
2.401915929672066334e-08
2.601006938111297011e-08
2.818985434968179887e-08
3.057909213115736247e-08
3.320094077521800796e-08
3.608151087715151425e-08
3.925029975492395423e-08
4.274069908122151819e-08
4.659059018849513711e-08
5.084304438827652302e-08
5.554714954053149337e-08
6.075898898668330016e-08
6.654280509763138297e-08
7.297238744785837495e-08
8.013273548581215877e-08
8.812205816129721365e-08
9.705418913486801445e-08
1.070615170609620375e-07
1.182985575278577645e-07
1.309463286193350711e-07
1.452177385573215797e-07
1.613642553741506921e-07
1.796842104264444848e-07
2.005331973087531837e-07
2.243371759176692798e-07
2.516090930391501869e-07
2.829701073158066157e-07
3.191768887305506346e-07
3.611569958832589493e-07
4.100550846394258222e-07
4.672937677529751304e-07
5.346544749266616311e-07
6.143858816493005421e-07
7.093507295687462346e-07
8.232266913609037529e-07
9.607841929564450575e-07
1.128275165315505029e-06
1.333983788647759037e-06
1.589017112904171437e-06
1.908456231745061791e-06
2.313058196351455472e-06
2.831813968333697515e-06
3.505862413541833523e-06
4.394597354180741334e-06
5.585403059608383220e-06
7.209546241066130923e-06
9.468811520072977975e-06
1.268148578219373330e-05
1.736445851802201779e-05
2.438555462469427953e-05
3.525909046782066939e-05
5.275029541391480130e-05
8.219190883477936558e-05
1.345828667240501217e-04
2.346284870705203000e-04
4.444371935748808971e-04
9.466879651588070268e-04
2.421783635926731248e-03
8.636044205175611582e-03
5.942525559772215971e-02
6.771679060075276591e-02
2.183786551259776429e-02
1.343095746239971258e-02
1.169270172489365704e-02
1.297690011085901249e-02
1.821999432753337519e-02
3.520875303385270771e-02
1.306958438867899253e-01
6.786376261661455356e-01
5.926805696213681418e-02
1.719055497327331289e-02
7.899496884995348481e-03
4.521309992467038505e-03
2.948249028840598755e-03
2.098643415192323527e-03
1.592116408133678737e-03
1.268228617431194430e-03
1.050219787279500295e-03
8.977894705747242266e-04
7.882136059475169454e-04
7.079357354975903804e-04
6.484942725732340593e-04
6.044118062330262062e-04
5.720386124921869337e-04
5.488888455552082962e-04
5.332443363241486448e-04
5.239102626725768760e-04
5.200604418068639117e-04
5.211374736845916268e-04
5.267877179756432632e-04
5.368193484462226248e-04
5.511765652842684059e-04
5.699260368132900512e-04
5.932536405472614658e-04
6.214710722739012327e-04
6.550332100869289340e-04
6.945685129983991939e-04
7.409264734895814599e-04
7.952486085254745034e-04
8.590732783584510007e-04
9.344908444350795386e-04
1.024376295505933111e-03
1.132745259959277301e-03
1.265313786022178666e-03
1.430408025588182598e-03
1.640501240686049371e-03
1.914932035411461789e-03
2.284978008517824476e-03
2.803960187180221716e-03
3.569037935568935421e-03
4.773221024953539469e-03
6.847139684166827708e-03
1.092343913049780880e-02
2.083655034202711726e-02
5.670092686231169299e-02
3.358624595076187269e-01
1.482139632854038158e-01
3.136072827099185834e-02
1.226602666126098973e-02
6.291112566822868769e-03
3.736918231471928094e-03
2.433054481698341404e-03
1.686883997902907792e-03
1.224404183982299348e-03
9.203619486050606787e-04
7.112083068900039266e-04
5.620533130406635616e-04
4.525190357570161312e-04
3.700952924998962383e-04
3.067803682468955287e-04
2.572772781703310451e-04
2.179755367452923358e-04
1.863514886196875899e-04
1.606020884287641263e-04
1.394140988563423867e-04
1.218145706755157233e-04
1.070715956048920854e-04
9.462698914566505934e-05
8.404973882109446730e-05
7.500324678498531013e-05
6.722191318398479539e-05
6.049415535871876945e-05
5.464993208720136518e-05
4.955146727656570125e-05
4.508627624284443065e-05
4.116186949511998870e-05
3.770169249137845282e-05
3.464198559968839348e-05
3.192933583191135099e-05
2.951875332215782516e-05
2.737214920086508387e-05
2.545712292400365866e-05
2.374598993313952407e-05
2.221499725519889923e-05
2.084368703280539237e-05
1.961437721555028154e-05
1.851173559149147581e-05
1.752242860307682656e-05
1.663483040832333931e-05
1.583878073231274983e-05
1.512538243678818224e-05
1.448683158695915466e-05
1.391627424085675245e-05
1.340768532217525057e-05
1.295576583359711222e-05
1.255585537801738880e-05
1.220385752093457572e-05
1.189617598005169720e-05
1.162965999211136063e-05
1.140155750096819912e-05
1.120947504952376495e-05
1.105134345285027120e-05
1.092538848960263398e-05
1.083010598075610223e-05
1.076424073443164710e-05
1.072676892757038096e-05
1.071688357308506610e-05
1.073398278775814741e-05
1.077766063393977372e-05
1.084770035897764813e-05
1.094406990191600254e-05
1.106691957872298873e-05
1.121658189635406303e-05
1.139357348341626175e-05
1.159859916206306789e-05
1.183255822298145991e-05
1.209655300387599748e-05
1.239189991269155284e-05
1.272014308098131136e-05
1.308307088146077224e-05
1.348273559816979311e-05
1.392147659925395991e-05
1.440194743287960668e-05
1.492714734821541742e-05
1.550045783813028957e-05
1.612568491113081369e-05
1.680710793053008355e-05
1.754953601307782321e-05
1.835837316237110982e-05
1.923969353051022197e-05
2.020032846229310354e-05
2.124796728913135949e-05
2.239127421641916345e-05
2.364002410267242071e-05
2.500526047925423652e-05
2.649947982825413384e-05
2.813684695103786689e-05
2.993344725629502146e-05
3.190758301842289146e-05
3.408012216093184122e-05
3.647490997662419397e-05
3.911925649761626057e-05
4.204451509052919555e-05
4.528677142543470729e-05
4.888766644535030961e-05
5.289538259792267086e-05
5.736582971059896337e-05
6.236407592505076650e-05
6.796608062204967837e-05
7.426080101373123922e-05
8.135276305343185836e-05
8.936521184839560600e-05
9.844398865382740374e-05
1.087623232104966016e-04
1.205267849776888117e-04
1.339847092576732326e-04
1.494335105919327789e-04
1.672324248810559981e-04
1.878173957090082660e-04
2.117200566879612767e-04
2.395920850247135127e-04
2.722366475505654968e-04
3.106492808839615163e-04
3.560714181303983200e-04
4.100610081907582688e-04
4.745864393358944187e-04
5.521525328762346557e-04
6.459711104336748584e-04
7.601941756733443132e-04
9.002360641465362865e-04
1.073223573308571726e-03
1.288632659337709489e-03
1.559201065064192608e-03
1.902255518128094297e-03
2.341672591611474591e-03
2.910826518111219331e-03
3.657106375540976166e-03
4.648986333607939801e-03
5.987355081219922041e-03
7.824150657559850522e-03
1.039391358318412541e-02
1.406895426365133150e-02
1.945923723998922023e-02
2.760001382856405380e-02
4.031708583849560185e-02
6.095645281629313850e-02
9.582731487821435912e-02
1.566747091792545787e-01
2.619233603977156877e-01
4.189079255920546419e-01
5.546228450854471248e-01
5.444930338278576309e-01
4.330801481985728230e-01
3.242724338215317581e-01
2.463830297408276526e-01
1.938485638802955324e-01
1.580004259094093255e-01
1.328018306561061512e-01
1.145357357596369641e-01
1.009438043194304108e-01
9.063194714157769838e-02
8.272024629376638349e-02
7.664223376865876569e-02
7.202874140105929024e-02
6.863922089428739493e-02
6.631969144118023129e-02
6.497491266656583997e-02
6.454608714805018521e-02
6.498584744724777984e-02
6.621996415762719523e-02
6.808109948247653698e-02
7.019980712921797261e-02
7.186248228914736413e-02
7.193626275776869583e-02
6.911146391896755281e-02
6.265563469328519486e-02
5.320837847646331387e-02
4.259470248843257034e-02
3.267169430225035087e-02
2.446193122808793668e-02
1.815250496666141744e-02
1.348938717392748725e-02
1.009965825157013719e-02
7.642937309332814393e-03
5.853950406223030166e-03
4.539591421673969986e-03
3.563375358005692502e-03
2.829810251166534063e-03
2.272076259024862800e-03
1.843150060240350465e-03
1.509652712691184062e-03
1.247649871153668931e-03
1.039794500174248291e-03
8.733770174178047711e-04
7.389858621610833570e-04
6.295794873141162627e-04
5.398372344030180885e-04
4.657007327859600480e-04
4.040466305997228577e-04
3.524507200324733980e-04
3.090162839223548215e-04
2.722480073840485588e-04
2.409585254798565334e-04
2.141985627117848269e-04
1.912042787984610912e-04
1.713572713510379047e-04
1.541539656365643884e-04
1.391820212655248872e-04
1.261020236616510956e-04
1.146331844628553078e-04
1.045421039828915006e-04
9.563388791748223981e-05
8.774508550045866313e-05
8.073804538756986740e-05
7.449638139622474190e-05
6.892131188662428741e-05
6.392869048521025656e-05
5.944658666876191004e-05
5.541330581245269219e-05
5.177576211357774250e-05
4.848813613790693775e-05
4.551076293052184823e-05
4.280920767833624172e-05
4.035349454816932114e-05
3.811746110936029051e-05
3.607821610464192856e-05
3.421568257741124282e-05
3.251221174212959753e-05
3.095225568495462462e-05
2.952208914856429656e-05
2.820957240052724573e-05
2.700394859570938344e-05
2.589567018820586029e-05
2.487624988059867912e-05
2.393813236006621601e-05
2.307458369529967766e-05
2.227959578174050579e-05
2.154780364639056992e-05
2.087441377419991818e-05
2.025514190930936495e-05
1.968615902709317807e-05
1.916404437580188986e-05
1.868574465677328759e-05
1.824853855546622647e-05
1.785000595671666716e-05
1.748800128051409530e-05
1.716063046245690761e-05
1.686623117853238286e-05
1.660335597919949724e-05
1.637075805480811487e-05
1.616737940475077679e-05
1.599234122778989540e-05
1.584493639193116035e-05
1.572462388009895673e-05
1.563102514369574627e-05
1.556392233082333262e-05
1.552325839041787792e-05
1.550913908871870216e-05
1.552183701131116844e-05
1.556179766349698336e-05
1.562964782510409991e-05
1.572620636437639443e-05
1.585249777082154701e-05
1.600976873067109433e-05
1.619950814312155269e-05
1.642347106344569193e-05
1.668370716367016386e-05
1.698259442684147698e-05
1.732287894197374266e-05
1.770772184984238681e-05
1.814075471271976801e-05
1.862614485382620719e-05
1.916867254721177984e-05
1.977382235187368206e-05
2.044789139541451563e-05
2.119811804838359813e-05
2.203283522394214772e-05
2.296165353164010957e-05
2.399568076456587705e-05
2.514778577834401554e-05
2.643291682293832197e-05
2.786848693790773855e-05
2.947484228176447922e-05
3.127583345193853532e-05
3.329951524950601916e-05
3.557900733307818835e-05
3.815355729808254503e-05
4.106985959384771044e-05
4.438369927020016664e-05
4.816201006755066547e-05
5.248546350674405703e-05
5.745174166915309726e-05
6.317969436328933210e-05
6.981464552307729929e-05
7.753519961079507865e-05
8.656201407977722276e-05
9.716915867993785965e-05
1.096988898143498803e-04
1.245809452785969103e-04
1.423578325352344021e-04
1.637180664697655981e-04
1.895399349521956493e-04
2.209491498939882145e-04
2.593946716748689123e-04
3.067480138850537763e-04
3.654322673197614403e-04
4.385875410666722541e-04
5.302787710834915664e-04
6.457486681960117846e-04
7.917112451344815709e-04
9.766681836136444517e-04
1.211211529925527086e-03
1.508258675654064983e-03
1.883170993632536910e-03
2.353781678124111654e-03
2.940569738740454308e-03
3.667625522475634683e-03
4.565653672341215934e-03
5.678995432374423641e-03
7.079687518974835635e-03
8.893975933923286073e-03
1.135374137955960823e-02
1.490611732745386435e-02
2.047934206499421247e-02
3.023410543651168167e-02
5.014602987307617554e-02
1.016845264092156587e-01
2.962634705996494699e-01
7.511570945372294528e-01
2.204143411263621843e-01
7.235985401068099898e-02
3.341528785986478539e-02
1.870831224644077528e-02
1.179554240382644711e-02
8.063640553586362905e-03
5.849559245677057526e-03
4.443657512546573922e-03
3.504521251356102624e-03
2.852540022580909562e-03
2.386500772402540532e-03
2.046212287602423158e-03
1.794339462192401802e-03
1.606983587682594842e-03
1.468541798383999177e-03
1.368795769068707497e-03
1.301234613083314439e-03
1.262112126299160930e-03
1.249991133439687895e-03
1.265675431294330288e-03
1.312543277165079516e-03
1.397429051157078736e-03
1.532426357626600136e-03
1.738468726688661460e-03
2.052716005536101961e-03
2.544950277484321361e-03
3.357935720405485960e-03
4.821838587226521047e-03
7.850747193280164377e-03
1.581866644979509212e-02
5.024101197634624899e-02
5.872356795240689653e-01
8.499223265860124388e-02
1.937662293986541426e-02
8.301022742093532372e-03
4.659277528269428932e-03
3.059494509137781690e-03
2.241618310629851611e-03
1.792961440290969082e-03
1.551892896909098886e-03
1.453899244123304504e-03
1.487964549186911916e-03
1.700825944528911457e-03
2.276696718995760860e-03
3.993459848143439579e-03
1.314926111441339605e-02
8.845958757741113898e-02
4.924759631663377761e-03
1.161451716137548761e-03
4.409583323094411157e-04
2.088731200957097617e-04
1.127118510972983630e-04
6.638190854052333225e-05
4.166915982583007809e-05
2.747314290418381992e-05
1.884062952028866292e-05
1.334694781007963514e-05
9.717397727048261643e-06
7.242577983002333770e-06
5.508816814113605642e-06
4.265259540098545333e-06
3.354614963122900455e-06
2.675359012329318587e-06
2.160274475765369800e-06
1.763841943117687980e-06
1.454605967726596888e-06
1.210429204432154666e-06
1.015471318334391022e-06
8.582244497183795053e-07
7.302108400437855170e-07
6.251041057634724264e-07
5.381267074104785001e-07
4.656306120460786628e-07
4.048014054008717753e-07
3.534468225272471902e-07
3.098437974169787919e-07
2.726265957672523002e-07
2.407041341436242753e-07
2.131982656643337203e-07
1.893972856322187347e-07
1.687205950110193220e-07
1.506916203094027474e-07
1.349168969970741232e-07
1.210697927059800426e-07
1.088777510048425409e-07
9.811222675638617909e-08
8.858069411725993841e-08
8.012026154549987138e-08
7.259254096563204467e-08
6.587950185066261055e-08
5.988010341336014551e-08
5.450754504506138980e-08
4.968701067667422333e-08
4.535380980891497471e-08
4.145183870981803110e-08
3.793230127733352758e-08
3.475264147114588563e-08
3.187564889038843518e-08
2.926870665472044070e-08
2.690315671764764170e-08
2.475376246769697902e-08
2.279825223204812126e-08
2.101693030022101089e-08
1.939234449494133213e-08
1.790900125878124317e-08
1.655312079593821383e-08
1.531242608430837409e-08
1.417596061320019424e-08
1.313393055323340985e-08
1.217756776397425720e-08
1.129901062087959297e-08
1.049120011934780783e-08
9.747789108670693735e-09
9.063062837321305624e-09
8.431869265252763331e-09
7.849557828412254921e-09
7.311925533304705807e-09
6.815169421554967256e-09
6.355844581209408756e-09
5.930826997229049748e-09
5.537280631761780394e-09
5.172628208195994194e-09
4.834525244074877136e-09
4.520836938647850752e-09
4.229617572779581476e-09
3.959092123489805685e-09
3.707639833684043759e-09
3.473779510604992932e-09
3.256156354982828609e-09
3.053530147450132162e-09
2.864764640083600591e-09
2.688818019407035677e-09
2.524734323244752478e-09
2.371635707789786647e-09
2.228715473435020952e-09
2.095231768557309989e-09
1.970501899750551232e-09
1.853897185156020068e-09
1.744838294690261702e-09
1.642791027252024846e-09
1.547262480517213471e-09
1.457797573798324660e-09
1.373975888738809237e-09
1.295408796405480451e-09
1.221736842694758753e-09
1.152627366938209625e-09
1.087772331224046874e-09
1.026886340286824246e-09
9.697048338928526666e-10
9.159824354937669229e-10
8.654914425646823612e-10
8.180204455073282240e-10
7.733730633060866097e-10
7.313667852917177306e-10
6.918319094112481061e-10
6.546105683366104423e-10
6.195558355808752134e-10
5.865309045412804143e-10
5.554083340612092255e-10
5.260693547078248617e-10
4.984032305057939281e-10
4.723066713562577907e-10
4.476832918108705418e-10
4.244431122674022857e-10
4.025020990114282848e-10
3.817817398518431070e-10
3.622086523896692312e-10
3.437142222237189218e-10
3.262342686352810459e-10
3.097087355102202619e-10
2.940814054527851584e-10
2.792996352228773379e-10
2.653141107897922495e-10
2.520786204416103016e-10
2.395498445223529276e-10
2.276871604898889352e-10
2.164524620973876949e-10
2.058099916012613144e-10
1.957261839896283440e-10
1.861695223083550031e-10
1.771104032375652925e-10
1.685210121405220558e-10
1.603752068699755299e-10
1.526484096746719434e-10
1.453175066014260825e-10
1.383607538363776358e-10
1.317576904731118613e-10
1.254890572357498765e-10
1.195367207220740824e-10
1.138836027656505988e-10
1.085136145470453007e-10
1.034115951126847773e-10
9.856325398616338597e-11
9.395511758079886672e-11
8.957447914434450449e-11
8.540935198709579475e-11
8.144842576327280894e-11
7.768102559278832370e-11
7.409707382630420657e-11
7.068705427105953475e-11
6.744197870839696589e-11
6.435335554625973100e-11
6.141316046137932161e-11
5.861380889638066154e-11
5.594813028675804160e-11
5.340934390165947186e-11
5.099103619068961714e-11
4.868713953662208573e-11
4.649191232098161847e-11
4.439992021601054182e-11
4.240601862260402965e-11
4.050533617939338662e-11
3.869325927336726770e-11
3.696541748722215050e-11
3.531766992309414887e-11
3.374609234646487663e-11
3.224696509785467585e-11
3.081676172348542001e-11
2.945213827938540784e-11
2.814992326647450100e-11
2.690710815701727382e-11
2.572083847546472325e-11
2.458840539917135527e-11
2.350723784674978915e-11
2.247489502394887825e-11
2.148905939892131587e-11
2.054753008057468946e-11
1.964821657541985889e-11
1.878913289991619060e-11
1.796839202679780466e-11
1.718420064525051532e-11
1.643485421609023891e-11
1.571873230430103881e-11
1.503429417240620731e-11
1.438007461919024202e-11
1.375468004926804829e-11
1.315678475990089626e-11
1.258512743231457018e-11
1.203850781556224092e-11
1.151578359171964428e-11
1.101586741189078281e-11
1.053772409314791490e-11
1.008036796713837270e-11
9.642860371651896992e-12
9.224307276975081871e-12
8.823857039352838359e-12
8.440698274339944187e-12
8.074057843261645367e-12
7.723198946405587065e-12
7.387419316951030650e-12
7.066049509995602338e-12
6.758451281374334250e-12
6.464016051280566362e-12
6.182163447989218398e-12
5.912339927261137570e-12
5.654017463263579717e-12
5.406692307084873812e-12
5.169883809149571531e-12
4.943133302052511817e-12
4.726003040532081823e-12
4.518075195490615728e-12
4.318950899146337899e-12
4.128249338568995157e-12
3.945606895005375636e-12
3.770676326549834901e-12
3.603125991851717960e-12
3.442639112681384242e-12
3.288913073299832160e-12
3.141658754690154715e-12
3.000599901818726517e-12
2.865472522194689402e-12
2.736024314092536698e-12
2.612014122893070261e-12
2.493211424082272646e-12
2.379395831528367234e-12
2.270356629732439328e-12
2.165892328818749881e-12
2.065810241098654299e-12
1.969926078104239227e-12
1.878063567048102160e-12
1.790054085721451791e-12
1.705736314895598511e-12
1.624955907342427339e-12
1.547565172635789653e-12
1.473422776941080466e-12
1.402393457041734854e-12
1.334347747891157532e-12
1.269161723016403324e-12
1.206716747134741752e-12
1.146899240378219425e-12
1.089600453552614896e-12
1.034716253886974320e-12
9.821469207585335171e-13
9.317969509039282556e-13
8.835748726533724385e-13
8.373930687479603048e-13
7.931676073229126004e-13
7.508180806610868127e-13
7.102674513409413640e-13
6.714419054226106782e-13
6.342707123335815902e-13
5.986860911326319285e-13
5.646230828470459823e-13
5.320194285932286170e-13
5.008154532056246452e-13
4.709539541124594655e-13
4.423800952098534025e-13
4.150413054984266069e-13
3.888871822579044408e-13
3.638693985466659795e-13
3.399416148234658105e-13
3.170593944986365897e-13
2.951801232315804253e-13
2.742629318002112311e-13
2.542686223766708023e-13
2.351595980516073701e-13
2.168997954569925321e-13
1.994546203447927997e-13
1.827908859855895445e-13
1.668767542579409896e-13
1.516816793053404377e-13
1.371763536436836356e-13
1.233326566076547762e-13
1.101236050298043795e-13
9.752330605119061848e-14
8.550691196717320739e-14
7.405057701662372355e-14
6.313141602706378769e-14
5.272746483240804860e-14
4.281764238393769632e-14
3.338171447877513826e-14
2.440025903377505401e-14
1.585463283603832999e-14
7.726939704484310721e-15
1.000000000000000072e-18
7.129573778957783159e-02
2.916155549082029980e-02
6.688835025827695457e-02
6.491895459582414096e-02
4.637076089497032400e-02
1.182590178655486823e-01
6.012723715014418879e-02
9.352601573619147290e-02
7.707850935126424330e-02
3.687125977229451651e-02
2.557700565939563173e-02
7.537725493582485281e-02
7.832976992500914615e-02
2.653116947121814118e-02
2.904046031429519462e-02
1.180862138203283840e-01
1.184868079795681067e-01
3.851949952850344805e-02
9.729789046901630989e-02
9.537130886839366439e-02
7.883269487317771940e-02
6.691668247898840960e-02
1.087248356823258405e-01
4.887877026886620901e-02
9.237422744722431633e-02
4.765034916969471124e-02
4.051032158169710906e-02
1.144383857632483986e-01
1.055985209674942665e-01
1.096194650425697387e-01
1.024091945386039759e-01
1.137927511782199502e-01
1.184248357014321684e-01
3.163547962153791943e-02
4.778093879251356368e-02
5.085364795307953378e-02
8.358827333349379274e-02
3.853075854069665240e-02
2.634982860032130184e-02
8.054841229926881785e-02
5.474564009895874911e-02
4.698050880686036740e-02
1.820582828254867919e-02
4.750913446644761118e-02
2.535141519765823567e-02
1.111659923389477118e-02
6.143697699837429721e-02
8.432188286385255971e-02
2.978576737427321777e-02
2.871035136139920424e-02
1.196381657982072654e-02
1.903490448390460915e-02
1.110545381407726240e-01
5.158060296413208290e-02
7.739896829664602573e-02
7.510347294783097094e-02
3.722057885969284191e-02
1.846059750491453946e-02
1.331222232203779603e-02
3.542093537208030468e-02
2.458605854119721643e-02
6.173331631007029918e-02
4.169027855307528424e-02
1.426993436339367254e-02
2.699704249970976896e-02
2.220491470074568985e-02
3.349941323893720901e-02
4.192469934501835693e-02
4.941134370329656328e-02
7.891689865303283535e-02
2.211828231507255091e-02
1.843152513090151601e-02
2.638578642266210805e-02
5.178101958069360883e-02
5.663869961201291325e-02
5.695091994268498131e-02
1.281160366364511756e-02
2.203966038150386580e-02
1.614421904059012633e-02
7.582146432484493381e-02
8.253681776980014151e-01
8.101537395843031453e-01
2.415476759199975121e-01
8.234908777653688894e-01
1.878975661158014676e-01
6.924825903618024858e-01
1.950792908605286646e-01
2.056698065154000110e-01
1.574714572240730748e-01
7.042677427544895563e-01
8.029505101610484585e-01
2.636711094995133342e-01
2.433295171644217769e-01
1.965106367583734082e-01
2.746067189083730709e-01
1.478689387772564312e-01
4.255809053937092967e-01
2.657498439541027824e-01
1.966494736389911846e-01
6.095855444344380203e-01
1.383225519408302073e-01
1.978291588194627248e-01
1.521282234274355383e-01
8.085335323431863674e-01
6.423159369898890914e-01
4.173450771242190327e-01
4.840016007538854859e-01
4.246838543429813928e-01
3.762704196642291943e-01
8.466553321182042069e-01
6.463764960580746788e-01
4.155240155014188752e-01
7.032612743343901185e-01
8.127147285996287884e-01
1.563571210257301836e-01
1.370494862421548221e-01
7.087075244977985022e-01
2.551029715547128984e-01
2.088511989921165712e-01
3.463374837521928651e-01
2.458438395489932204e-01
3.158773392698320803e-01
5.308437126363122482e-01
2.547774668649582241e-01
7.012533811800916173e-01
1.175086389633761136e-01
8.817332686866040381e-02
5.426278103214341453e-01
1.349383080692504733e-01
9.925745011414401076e-02
1.223633366154271013e-01
1.021236342852071821e-01
1.558270175921341039e-01
4.914659785963596539e-01
5.585579021975333180e-01
6.165823898343824050e-01
1.649531255769895732e-01
7.250881735136619488e-01
1.625357290888611028e-01
1.556459124412135631e-01
1.315301864204589388e-01
2.501228734373973084e-01
4.057754668180564850e-01
5.764515322099876826e-01
5.975432005548133585e-01
2.909848351608723682e-01
9.724573357575214128e-02
5.557311698204041583e-01
5.407791656948741643e-01
1.778418877474912951e-01
2.467874961889225116e-01
1.611272273291057266e-01
1.234676377074384740e-01
4.044657450654663422e-01
1.076763429107468611e-01
7.313323459599715415e-01
1.983086574568759808e-01
6.299447050848629992e-01
8.780458247154003526e-02
7.374989805820513222e-01
2.695901369646200481e-03
2.703750311501116992e-03
3.229465888637936613e-03
2.487228888095428976e-03
3.148118551679156447e-03
2.748617291171412142e-03
2.470217930095908523e-03
3.003555095541790392e-03
2.830284553468343824e-03
2.416090166330264744e-03
3.252426764538191538e-03
3.231162352267959257e-03
3.018092964761875420e-03
2.719443424820866193e-03
2.372731230455046424e-03
2.590858960069485420e-03
2.488527812017897727e-03
2.965382080567756373e-03
3.248254540404167060e-03
2.306798366074095611e-03
2.922146002225323690e-03
2.587995140404714817e-03
3.108418926340201106e-03
2.403740918164651644e-03
2.397973731484090605e-03
2.333270089269970024e-03
2.826285698124664410e-03
2.533964531161417896e-03
2.393650132084200553e-03
2.767138508949517229e-03
2.944225245092127116e-03
2.428755737579904161e-03
2.519764541541521987e-03
2.289226443234821350e-03
2.478093442731588592e-03
2.885928164326377870e-03
2.388830638771694166e-03
2.298128001226905272e-03
2.431527846192959186e-03
2.876512661715352123e-03
7.532513643056332198e-01
7.474092538944079323e-01
4.005703685412799753e-01
3.664989146502664052e-01
4.500741919256170398e-01
5.323246853228515985e-01
5.081549735351372776e-01
6.070170154014108421e-01
4.712615898686678406e-01
5.032093330518737639e-01
6.429092012151508273e-01
7.596287637626190081e-01
6.467488328163476519e-01
5.872803118977273362e-01
5.550249094846648745e-01
5.291625196700785461e-01
5.913394071183608602e-01
7.549267736472603518e-01
4.002556018649083280e-01
5.182221414883888544e-01
4.091601190225913065e-01
6.108922543468420230e-01
6.919607795107699522e-01
6.725526722582236827e-01
6.664654136611071200e-01
4.444899063835486275e-01
6.088739722929216169e-01
7.359785817171606848e-01
6.822866064331248870e-01
7.149383916841436371e-01
6.783946306596625453e-01
7.539210159810411094e-01
6.836511370644592356e-01
6.336964964207445483e-01
4.878397621570202403e-01
6.980799211173017715e-01
6.930548402191980539e-01
4.852480331832666471e-01
6.722895619894545538e-01
7.602345933943408518e-01
3.595515063412906692e-02
1.381943216337582769e-01
2.066470773103792347e-01
2.679661649690831537e-01
2.299609759956435240e-01
1.398913036955264644e-01
2.009907857393262443e-01
4.423717260643855731e-02
1.033140996793169564e-01
6.363835271649027903e-02
6.175385862009111215e-02
2.358809447311406848e-01
1.715417727736117670e-01
4.336012556245578270e-02
1.508440399243019814e-01
3.720117093744700343e-01
6.399680472668367592e-02
5.254865326517049740e-02
1.038013204530664341e-01
3.259135635925185237e-02
3.012336939032522753e-02
2.543939891833636446e-01
1.031588385258102175e-01
3.221545884835805285e-02
5.767188834340439274e-02
7.475489996543870086e-02
6.620504365254122059e-02
1.961025910510399706e-01
4.885206298524402690e-02
1.858487549128546024e-01
1.295631001429824458e-01
3.412766850988557116e-02
2.079710746042387481e-01
2.844042318612882148e-01
3.550285382833718445e-02
3.660604355687084588e-02
1.760269248779061380e-01
8.841528543799787032e-02
3.988624208157057760e-01
1.097412308792559271e-01
3.382923758723251680e-03
3.421002694768159047e-03
3.807939753422686854e-03
3.582601517107109231e-03
2.826971828654070880e-03
3.067332079406653433e-03
3.266221875609753248e-03
3.677641838796643844e-03
3.520635311067897826e-03
3.115925384778532245e-03
2.908649074215660657e-03
3.269862532124551135e-03
2.739409566677194260e-03
3.410997082831497117e-03
3.077335048438980744e-03
3.147179290142341091e-03
3.416904488222383650e-03
3.515220248112810569e-03
3.171824723172388463e-03
2.909757732393945633e-03
3.499791207110077278e-03
3.299150295132980380e-03
3.325464456910055995e-03
3.671395376174806189e-03
3.153956480381103246e-03
3.815026296686743756e-03
3.465600447471523047e-03
3.845300223935802040e-03
2.946925387585420334e-03
3.801881357180989657e-03
3.385431829618147561e-03
3.276796232140087323e-03
2.795603311321399019e-03
3.067684037030179913e-03
3.054341416728154068e-03
3.057662275449402056e-03
3.772253185144092049e-03
3.517850916862868497e-03
3.437959961018055479e-03
3.771899126292393208e-03
1.250350662336437990e-01
1.151073054995785938e-01
1.579374407136211189e-01
1.416913743535913872e-01
1.535297838389788894e-01
1.613306517733678058e-01
9.362699027347877456e-02
2.046778949093236988e-01
1.579187997880411587e-01
1.021733860898859231e-01
1.150658117848573220e-01
1.983136677038128404e-01
1.091120044097455416e-01
1.497100798323513227e-01
1.647396634120681103e-01
9.465706489884195829e-02
1.030060160470963465e-01
1.365374047383386691e-01
1.511704335777801778e-01
1.415145825123453882e-01
1.324365659210316459e-01
1.191758805838592089e-01
1.175197410021002059e-01
1.861423899530758319e-01
1.054079121535546754e-01
1.496666993040776661e-01
2.058224468447511779e-01
1.368218190554812141e-01
1.151762201867326807e-01
1.119115922188551882e-01
1.805973254053246657e-01
9.466838424516611783e-02
1.102545538368299993e-01
1.238082085083257872e-01
9.539726442286018682e-02
1.142170069495383605e-01
1.683172598438920087e-01
1.816402412758602591e-01
1.514094152304673035e-01
9.331098034034462918e-02
5.936324532988666164e-02
6.130346079927745384e-02
6.243450354910378558e-02
5.998800304394747568e-02
5.519453463046069402e-02
5.938723720094332692e-02
5.166436689815661482e-02
5.073892324463249309e-02
5.086148100091036212e-02
6.257221615027268313e-02
6.103998101396795883e-02
5.619282521036653849e-02
5.369933281819121856e-02
5.137903535291675483e-02
5.912004172382117478e-02
6.003582337452749440e-02
6.168314712418460771e-02
5.062158131887096318e-02
6.345674076881165082e-02
5.351616730063817051e-02
5.367901313032338861e-02
4.942571811604158649e-02
6.345615241137028684e-02
5.480389060026878006e-02
4.906622067569486184e-02
4.845505013520533949e-02
6.398983159006547961e-02
5.447520643544934843e-02
5.822183319242892757e-02
6.363515545628510572e-02
6.013443678754112898e-02
6.276333154205195053e-02
6.013586940138394843e-02
5.275207268118820708e-02
4.847213352432193367e-02
6.269179780782317690e-02
6.399901769613540459e-02
4.844278323713451656e-02
5.978566041137319681e-02
4.927775929116091219e-02
9.486345962819411892e-02
1.106084242020379110e-01
1.117971664154131517e-01
9.886711881892265574e-02
9.947244823529283186e-02
9.736487739113849904e-02
1.029110406946666251e-01
1.081896853804686504e-01
9.643785750790190292e-02
9.365030939783314246e-02
1.128636122991285989e-01
9.843169135116532076e-02
1.066778825506837641e-01
9.924409651948816469e-02
1.112915011647309660e-01
1.120491592082006743e-01
1.044347019425256040e-01
9.476355760273080797e-02
9.809414901745745763e-02
1.060139918209561105e-01
9.384605456639744103e-02
9.695770165522246686e-02
1.019785138437581951e-01
1.033005222715271398e-01
9.776072224742039796e-02
1.040230873690987101e-01
1.099987353031752907e-01
9.491508449914912160e-02
9.651408662912273895e-02
9.362589760563067021e-02
1.094519444695309235e-01
1.072058268466783149e-01
1.111719317138260971e-01
9.599629975458900955e-02
9.901611653167706473e-02
1.109321908771483262e-01
1.048893047379043653e-01
9.814623384959828001e-02
1.046343561032494485e-01
1.109613851425370334e-01
1.172324335452854110e-01
1.092339089639556560e-01
8.189512143155058821e-01
7.192728905549916618e-01
2.692233617340639151e-03
7.614589395680156914e-01
8.220818457428340220e-02
3.290203800800986077e-03
1.389341254284477967e-01
5.692901046965884865e-02
1.000000000000000072e-18
