1.000000000000000072e-18
1.000000000000000072e-18
1.000000000000000072e-18
1.000000000000000072e-18
1.000000000000000072e-18
1.000000000000000072e-18
1.000000000000000072e-18
1.000000000000000072e-18
1.000000000000000072e-18
1.000000000000000072e-18
1.000000000000000072e-18
1.000000000000000072e-18
1.000000000000000072e-18
1.000000000000000072e-18
1.000000000000000072e-18
1.000000000000000072e-18
1.000000000000000072e-18
1.000000000000000072e-18
1.000000000000000072e-18
1.000000000000000072e-18
1.000000000000000072e-18
1.000000000000000072e-18
1.000000000000000072e-18
1.000000000000000072e-18
1.000000000000000072e-18
1.000000000000000072e-18
1.000000000000000072e-18
1.000000000000000072e-18
2.730280291467684363e-14
4.288959919458107971e-15
1.392813692705675930e-03
1.000000000000000072e-18
1.000000000000000072e-18
5.250065174752588996e-10
2.164402781889563157e-02
1.000000000000000072e-18
1.000000000000000072e-18
1.000000000000000072e-18
1.000000000000000072e-18
1.000000000000000072e-18
1.000000000000000072e-18
1.000000000000000072e-18
1.000000000000000072e-18
1.000000000000000072e-18
1.000000000000000072e-18
1.000000000000000072e-18
1.000000000000000072e-18
1.000000000000000072e-18
1.905503298732926120e-05
2.586939863272155939e-12
6.899277831896456817e-12
1.837337594270015225e-06
1.000000000000000072e-18
1.000000000000000072e-18
1.000000000000000072e-18
1.000000000000000072e-18
1.000000000000000072e-18
1.000000000000000072e-18
1.000000000000000072e-18
1.000000000000000072e-18
1.000000000000000072e-18
1.000000000000000072e-18
1.000000000000000072e-18
1.000000000000000072e-18
1.000000000000000072e-18
6.740981443034979798e-05
1.302109889287015849e-10
1.000000000000000072e-18
1.000000000000000072e-18
9.333100155270495019e-04
3.036311999676620142e-15
6.921607874472574957e-16
1.000000000000000072e-18
1.000000000000000072e-18
1.000000000000000072e-18
1.000000000000000072e-18
1.000000000000000072e-18
1.000000000000000072e-18
1.000000000000000072e-18
1.000000000000000072e-18
1.000000000000000072e-18
1.000000000000000072e-18
1.000000000000000072e-18
1.000000000000000072e-18
1.000000000000000072e-18
1.000000000000000072e-18
1.000000000000000072e-18
1.000000000000000072e-18
1.000000000000000072e-18
1.000000000000000072e-18
1.000000000000000072e-18
1.000000000000000072e-18
1.000000000000000072e-18
1.000000000000000072e-18
1.000000000000000072e-18
1.000000000000000072e-18
1.000000000000000072e-18
1.000000000000000072e-18
1.000000000000000072e-18
1.000000000000000072e-18
1.048682174574036643e-14
9.385788905307491215e-12
6.268226830253213842e-04
3.803746584686584515e-05
2.707188611775274340e-04
1.048533258226030549e-07
2.064238469038289389e-11
9.862993012105378255e-16
2.813965188444386524e-05
2.891511412415605177e-04
2.493855406638097552e-04
1.058329250739853628e-04
1.004332415209632145e-15
7.707191824611365913e-12
7.807854536981261056e-09
3.961172983826227503e-06
1.105027180518987446e-10
2.297371583222780506e-05
2.554835528459190078e-10
6.903946726288773912e-04
6.368581571091955018e-07
6.484942422010705649e-16
7.624562649120938680e-06
6.486796224469583365e-07
6.299401032962665464e-08
3.813300345245447184e-04
1.216706450464658380e-06
2.489807137280306730e-06
2.483552973083077057e-08
2.197114385671916835e-13
2.007134813564737820e-06
1.390554822387890999e-06
1.431597077732186370e-08
1.186682177601581140e-04
6.325696435568501927e-13
2.055850110497471338e-05
3.167191397488422873e-08
3.618976917153386402e-08
7.232038896676582210e-11
7.892565486932650603e-07
2.640387581285777129e-05
4.362688752966173667e-06
2.764593957616487711e-04
4.718106744393655692e-06
2.363012414858431219e-05
2.113963529635663235e-06
7.818733490827940160e-05
1.531535004808947124e-04
5.534612499990856612e-04
3.060252619081549253e-10
6.016564748600070024e-04
1.278848883188318375e-05
7.854733125175345322e-09
2.384952028283085377e-10
1.166872757354647405e-05
1.380094035182083911e-06
1.275502890864968369e-05
2.909038696624424995e-04
1.515613098780522033e-06
2.471130682795105827e-05
5.454908018825631061e-11
1.208352457861918926e-08
1.911312788467926944e-11
2.177657606381782225e-08
7.988786217853767645e-06
6.984945387205558198e-06
2.809137984427850807e-06
5.844006952412376563e-05
1.915795312625299723e-08
1.195415948866043436e-08
5.033263927060307921e-04
1.292881826163231369e-08
1.905915034221020696e-06
1.643158429512880855e-06
5.001171932749887489e-06
5.574643440568972583e-04
1.269063800404297707e-05
1.434361693771938435e-06
3.678916816010621404e-08
5.677532312420588369e-05
1.648846488810276234e-06
1.894105968597320865e-05
5.381235545476802887e-04
2.605309634398884975e-04
1.186947710748215320e-08
1.399823537343657489e-08
2.748465034207344719e-05
1.710979536473573867e-08
5.252109187203569734e-04
9.643269472442452775e-05
1.768058048155715921e-06
1.813861397914295148e-06
7.892538323859857479e-06
1.244203510463279322e-08
7.633802415270760696e-07
2.986786248129394971e-08
7.203656681811558234e-05
1.534651282900965639e-06
4.300953777114597463e-05
2.074857848088479170e-06
1.844504428271056434e-04
1.515933313601488257e-06
2.175520413228108941e-06
1.505464526030085570e-03
8.420182410115406344e-06
9.470600133460784210e-10
6.601317706159189119e-06
3.629374019134539134e-06
3.930384988543712886e-09
5.723614991515259026e-06
2.469715297390096460e-09
5.037571802724597348e-07
1.149398995309597587e-03
3.226527602189719615e-04
1.083056432796883611e-03
2.190144983572087475e-08
1.426831046374438142e-08
6.941978819410945005e-10
1.744461345713939560e-06
5.001784628884753705e-06
3.693964012443072446e-08
1.644180367621357169e-07
4.333843829138293178e-09
5.615472771729438804e-06
7.122609100672761400e-07
8.775144634470792823e-10
1.286345171740543436e-08
8.391567156722503586e-09
7.892758339977144996e-09
1.587508631394654016e-04
4.821320601235547058e-04
4.566709788849716784e-09
1.952196655682581779e-08
1.718755551114188034e-10
5.785160710187585916e-10
2.460765987456862009e-08
8.935796271681725835e-09
3.635197073991689992e-07
8.962545461267236017e-09
4.413258809200248131e-05
1.356814969877838300e-10
5.135578721273340584e-10
3.936743330263781012e-10
5.344321997261421738e-11
9.945304187686385987e-09
1.320543156990533311e-02
8.426918629225484312e-09
3.002833768175080823e-05
4.458559024162447176e-02
3.928851286342569226e-07
3.810873732941407898e-09
5.272324650907608763e-05
3.537876012657886017e-05
2.900055129022473602e-02
3.428887470563689397e-03
3.159773952910253167e-09
1.759275802176316073e-01
7.933597518106715041e-02
1.968024035382142143e-05
6.023542579013520075e-05
7.304622242861406585e-08
7.180775515528244795e-05
4.909451925430236522e-08
8.276642235024760451e-08
4.268031146513152560e-03
1.896307568054498232e-05
2.304494483182336335e-05
1.569484427301310769e-08
1.094579229227170432e-04
2.813893310386679801e-06
1.124277353125802169e-03
1.387309174228180916e-08
1.323271123946339665e-05
1.602554732462185133e-02
9.453751568223986348e-05
2.164413566526277429e-05
1.663353565916876955e-05
1.710198378054316151e-05
2.570191065497912926e-07
1.152436010490875439e-06
1.109335458938839031e-06
4.251883532982238777e-03
5.607570880402243466e-05
1.713132046739183510e-03
1.930739373229295791e-05
1.230912502705003282e-06
1.568768317998164852e-02
1.610162479135744395e-07
5.948541066634341687e-05
1.070007315312282919e-04
2.424901404743728676e-06
2.507941987275802678e-05
3.165189759247525534e-08
8.250539728518185511e-10
2.742825536953163327e-06
4.133089933558268397e-03
5.835764669379168643e-04
1.576531346925135209e-10
2.392207122215330555e-10
1.519952776367250416e-10
1.172954643010953001e-04
1.959571905779564523e-10
2.822597095085089744e-05
3.760089539249944087e-11
3.258136998201479500e-04
6.217101692021886460e-04
2.956491081707360281e-04
2.502694763951399966e-05
5.803471597108047654e-10
4.595535648988619079e-10
1.859165027956448651e-03
6.228767033873793822e-07
1.833780446265877032e-03
7.611665412672633447e-09
4.970819384802886189e-05
1.103258589889541497e-05
5.173994911941737793e-06
3.667056930544414933e-05
3.028828765173187531e-11
6.821785735301337311e-05
3.465865397118670542e-05
2.040670481555463111e-03
7.906132432465568091e-05
1.561458987225342992e-10
5.699722490686659167e-05
4.955253037644733968e-05
2.916468612158575250e-05
4.096870648558568871e-05
1.605626251321385123e-07
4.042471247893045750e-10
6.764626660395183154e-07
7.011642270432953759e-05
9.343129964841002160e-10
6.531107177557663422e-03
3.766179725621712523e-06
2.019005595496689195e-07
6.170312982828213733e-08
6.231656923431580584e-09
1.216899009028075863e-07
5.953545315272470167e-06
3.316646403296708798e-05
5.803742402112376092e-09
5.295118957927447568e-04
3.638728226940856687e-05
7.973996353274136833e-10
1.211908776922743823e-05
1.168264349971345634e-08
1.365618038059447503e-05
8.065781795161487737e-06
8.564456769005639017e-07
1.159752774813546390e-04
4.295024847286841099e-03
1.204427570146322915e-04
1.553952633407434079e-03
7.497154774618892070e-07
3.081033956820315988e-09
3.681931237559902815e-05
9.836865103854023447e-06
5.217351799270994288e-04
8.740433248760792928e-08
2.697711071329858719e-07
3.761581800981192943e-08
2.832418606688886777e-05
1.075217326240560881e-03
1.190478429398992649e-04
4.271767858717732091e-06
3.241370288107615330e-06
2.630968138026748690e-04
8.979747302880891009e-06
4.430932643658648735e-06
6.196380208179810660e-03
5.115360370924666269e-06
4.186666906372931427e-05
3.920740834356949448e-04
1.206540443559772765e-03
1.242651784211035247e-04
1.950917296560003263e-04
1.164453918966732978e-03
1.186728213856404948e-05
6.563088351939931804e-06
2.067450548442642077e-04
5.337452863609799250e-04
2.872171563530592530e-06
2.827751712378920628e-06
5.559709242913880335e-04
4.435125737516744074e-06
2.272463068614461066e-07
1.458199156132237160e-04
2.594760812118215157e-06
4.214960415639491456e-05
2.563458972340478376e-06
1.902033596232183317e-05
1.128314523208395429e-06
5.027766331833639479e-05
1.759709771855607715e-05
1.644827549975770251e-07
2.542716574798558529e-06
3.945654699774468769e-06
3.343734956697373683e-06
3.024206908979679425e-06
9.904179010886912806e-06
1.491964052000095617e-05
3.494633898315126225e-05
2.456516430061237726e-05
8.151380428973583212e-06
2.714181967772145813e-03
8.453172414486329056e-03
2.536959132819802958e-06
2.790950672251860335e-05
1.111377635368315017e-05
8.115494019880859985e-03
5.200790020750882894e-05
5.264926542622515131e-06
5.552436789427380558e-06
1.186332993591470606e-05
7.051304479849554973e-06
4.217973932648398286e-05
7.460277604897796750e-04
4.627373772111155448e-04
5.112939587697595606e-04
2.650166820069561977e-04
3.761207532901405756e-04
4.470662018213230909e-08
8.946452994827549848e-05
5.033847393533669341e-03
2.083240017924331924e-06
2.784215342649077121e-03
4.449463312831588391e-06
1.660950496472794800e-04
3.624007581804067840e-09
3.220515417732947572e-09
1.223254480613185325e-03
2.930727630719587753e-06
3.995591268054149241e-04
1.365579870562714832e-06
4.464345145956438231e-08
1.695820784474107567e-06
9.094680353229491832e-04
6.962041415095944139e-03
1.775382444537088800e-06
7.554891180674456849e-10
1.041272436700961204e-08
8.822656785846118657e-06
2.616392139159747894e-06
9.087061548439367281e-04
1.805793192982121941e-09
1.297787122970029891e-03
8.973387161611955792e-03
6.440915500809606641e-05
2.580213187745115958e-10
1.181618939291167183e-07
5.563344022651137087e-09
1.672891419135318059e-04
1.475817209594190021e-03
3.720531644966271185e-05
1.294937433828435651e-04
5.518330347256468573e-10
1.355662726811805015e-09
7.260981320424037981e-10
8.547972880414549134e-05
3.733101066550788407e-06
7.468374230568242513e-04
6.851179402614447200e-04
3.293154507691216464e-09
4.608115434339582505e-04
1.967119784366207539e-04
1.288958499336755688e-04
3.452057518994922497e-08
7.779398721678563349e-05
5.719250786497993844e-04
6.899992104084193712e-05
2.324915813875565604e-08
1.000000000000000072e-18
1.000000000000000072e-18
1.000000000000000072e-18
1.000000000000000072e-18
6.516236358852199785e-10
5.182815406988018380e-09
6.914836590253585968e-04
1.709750266797892787e-07
3.387746355666047904e-10
4.385616110179366232e-04
3.400377103865363901e-04
1.072922702057131530e-04
2.547425378399816118e-04
5.902822121726254000e-08
3.933344102410043602e-05
3.504539868681512172e-09
3.604884663100392018e-04
8.146018595773101619e-10
8.147652783169927190e-10
1.762542332823892387e-04
1.971014605623506135e-07
6.339230795901812493e-06
2.323582494440759735e-09
1.474278384075275905e-04
8.172192547036093559e-05
4.464140788705649849e-04
4.350410130765425590e-04
1.103794228716149437e-04
9.818263466390051125e-05
9.964711588697084798e-04
1.799932032645412759e-04
4.265529697490844144e-08
9.267052665561693218e-09
3.995982290073302754e-04
1.793938808633041190e-07
6.592050808947390154e-05
5.772261146656803990e-05
6.176073267192980438e-04
7.451886383627575195e-05
6.389504843517946741e-04
1.022605119844732590e-07
3.753197114757220762e-04
3.222360946063534547e-04
1.617635076705173217e-04
2.660611401021168105e-04
3.389558918609027801e-04
5.648816920999447794e-04
1.615601758279186224e-04
9.287926622954834370e-04
6.824036230109233601e-05
3.091169874929953197e-04
3.785752733678888452e-04
6.245993892346562125e-04
1.269131983135398073e-04
1.000325248982731827e-03
5.189637213283790785e-04
9.212445827479661114e-05
1.930565781677613777e-04
6.700190665135498998e-05
7.744301017327567100e-05
6.379621205014408044e-04
1.680704405326971735e-03
1.548132758763413601e-05
1.357109735720655357e-04
8.461480521044800361e-04
5.728279313238321369e-05
6.383383186337361897e-05
4.109037501605108098e-04
1.871659689911611483e-07
5.895137778137510346e-05
1.228316588558959827e-09
1.437439033663923203e-04
1.190006671067577799e-04
9.443958884349979333e-05
1.535835624720063809e-03
9.563567462058083558e-05
1.798269061173427778e-03
6.796295622884872500e-06
8.830817002214904498e-09
2.127896853905829695e-08
4.670623414730211594e-05
2.936186837603544817e-04
7.500882567564457268e-07
3.895788655330848036e-03
1.411349526306647625e-04
7.784094188312852807e-04
7.928162140678750595e-05
1.139973812031830248e-07
2.980605818340043706e-02
5.016017352506541130e-05
2.944158826343081631e-04
2.117961397413593426e-04
5.504042397450178011e-09
1.242347207283950187e-04
1.277479320325387425e-08
1.665320257172138355e-08
6.470279083020275554e-04
4.610417170640470838e-03
3.946233938388123292e-07
5.774028671377440545e-05
9.848955047706978237e-05
1.659316014960631632e-05
6.453900770186737565e-03
7.491908341303046240e-06
1.002818735928370374e-04
8.832937154363023763e-07
1.642508758237679216e-05
3.953620738721687854e-05
1.260240062743263497e-07
1.392623030028688283e-06
3.754073749047452885e-05
7.416185227225699679e-05
1.245733995581050323e-02
3.892092841559093568e-06
1.512791317142131225e-03
1.283651600669988520e-05
4.648440321123346251e-05
3.113975965921125582e-06
1.299805935301963442e-04
5.933935055078286324e-04
2.164161288100453762e-04
1.296021315941649712e-05
3.558140820471410729e-05
3.783428294540595990e-05
3.889789747981126502e-06
4.486119450778212535e-06
2.551166281483643745e-06
1.293210901962866449e-05
3.243308203914927699e-05
5.974358913420464381e-05
5.585289493506427383e-05
1.658437851302774951e-06
3.339252604805550972e-02
5.222310216961215459e-03
1.054573307147816405e-04
8.937394917606248012e-07
1.670122176258542918e-06
3.131490856568535920e-05
9.468889954472109741e-09
8.151433029930673746e-05
2.887031919110692475e-03
5.618904081762813446e-02
5.388265887121247012e-06
1.530724629379268717e-05
2.081485171394929984e-04
1.735445656554561110e-07
3.683219099585564977e-06
1.052732662439563512e-06
2.092218532067905624e-07
6.296193329866862484e-09
1.185547172924548878e-04
6.963917871674425067e-06
5.220085389580816972e-09
2.472889965018279820e-08
4.052816182670245330e-06
1.829290823543766629e-06
1.027381085573298054e-02
3.365625280136227276e-04
1.332516395109194957e-07
2.503055627850642477e-04
2.556629491477872825e-08
1.689775740097641286e-08
6.189786084782981119e-09
8.235592891772538856e-07
1.598039471408523482e-06
2.361210772830368745e-04
4.145213256374758423e-08
1.101297771744319922e-03
7.186604085567414176e-08
1.903823508595037033e-05
8.814551825380759186e-09
2.145286973879134695e-07
1.339805576752147679e-03
1.747491751893223786e-03
1.267657086712494061e-04
1.101586057601621320e-07
4.053117479164440204e-06
1.613612840911441954e-08
8.380425723610206431e-06
5.651678355458272747e-06
1.408778290162063089e-08
1.202304781319431828e-04
2.177630213723301433e-05
5.458905119805939265e-04
8.228993718068098960e-10
4.201713665969341814e-06
2.354888865038108495e-04
5.557661348416887228e-05
4.696174515144299838e-04
1.895718406499092696e-08
1.055376584811181266e-03
9.703823801630470647e-03
2.523184991516473257e-11
2.808167637625013555e-11
2.549622527595120131e-04
3.978235648301803232e-10
7.764711441900644428e-04
5.861193160409492765e-03
2.283318258164565790e-04
6.240517824852113158e-04
4.518783875807885346e-05
7.143895719514433755e-07
1.019227581606911086e-06
1.184741479757303064e-04
1.931949862494394828e-06
6.635511336989872117e-09
6.296412772622944133e-10
4.192212749273324664e-06
8.381864607978266881e-10
4.715657015867478235e-10
9.170851883687404114e-05
1.166228341451159856e-04
1.301781870410490739e-10
2.891237504908530844e-03
2.368896097873501158e-08
1.853470003475628290e-11
7.202431895452565508e-06
1.709050751758203393e-12
1.310890172013379676e-06
8.143657968406041813e-07
1.308536618413265762e-13
1.326343514001469273e-04
4.594633987261217786e-10
3.867245599665381577e-06
1.238335721118223934e-06
7.077663053731154388e-04
2.524052160463765160e-11
9.280888966685496595e-11
1.096374061443384509e-06
2.698511281365220072e-10
4.249259099822261563e-06
1.179007047468474053e-08
1.309765296677434633e-04
1.696827629345205907e-10
5.955379083039970527e-04
7.658130350275754120e-04
1.000000000000000072e-18
1.000000000000000072e-18
1.000000000000000072e-18
1.000000000000000072e-18
3.221002028401786501e-04
1.443499324524590538e-08
6.743134961763881229e-04
3.033198404166970586e-07
4.211025598110666550e-07
3.704442557918842921e-12
5.857237241879484880e-10
5.051162921614896965e-05
2.660602827164718023e-06
1.050536602641024944e-06
3.646892389322847029e-07
5.995676383347501646e-06
3.106485783727754545e-03
2.586467320182672403e-05
1.820903762590771446e-05
1.532329485215502569e-04
2.361031166792845511e-09
5.887457964165755128e-08
4.912696291194136408e-11
1.814525619810990231e-10
4.547938359640074028e-05
3.158648498246320081e-03
5.939565358725120439e-05
2.044296096596160349e-04
6.554221761670426436e-09
3.485188325019823748e-07
2.741753352574177589e-10
1.708926584181521017e-04
1.073521111959762882e-03
6.600353526305425388e-06
5.995302885181959823e-06
7.465928080692342712e-04
3.939089158315232377e-07
1.062651766627107815e-11
1.671471913710344612e-05
1.791198231761638726e-08
1.023195951492975241e-05
9.806967047901558193e-05
5.632165067014559292e-06
6.588500877240032415e-06
1.135147484860837284e-06
3.361582770196947176e-09
8.236806763956572658e-06
1.670573405663757860e-03
4.201883677375602204e-05
4.839289143985000730e-06
2.304261508775214199e-05
8.995585270004976252e-08
3.512908628774394923e-07
4.198427414547443248e-07
8.274922706553975807e-06
3.649616008085889152e-07
2.846427334263280581e-03
2.946329396458280403e-03
3.522412554748703890e-05
4.211004536332927509e-06
3.515851335445689836e-07
8.597463992428411571e-06
1.223684719597774949e-07
2.239335459017126675e-03
6.827320451374690883e-04
1.198001811411739445e-05
5.375238505675454597e-06
1.372181367716007824e-05
1.003484318386296340e-07
6.747838269502972418e-07
4.478527234289855217e-08
1.449956644728923888e-05
1.967408170993390873e-05
1.537092340989635502e-03
7.205191689226662509e-05
2.751478131061615521e-06
4.326076970247321620e-07
1.226155937290100679e-06
5.495054686377610113e-06
4.922475879963537741e-05
1.943411101553320364e-03
7.152712581739841880e-05
4.211350809906753638e-06
1.748426298154173849e-03
5.300536931449729059e-08
3.072870969471311004e-08
7.272377316518927231e-07
1.302773301220388942e-06
2.160657705844486461e-05
1.109394339918102045e-05
6.982648061710922616e-07
4.277465962607624276e-06
4.726657539906582984e-06
1.144654400752078511e-07
1.127479513811292556e-05
6.462998672433921158e-08
2.556848930719664553e-03
1.199733073678868611e-02
1.630050399056046985e-07
1.234950346495611306e-02
1.276404448204167984e-06
8.357853781243400533e-08
2.632633938128893254e-05
1.088438133823929728e-07
2.811751137572005086e-05
5.037154127181663055e-02
2.976694108166274872e-04
9.112042828870823424e-03
2.866227467646759611e-06
1.022718353707059158e-01
3.307982198788631906e-05
7.605474037971499372e-06
2.540087971002486514e-05
9.721625644538762269e-08
1.569941320775251607e-05
1.436443412705764183e-08
1.063293148188136335e-03
6.102299204892674381e-05
2.019876081467551765e-03
9.255286318308704392e-06
3.618591039964039966e-05
4.324550079996981315e-08
1.819637426993284978e-07
3.095000108302862541e-05
8.085386293420063763e-08
6.286361580054866682e-05
1.557795246060630618e-07
1.499030001119122961e-03
1.506817242965261839e-05
1.744440041656636353e-05
4.647597687481834646e-06
2.698030001500437015e-09
3.624689968024097462e-03
1.188496970287770393e-07
4.203806589724473066e-07
4.479122613726606963e-08
4.148629732123522727e-05
1.673937529246320082e-08
9.085625714331553034e-06
4.995761566060407055e-05
1.738441156090817237e-07
1.315379430443731458e-07
1.211952770187426287e-03
1.513578299095008458e-07
1.117057578715303456e-04
9.012326220124840946e-10
9.067981260302660580e-06
5.156961137123081552e-05
2.738605342572146384e-10
5.910943150160113869e-11
6.473598118905136462e-10
3.478709999641615909e-11
4.571672642929838322e-06
1.387800094865728873e-08
6.286693703285188384e-07
2.672303563692666792e-08
4.869583340960296266e-08
1.192670383032877860e-06
1.986267319449920264e-06
2.325660411751545494e-05
4.780189023736776958e-05
2.495073938757798055e-04
2.386983401870621720e-05
1.672213093260101427e-05
2.517064117262460656e-04
9.558821870902495092e-05
8.740454032195250742e-07
9.103118877131154693e-08
3.116045808002826985e-04
5.760213214243989441e-04
1.183148305378652065e-02
4.775530967871010572e-08
2.664773697528164623e-04
1.749285559811839787e-07
2.180966506408716907e-06
1.726513267485838487e-04
1.802171783915484536e-04
4.616064056299375959e-05
1.748214068986500265e-04
9.802438965357144823e-05
3.881061082711846210e-05
2.107342418760829294e-04
1.013755258736466795e-03
8.742900553376054896e-05
2.505445253316573580e-04
1.768331431000899823e-06
3.396279502880103431e-04
1.131031397700008213e-04
5.108558751869293979e-05
5.216841678112322373e-05
3.141330685279188225e-04
5.383885251518821270e-05
4.881613967230320067e-04
6.701909879564521090e-07
3.277041495328761322e-02
3.581010151541767542e-06
6.172169543260791740e-04
2.686651589852471917e-05
8.907188801679398124e-04
2.039147076970102327e-04
3.197487575690325322e-04
1.674779977759355189e-04
5.468509874613204863e-04
2.156634274476164242e-05
6.688441512284108248e-05
1.246562156663483397e-04
1.022228667422507738e-02
1.050042356401878008e-03
6.146272236780882595e-03
8.169505555252237663e-05
1.725299296765470114e-02
1.888919215311626321e-01
1.783019236961050634e-05
5.316382821454636338e-06
8.734084760051498983e-04
9.044890231360865453e-04
4.240390843327969221e-03
1.873629389116324151e-03
1.385104684404124369e-02
3.357456107461031375e-03
8.080656233771443472e-04
5.677934834935521031e-06
4.285381377149107274e-01
2.136699352083365231e-05
1.955892888415253564e-03
6.971953521986637967e-05
2.685620814779657046e-03
5.181938515657767946e-11
1.363096710713209748e-04
1.854564505729942858e-02
1.475415860746978093e-02
7.432375597799704969e-02
1.088729140536531109e-02
1.023247256091643631e-01
1.619264978793160704e-03
1.480742837520395705e-01
1.062766222783469274e-05
4.469930856426370465e-04
1.520403056635664073e-03
9.655973193091058754e-03
9.212278115664650560e-03
4.148908270132547062e-04
3.784432164571165103e-02
6.929307705524884826e-04
2.221520702412516871e-03
1.653718648426380283e-03
5.694771867091266704e-02
3.407561340793895631e-03
2.216702711888508999e-04
5.350085612093224063e-04
3.470901124647845408e-04
1.610829316692776966e-04
9.136930646390251792e-04
3.608505830687006510e-04
1.472707757811827708e-02
1.192381219983828307e-04
4.288183453021458987e-03
1.415460905388568375e-04
2.297234368836877268e-03
1.701431284100503967e-03
3.314788772889830648e-01
1.498350349183232844e-01
3.927780247280183816e-03
6.770982950099640497e-04
1.264028947522093382e-01
4.946844151546362229e-05
4.689991578555827503e-03
2.627123014869291867e-04
1.358420919268854988e-03
2.713261060742270820e-03
1.034457326052365574e-03
6.139241293150524397e-04
3.745763730080859527e-04
1.924211144940632737e-02
3.732362046912054455e-03
5.670891891309652339e-04
1.159972095220668372e-03
1.013190550536673508e-03
1.015809583017950393e-02
3.635238673462252599e-04
1.836131124451907681e-02
3.753366197526883364e-04
7.747250225735071924e-03
7.222099735646909653e-05
1.567306360930304301e-02
1.000000000000000072e-18
7.867148912249443923e-05
7.091665326008184892e-05
1.540946525347617853e-04
2.075312956219103541e-02
8.242730643204410502e-04
2.876533094300724042e-04
3.425487223028447878e-04
1.357936506613281399e-04
1.333591355737686994e-03
7.206000169580679580e-05
5.929928174091402427e-04
9.444062167900368334e-05
4.391237741509065504e-04
4.076774219194531580e-04
1.114488172224027641e-03
7.664266013962261776e-04
1.751831461150118660e-03
1.806617874806200731e-03
9.670827927006795874e-03
2.638911068247682193e-02
3.341674044397181451e-03
9.709878964672513223e-04
7.280136293616006424e-07
7.075608723022494030e-03
7.252430576850230071e-02
1.634117843591678711e-05
3.504525609670129384e-05
1.086012314696726752e-02
2.007666872295693107e-03
2.127216465335444667e-05
1.310549892353336235e-03
4.193629474622836972e-02
1.698392023449100691e-03
5.037543447685886665e-05
4.941568804204854752e-04
1.089424235257409416e-04
8.226330953444816818e-04
1.007829019234103889e-05
6.481648923347441485e-03
2.986582229760874425e-05
1.513295238009910483e-02
3.416479831990378545e-04
9.528509636316212505e-03
1.878808378133650138e-04
1.483242066761255012e-03
2.385255114010478424e-05
3.753799571611498437e-02
2.486072878155616561e-02
9.637343308496009592e-03
2.438864080448042941e-05
3.956573440035083843e-06
8.283204207272040417e-03
3.291673806784886636e-02
4.947623627595778534e-06
1.353854353939621038e-05
3.543334344715655740e-03
3.798467978572955766e-06
1.249902131046874091e-03
1.000000000000000072e-18
7.035379165304790714e-05
1.550723898521610840e-06
1.574041019048414032e-05
5.587315204846103438e-03
5.371888790287656507e-05
4.185625591716802402e-03
5.267054151952881231e-05
5.842337716035426445e-04
4.802588145206968841e-05
3.181166643663527996e-04
2.659865379084721052e-03
3.149830763382746503e-03
5.092950544731444148e-05
4.920164917457593061e-04
1.437131041466514108e-04
1.344983357091819988e-03
1.402638795248507993e-03
1.562787123344373070e-03
1.094916852943954430e-03
1.117254619462945686e-02
1.362837909968668487e-05
8.201374673085584655e-03
7.035394790275065864e-05
3.378875780825434626e-03
3.326795631711373328e-05
1.484216153099269728e-02
3.984662405198312329e-03
1.102502060774483150e-01
3.636130863084265086e-03
1.311647352475948087e-05
2.109528953436534682e-02
2.622722715495436329e-05
3.228547459984126289e-01
5.922680644605062298e-05
3.108093914350873108e-02
1.047903691322920662e-05
7.673609018769870928e-11
1.891867028578165589e-04
4.003510457463911598e-02
1.277166682650159556e-02
1.527793935969159111e-03
1.836135768105729706e-04
2.772523936228730654e-03
2.322940125122469036e-04
1.056998014379940184e-04
8.937972206716750462e-05
1.000000000000000072e-18
