1.000000000000000072e-18
1.000000000000000072e-18
1.000000000000000072e-18
1.000000000000000072e-18
1.000000000000000072e-18
1.000000000000000072e-18
1.000000000000000072e-18
1.000000000000000072e-18
1.000000000000000072e-18
1.000000000000000072e-18
1.000000000000000072e-18
1.000000000000000072e-18
1.000000000000000072e-18
1.000000000000000072e-18
1.000000000000000072e-18
1.000000000000000072e-18
1.000000000000000072e-18
1.000000000000000072e-18
1.000000000000000072e-18
1.000000000000000072e-18
1.000000000000000072e-18
1.000000000000000072e-18
1.000000000000000072e-18
1.000000000000000072e-18
1.000000000000000072e-18
1.000000000000000072e-18
1.000000000000000072e-18
1.000000000000000072e-18
1.000000000000000072e-18
1.000000000000000072e-18
1.000000000000000072e-18
1.000000000000000072e-18
1.000000000000000072e-18
2.054139078579134321e-04
1.208376512257853530e-01
2.808885159933967035e-01
2.829028481396529404e-01
1.876652434981121997e-01
4.051820797393345108e-01
2.649710568063824434e-01
3.777587387290938237e-01
6.449053682270025067e-01
3.526047473586680359e-01
3.270987500892706956e-01
4.711019758440519456e-01
5.714562189348476595e-01
5.739759516486668822e-01
4.990648787953143595e-01
3.992094254931399799e-01
3.356795650287668353e-01
3.356795650287668353e-01
3.992094254931399799e-01
4.990648787953143595e-01
5.739759516486262481e-01
5.714562189348052490e-01
4.711019758440154193e-01
3.270987500892706956e-01
3.526047473586680359e-01
6.449053682270025067e-01
3.777587387290938237e-01
2.649710568063962657e-01
4.051820797393749229e-01
1.876652434981150031e-01
2.829028481396529404e-01
2.808885159933967035e-01
1.208376512257853530e-01
2.054139078579134321e-04
1.000000000000000072e-18
1.000000000000000072e-18
1.000000000000000072e-18
1.000000000000000072e-18
1.000000000000000072e-18
1.000000000000000072e-18
1.000000000000000072e-18
1.000000000000000072e-18
1.000000000000000072e-18
1.000000000000000072e-18
1.000000000000000072e-18
1.000000000000000072e-18
1.000000000000000072e-18
1.000000000000000072e-18
1.000000000000000072e-18
1.000000000000000072e-18
1.000000000000000072e-18
1.000000000000000072e-18
1.000000000000000072e-18
1.000000000000000072e-18
1.000000000000000072e-18
1.000000000000000072e-18
1.000000000000000072e-18
1.000000000000000072e-18
1.000000000000000072e-18
1.000000000000000072e-18
1.000000000000000072e-18
1.000000000000000072e-18
1.000000000000000072e-18
1.000000000000000072e-18
1.000000000000000072e-18
1.000000000000000072e-18
1.000000000000000072e-18
1.219068361760265928e-09
2.326944664235728927e-04
3.849869091436626620e-03
2.884480956666363020e-04
2.101520428034573984e-07
1.209414322114665645e-02
1.591772786191402937e-07
9.726591885460161846e-02
2.543474854434896182e-02
1.667307444099035141e-02
5.700094213868208901e-03
1.429374197981435161e-02
1.995713985913581650e-08
2.520958304178168644e-02
1.709252240982396378e-08
1.414821754823539397e-02
3.732303395580621186e-01
1.616001764843552277e-02
2.339096385690124513e-02
6.898460627161708652e-07
2.742134843166132985e-02
5.407480426244532824e-03
9.055989737140107687e-02
5.417827000824947115e-02
2.353131675830585218e-02
6.387142335902469548e-02
1.221784543142696682e-02
2.559428028602104763e-02
7.783593013376582936e-02
6.898309582309251897e-02
4.580360806368128507e-02
2.720310363959801969e-01
7.688270476774997086e-02
3.918987455372446860e-02
4.602760784077530865e-02
7.348052439446009498e-02
4.708746249912823534e-02
5.070872093100253081e-02
4.698969974033385955e-02
6.056447984009311752e-02
7.310658103450473622e-02
4.591005120484820123e-02
6.600777421705139592e-02
4.735202360345235756e-02
9.043279271344734083e-02
1.002320517755524026e-01
5.138253844397728393e-02
7.010065669005033362e-01
1.269783500092207529e-01
9.251723841552651761e-02
9.297396205329959418e-02
9.027130560660973080e-02
8.466679574103634920e-01
8.483438335880589820e-01
4.591927601773403977e-01
1.321923057358016240e-01
1.860307247695815458e-01
1.197734200781951086e-01
1.172787159571771765e-01
5.084313034305510959e-01
1.882774730023767662e-01
1.795650718103486976e-01
1.532874057692691638e-01
1.187504178282541428e-01
9.924700275535072724e-02
5.804616224860429524e-02
6.329404244592186368e-02
1.148607356345762442e-01
8.161927704682603313e-02
1.163691751647605854e-01
1.069483581133960359e-01
8.525119270916781122e-02
7.206425742629496423e-02
1.645063652227282680e-01
1.339953388432016390e-01
7.776743046387721292e-02
7.501487040113635762e-02
4.523310633912142609e-01
1.001022154179258272e-01
7.732726797409639197e-02
1.704312628056781076e-01
2.610946013132907639e-01
1.531305873065620382e-01
1.590824870275888148e-01
1.010643949086150739e-01
1.902991701798003310e-01
1.453983318658436108e-01
1.218833991757961449e-01
2.789177186978659129e-01
2.671913520769531591e-01
1.678924467729318026e-01
2.790450251006973970e-01
1.528032935109817081e-01
1.659470854630958891e-01
1.742759926407245197e-01
1.180289575822885406e-01
1.199424060170537765e-01
2.069043423328797981e-01
2.174877779001047062e-01
1.450466605399023945e-01
1.511409368296011968e-01
1.761166410415332950e-01
2.381666693585043904e-01
4.133175231718803078e-01
1.948688582847492301e-01
1.010728284073310890e-01
1.516485714770597903e-01
1.353800722718183080e-01
3.093773445838745584e-01
2.028792009573830435e-01
1.352983964147901896e-01
1.707582244460107979e-01
1.344556865680888724e-01
1.427341306325915493e-01
7.953369696908834108e-01
8.039149202785719206e-01
1.902898551643109892e-01
3.352926345947784270e-01
1.983798132583418639e-01
1.428019669989450957e-01
1.553806511836197113e-01
1.465377618200577325e-01
1.751914044980621143e-01
2.449750921985857366e-01
2.728908327731670025e-01
1.533519231383295434e-01
2.772688813728505508e-01
3.188620608880187168e-01
3.563816227374357881e-01
1.341598811250334644e-01
1.997105779892252020e-01
2.706018413793945809e-01
2.500798520137206826e-02
3.973324589038478016e-02
7.965108868216161375e-02
4.586610860965229658e-02
1.515712337256645281e-01
2.296493858647525865e-01
1.630176463967069611e-01
1.849602622128341811e-01
1.400984021392937262e-01
4.205465589378564739e-01
1.386396734871633285e-01
6.685161398492017737e-02
2.034428174898589292e-02
9.870565133018480267e-10
2.519203891203385809e-02
5.591146960033790275e-02
4.103543945922615288e-01
3.525180675588105439e-01
4.180966398041424670e-01
1.603611062209563676e-01
1.097233805487208939e-02
3.826049786609382706e-05
4.203661434336297686e-02
3.046508311648065406e-08
2.643888662375401544e-02
4.708657698882959264e-02
1.288291372607359639e-02
1.276668434557992962e-02
2.942085634424780952e-02
1.752804896461802321e-08
1.600090197928533131e-02
5.483191817921537030e-03
1.674531330121259987e-01
7.198051730992511832e-01
2.486985404754352702e-01
7.240747653892254387e-01
1.789281831687724589e-01
4.229041660081551690e-01
2.409908452666217060e-01
2.777010457558217738e-01
7.275219333992645199e-01
2.515000758096149758e-01
1.726697823268127929e-01
2.002773652094728130e-01
8.386464710567822500e-01
2.128692722131538262e-01
2.124605492224183878e-01
2.136899728441565283e-01
2.160659329840279308e-01
3.403210936327077385e-01
2.691007574517786383e-01
4.697970970896119258e-01
3.953062548948092503e-01
2.294884433965912462e-01
3.955468716100020155e-01
4.649313011970601650e-01
2.152532890356425865e-01
8.346002314970264457e-01
6.377038329160426011e-01
2.138870387842496945e-01
7.257187072360857250e-02
1.762354943558246123e-02
3.125695186072738330e-02
2.472774346052635658e-02
1.699225047516392945e-02
6.320657161743005459e-02
3.233733473148971832e-02
6.186095052659246196e-02
8.533766235226498964e-02
3.540654448129258031e-02
4.809717081116701709e-02
3.513474282271490667e-02
7.709380192790114827e-02
7.416428886984192947e-02
5.906553494429349349e-02
3.588463244681785319e-02
4.147637637311039904e-02
4.486261688633749745e-02
4.563592152440150429e-02
3.681154466038560891e-02
9.308010771116639881e-02
5.472477043540081854e-02
9.258069996761393583e-02
4.691584788165510667e-02
6.613015209605956068e-02
4.316617688034743439e-02
3.439330203334298869e-02
6.433188033905036518e-02
4.558045090945608280e-01
2.159380193409799475e-01
2.435818802264016480e-01
5.144311197317188444e-01
4.603225781665428590e-02
3.415206829921381693e-01
8.680286380976390270e-02
5.509953799415521353e-02
9.284279583329549390e-02
9.190214629909848609e-02
9.119783285781640769e-02
5.619034524868013469e-02
1.587665664533325638e-01
2.934063450758244707e-01
1.278128573765643650e-01
1.409916050473224991e-01
7.507480228797792643e-01
2.057980278259710083e-01
2.949159179770342587e-01
4.813511979471921665e-01
2.650180694528272429e-01
2.510523030712457082e-01
2.297088561510277349e-01
5.499448155518028569e-01
3.741326836332536931e-01
7.330725250713596708e-01
8.382485028053484610e-01
3.884151028230651281e-01
5.285233841856594728e-01
2.732648985908860406e-01
5.151428823640170629e-01
3.714120264750090383e-01
5.529899141315121058e-01
3.940316591142564717e-01
3.465893444511936039e-01
4.557444662990738360e-01
8.476948125597184580e-01
9.207594516916897676e-02
1.151004794595719277e-01
9.381385344041248686e-02
1.129413176975656852e-01
1.132644326311757765e-01
7.842798950906663957e-02
7.328931005928092102e-01
1.052378088952667795e-01
1.309989641543598538e-01
1.016297149131676625e-01
8.535232913729450255e-01
7.861047735179867157e-02
1.256110894326896432e-01
7.001012495019540149e-02
8.023368720790013953e-02
1.411419011057614137e-01
7.649128640178223248e-01
9.898536139129177069e-02
9.680691594165308222e-02
1.293838599114263965e-01
1.202247546863438321e-01
1.152104998418261306e-01
1.635931191782422078e-01
2.696385142228567289e-01
3.827826293647703659e-01
2.811750671716151673e-01
2.296813985638272437e-01
1.407118455648238009e-01
1.624740872834141425e-01
1.219491964276517848e-01
1.222740471040803245e-01
1.859402474867098143e-01
5.582380887550036919e-01
2.265692019594074125e-01
8.040702994838778705e-01
5.762722603030629998e-01
5.438660836707893687e-01
4.076878752716639465e-01
5.117292771054962053e-01
1.336635478512132880e-01
9.823435488846345154e-02
9.452402214873976971e-02
2.211372762110438983e-01
2.304649419242317809e-01
1.447116507104761474e-01
2.640338365646887064e-01
3.013973941426834058e-01
6.892357998359982529e-01
1.102468331845718186e-01
1.262500902015223359e-01
1.633042278914887124e-01
1.100240683529993685e-01
1.235601021752985307e-01
1.367569172312732007e-01
1.439522989658805763e-01
1.235588580629336797e-01
1.671190813396984387e-01
2.094729258891184220e-01
1.017468896524277300e-01
1.306841284492934741e-01
5.733118509614186786e-01
2.241652250824758275e-01
1.718656881480738752e-01
1.971639877030118004e-01
1.297893946195825821e-01
1.671874342693071003e-01
1.081421851916832960e-01
2.681464804358777987e-01
4.509619126397745870e-01
2.979075185815866500e-01
6.125057643387978867e-01
2.597858380502641173e-01
4.286647024603392753e-01
5.239760959589414568e-01
6.828888371917491984e-01
2.544242975421248665e-01
3.818468036145339917e-01
3.113250638074661070e-01
2.273692172380132881e-01
7.584425557835219323e-01
7.615808718866076132e-01
3.063732975189238927e-01
8.317387839177525777e-01
5.968748488652332318e-01
5.014150470100851020e-01
5.660391435849854158e-01
3.005941404030707531e-01
3.428328096807748970e-01
4.295914862017878866e-01
4.425226319050159507e-01
6.277056176720268166e-01
3.214372896101957977e-01
8.311831544776182579e-01
8.207397888948708697e-01
3.256087436089780685e-01
3.295859165614158925e-01
2.306189233899476609e-01
3.166847119231572805e-01
1.306032710066539759e-01
3.008764078941710274e-01
4.070809439201518165e-01
1.519635386018121093e-01
2.578902149320834170e-01
1.765681314932617263e-01
1.505498333030894365e-01
1.531233346980617749e-01
5.455523641996654627e-01
2.117598454921962858e-01
2.860812052283931428e-01
3.143976447227151416e-01
3.190914139903018309e-01
8.363046199611610110e-01
3.395103837815121595e-01
2.042434550546220751e-01
6.509091600240102249e-01
3.451629321162468234e-01
3.124329415354338835e-01
2.946024017375103443e-01
3.586745539312758968e-01
8.462692872271422306e-01
4.466053645051744070e-01
2.248744219667422606e-01
2.475433114708003035e-01
3.476264795826532195e-02
1.371051219675193389e-01
7.178660361380514998e-02
2.454423994413763160e-02
5.181724478518553445e-01
3.994733921718570113e-01
3.545829772722410844e-01
3.257321999438522742e-01
2.020440838907326953e-01
1.891254637521087301e-01
2.365408201561054191e-01
4.352030708021785710e-01
3.442076752308445009e-01
6.629520454821751230e-01
3.933862179598290321e-01
3.438819297409193565e-01
6.549513883305865258e-01
3.876532286214595668e-01
4.208256796425766666e-01
4.911583931439394979e-01
3.174740414624899754e-01
6.150844787963506421e-01
3.127192418566031029e-01
3.110473997624306208e-01
1.114473097015238889e-01
1.128252383335597575e-01
1.114530125424801343e-01
1.051188687105927416e-01
2.041931704343764031e-01
1.647638145077742755e-01
1.248703824079171049e-01
1.322109316153153302e-01
1.791284373814422959e-01
2.491547812839029485e-01
4.805790816996430292e-01
3.924429605873813176e-01
2.073143545781917507e-01
2.173355010694505429e-01
2.610886105388171563e-01
8.426539047668238913e-01
1.893364130051983507e-01
3.236779376307028500e-01
3.040904255724179994e-01
2.751104382800785841e-01
1.714046356489481449e-01
2.791100119202957197e-01
2.040593504331343344e-01
4.988638759389854571e-01
3.087659398650740572e-01
4.460541329659279963e-01
4.400308967540753624e-01
2.795771688519795295e-01
2.620489284938293251e-01
2.019256935074995041e-01
3.983350469398938554e-01
3.171507564035455640e-01
3.184850038497526459e-01
2.505953851703832669e-01
4.248000294973733881e-01
2.982906414759207703e-01
6.101983786269216115e-01
6.460262868592271390e-01
6.167034251285241631e-01
6.197210103244580326e-01
4.732794330184374454e-01
4.058208565778194110e-01
5.765151309628608889e-01
5.333817320767120229e-01
6.425308082354118655e-01
3.410265905051282909e-01
3.620882017798961461e-01
7.833190500145601476e-01
1.687372699247746133e-01
7.000001309465273547e-01
3.347852953027613543e-01
1.591559276043615911e-01
3.570381776772594273e-01
3.780854266703458366e-01
6.858142299024250210e-01
6.616152550878203753e-01
7.129015652407799664e-01
3.564852258102748639e-01
4.935595709269807729e-01
3.758313906885186739e-01
6.858416688086640400e-01
6.615588813527719658e-01
8.211821073296655671e-01
4.965296912724057599e-01
7.018147793332720763e-01
6.981457063782703365e-01
6.937070139316561246e-01
3.860812223944172783e-01
4.228072282041205332e-01
3.847882521677469803e-01
5.295404434102809477e-01
8.233933246658559080e-01
4.408604383415083983e-01
2.186584979375200133e-01
4.195526045861593945e-01
2.869925470396330613e-01
3.632692048735330914e-01
2.344079572769317277e-01
3.023109951266056417e-01
2.342043115580879076e-01
3.196157974421531267e-01
5.396485657233019984e-01
3.137397812204947289e-01
5.177930256627042427e-01
4.274736294664668312e-01
2.515150152086369495e-01
2.000826309687602778e-01
2.345515645992688192e-01
3.995214781347177779e-01
6.678558839319731488e-01
2.378541739045496040e-01
4.129559584049498633e-01
2.397320902581765167e-01
2.736692018400410653e-01
5.593832976773185361e-01
2.962302779049649781e-01
4.492640614737301030e-01
6.151269131378753752e-01
6.355424630210750880e-01
7.997723137072624278e-01
2.994948902783923228e-01
2.629477431728595715e-01
2.482100624797922706e-01
5.691202366030790882e-01
3.737538980117406373e-01
5.329027823719177936e-01
2.441996356464864459e-01
8.021642103170677496e-01
3.226057313951350425e-01
2.870893350684775025e-01
5.517661090644280231e-01
5.746593065801501865e-01
4.159292296367045894e-01
4.215030505153921081e-01
8.122944621094847495e-01
8.280399720899997984e-01
3.367302164081439897e-01
3.301193871843879357e-01
5.387206074650636722e-01
4.898019151707989072e-01
5.805322099444782946e-01
3.741369678982323643e-01
4.983821849499056600e-01
5.159490083719207032e-01
3.673901921938158011e-01
5.937641643968728511e-01
6.088793040144906410e-01
6.764446220309517921e-01
6.187618390368593291e-01
3.996246369568529633e-01
6.964950383550837509e-01
8.130373849038519118e-01
6.440961687515929235e-01
6.073932705336578808e-01
3.954216543132411110e-01
4.256114452480631027e-01
3.792618696607401585e-01
8.087348895482564526e-01
7.358263402262759101e-01
8.099163588841835626e-01
6.532639792749679319e-01
6.025180807418794027e-01
4.415325798846612693e-01
6.283526296697334868e-01
8.080512763285979672e-01
6.024456803687534556e-01
8.040124778216330981e-01
7.129974416405335802e-01
5.652315860623018384e-01
4.165506482780035324e-01
3.328642590253108602e-01
5.046271884270103758e-01
5.570636029510863674e-01
5.853751553785482287e-01
6.342802430827495508e-01
4.600632594805486586e-01
5.671541465060329079e-01
5.110315543888882539e-01
6.651723008037104812e-01
5.030833693476968183e-01
7.052791267991360691e-01
4.648428415707503980e-01
5.700086320170646426e-01
7.046191641034837971e-01
5.948595879494151806e-01
7.134504704842531408e-01
6.229278400717986885e-01
7.180179878311112596e-01
5.000777816101609208e-01
7.519383176460001650e-01
5.088551461869175174e-01
4.852123745479323125e-01
7.121858284512281312e-01
4.251253036441664523e-01
4.772336546528613832e-01
7.415667366104241598e-01
5.265405153898224944e-01
6.188500524933736591e-01
3.466122213289594134e-01
6.032513856202710301e-01
3.566727896091204664e-01
3.780317351267059034e-01
5.132356347134562347e-01
3.315349820626676824e-01
4.847418419420734259e-01
6.005713386920887853e-01
6.093199424621729143e-01
5.139974298133993535e-01
7.292232956043065428e-01
7.302244693050271573e-01
6.310867933122338291e-01
7.540681022204148709e-01
4.422914472900453253e-01
4.651476624466157617e-01
6.375929683858867492e-01
4.062790632043468131e-01
4.334605403960164471e-01
5.805548533807198819e-01
6.793410344547008428e-01
7.373570867598255862e-01
7.691132087292724684e-01
4.754583948443548147e-01
7.562817450055850932e-01
4.711922743689546111e-01
6.143473317211780582e-01
7.459095292187595261e-01
7.688841159348434040e-01
4.113629180750968395e-01
5.000437938026225382e-01
5.874542698398277363e-01
7.665474817485873338e-01
5.433110134748531106e-01
7.833096995965828091e-01
5.504326514687312155e-01
6.512556643656329802e-01
4.221723916617567962e-01
7.824249452530416260e-01
4.129234172024294214e-01
6.114799593137575373e-01
5.976809331309984596e-01
4.737413189596610952e-01
6.750907508411834179e-01
7.946677607828617207e-01
3.063000881801554720e-01
6.347535318309363017e-01
3.575851787804575910e-01
5.649075992104096722e-01
3.122791448601718312e-01
4.533325154655234446e-01
3.465824741253776820e-01
6.457688145022494330e-01
5.113121735132363233e-01
3.708699714143421367e-01
7.682027685543584283e-01
3.156933519228519169e-01
8.282039017252887936e-01
7.090146854776604446e-01
5.052259993287682160e-01
4.733231866625530193e-01
4.888129154617224525e-01
7.247140265804137282e-01
7.560704689507357079e-01
4.695959561355236289e-01
4.912924927729018787e-01
7.686467407971049326e-01
4.978894621352831784e-01
7.434314156233328141e-01
4.157458454042949336e-01
5.462758863525030151e-01
6.447376025070244987e-01
3.977773402212433362e-01
4.173278582567104822e-01
7.046413216657516632e-01
7.685727909850459394e-01
7.699444744024370735e-01
6.148371454957066717e-01
4.711006332785990791e-01
6.595383278462492171e-01
7.140198269447026735e-01
7.459279840295829356e-01
4.943847198561341916e-01
5.361427149757742594e-01
7.474238637183053813e-01
7.800202622563414678e-01
7.806301363723656683e-01
5.662495023142455342e-01
8.264612111130278382e-01
6.840448458283865385e-01
7.593013956191754232e-01
4.465399300102285141e-01
4.912002804129736999e-01
7.848651413237497376e-01
5.996786681272592290e-01
7.568385594687374596e-01
4.453209033952321705e-01
6.346226961873687733e-01
5.879017141343773067e-01
6.440878402514894630e-01
5.104975621128277075e-01
4.890457001469822873e-01
5.060151476886112221e-01
5.880723676912118503e-01
3.983891932858436569e-01
4.758073633155910365e-01
5.414116574818423899e-01
5.462360221149271666e-01
6.335615599071415804e-01
4.956219602737659269e-01
7.802056553707334974e-01
5.366096367948895995e-01
4.579856648849980338e-01
4.774653800938468695e-01
4.775912458300251573e-01
7.182655855124719935e-01
4.037577858775954764e-01
6.031000687680483363e-01
6.154647319949346773e-01
6.742888571060147163e-01
8.083126106476634654e-01
4.295099857886581773e-01
6.992783973268108522e-01
4.397928324426755853e-01
7.334024525272747619e-01
4.571681667200165888e-01
7.045796663509651392e-01
4.755933083869796629e-01
7.022791805292079026e-01
3.817916466007725829e-01
4.060113159219514434e-01
4.362491505700271111e-01
7.390816181213841762e-01
3.964477909117065657e-01
5.131938421685199314e-01
6.740613015053324997e-01
4.705007622475669837e-01
5.085341404074371630e-01
3.541342078753240696e-01
5.773419413886449192e-01
5.103796333291068521e-01
6.642145035521981322e-01
6.855393912690034286e-01
4.296770820537066937e-01
6.212553166726112464e-01
5.395689357360580196e-01
4.957378136869018403e-01
7.465286031646222176e-01
6.264371289440600066e-01
8.234878985044090660e-01
5.316763004993139141e-01
6.445241776615473484e-01
4.002969868120704322e-01
6.829941032344086782e-01
4.631421668404474556e-01
7.945488441194894502e-01
4.537740179993914325e-01
5.938778840310536822e-01
4.550964820738780947e-01
3.586808318628435521e-01
3.397705684373892310e-01
4.111561167138156336e-01
5.192421814475640662e-01
3.985326454189211942e-01
7.436062798090217196e-01
6.827812817721348182e-01
3.868488076198242087e-01
6.931442916699667167e-01
8.054281737046251610e-01
7.945176767795766315e-01
7.200290437137709665e-01
4.213164522639407661e-01
4.288157262448626939e-01
3.876153918375747076e-01
5.535561150959772414e-01
6.819916911985157704e-01
5.087735824275378960e-01
4.461618222592750316e-01
6.210165174685852163e-01
6.557404515900826514e-01
7.083886778997064981e-01
4.487368718716732152e-01
6.183990764173121768e-01
4.242790515703090959e-01
5.215150706041110640e-01
5.682889747868482555e-01
6.824027392688615246e-01
6.869937034961753897e-01
6.683573314861853687e-01
6.168710456708099699e-01
4.067852341478682687e-01
5.957427671777320022e-01
7.267779837488255179e-01
7.980771154232696452e-01
4.084906944009020768e-01
4.175005400814767453e-01
6.844596119657175848e-01
7.802371140341159972e-01
7.465301349146318266e-01
7.539458523226149067e-01
6.600707189119419116e-01
8.150169668263642642e-01
5.400108260671994120e-01
4.497629678482659710e-01
7.454304307938254270e-01
2.962536648470937006e-01
4.528326411347508573e-01
4.559347169022076596e-01
7.998239283386109344e-01
2.540937264132392404e-01
4.651162890202739097e-01
4.176901104928427699e-01
3.364785107459522528e-01
7.097773995392743229e-01
2.653943887380526556e-01
2.496475845997339627e-01
7.610391915425332998e-01
2.958906371809672531e-01
4.883634361825746643e-04
8.549437214866881796e-01
4.379567964370466304e-03
8.548893495906330076e-01
1.207892058293193009e-02
8.547985958695203390e-01
2.342361758881227399e-02
3.817764245606030532e-02
8.545070579979514580e-01
5.604131176669990833e-02
8.543056288618067207e-01
7.666342467577764996e-02
8.540665269671916526e-01
8.527215849335836317e-01
1.787218892513891821e-01
8.531174921079847095e-01
9.965537213390243676e-02
1.510986049554082222e-01
8.534731117030400771e-01
1.246063407263498513e-01
2.070859090546936232e-01
8.518053448293398944e-01
2.646325902871640157e-01
8.512830055036736399e-01
2.932111810755920200e-01
8.507163613078594366e-01
2.358304427297959749e-01
3.213285509306094134e-01
8.494451035616431556e-01
3.754420581689956182e-01
8.487377102407628326e-01
4.011681824497818072e-01
3.487900900566406337e-01
8.546712592965626243e-01
8.479804449149869194e-01
8.537892248699561204e-01
4.883634361880691841e-04
4.258855157683051895e-01
8.549437214898503168e-01
4.379567964370905189e-03
8.548893495864111625e-01
8.522845217053814926e-01
4.495399593507751757e-01
8.463095407414680249e-01
8.453922257911723470e-01
4.721017655121514389e-01
4.935612471337961771e-01
8.444176747732801136e-01
1.207892058293074007e-02
8.547985958788577587e-01
5.604131176673791959e-02
8.545070579988226500e-01
2.342361758879659556e-02
8.543056288626869055e-01
3.817764245612146473e-02
5.139248409513843541e-01
7.666342467580512798e-02
8.540665269689801109e-01
8.501041734388612436e-01
8.422880686774866232e-01
5.514501902040178649e-01
8.411282496733973879e-01
5.332116062128490208e-01
5.686762565434357874e-01
9.965537213387097581e-02
8.531174921081872142e-01
1.510986049553691146e-01
8.534731117033019787e-01
1.246063407262700262e-01
1.787218892513302848e-01
8.399016491977970844e-01
8.527215849337186349e-01
8.471716473803693193e-01
5.849303488586692357e-01
2.070859090544466263e-01
2.932111810753881276e-01
8.512830055038269617e-01
2.646325902874048230e-01
8.518053448293769758e-01
8.507163613080237496e-01
2.358304427296353256e-01
6.146990815985642342e-01
8.372367663947717364e-01
8.433837244863782168e-01
8.357923491639618341e-01
6.002561488755739916e-01
6.283052188936697480e-01
8.342688555362202107e-01
3.213285509305165988e-01
4.011681824495897941e-01
8.487377102406918894e-01
3.754420581686268577e-01
8.494451035616084056e-01
3.487900900569709250e-01
8.479804449148494738e-01
8.546712592956789978e-01
6.411204347094285882e-01
4.258855157681351589e-01
8.309700339327001917e-01
6.645569620253121146e-01
8.291867949903066748e-01
8.537892248697700470e-01
8.522845217050345479e-01
4.721017655123239121e-01
8.453922257911982152e-01
4.935612471338312046e-01
8.463095407415512916e-01
4.495399593508220271e-01
8.444176747732311528e-01
5.139248409512817695e-01
6.531897689788667138e-01
6.752641263773853098e-01
8.273086224581123194e-01
8.501041734387593252e-01
6.853515278557351653e-01
7.122677644685547760e-01
8.210564536257050072e-01
7.038181392281313009e-01
8.232485796068699235e-01
5.332116062129053091e-01
8.422880686774244507e-01
5.514501902039379289e-01
8.471716473803985181e-01
8.411282496734364678e-01
5.686762565434927419e-01
8.187488337287645024e-01
8.399016491978126275e-01
8.433837244864170746e-01
5.849303488586361510e-01
8.372367663948396821e-01
6.146990815986832501e-01
6.948574524015667109e-01
7.202384625508987392e-01
8.137624965443772673e-01
7.348617193533599767e-01
8.110703887254404609e-01
7.415688696352256137e-01
8.082359382590166286e-01
6.002561488756485986e-01
7.277603751069048332e-01
8.357923491639618341e-01
7.479064472411562914e-01
7.595631720615000360e-01
7.987962995351557405e-01
8.021077016832771633e-01
6.283052188936105731e-01
8.342688555361781333e-01
6.411204347095071920e-01
7.649236520625156688e-01
7.953072300060624045e-01
7.538974147474507559e-01
7.699974143087138234e-01
7.877533807254000209e-01
7.793526975566308357e-01
7.836652680530313830e-01
7.836652680530342696e-01
8.309700339326917540e-01
6.531897689787734551e-01
6.645569620252927967e-01
8.291867949903070079e-01
7.793526975566313908e-01
7.649236520625158908e-01
7.953072300060585187e-01
7.987962995351567397e-01
7.699974143087110479e-01
7.595631720615034777e-01
8.052512099841988569e-01
8.273086224580962211e-01
7.916300079534088763e-01
7.748017357281503648e-01
7.877533807254009091e-01
8.232485796068662598e-01
7.038181392281201987e-01
8.021077016832740547e-01
7.479064472411589559e-01
8.082359382590132979e-01
7.348617193533590886e-01
8.110703887254488986e-01
7.415688696352180642e-01
7.122677644685621035e-01
8.187488337287541773e-01
8.163196710278498580e-01
8.253308704467228196e-01
6.853515278557621437e-01
8.137624965443718272e-01
6.752641263773280222e-01
7.538974147474452048e-01
8.210564536257138890e-01
7.202384625508795324e-01
6.948574524015753706e-01
7.916300079534086542e-01
7.748017357281546946e-01
7.277603751069041671e-01
8.052512099841994120e-01
8.253308704467144929e-01
8.163196710278455281e-01
8.326626933713758838e-01
8.386054783083152220e-01
8.326626933713989764e-01
1.000000000000000072e-18
