1.000000000000000072e-18
1.000000000000000072e-18
1.000000000000000072e-18
1.000000000000000072e-18
1.000000000000000072e-18
1.000000000000000072e-18
1.000000000000000072e-18
1.000000000000000072e-18
1.000000000000000072e-18
1.000000000000000072e-18
1.000000000000000072e-18
1.000000000000000072e-18
1.000000000000000072e-18
1.000000000000000072e-18
1.000000000000000072e-18
1.000000000000000072e-18
1.000000000000000072e-18
1.000000000000000072e-18
1.000000000000000072e-18
1.000000000000000072e-18
1.000000000000000072e-18
1.000000000000000072e-18
1.000000000000000072e-18
1.000000000000000072e-18
1.000000000000000072e-18
1.000000000000000072e-18
1.000000000000000072e-18
1.000000000000000072e-18
1.000000000000000072e-18
1.000000000000000072e-18
1.000000000000000072e-18
1.000000000000000072e-18
1.000000000000000072e-18
1.000000000000000072e-18
1.000000000000000072e-18
1.000000000000000072e-18
1.000000000000000072e-18
1.000000000000000072e-18
1.000000000000000072e-18
1.000000000000000072e-18
1.000000000000000072e-18
1.000000000000000072e-18
1.000000000000000072e-18
1.000000000000000072e-18
1.000000000000000072e-18
1.000000000000000072e-18
1.000000000000000072e-18
1.000000000000000072e-18
1.000000000000000072e-18
1.000000000000000072e-18
1.000000000000000072e-18
1.000000000000000072e-18
1.000000000000000072e-18
1.000000000000000072e-18
1.000000000000000072e-18
1.000000000000000072e-18
1.000000000000000072e-18
1.000000000000000072e-18
1.000000000000000072e-18
1.000000000000000072e-18
1.000000000000000072e-18
1.000000000000000072e-18
1.000000000000000072e-18
1.000000000000000072e-18
1.000000000000000072e-18
1.000000000000000072e-18
1.000000000000000072e-18
1.000000000000000072e-18
1.000000000000000072e-18
1.000000000000000072e-18
1.000000000000000072e-18
1.000000000000000072e-18
1.000000000000000072e-18
1.000000000000000072e-18
1.000000000000000072e-18
1.000000000000000072e-18
1.000000000000000072e-18
1.000000000000000072e-18
1.000000000000000072e-18
1.000000000000000072e-18
1.000000000000000072e-18
1.000000000000000072e-18
1.000000000000000072e-18
1.000000000000000072e-18
1.000000000000000072e-18
1.000000000000000072e-18
1.000000000000000072e-18
1.000000000000000072e-18
1.000000000000000072e-18
1.000000000000000072e-18
1.000000000000000072e-18
1.000000000000000072e-18
1.000000000000000072e-18
1.000000000000000072e-18
1.000000000000000072e-18
1.000000000000000072e-18
1.000000000000000072e-18
1.000000000000000072e-18
1.000000000000000072e-18
1.000000000000000072e-18
1.000000000000000072e-18
1.000000000000000072e-18
1.000000000000000072e-18
1.000000000000000072e-18
1.000000000000000072e-18
1.000000000000000072e-18
1.000000000000000072e-18
1.000000000000000072e-18
1.000000000000000072e-18
1.000000000000000072e-18
1.000000000000000072e-18
1.000000000000000072e-18
1.000000000000000072e-18
1.000000000000000072e-18
1.000000000000000072e-18
1.000000000000000072e-18
1.000000000000000072e-18
1.000000000000000072e-18
1.000000000000000072e-18
1.000000000000000072e-18
1.000000000000000072e-18
1.000000000000000072e-18
1.000000000000000072e-18
1.000000000000000072e-18
1.000000000000000072e-18
1.000000000000000072e-18
1.000000000000000072e-18
1.000000000000000072e-18
1.000000000000000072e-18
1.000000000000000072e-18
1.000000000000000072e-18
1.000000000000000072e-18
1.000000000000000072e-18
1.000000000000000072e-18
1.000000000000000072e-18
1.000000000000000072e-18
1.000000000000000072e-18
1.000000000000000072e-18
1.000000000000000072e-18
1.000000000000000072e-18
1.000000000000000072e-18
1.000000000000000072e-18
1.000000000000000072e-18
1.000000000000000072e-18
1.000000000000000072e-18
1.000000000000000072e-18
1.000000000000000072e-18
1.000000000000000072e-18
1.000000000000000072e-18
1.000000000000000072e-18
1.000000000000000072e-18
1.000000000000000072e-18
1.000000000000000072e-18
1.000000000000000072e-18
1.000000000000000072e-18
1.000000000000000072e-18
1.000000000000000072e-18
1.000000000000000072e-18
1.000000000000000072e-18
1.000000000000000072e-18
1.000000000000000072e-18
1.000000000000000072e-18
1.000000000000000072e-18
1.000000000000000072e-18
1.000000000000000072e-18
1.000000000000000072e-18
1.000000000000000072e-18
5.393033696933195131e-11
1.584517274474261305e-10
2.593377708812116866e-10
3.574244511380722212e-10
4.534162902938976210e-10
5.479150456084680186e-10
6.414414521913179270e-10
7.344519155012328141e-10
8.273514852866173995e-10
9.205040567478769359e-10
1.014240480302389803e-09
1.108865077335610840e-09
1.204660929453093885e-09
1.301894215878429413e-09
1.400817806422984922e-09
1.501674268251188648e-09
1.604698408272985641e-09
1.710119445816595382e-09
1.818162889751618245e-09
1.929052178666657091e-09
2.043010130783004536e-09
2.160260241087439734e-09
2.281027856024016914e-09
2.405541250502096081e-09
2.534032627592417329e-09
2.666739057819924329e-09
2.803903372216533564e-09
2.945775021113071066e-09
3.092610908907289298e-09
3.244676213654020187e-09
3.402245199212631210e-09
3.565602026800878069e-09
3.735041572101815191e-09
3.910870253515647715e-09
4.093406876717184836e-09
4.282983500349895651e-09
4.479946327442369138e-09
4.684656626961732020e-09
4.897491689807292241e-09
5.118845823491380836e-09
5.349131389745633176e-09
5.588779889322683768e-09
5.838243098336319396e-09
6.097994260588615835e-09
6.368529340473789705e-09
6.650368341220515859e-09
6.944056693436729525e-09
7.250166719155765680e-09
7.569299176845337848e-09
7.902084893136140460e-09
8.249186487353329756e-09
8.611300195291797029e-09
8.989157799069796656e-09
9.383528670322468742e-09
9.795221934462406271e-09
1.022508876423931693e-08
1.067402481137689635e-08
1.114297278565773094e-08
1.163292519146522487e-08
1.214492723248334015e-08
1.268007989600111515e-08
1.323954322907269505e-08
1.382453981965522940e-08
1.443635849678319832e-08
1.507635826485111272e-08
1.574597248816971947e-08
1.644671334314004766e-08
1.718017655666389756e-08
1.794804645078550930e-08
1.875210131504424379e-08
1.959421912962503555e-08
2.047638366412803796e-08
2.140069097865494340e-08
2.236935635594013975e-08
2.338472169544780299e-08
2.444926340273452412e-08
2.556560080994668530e-08
2.673650516610858478e-08
2.796490923887634409e-08
2.925391757270119217e-08
3.060681745189521595e-08
3.202709062093771340e-08
3.351842581853646522e-08
3.508473218649004634e-08
3.673015361931968465e-08
3.845908412598654315e-08
4.027618428082507360e-08
4.218639884714407981e-08
4.419497566382482446e-08
4.630748589273381394e-08
4.852984573291661080e-08
5.086833971642480931e-08
5.332964571030354334e-08
5.592086175982934391e-08
5.864953491959816333e-08
6.152369223164091578e-08
6.455187402346708830e-08
6.774316971394068928e-08
7.110725633128787840e-08
7.465443996547462866e-08
7.839570039680983550e-08
8.234273916412927416e-08
8.650803135944579250e-08
9.090488146175372215e-08
9.554748355097623822e-08
1.004509862740804125e-07
1.056315629694803099e-07
1.111064873932820913e-07
1.168942155320964096e-07
1.230144740323856342e-07
1.294883558261446832e-07
1.363384235875461365e-07
1.435888217156169919e-07
1.512653976046380407e-07
1.593958330374468863e-07
1.680097866179604288e-07
1.771390482488493307e-07
1.868177067593515819e-07
1.970823318977733182e-07
2.079721720244892508e-07
2.195293689755661386e-07
2.317991917159916576e-07
2.448302905666103509e-07
2.586749739721205625e-07
2.733895099810529426e-07
2.890344548349345623e-07
3.056750113155472247e-07
3.233814197794308113e-07
3.422293851210218511e-07
3.623005432539321853e-07
3.836829710884364693e-07
4.064717444171196671e-07
4.307695486057039831e-07
4.566873475287338011e-07
4.843451167973825602e-07
5.138726480076658123e-07
5.454104315011861523e-07
5.791106259881971219e-07
6.151381243465818065e-07
6.536717259945048907e-07
6.949054274552843400e-07
7.390498441087725898e-07
7.863337776759282855e-07
8.370059457361173278e-07
8.913368915586604061e-07
9.496210947730548372e-07
1.012179305943442894e-06
1.079361130995270087e-06
1.151547894714805805e-06
1.229155816262914414e-06
1.312639533879084125e-06
1.402496020777277541e-06
1.499268939740697986e-06
1.603553490212025730e-06
1.716001808869561014e-06
1.837328992919393594e-06
1.968319824783259608e-06
2.109836287714359771e-06
2.262825974354391969e-06
2.428331504619731699e-06
2.607501085884714096e-06
2.801600367582392910e-06
3.012025764501597657e-06
3.240319448735623925e-06
3.488186240039837199e-06
3.757512659002941632e-06
4.050388447786868540e-06
4.369130910263366175e-06
4.716312478392065088e-06
5.094791976103026759e-06
5.507750127517516855e-06
5.958729945168548446e-06
6.451682738501459867e-06
6.991020606409994503e-06
7.581676423600072339e-06
8.229172503677177234e-06
8.939699327502213385e-06
9.720205970243126379e-06
1.057850415285453707e-05
1.152338819348958538e-05
1.256477355396156160e-05
1.371385718110457861e-05
1.498330345165570186e-05
1.638746026562722067e-05
1.794261072639076690e-05
1.966726693257924395e-05
2.158251373355909869e-05
2.371241192479225259e-05
2.608447235553312219e-05
2.873021488257184402e-05
3.168582914959903579e-05
3.499295795539042741e-05
3.869962869262563878e-05
4.286136424803668250e-05
4.754251218567552459e-05
5.281784042235726886e-05
5.877445951810850427e-05
6.551414689858784063e-05
7.315616780318730901e-05
8.184071285262462859e-05
9.173310465852172813e-05
1.030289683016912601e-04
1.159606161263258698e-04
1.308049707286988023e-04
1.478934476308535961e-04
1.676243498250278930e-04
1.904785027062292930e-04
2.170390977419192472e-04
2.480170422277884934e-04
2.842835679141544804e-04
3.269124878591999272e-04
3.772353898013394431e-04
4.369143377651440313e-04
5.080385075616099732e-04
5.932538937407694007e-04
6.959392462138660465e-04
8.204474427677258853e-04
9.724407445098811340e-04
1.159362740816961964e-03
1.391112515961626843e-03
1.681023257441095374e-03
2.047308050586684434e-03
2.515237841414946860e-03
3.120493776785204093e-03
3.914452202328268411e-03
4.972742158003091995e-03
6.409522605652288700e-03
8.402116208056371882e-03
1.123514741520716988e-02
1.538304654118136279e-02
2.167169108670862626e-02
3.161165311446104825e-02
4.812182834073748527e-02
7.716830875686671309e-02
1.314083220726919021e-01
2.345968337770051593e-01
3.780152226501310442e-01
3.865595263473061705e-01
2.797603922083381489e-01
1.929635829907800915e-01
1.387509509525264029e-01
1.052996032778845126e-01
8.393022760185459008e-02
6.971872055419299496e-02
5.993137353078471785e-02
5.300855195707360884e-02
4.802581877642671943e-02
4.441433579158898109e-02
4.181256267522092535e-02
3.998488036808307833e-02
3.877533769471438324e-02
3.808051087168284887e-02
3.783316836168595931e-02
3.799229018690133963e-02
3.853698702877385307e-02
3.946293609008985626e-02
4.078054963819306711e-02
4.251444349508370912e-02
4.470399274074789153e-02
4.740491315762838942e-02
5.069192496614515625e-02
5.466266153243057313e-02
5.944309320413645320e-02
6.519485203732088008e-02
7.212496445793767363e-02
8.049860356980773068e-02
9.065549057048626069e-02
1.030303152434913078e-01
1.181765137747167183e-01
1.367896644269246120e-01
1.597184061828444135e-01
1.879293501456608118e-01
2.223416785965341425e-01
2.633467143461803994e-01
3.097168212958281708e-01
3.568244957660537953e-01
3.954621685667824571e-01
4.146005509641871867e-01
4.087595987518495289e-01
3.822840374341252012e-01
3.449163752588522147e-01
3.051759321089307919e-01
2.679201450748789348e-01
2.350938915993209255e-01
2.070505410592599627e-01
1.834480113806828960e-01
1.637105943600711822e-01
1.472358968288239589e-01
1.334764003059028536e-01
1.219641573822660280e-01
1.123113518210249323e-01
1.042017228987694444e-01
9.737951413126311184e-02
9.163874135891481032e-02
8.681380560916390765e-02
8.277168903224238483e-02
7.940564535086912235e-02
7.663018210209705805e-02
7.437711244056004201e-02
7.259247345206724933e-02
7.123413985104494472e-02
7.026999517113674543e-02
6.967655259778524068e-02
6.943794313705499432e-02
6.954520997103055824e-02
6.999586526197384972e-02
7.079368012414191669e-02
7.194869074602423809e-02
7.347741438586478935e-02
7.540327873163117645e-02
7.775727733193790736e-02
8.057887272132405188e-02
8.391717750195490377e-02
8.783245164806129102e-02
9.239796066575571565e-02
9.770224181547557118e-02
1.038518201558083220e-01
1.109743946667803294e-01
1.192224621027525161e-01
1.287772342880341703e-01
1.398524801151153629e-01
1.526974857377203509e-01
1.675974844901197414e-01
1.848683066525347030e-01
2.048390108445655722e-01
2.278109135400369911e-01
2.539727414034017028e-01
2.832404790589135857e-01
3.149858296446916839e-01
3.476490958134549336e-01
3.783594622373672167e-01
4.029347901790092945e-01
4.167888798493838420e-01
4.167888798493838420e-01
4.029347901790092945e-01
3.783594622373672167e-01
3.476490958134549336e-01
3.149858296446916839e-01
2.832404790589135857e-01
2.539727414034017028e-01
2.278109135400369911e-01
2.048390108445655722e-01
1.848683066525347030e-01
1.675974844901197414e-01
1.526974857377203509e-01
1.398524801151153629e-01
1.287772342880341703e-01
1.192224621027525161e-01
1.109743946667803294e-01
1.038518201558089188e-01
9.770224181547557118e-02
9.239796066575571565e-02
8.783245164806129102e-02
8.391717750195490377e-02
8.057887272132432943e-02
7.775727733193790736e-02
7.540327873163117645e-02
7.347741438586478935e-02
7.194869074602423809e-02
7.079368012414201383e-02
6.999586526197384972e-02
6.954520997103055824e-02
6.943794313705499432e-02
6.967655259778524068e-02
7.026999517113666216e-02
7.123413985104494472e-02
7.259247345206724933e-02
7.437711244056004201e-02
7.663018210209705805e-02
7.940564535086883091e-02
8.277168903224238483e-02
8.681380560916390765e-02
9.163874135891481032e-02
9.737951413126311184e-02
1.042017228987694444e-01
1.123113518210249323e-01
1.219641573822660280e-01
1.334764003059028536e-01
1.472358968288239589e-01
1.637105943600711822e-01
1.834480113806828960e-01
2.070505410592599627e-01
2.350938915993209255e-01
2.679201450748789348e-01
3.051759321089307919e-01
3.449163752588522147e-01
3.822840374341252012e-01
4.087595987518495289e-01
4.146005509641871867e-01
3.954621685667809583e-01
3.568244957660537953e-01
3.097168212958281708e-01
2.633467143461825644e-01
2.223416785965341425e-01
1.879293501456593685e-01
1.597184061828457458e-01
1.367896644269246120e-01
1.181765137747174677e-01
1.030303152434913078e-01
9.065549057048573334e-02
8.049860356980821641e-02
7.212496445793767363e-02
6.519485203732122702e-02
5.944309320413645320e-02
5.466266153243032333e-02
5.069192496614535748e-02
4.740491315762838942e-02
4.470399274074798868e-02
4.251444349508370912e-02
4.078054963819301854e-02
3.946293609008991177e-02
3.853698702877385307e-02
3.799229018690136739e-02
3.783316836168595931e-02
3.808051087168291132e-02
3.877533769471433467e-02
3.998488036808307833e-02
4.181256267522077963e-02
4.441433579158898109e-02
4.802581877642694841e-02
5.300855195707330353e-02
5.993137353078471785e-02
6.971872055419235659e-02
8.393022760185459008e-02
1.052996032778845126e-01
1.387509509525242657e-01
1.929635829907800915e-01
2.797603922083333194e-01
3.865595263473061705e-01
3.780152226501310442e-01
2.345968337770118206e-01
1.314083220726919021e-01
7.716830875686499225e-02
4.812182834073748527e-02
3.161165311446104825e-02
2.167169108670897321e-02
1.538304654118136279e-02
1.123514741520701722e-02
8.402116208056371882e-03
6.409522605652288700e-03
4.972742158003151842e-03
3.914452202328268411e-03
3.120493776785175036e-03
2.515237841414946860e-03
2.047308050586684434e-03
1.681023257441109685e-03
1.391112515961626843e-03
1.159362740816952207e-03
9.724407445098811340e-04
8.204474427677258853e-04
6.959392462138722264e-04
5.932538937407694007e-04
5.080385075616056364e-04
4.369143377651473381e-04
3.772353898013394431e-04
3.269124878592020414e-04
2.842835679141544804e-04
2.480170422277868671e-04
2.170390977419204399e-04
1.904785027062292930e-04
1.676243498250290043e-04
1.478934476308535961e-04
1.308049707286979620e-04
1.159606161263263712e-04
1.030289683016912601e-04
9.173310465852220247e-05
8.184071285262462859e-05
7.315616780318691598e-05
6.551414689858815234e-05
5.877445951810850427e-05
5.281784042235756701e-05
4.754251218567552459e-05
4.286136424803645210e-05
3.869962869262582174e-05
3.499295795539042741e-05
3.168582914959916454e-05
2.873021488257184402e-05
2.608447235553312219e-05
2.371241192479233730e-05
2.158251373355909869e-05
1.966726693257932527e-05
1.794261072639076690e-05
1.638746026562722067e-05
1.498330345165576454e-05
1.371385718110457861e-05
1.256477355396161920e-05
1.152338819348958538e-05
1.057850415285453707e-05
9.720205970243161954e-06
8.939699327502213385e-06
8.229172503677146741e-06
7.581676423600072339e-06
6.991020606409994503e-06
6.451682738501494596e-06
5.958729945168548446e-06
5.507750127517499067e-06
5.094791976103026759e-06
4.716312478392065088e-06
4.369130910263382268e-06
4.050388447786868540e-06
3.757512659002924691e-06
3.488186240039837199e-06
3.240319448735623925e-06
3.012025764501606551e-06
2.801600367582392910e-06
2.607501085884706472e-06
2.428331504619741016e-06
2.262825974354391969e-06
2.109836287714366547e-06
1.968319824783259608e-06
1.837328992919387029e-06
1.716001808869565460e-06
1.603553490212025730e-06
1.499268939740702857e-06
1.402496020777277541e-06
1.312639533879082431e-06
1.229155816262918014e-06
1.151547894714805805e-06
1.079361130995273475e-06
1.012179305943442894e-06
9.496210947730515550e-07
8.913368915586632648e-07
8.370059457361173278e-07
7.863337776759313560e-07
7.390498441087725898e-07
6.949054274552817989e-07
6.536717259945067966e-07
6.151381243465818065e-07
5.791106259881991336e-07
5.454104315011861523e-07
5.138726480076643300e-07
4.843451167973840425e-07
4.566873475287338011e-07
4.307695486057050419e-07
4.064717444171196671e-07
3.836829710884364693e-07
3.623005432539334029e-07
3.422293851210218511e-07
3.233814197794319759e-07
3.056750113155472247e-07
2.890344548349345623e-07
2.733895099810536308e-07
2.586749739721205625e-07
2.448302905666113039e-07
2.317991917159916576e-07
2.195293689755661386e-07
2.079721720244897802e-07
1.970823318977733182e-07
1.868177067593511319e-07
1.771390482488493307e-07
1.680097866179604288e-07
1.593958330374475216e-07
1.512653976046380407e-07
1.435888217156165948e-07
1.363384235875461365e-07
1.294883558261446832e-07
1.230144740323859783e-07
1.168942155320964096e-07
1.111064873932818796e-07
1.056315629694803099e-07
1.004509862740804125e-07
9.554748355097648968e-08
9.090488146175372215e-08
8.650803135944563368e-08
8.234273916412949915e-08
7.839570039680983550e-08
7.465443996547482718e-08
7.110725633128787840e-08
6.774316971394046429e-08
6.455187402346723388e-08
6.152369223164091578e-08
5.864953491959829568e-08
5.592086175982934391e-08
5.332964571030344408e-08
5.086833971642492180e-08
4.852984573291661080e-08
4.630748589273391982e-08
4.419497566382482446e-08
4.218639884714399378e-08
4.027618428082515301e-08
3.845908412598654315e-08
3.673015361931978392e-08
3.508473218649004634e-08
3.351842581853638581e-08
3.202709062093778619e-08
3.060681745189521595e-08
2.925391757270127820e-08
2.796490923887634409e-08
2.673650516610853515e-08
2.556560080994673493e-08
2.444926340273452412e-08
2.338472169544783608e-08
2.236935635594013975e-08
2.140069097865494340e-08
2.047638366412806774e-08
1.959421912962503555e-08
1.875210131504427357e-08
1.794804645078550930e-08
1.718017655666389756e-08
1.644671334314008737e-08
1.574597248816971947e-08
1.507635826485110280e-08
1.443635849678319832e-08
1.382453981965522940e-08
1.323954322907272152e-08
1.268007989600111515e-08
1.214492723248333354e-08
1.163292519146522487e-08
1.114297278565773094e-08
1.067402481137691620e-08
1.022508876423931693e-08
9.795221934462398000e-09
9.383528670322468742e-09
8.989157799069796656e-09
8.611300195291815227e-09
8.249186487353329756e-09
7.902084893136140460e-09
7.569299176845337848e-09
7.250166719155765680e-09
6.944056693436746896e-09
6.650368341220515859e-09
6.368529340473789705e-09
6.097994260588615835e-09
5.838243098336319396e-09
5.588779889322695348e-09
5.349131389745633176e-09
5.118845823491380836e-09
4.897491689807292241e-09
4.684656626961732020e-09
4.479946327442384855e-09
4.282983500349895651e-09
4.093406876717184836e-09
3.910870253515647715e-09
3.735041572101815191e-09
3.565602026800885927e-09
3.402245199212631210e-09
3.244676213654020187e-09
3.092610908907289298e-09
2.945775021113071066e-09
2.803903372216540182e-09
2.666739057819924329e-09
2.534032627592417329e-09
2.405541250502096081e-09
2.281027856024016914e-09
2.160260241087444697e-09
2.043010130783004536e-09
1.929052178666657091e-09
1.818162889751618245e-09
1.710119445816595382e-09
1.604698408272989777e-09
1.501674268251188648e-09
1.400817806422984922e-09
1.301894215878429413e-09
1.204660929453093885e-09
1.108865077335615183e-09
1.014240480302389803e-09
9.205040567478769359e-10
8.273514852866199844e-10
7.344519155012328141e-10
6.414414521913121368e-10
5.479150456084680186e-10
4.534162902938976210e-10
3.574244511380787352e-10
2.593377708812116866e-10
1.584517274474193838e-10
5.393033696933195131e-11
1.000000000000000072e-18
1.000000000000000072e-18
1.000000000000000072e-18
1.000000000000000072e-18
1.000000000000000072e-18
1.000000000000000072e-18
1.000000000000000072e-18
1.000000000000000072e-18
1.000000000000000072e-18
1.000000000000000072e-18
1.000000000000000072e-18
1.000000000000000072e-18
1.000000000000000072e-18
1.000000000000000072e-18
1.000000000000000072e-18
1.000000000000000072e-18
1.000000000000000072e-18
1.000000000000000072e-18
1.000000000000000072e-18
1.000000000000000072e-18
1.000000000000000072e-18
1.000000000000000072e-18
1.000000000000000072e-18
1.000000000000000072e-18
1.000000000000000072e-18
1.000000000000000072e-18
1.000000000000000072e-18
1.000000000000000072e-18
1.000000000000000072e-18
1.000000000000000072e-18
1.000000000000000072e-18
1.000000000000000072e-18
1.000000000000000072e-18
1.000000000000000072e-18
1.000000000000000072e-18
1.000000000000000072e-18
1.000000000000000072e-18
1.000000000000000072e-18
1.000000000000000072e-18
1.000000000000000072e-18
1.000000000000000072e-18
1.000000000000000072e-18
1.000000000000000072e-18
1.000000000000000072e-18
1.000000000000000072e-18
1.000000000000000072e-18
1.000000000000000072e-18
1.000000000000000072e-18
1.000000000000000072e-18
1.000000000000000072e-18
1.000000000000000072e-18
1.000000000000000072e-18
1.000000000000000072e-18
1.000000000000000072e-18
1.000000000000000072e-18
1.000000000000000072e-18
1.000000000000000072e-18
1.000000000000000072e-18
1.000000000000000072e-18
1.000000000000000072e-18
1.000000000000000072e-18
1.000000000000000072e-18
1.000000000000000072e-18
1.000000000000000072e-18
1.000000000000000072e-18
1.000000000000000072e-18
1.000000000000000072e-18
1.000000000000000072e-18
1.000000000000000072e-18
1.000000000000000072e-18
1.000000000000000072e-18
1.000000000000000072e-18
1.000000000000000072e-18
1.000000000000000072e-18
1.000000000000000072e-18
1.000000000000000072e-18
1.000000000000000072e-18
1.000000000000000072e-18
1.000000000000000072e-18
1.000000000000000072e-18
1.000000000000000072e-18
1.000000000000000072e-18
1.000000000000000072e-18
1.000000000000000072e-18
1.000000000000000072e-18
1.000000000000000072e-18
1.000000000000000072e-18
1.000000000000000072e-18
1.000000000000000072e-18
1.000000000000000072e-18
1.000000000000000072e-18
1.000000000000000072e-18
1.000000000000000072e-18
1.000000000000000072e-18
1.000000000000000072e-18
1.000000000000000072e-18
1.000000000000000072e-18
1.000000000000000072e-18
1.000000000000000072e-18
1.000000000000000072e-18
1.000000000000000072e-18
1.000000000000000072e-18
1.000000000000000072e-18
1.000000000000000072e-18
1.000000000000000072e-18
1.000000000000000072e-18
1.000000000000000072e-18
1.000000000000000072e-18
1.000000000000000072e-18
1.000000000000000072e-18
1.000000000000000072e-18
1.000000000000000072e-18
1.000000000000000072e-18
1.000000000000000072e-18
1.000000000000000072e-18
1.000000000000000072e-18
1.000000000000000072e-18
1.000000000000000072e-18
1.000000000000000072e-18
1.000000000000000072e-18
1.000000000000000072e-18
1.000000000000000072e-18
1.000000000000000072e-18
1.000000000000000072e-18
1.000000000000000072e-18
1.000000000000000072e-18
1.000000000000000072e-18
1.000000000000000072e-18
1.000000000000000072e-18
1.000000000000000072e-18
1.000000000000000072e-18
1.000000000000000072e-18
1.000000000000000072e-18
1.000000000000000072e-18
1.000000000000000072e-18
1.000000000000000072e-18
1.000000000000000072e-18
1.000000000000000072e-18
1.000000000000000072e-18
1.000000000000000072e-18
1.000000000000000072e-18
1.000000000000000072e-18
1.000000000000000072e-18
1.000000000000000072e-18
1.000000000000000072e-18
1.000000000000000072e-18
1.000000000000000072e-18
1.000000000000000072e-18
1.000000000000000072e-18
1.000000000000000072e-18
1.000000000000000072e-18
1.000000000000000072e-18
1.000000000000000072e-18
1.000000000000000072e-18
1.000000000000000072e-18
1.000000000000000072e-18
1.000000000000000072e-18
1.000000000000000072e-18
1.000000000000000072e-18
1.000000000000000072e-18
1.000000000000000072e-18
1.000000000000000072e-18
1.000000000000000072e-18
1.000000000000000072e-18
1.000000000000000072e-18
1.000000000000000072e-18
1.000000000000000072e-18
1.324055920976737952e-02
6.491956141548226381e-03
3.555534166852059464e-03
8.464996936947648612e-03
6.458704032948625606e-03
6.500372062000523560e-03
2.383679943971272683e-02
3.683381248805512979e-03
2.166051600018037426e-03
7.661174591229490474e-03
3.131987540186253506e-03
1.729358273506558831e-03
5.901785605389401473e-03
1.920848145210501783e-03
2.676193583393825758e-03
4.840640927889974278e-03
2.471165324556700432e-02
2.063366156865450302e-02
1.608271421363016707e-02
1.198260698043713234e-02
2.293551665912001158e-02
5.190295428210329326e-03
2.226768567721714321e-03
2.484569820537328895e-03
2.282920630995219531e-03
7.184058867109809413e-03
6.745119484270462214e-03
3.777007731246805056e-03
9.423643039900501950e-03
3.660001856873230323e-03
9.616587727782581821e-03
3.515778508716386509e-03
3.105715776333390146e-03
7.222814539409309030e-03
3.436338869095377415e-03
7.649645925131425515e-03
5.944224950841384483e-03
2.274893943190204118e-02
2.859772901017339740e-03
2.863004701452169943e-03
6.138135157289829023e-03
2.355301097943632641e-02
1.463032461402555100e-02
7.010358387259467070e-03
2.973548269344578662e-03
9.324263510916331113e-03
3.323465550651598377e-03
7.636072953423989756e-03
2.007369544370289898e-03
4.495545796808772705e-03
4.959212771661554268e-03
2.446153257977305272e-03
2.289995481240924419e-02
1.126577619636179306e-02
1.018388873047573751e-02
7.845630847284011319e-03
2.597021825646186974e-03
2.366882038917331437e-03
1.515495341235874836e-02
1.142186878252214426e-02
5.436139707735456600e-03
2.227161496699960313e-03
2.878504981538442583e-03
2.066351444745431146e-03
5.143125472631770653e-03
2.816074079401494068e-03
1.057757621721898238e-02
3.097570408174742714e-03
2.556963499999446564e-03
4.115492075319126045e-03
4.014090787475616505e-03
1.371832049912260348e-02
1.622877282988173520e-02
1.358708997038015481e-02
2.502189935040458404e-02
2.784715512488533662e-02
8.134440289875135774e-03
2.281671556750841049e-03
1.546479581675760419e-02
2.256948377462041164e-03
3.717076902481092349e-01
2.551549509810842054e-01
2.519419792335140240e-01
9.208555240233043393e-02
3.410784345993649880e-01
3.175333497405361527e-01
9.569303038757645541e-02
3.041422798943660757e-02
3.908389710479218682e-01
3.732645364499292961e-01
5.230059557365369233e-02
4.353028625983465516e-02
4.651295600904040151e-02
3.459620730558315982e-01
2.778500563461128170e-01
1.103461606180908272e-01
3.031825510504748342e-02
1.101920689135770515e-01
1.511054069323211624e-01
3.279646830275952107e-02
5.580214379284044457e-02
1.183205332236848956e-01
3.495000297532118716e-01
4.030933048218776626e-02
8.550679132146507544e-02
1.305638320357667692e-01
3.386457216229925571e-01
4.068453627696380637e-02
8.545138869935896275e-02
5.486159903824867207e-02
6.035746511200557052e-02
2.685838911159882381e-01
1.732812538234074495e-01
8.471799152430178892e-02
4.025059957770609209e-01
1.858117451443314083e-01
9.553615992896963283e-02
1.789214191570192569e-01
8.547613459490663312e-02
4.056111590247249987e-01
3.091305714681397837e-02
3.873938666783464935e-02
1.383078249846925456e-01
6.218267468874773274e-02
8.653717022364010303e-02
1.071159128140463657e-01
3.820879428759054175e-01
4.132163740380895289e-02
1.117653787835169582e-01
2.763375051197863308e-01
2.874494101196666818e-01
2.203491574922527285e-01
5.832209389048514242e-02
3.202302802166397816e-02
3.829566478356434267e-01
1.308262084643958545e-01
1.041458125410820584e-01
3.870535619498453039e-01
3.556906926131338242e-02
3.725087108208766790e-02
2.496725213653373798e-01
3.590573079349132501e-02
2.952498430593325507e-01
3.896153412980438713e-01
1.149631005362535541e-01
2.009037486143320506e-01
1.738248318404346238e-01
1.846484124043188402e-01
9.034641129780154878e-02
7.075690777576273960e-02
4.426344676738618034e-02
9.660605584295271775e-02
3.833269983582016649e-01
1.136251287000594329e-01
3.390361109984457166e-01
1.939425033350587468e-01
1.285556577775300302e-01
9.250235106212356673e-02
4.078438058532830590e-01
1.573923700702009043e-01
3.903784035584630802e-02
4.026733199611785829e-02
4.567972087844745371e-02
4.303563959219262880e-02
4.188627641432829396e-02
3.865270528081863471e-02
4.744436335938123639e-02
3.890914093092857906e-02
3.798987493414428956e-02
3.840646815260511521e-02
3.792049908009304665e-02
3.928751670375522226e-02
3.821593371110128950e-02
3.874808336187551827e-02
3.792023125565446851e-02
4.129440139223333056e-02
4.520236917021972639e-02
3.820804124816506303e-02
3.984978714443287995e-02
3.839973037023450275e-02
3.787673255680861634e-02
3.814631860433095878e-02
3.930928008393049650e-02
3.789999662483247572e-02
3.802985204360548321e-02
3.784022922172824988e-02
4.279877415802040702e-02
3.850586644557706800e-02
3.844876585257368806e-02
3.970964350094441375e-02
4.689936948307836528e-02
3.794145760065090189e-02
3.783546847812682690e-02
3.785404261036904444e-02
3.898410885002807913e-02
3.974485831200588737e-02
4.800705941617064432e-02
4.179436665899435160e-02
3.861131275368910598e-02
4.121018943979807420e-02
3.872895776285621011e-02
3.831463086726406148e-02
4.440474701561838988e-02
3.793236821939966613e-02
4.081930735899318846e-02
4.146793141787379067e-02
4.414727394426324475e-02
3.787920464624164318e-02
3.997518786000362617e-02
3.931684036639307434e-02
3.883220347144650253e-02
3.898891547315608969e-02
4.848076927604601238e-02
3.799373002781189501e-02
4.347687155008857912e-02
4.657957178053083458e-02
4.481144478522991470e-02
3.788410572265182852e-02
3.827597202756652384e-02
4.332354912780786438e-02
4.136356630747800578e-02
4.595773940436689853e-02
3.800387687471113579e-02
4.646210941545769746e-02
4.598369455087390062e-02
4.185029884526421384e-02
3.989414997592938272e-02
3.927526842649176064e-02
3.844079215788360343e-02
4.621743688479726386e-02
3.886936521840869685e-02
3.996728974191833539e-02
3.827602952296073335e-02
4.665147639748361968e-02
3.887753130979818700e-02
4.186769328317754835e-02
3.964635903802760791e-02
3.788306901489897627e-02
4.322638753587117189e-02
3.798306417240614186e-02
3.131675465495549204e-01
3.572115077125882499e-01
3.766575692646872975e-01
3.236938562057107838e-01
3.265629174469292240e-01
2.542128393454079482e-01
3.887963747975970996e-01
3.813287968824018992e-01
4.111493810854267572e-01
2.332089331358088991e-01
2.097151381751217181e-01
3.240248758738693002e-01
2.551855245871652578e-01
4.122936159490729335e-01
3.613357320869807765e-01
3.125328234636559621e-01
3.434454689065800093e-01
3.922823841504301523e-01
3.451585123513397635e-01
2.584844197727073634e-01
2.773067867224809913e-01
2.948419702695340150e-01
3.179749464743599763e-01
3.129455141699772347e-01
3.399611762617192889e-01
3.861046128915587294e-01
3.882747002657528368e-01
3.496676444079415136e-01
2.678843270015557332e-01
3.762515839726529032e-01
3.275593164115566669e-01
2.204458644567492132e-01
3.508502787081569374e-01
2.567061794159033461e-01
4.039438831173735034e-01
3.453558737887055807e-01
2.781419997884201356e-01
2.619760668842027185e-01
3.567435105488087621e-01
2.892493211660270291e-01
3.600777592191463095e-01
3.628201542977855243e-01
3.958616455945392909e-01
3.735567646952027143e-01
4.106299281314169658e-01
4.030474707148632985e-01
2.809174983573306528e-01
3.531960509575392537e-01
3.700167603160766094e-01
2.852108698699202805e-01
3.666820192005011969e-01
3.506166125948017576e-01
3.560227033682141773e-01
3.887067913253980933e-01
2.622116506263689750e-01
2.818219200479210040e-01
4.149438592812373927e-01
2.163363803661812745e-01
3.678914387174880840e-01
2.155390583226956536e-01
2.284899870742712613e-01
2.089895198460176018e-01
3.144918947278732557e-01
3.916459616891458939e-01
4.012234350719855458e-01
2.567851209716271454e-01
2.591507487013476885e-01
3.124935627465812438e-01
2.920608031852874875e-01
4.135821144875293509e-01
3.364086581255657515e-01
4.009354563725784359e-01
2.699551791338275497e-01
3.554999383432376758e-01
3.822027231692725069e-01
4.046734478889705833e-01
2.538738061224483644e-01
2.834465845545291462e-01
3.226135673473305987e-01
4.012691172026618402e-01
7.230373964844678814e-02
7.140640980535749305e-02
7.219311686858459476e-02
7.420418250060313581e-02
7.190672055970812049e-02
7.168488756279159380e-02
6.948268151284374416e-02
7.529558389783748418e-02
7.475944880635947143e-02
7.123890024026151291e-02
7.161373909831537932e-02
7.274086695229818600e-02
7.140502677566358536e-02
6.997234453526494924e-02
7.017961818132795182e-02
7.145082853518353039e-02
6.946657452349781769e-02
6.945579610022707684e-02
7.019508011414790638e-02
6.949795165488824311e-02
7.160443299113555815e-02
7.556416566784009137e-02
7.277431287334297505e-02
7.272934206446378391e-02
6.943504175494724651e-02
6.975542681437556236e-02
6.974167706216496954e-02
7.125437763521892676e-02
6.953347191755551715e-02
6.995794880709695074e-02
7.026943436509405783e-02
7.529724912551007121e-02
6.974755123996630168e-02
6.954254325507147616e-02
7.533645895179708063e-02
6.978994724303508312e-02
6.999021186997354815e-02
7.031692704622999335e-02
7.019970850208885615e-02
7.148157042001976325e-02
7.033789605425189162e-02
7.238571075691833945e-02
6.983068350239157729e-02
6.959911665550005955e-02
7.251624680633786402e-02
6.969118601882871855e-02
7.214245315211782750e-02
6.950146309691687674e-02
7.248074763232978390e-02
6.944789168529402756e-02
6.956273626390938047e-02
7.103233927293974015e-02
7.139800119418727997e-02
6.997610290826163093e-02
7.466232669628988794e-02
7.201256150954510327e-02
7.085886398154898902e-02
7.427202045571064393e-02
7.206985168158208666e-02
7.154197925506994293e-02
6.947834030829280749e-02
7.041444013242198485e-02
7.111398651395677006e-02
6.986587914071119843e-02
7.015647772621759481e-02
6.996966734029214097e-02
6.943390419562607552e-02
7.136072399885678985e-02
6.945379164682009832e-02
6.999127767553334212e-02
7.220929799904769741e-02
7.064489620524894153e-02
7.506741105070224851e-02
7.383977405313567333e-02
7.084892103569695454e-02
7.514371206769739076e-02
7.161564521070223899e-02
7.054665885373050116e-02
6.944418465136942276e-02
6.945295932402018035e-02
3.156086355440946845e-01
3.424130232487477832e-01
3.742369295460580836e-01
4.185702664558574870e-01
3.724681105451125296e-01
3.544647524959715357e-01
3.916133870435102859e-01
4.109218900139444131e-01
3.938139430839396882e-01
3.137662476843294801e-01
4.184386481479643316e-01
3.238926368033261949e-01
3.072815131278898715e-01
3.901229673580293156e-01
4.116767890208214986e-01
4.122980004551932698e-01
3.862635597572509072e-01
3.284493217690246381e-01
3.361205819965570329e-01
3.804559054037508492e-01
2.983196077324826168e-01
3.017008025687933359e-01
4.181656265630901426e-01
3.049161838074455622e-01
3.590149373116276466e-01
3.503214256122192949e-01
3.856352135321367558e-01
4.145755521910846619e-01
3.649532643115995234e-01
3.977597416952596276e-01
4.097809525323443114e-01
3.111789730336030901e-01
3.955674725162744987e-01
3.670058127162508788e-01
4.172341160071616484e-01
3.347954458035975467e-01
2.981508583651692468e-01
3.924549262565673047e-01
3.909194407827337736e-01
3.213916459386155777e-01
5.333686931733911188e-03
5.333686931733911188e-03
4.061247853463078039e-01
4.061247853463078039e-01
3.854520142695555540e-02
3.854520142695555540e-02
4.146005509641871867e-01
4.146005509641871867e-01
6.949035994884274203e-02
6.949035994884274203e-02
1.000000000000000072e-18
