1.000000000000000072e-18
1.000000000000000072e-18
1.000000000000000072e-18
1.000000000000000072e-18
1.000000000000000072e-18
1.000000000000000072e-18
1.000000000000000072e-18
1.000000000000000072e-18
1.000000000000000072e-18
1.000000000000000072e-18
1.000000000000000072e-18
1.000000000000000072e-18
1.000000000000000072e-18
1.000000000000000072e-18
1.000000000000000072e-18
1.000000000000000072e-18
1.000000000000000072e-18
1.000000000000000072e-18
1.000000000000000072e-18
1.000000000000000072e-18
1.000000000000000072e-18
1.000000000000000072e-18
1.000000000000000072e-18
1.000000000000000072e-18
1.000000000000000072e-18
1.000000000000000072e-18
1.000000000000000072e-18
1.000000000000000072e-18
1.000000000000000072e-18
1.000000000000000072e-18
1.000000000000000072e-18
1.000000000000000072e-18
1.000000000000000072e-18
1.000000000000000072e-18
1.000000000000000072e-18
1.000000000000000072e-18
1.000000000000000072e-18
1.000000000000000072e-18
1.000000000000000072e-18
1.000000000000000072e-18
1.000000000000000072e-18
1.000000000000000072e-18
1.000000000000000072e-18
1.000000000000000072e-18
1.000000000000000072e-18
1.000000000000000072e-18
1.000000000000000072e-18
1.000000000000000072e-18
1.000000000000000072e-18
1.000000000000000072e-18
1.000000000000000072e-18
1.000000000000000072e-18
1.000000000000000072e-18
1.000000000000000072e-18
1.000000000000000072e-18
1.000000000000000072e-18
1.000000000000000072e-18
1.000000000000000072e-18
1.000000000000000072e-18
1.000000000000000072e-18
1.000000000000000072e-18
1.000000000000000072e-18
1.000000000000000072e-18
1.000000000000000072e-18
1.000000000000000072e-18
1.000000000000000072e-18
1.000000000000000072e-18
1.000000000000000072e-18
1.000000000000000072e-18
1.000000000000000072e-18
1.000000000000000072e-18
1.000000000000000072e-18
1.000000000000000072e-18
1.000000000000000072e-18
1.000000000000000072e-18
1.000000000000000072e-18
1.000000000000000072e-18
1.000000000000000072e-18
1.000000000000000072e-18
1.000000000000000072e-18
1.000000000000000072e-18
1.000000000000000072e-18
1.000000000000000072e-18
1.000000000000000072e-18
1.000000000000000072e-18
1.000000000000000072e-18
1.000000000000000072e-18
1.000000000000000072e-18
1.000000000000000072e-18
1.000000000000000072e-18
1.000000000000000072e-18
1.000000000000000072e-18
1.000000000000000072e-18
1.000000000000000072e-18
1.000000000000000072e-18
1.000000000000000072e-18
1.000000000000000072e-18
1.000000000000000072e-18
1.000000000000000072e-18
1.000000000000000072e-18
1.000000000000000072e-18
1.000000000000000072e-18
1.000000000000000072e-18
1.000000000000000072e-18
1.000000000000000072e-18
1.000000000000000072e-18
1.000000000000000072e-18
1.000000000000000072e-18
1.000000000000000072e-18
1.000000000000000072e-18
1.000000000000000072e-18
1.000000000000000072e-18
1.000000000000000072e-18
1.000000000000000072e-18
1.000000000000000072e-18
1.000000000000000072e-18
1.000000000000000072e-18
1.000000000000000072e-18
1.000000000000000072e-18
1.000000000000000072e-18
1.000000000000000072e-18
1.000000000000000072e-18
1.000000000000000072e-18
1.000000000000000072e-18
1.000000000000000072e-18
1.000000000000000072e-18
1.000000000000000072e-18
1.000000000000000072e-18
1.000000000000000072e-18
1.000000000000000072e-18
1.000000000000000072e-18
1.000000000000000072e-18
1.000000000000000072e-18
1.000000000000000072e-18
1.000000000000000072e-18
1.000000000000000072e-18
1.000000000000000072e-18
1.000000000000000072e-18
1.000000000000000072e-18
1.000000000000000072e-18
1.000000000000000072e-18
1.000000000000000072e-18
1.000000000000000072e-18
1.000000000000000072e-18
1.000000000000000072e-18
1.000000000000000072e-18
1.000000000000000072e-18
1.000000000000000072e-18
1.000000000000000072e-18
1.000000000000000072e-18
1.000000000000000072e-18
1.000000000000000072e-18
1.000000000000000072e-18
1.000000000000000072e-18
1.000000000000000072e-18
1.000000000000000072e-18
1.000000000000000072e-18
1.000000000000000072e-18
1.000000000000000072e-18
1.000000000000000072e-18
1.000000000000000072e-18
1.000000000000000072e-18
1.000000000000000072e-18
1.000000000000000072e-18
1.000000000000000072e-18
1.000000000000000072e-18
1.000000000000000072e-18
1.000000000000000072e-18
1.000000000000000072e-18
1.000000000000000072e-18
1.000000000000000072e-18
1.000000000000000072e-18
1.000000000000000072e-18
1.000000000000000072e-18
1.000000000000000072e-18
1.000000000000000072e-18
1.000000000000000072e-18
1.000000000000000072e-18
1.171325910313733749e-18
1.366966684612727982e-18
1.585474846101319203e-18
1.829286561788836190e-18
2.101091216422985646e-18
2.403857799797775822e-18
2.740864087494609916e-18
3.115728917611763424e-18
3.532447899700990722e-18
3.995432929649951860e-18
4.509555926079710464e-18
5.080197250483297801e-18
5.713299325381768777e-18
6.415426022868034737e-18
7.193828460766254167e-18
8.056517916067559254e-18
9.012346646231023337e-18
1.007109749937931665e-17
1.124358329553830395e-17
1.254175707416323110e-17
1.397883442972351970e-17
1.556942929874494611e-17
1.732970472027390448e-17
1.927754026934516826e-17
2.143271806205839516e-17
2.381712945395948568e-17
2.645500480361286395e-17
2.937316895390861832e-17
3.260132539864244381e-17
3.617237245556642552e-17
4.012275516433004571e-17
4.449285707410663745e-17
4.932743658746265082e-17
5.467611309134339639e-17
6.059390874096343886e-17
6.714185247701726885e-17
7.438765366141065188e-17
8.240645362330509490e-17
9.128166442912522316e-17
1.011059053424048938e-16
1.119820487391560697e-16
1.240243887115126256e-16
1.373599472488742532e-16
1.521299347571308843e-16
1.684913837916069645e-16
1.866189772709538664e-16
2.067070951449846134e-16
2.289721065519572354e-16
2.536549379689984550e-16
2.810239517888780407e-16
3.113781742107617002e-16
3.450509163847607522e-16
3.824138384831059075e-16
4.238815128798357576e-16
4.699165500150896091e-16
5.210353589240549895e-16
5.778146239678303029e-16
6.408985901777710659e-16
7.110072620049583167e-16
7.889456343687011705e-16
8.756140909709210251e-16
9.720201231732753718e-16
1.079291543649687411e-15
1.198691392907528605e-15
1.331634764052999931e-15
1.479707802362635590e-15
1.644689171895255936e-15
1.828574322206110325e-15
2.033602934982806792e-15
2.262289984005391478e-15
2.517460903276704484e-15
2.802291428672672663e-15
3.120352759414171190e-15
3.475662778673491784e-15
3.872744179566316549e-15
4.316690465814820202e-15
4.813240938018748937e-15
5.368865939669169833e-15
5.990863825196784299e-15
6.687471329431446189e-15
7.467989268496096068e-15
8.342925791761899564e-15
9.324159739360892192e-15
1.042512704725079883e-14
1.166103359056730244e-14
1.304909837606582294e-14
1.460883159765094507e-14
1.636235276916361813e-14
1.833475496198720519e-14
2.055452212071556131e-14
2.305400753053138590e-14
2.586998279144749611e-14
2.904426814823910947e-14
3.262445676737278534e-14
3.666474758671338822e-14
4.122690374131869494e-14
4.638135634952007343e-14
5.220847669915112146e-14
5.880004368875672620e-14
6.626093785320567813e-14
7.471109855631139581e-14
8.428778710629086658e-14
9.514820581136456208e-14
1.074725315427922556e-13
1.214674324499856669e-13
1.373701483619115088e-13
1.554532294513064676e-13
1.760300443404525508e-13
1.994611884770156858e-13
2.261619468904660213e-13
2.566109930555821507e-13
2.913605383829938870e-13
3.310481858426374702e-13
3.764107876271532291e-13
4.283006620541099986e-13
4.877045908704666105e-13
5.557660969155934769e-13
6.338115963314840909e-13
7.233811323469546239e-13
8.262645329533566774e-13
9.445439972102718090e-13
1.080644310169485664e-12
1.237392121435083655e-12
1.418086005678518752e-12
1.626579365390484057e-12
1.867378649508250510e-12
2.145759861936130463e-12
2.467906940588466207e-12
2.841076324087335588e-12
3.273792918819286268e-12
3.776083769748916874e-12
4.359757068825268305e-12
5.038735760322671172e-12
5.829456991756515891e-12
6.751351097624093866e-12
7.827416797766451144e-12
9.084912975824906684e-12
1.055619194278158172e-11
1.227970469501296460e-11
1.430121560840296172e-11
1.667527260076583897e-11
1.946698946175383636e-11
2.275421032079422160e-11
2.663014276905929733e-11
3.120656682183717089e-11
3.661775278654868650e-11
4.302525357241932241e-11
5.062377781089635826e-11
5.964840162286557624e-11
7.038344189156302263e-11
8.317339624759074887e-11
9.843645951880938890e-11
1.166812594644519242e-10
1.385276244216490202e-10
1.647324127690676129e-10
1.962217128905247612e-10
2.341310810210826049e-10
2.798559472340539822e-10
3.351149189224033720e-10
4.020294889186594165e-10
4.832246683881811204e-10
5.819563882585075721e-10
7.022732483023187033e-10
8.492224760593359371e-10
1.029112972220875070e-09
1.249852313969406839e-09
1.521379902251788640e-09
1.856225537033623095e-09
2.270232223765393451e-09
2.783494834761745102e-09
3.421583592067355706e-09
4.217144906393264570e-09
5.212004286737929374e-09
6.459940191653910976e-09
8.030358594902244638e-09
1.001318248634544376e-08
1.252538828199128977e-08
1.571978626889221955e-08
1.979687525428630034e-08
2.502093253438122897e-08
3.174197342229956053e-08
4.042589571094622894e-08
5.169611229097043974e-08
6.639141894225633456e-08
8.564697182149323621e-08
1.110084112949368118e-07
1.445939117395919521e-07
1.893261202320187844e-07
2.492669386508964511e-07
3.301051078114465202e-07
4.398731670073830910e-07
5.900125443049154936e-07
7.969732919651748221e-07
1.084645413062942858e-06
1.488101541572621770e-06
2.059438565428868193e-06
2.877033776986108836e-06
4.060455280632063511e-06
5.794920312049734578e-06
8.372228874064715427e-06
1.226081932991466230e-05
1.822871051798197672e-05
2.756546982239775035e-05
4.249618995174410011e-05
6.698308818231367033e-05
1.083474313996617052e-04
1.807275695306757325e-04
3.129348674523264504e-04
5.677649553589485341e-04
1.094507776612835444e-03
2.292246968968335644e-03
5.423117667691185195e-03
1.568181423294416968e-02
6.747568717610696876e-02
6.852858247120128254e-01
3.335544879795865336e-01
1.173149791623682020e-01
7.662754272682524570e-02
6.687515511986674710e-02
6.978108982345605782e-02
8.337803572522330120e-02
1.124210764238595395e-01
1.712478571289518803e-01
2.967575079338470867e-01
5.686773082022621439e-01
9.508603142847681378e-01
8.815312189982152935e-01
5.562429256904306563e-01
3.574634846674037969e-01
2.565309183752121913e-01
2.039520083863268218e-01
1.763547989522546156e-01
1.634615248230439077e-01
1.608060433871062178e-01
1.668247549761453508e-01
1.818033269353371284e-01
2.076862702357779589e-01
2.484290012039884199e-01
3.107736676614040738e-01
4.050060638183999862e-01
5.433379243458408281e-01
7.276565618190274920e-01
9.149376111770253228e-01
9.999890603554617563e-01
9.240725147578217058e-01
7.616785091990412315e-01
6.037774022203732383e-01
4.828686631977693322e-01
3.977142180516758385e-01
3.394604701613204711e-01
3.003299896459236673e-01
2.749448923515401821e-01
2.598941577420435523e-01
2.531591489713145293e-01
2.537078402613752171e-01
2.612612760164638726e-01
2.761901001002412537e-01
2.995052997543302120e-01
3.329116326523970937e-01
3.788722305597540529e-01
4.405566558684600453e-01
5.213512411961260806e-01
6.232365899223852868e-01
7.429748171618840713e-01
8.659951695465020194e-01
9.628978811911197422e-01
9.999999999999995559e-01
9.642331263079346737e-01
8.745422514981927575e-01
7.639038952237433566e-01
6.574456991618443658e-01
5.667258455809165429e-01
4.941599451834991497e-01
4.381337378698953455e-01
3.959388336952813781e-01
3.650032503370701509e-01
3.432711316548107128e-01
3.292459099071439188e-01
3.219304084472415228e-01
3.207545292939827930e-01
3.255204738810604792e-01
3.363720988433260284e-01
3.537859975941997082e-01
3.785762220020937319e-01
4.118955867861237574e-01
4.551975062658475402e-01
5.100842869630659582e-01
5.779021616725559252e-01
6.588614756111388360e-01
7.504562175216129560e-01
8.453165786901630785e-01
9.297643068709223746e-01
9.858511137634712318e-01
9.987440469674324639e-01
9.654907648821410282e-01
8.968365545648677717e-01
8.101927971728867250e-01
7.210642333393849635e-01
6.391181831824459536e-01
5.686243192571822647e-01
5.104417231208682182e-01
4.637724083159935340e-01
4.272424546419246183e-01
3.994468031872455138e-01
3.791793771767318355e-01
3.655073050815517144e-01
3.577788136749143200e-01
3.556094237976002992e-01
3.588667003335984651e-01
3.676615364544152387e-01
3.823474955069503523e-01
4.035249877343458080e-01
4.320408525325577509e-01
4.689627985984042846e-01
5.154876392023418630e-01
5.727077904222453997e-01
6.411143400359672340e-01
7.196887039475724501e-01
8.045360009651812971e-01
8.874526345944322436e-01
9.557001404583512771e-01
9.948373131023384719e-01
9.948373131023384719e-01
9.557001404583512771e-01
8.874526345944322436e-01
8.045360009651812971e-01
7.196887039475724501e-01
6.411143400359672340e-01
5.727077904222453997e-01
5.154876392023418630e-01
4.689627985984042846e-01
4.320408525325577509e-01
4.035249877343458080e-01
3.823474955069503523e-01
3.676615364544152387e-01
3.588667003335984651e-01
3.556094237976002992e-01
3.577788136749143200e-01
3.655073050815504931e-01
3.791793771767318355e-01
3.994468031872455138e-01
4.272424546419246183e-01
4.637724083159935340e-01
5.104417231208628891e-01
5.686243192571822647e-01
6.391181831824459536e-01
7.210642333393849635e-01
8.101927971728867250e-01
8.968365545648598891e-01
9.654907648821410282e-01
9.987440469674324639e-01
9.858511137634712318e-01
9.297643068709223746e-01
8.453165786901728485e-01
7.504562175216129560e-01
6.588614756111388360e-01
5.779021616725559252e-01
5.100842869630659582e-01
4.551975062658523696e-01
4.118955867861237574e-01
3.785762220020937319e-01
3.537859975941997082e-01
3.363720988433260284e-01
3.255204738810604792e-01
3.207545292939827930e-01
3.219304084472415228e-01
3.292459099071439188e-01
3.432711316548107128e-01
3.650032503370701509e-01
3.959388336952813781e-01
4.381337378698953455e-01
4.941599451834991497e-01
5.667258455809165429e-01
6.574456991618443658e-01
7.639038952237433566e-01
8.745422514981927575e-01
9.642331263079346737e-01
9.999999999999995559e-01
9.628978811911165225e-01
8.659951695465020194e-01
7.429748171618840713e-01
6.232365899223902828e-01
5.213512411961260806e-01
4.405566558684565481e-01
3.788722305597569395e-01
3.329116326523970937e-01
2.995052997543314333e-01
2.761901001002412537e-01
2.612612760164634840e-01
2.537078402613756056e-01
2.531591489713145293e-01
2.598941577420430527e-01
2.749448923515401821e-01
3.003299896459252216e-01
3.394604701613180842e-01
3.977142180516758385e-01
4.828686631977640586e-01
6.037774022203732383e-01
7.616785091990490031e-01
9.240725147578150445e-01
9.999890603554617563e-01
9.149376111770327613e-01
7.276565618190274920e-01
5.433379243458330565e-01
4.050060638184055373e-01
3.107736676614040738e-01
2.484290012039913065e-01
2.076862702357779589e-01
1.818033269353363512e-01
1.668247549761456283e-01
1.608060433871062178e-01
1.634615248230435469e-01
1.763547989522546156e-01
2.039520083863268218e-01
2.565309183752088606e-01
3.574634846674037969e-01
5.562429256904179997e-01
8.815312189982152935e-01
9.508603142847681378e-01
5.686773082022803516e-01
2.967575079338470867e-01
1.712478571289483553e-01
1.124210764238595395e-01
8.337803572522330120e-02
6.978108982345646027e-02
6.687515511986674710e-02
7.662754272682623102e-02
1.173149791623682020e-01
3.335544879795865336e-01
6.852858247120972024e-01
6.747568717610696876e-02
1.568181423294337171e-02
5.423117667691185195e-03
2.292246968968335644e-03
1.094507776612872524e-03
5.677649553589485341e-04
3.129348674523177768e-04
1.807275695306757325e-04
1.083474313996617052e-04
6.698308818231535084e-05
4.249618995174410011e-05
2.756546982239708966e-05
1.822871051798234603e-05
1.226081932991466230e-05
8.372228874064878057e-06
5.794920312049734578e-06
4.060455280631988972e-06
2.877033776986152882e-06
2.059438565428868193e-06
1.488101541572644428e-06
1.084645413062942858e-06
7.969732919651617990e-07
5.900125443049243874e-07
4.398731670073830910e-07
3.301051078114508613e-07
2.492669386508964511e-07
1.893261202320163227e-07
1.445939117395936461e-07
1.110084112949368118e-07
8.564697182149436118e-08
6.639141894225633456e-08
5.169611229096977800e-08
4.042589571094673186e-08
3.174197342229956053e-08
2.502093253438154660e-08
1.979687525428630034e-08
1.571978626889221955e-08
1.252538828199141385e-08
1.001318248634544376e-08
8.030358594902330665e-09
6.459940191653910976e-09
5.212004286737929374e-09
4.217144906393308411e-09
3.421583592067355706e-09
2.783494834761770744e-09
2.270232223765393451e-09
1.856225537033623095e-09
1.521379902251802909e-09
1.249852313969406839e-09
1.029112972220865971e-09
8.492224760593359371e-10
7.022732483023187033e-10
5.819563882585128454e-10
4.832246683881811204e-10
4.020294889186554874e-10
3.351149189224033720e-10
2.798559472340539822e-10
2.341310810210845178e-10
1.962217128905247612e-10
1.647324127690663980e-10
1.385276244216490202e-10
1.166812594644519242e-10
9.843645951881000928e-11
8.317339624759074887e-11
7.038344189156237639e-11
5.964840162286606738e-11
5.062377781089635826e-11
4.302525357241959383e-11
3.661775278654868650e-11
3.120656682183691886e-11
2.663014276905947828e-11
2.275421032079422160e-11
1.946698946175396238e-11
1.667527260076583897e-11
1.430121560840286963e-11
1.227970469501305507e-11
1.055619194278158172e-11
9.084912975824974539e-12
7.827416797766451144e-12
6.751351097624053476e-12
5.829456991756557897e-12
5.038735760322671172e-12
4.359757068825300616e-12
3.776083769748916874e-12
3.273792918819260419e-12
2.841076324087353360e-12
2.467906940588466207e-12
2.145759861936148234e-12
1.867378649508250510e-12
1.626579365390473556e-12
1.418086005678527638e-12
1.237392121435083655e-12
1.080644310169492530e-12
9.445439972102718090e-13
8.262645329533566774e-13
7.233811323469598745e-13
6.338115963314840909e-13
5.557660969155972129e-13
4.877045908704666105e-13
4.283006620541099986e-13
3.764107876271552991e-13
3.310481858426374702e-13
2.913605383829960580e-13
2.566109930555821507e-13
2.261619468904660213e-13
1.994611884770166956e-13
1.760300443404525508e-13
1.554532294513055336e-13
1.373701483619115088e-13
1.214674324499856669e-13
1.074725315427928488e-13
9.514820581136456208e-14
8.428778710629052579e-14
7.471109855631139581e-14
6.626093785320567813e-14
5.880004368875705437e-14
5.220847669915112146e-14
4.638135634951987780e-14
4.122690374131869494e-14
3.666474758671338822e-14
3.262445676737293049e-14
2.904426814823910947e-14
2.586998279144736989e-14
2.305400753053153421e-14
2.055452212071556131e-14
1.833475496198730932e-14
1.636235276916361813e-14
1.460883159765087565e-14
1.304909837606588763e-14
1.166103359056730244e-14
1.042512704725085563e-14
9.324159739360892192e-15
8.342925791761853810e-15
7.467989268496135512e-15
6.687471329431446189e-15
5.990863825196809543e-15
5.368865939669169833e-15
4.813240938018725271e-15
4.316690465814844657e-15
3.872744179566316549e-15
3.475662778673513083e-15
3.120352759414171190e-15
2.802291428672656097e-15
2.517460903276716711e-15
2.262289984005391478e-15
2.033602934982817441e-15
1.828574322206110325e-15
1.644689171895246667e-15
1.479707802362643676e-15
1.331634764052999931e-15
1.198691392907535310e-15
1.079291543649687411e-15
9.720201231732753718e-16
8.756140909709253639e-16
7.889456343687011705e-16
7.110072620049620638e-16
6.408985901777710659e-16
5.778146239678303029e-16
5.210353589240581449e-16
4.699165500150896091e-16
4.238815128798339827e-16
3.824138384831059075e-16
3.450509163847607522e-16
3.113781742107636723e-16
2.810239517888780407e-16
2.536549379689975182e-16
2.289721065519572354e-16
2.067070951449846134e-16
1.866189772709547785e-16
1.684913837916069645e-16
1.521299347571302187e-16
1.373599472488742532e-16
1.240243887115126256e-16
1.119820487391567107e-16
1.011059053424048938e-16
9.128166442912522316e-17
8.240645362330509490e-17
7.438765366141065188e-17
6.714185247701762630e-17
6.059390874096343886e-17
5.467611309134339639e-17
4.932743658746265082e-17
4.449285707410663745e-17
4.012275516433025525e-17
3.617237245556642552e-17
3.260132539864244381e-17
2.937316895390861832e-17
2.645500480361286395e-17
2.381712945395964283e-17
2.143271806205839516e-17
1.927754026934516826e-17
1.732970472027390448e-17
1.556942929874494611e-17
1.397883442972358133e-17
1.254175707416323110e-17
1.124358329553830395e-17
1.007109749937931665e-17
9.012346646231023337e-18
8.056517916067608558e-18
7.193828460766254167e-18
6.415426022868034737e-18
5.713299325381768777e-18
5.080197250483297801e-18
4.509555926079735116e-18
3.995432929649951860e-18
3.532447899700990722e-18
3.115728917611763424e-18
2.740864087494609916e-18
2.403857799797787377e-18
2.101091216422985646e-18
1.829286561788836190e-18
1.585474846101319203e-18
1.366966684612727982e-18
1.171325910313741838e-18
1.000000000000000072e-18
1.000000000000000072e-18
1.000000000000000072e-18
1.000000000000000072e-18
1.000000000000000072e-18
1.000000000000000072e-18
1.000000000000000072e-18
1.000000000000000072e-18
1.000000000000000072e-18
1.000000000000000072e-18
1.000000000000000072e-18
1.000000000000000072e-18
1.000000000000000072e-18
1.000000000000000072e-18
1.000000000000000072e-18
1.000000000000000072e-18
1.000000000000000072e-18
1.000000000000000072e-18
1.000000000000000072e-18
1.000000000000000072e-18
1.000000000000000072e-18
1.000000000000000072e-18
1.000000000000000072e-18
1.000000000000000072e-18
1.000000000000000072e-18
1.000000000000000072e-18
1.000000000000000072e-18
1.000000000000000072e-18
1.000000000000000072e-18
1.000000000000000072e-18
1.000000000000000072e-18
1.000000000000000072e-18
1.000000000000000072e-18
1.000000000000000072e-18
1.000000000000000072e-18
1.000000000000000072e-18
1.000000000000000072e-18
1.000000000000000072e-18
1.000000000000000072e-18
1.000000000000000072e-18
1.000000000000000072e-18
1.000000000000000072e-18
1.000000000000000072e-18
1.000000000000000072e-18
1.000000000000000072e-18
1.000000000000000072e-18
1.000000000000000072e-18
1.000000000000000072e-18
1.000000000000000072e-18
1.000000000000000072e-18
1.000000000000000072e-18
1.000000000000000072e-18
1.000000000000000072e-18
1.000000000000000072e-18
1.000000000000000072e-18
1.000000000000000072e-18
1.000000000000000072e-18
1.000000000000000072e-18
1.000000000000000072e-18
1.000000000000000072e-18
1.000000000000000072e-18
1.000000000000000072e-18
1.000000000000000072e-18
1.000000000000000072e-18
1.000000000000000072e-18
1.000000000000000072e-18
1.000000000000000072e-18
1.000000000000000072e-18
1.000000000000000072e-18
1.000000000000000072e-18
1.000000000000000072e-18
1.000000000000000072e-18
1.000000000000000072e-18
1.000000000000000072e-18
1.000000000000000072e-18
1.000000000000000072e-18
1.000000000000000072e-18
1.000000000000000072e-18
1.000000000000000072e-18
1.000000000000000072e-18
1.000000000000000072e-18
1.000000000000000072e-18
1.000000000000000072e-18
1.000000000000000072e-18
1.000000000000000072e-18
1.000000000000000072e-18
1.000000000000000072e-18
1.000000000000000072e-18
1.000000000000000072e-18
1.000000000000000072e-18
1.000000000000000072e-18
1.000000000000000072e-18
1.000000000000000072e-18
1.000000000000000072e-18
1.000000000000000072e-18
1.000000000000000072e-18
1.000000000000000072e-18
1.000000000000000072e-18
1.000000000000000072e-18
1.000000000000000072e-18
1.000000000000000072e-18
1.000000000000000072e-18
1.000000000000000072e-18
1.000000000000000072e-18
1.000000000000000072e-18
1.000000000000000072e-18
1.000000000000000072e-18
1.000000000000000072e-18
1.000000000000000072e-18
1.000000000000000072e-18
1.000000000000000072e-18
1.000000000000000072e-18
1.000000000000000072e-18
1.000000000000000072e-18
1.000000000000000072e-18
1.000000000000000072e-18
1.000000000000000072e-18
1.000000000000000072e-18
1.000000000000000072e-18
1.000000000000000072e-18
1.000000000000000072e-18
1.000000000000000072e-18
1.000000000000000072e-18
1.000000000000000072e-18
1.000000000000000072e-18
1.000000000000000072e-18
1.000000000000000072e-18
1.000000000000000072e-18
1.000000000000000072e-18
1.000000000000000072e-18
1.000000000000000072e-18
1.000000000000000072e-18
1.000000000000000072e-18
1.000000000000000072e-18
1.000000000000000072e-18
1.000000000000000072e-18
1.000000000000000072e-18
1.000000000000000072e-18
1.000000000000000072e-18
1.000000000000000072e-18
1.000000000000000072e-18
1.000000000000000072e-18
1.000000000000000072e-18
1.000000000000000072e-18
1.000000000000000072e-18
1.000000000000000072e-18
1.000000000000000072e-18
1.000000000000000072e-18
1.000000000000000072e-18
1.000000000000000072e-18
1.000000000000000072e-18
1.000000000000000072e-18
1.000000000000000072e-18
1.000000000000000072e-18
1.000000000000000072e-18
1.000000000000000072e-18
1.000000000000000072e-18
1.000000000000000072e-18
1.000000000000000072e-18
1.000000000000000072e-18
1.000000000000000072e-18
1.000000000000000072e-18
1.000000000000000072e-18
1.000000000000000072e-18
1.000000000000000072e-18
1.000000000000000072e-18
1.000000000000000072e-18
1.000000000000000072e-18
1.000000000000000072e-18
1.000000000000000072e-18
1.000000000000000072e-18
1.000000000000000072e-18
1.000000000000000072e-18
1.000000000000000072e-18
1.000000000000000072e-18
1.000000000000000072e-18
1.000000000000000072e-18
1.000000000000000072e-18
6.939447242474791611e-02
3.092438258193350165e-01
3.413192696224447154e-02
1.153385679660109686e-01
3.186614283138121673e-01
3.069388040947051421e-01
7.222945936309610460e-02
4.326952016246794763e-02
2.871023158410520703e-03
1.507097157586660408e-01
1.600137470207207285e-02
1.212463280362396706e-03
5.870929821655630487e-01
1.791261585623302611e-03
7.208687114450494302e-03
5.197747239570927880e-01
7.332690720065945800e-02
6.877783553956888507e-02
6.665418535623861274e-02
7.306595705152668652e-02
7.115940096249416535e-02
9.395939626792624288e-01
3.214747425602362818e-03
5.134495788903632729e-03
3.565325406089456597e-03
1.894986756114980242e-01
2.514931574707112705e-01
5.166634164899154558e-02
9.418291132917802622e-02
4.141593540094778980e-02
9.133386032962845236e-02
3.173706252455599924e-02
1.528055969225477345e-02
1.855130556665141872e-01
2.747751617947983421e-02
1.514328529932768008e-01
5.567706448766266414e-01
7.094639762092903867e-02
9.941694067694000631e-03
9.997962841702852377e-03
4.420100537774694915e-01
7.188549444760561347e-02
6.738988217262194269e-02
2.098793833244205487e-01
1.212639528408230444e-02
9.579075139771214831e-02
2.244455884429336079e-02
1.522950516720717740e-01
2.122245341557915665e-03
2.335521090005455991e-01
6.675122016147410076e-01
4.793302687928140821e-03
7.111856531012838989e-02
7.645383422270833618e-02
8.463507263450908980e-02
1.401882963069479571e-01
6.269764514177511919e-03
4.155042598199273386e-03
6.699770669473925633e-02
7.560920469495081842e-02
9.719834226211728767e-01
3.217087797226804522e-03
1.027226507397801906e-02
2.377443935637157512e-03
8.956673531200975980e-01
9.210946133447620379e-03
8.110232464008378106e-02
1.506391652998487207e-02
5.840491618008597161e-03
1.013963365989288545e-01
8.234478955432805725e-02
6.851744715278793030e-02
6.663442215718710926e-02
6.873601247734512087e-02
7.372858278845995095e-02
7.763694659992538549e-02
1.269551842271434694e-01
3.557163029549771389e-03
6.683767713811510081e-02
3.399067868836920352e-03
8.278036285360774738e-01
4.950282366331872907e-01
4.873306434333413706e-01
2.040108397427324860e-01
7.282708390909818919e-01
7.965777108804321660e-01
2.121532061682491754e-01
8.149820114828754125e-02
8.981176131140465868e-01
9.398445165178291871e-01
1.203975716111498478e-01
1.038986423526759850e-01
1.094041521415382578e-01
7.433867366063269255e-01
5.513433786630634881e-01
2.460285341748024157e-01
8.134952292964747755e-02
2.110635082741834090e-01
2.779582092277003702e-01
8.527999747239556338e-02
1.272250007053084275e-01
2.233622522332464333e-01
8.810444078084742614e-01
9.809475966196079533e-02
1.893766168518196957e-01
2.428818755451999656e-01
7.208319928438845503e-01
9.876262641913213791e-02
1.780744569508581898e-01
1.253789272778563224e-01
1.362856581418629420e-01
5.279333965253145688e-01
3.187787161809637615e-01
1.876411432493669262e-01
9.975888425933194803e-01
4.364804761941732392e-01
1.905357751663244448e-01
4.182295194846867847e-01
1.893090894456263829e-01
9.646154461489413467e-01
8.227583254560558168e-02
9.532569090501627485e-02
2.557806375695691470e-01
1.399692231490988203e-01
1.793309743112775634e-01
2.384544755485228651e-01
9.600081015055728084e-01
9.990180655478722582e-02
2.133988210453917900e-01
5.474819667442846205e-01
7.144661745978794221e-01
4.151203392366050737e-01
1.322132903764102752e-01
8.403390847289447796e-02
9.619179622938776042e-01
2.953260702779845204e-01
2.023099832796832198e-01
9.706934961160400555e-01
8.987181711251747418e-02
9.274061940398342641e-02
4.819336659570510606e-01
9.044140793958758973e-02
5.969227607105885847e-01
8.933077077107240971e-01
2.569532924028968823e-01
4.768826108628213545e-01
3.198163086283405399e-01
4.333898727136455964e-01
1.839130913247872257e-01
1.576498743094123522e-01
1.052408884833915537e-01
1.919490678458158350e-01
9.627273324182930025e-01
2.161880462666746494e-01
7.220217715339186659e-01
3.594473462780474748e-01
2.897578968816262313e-01
1.866151230749053536e-01
9.986379188042203703e-01
3.621452467928201746e-01
9.719592293092218505e-01
2.974220394474799134e-01
4.463132463138557160e-01
5.686727109696434468e-01
6.530009456258899503e-01
4.209407842588100968e-01
3.967881707316402995e-01
9.834029037412506113e-01
9.138673747092832533e-01
4.606516045316361163e-01
6.190754662233658445e-01
3.549129726275334074e-01
9.769318848672037259e-01
4.083742050057590500e-01
6.192557401431155739e-01
7.074249551421012416e-01
4.631986289884885144e-01
5.046561330488468222e-01
3.179201699307969697e-01
9.961785489436486563e-01
8.408172404450174886e-01
9.636321240085259365e-01
3.532068167155366090e-01
6.339092803553906252e-01
9.300682224919409880e-01
7.051351782074044561e-01
5.840370868277676708e-01
4.431263904888274041e-01
9.983858578107918103e-01
8.929517947859608729e-01
4.102358309831294347e-01
6.058488926270524377e-01
7.182660174750946647e-01
8.139055105933753476e-01
9.769845618597292614e-01
3.238669700187518097e-01
3.843121517839586665e-01
6.609120098645581143e-01
4.268133956931957629e-01
7.158606494515135088e-01
4.107941275754406485e-01
4.792269538300792941e-01
4.958153422383414499e-01
6.113842979304456859e-01
2.761371203458912182e-01
6.905975091991716219e-01
5.077130811699429591e-01
6.518089307598258220e-01
3.112686070089627499e-01
3.526203792709100560e-01
3.982644339570610703e-01
9.765485752187006430e-01
3.747808362262550763e-01
9.155695196054857155e-01
5.424285501298812262e-01
4.188332342212265358e-01
4.784359138235177999e-01
6.472506110026231552e-01
9.854300385596717060e-01
5.512159780504612971e-01
7.006288370267454990e-01
4.372588794198787876e-01
5.737684850665247804e-01
4.221340751563636973e-01
4.364407672548448192e-01
6.560749266763147292e-01
3.155129550308241049e-01
3.558851413579359191e-01
4.543303847184471111e-01
4.292720059599662297e-01
3.940536492576521832e-01
8.599668634587414040e-01
9.854370281227847750e-01
4.168513752025638230e-01
3.931478444927702931e-01
6.545850823965919663e-01
9.010260097546378688e-01
6.481946579734185754e-01
5.569641128248689066e-01
5.835168909632270084e-01
6.780366080670884310e-01
8.669974235277840835e-01
8.570636953621868503e-01
7.057750923868331139e-01
7.870395630160823552e-01
6.001288015527899145e-01
8.952564560158462470e-01
8.715494226128170929e-01
9.961404427665014882e-01
5.478501034078429033e-01
4.911122863870316380e-01
7.803955560610545961e-01
6.025797763829604525e-01
9.786241350739691702e-01
8.110580350838947350e-01
7.503318159792137232e-01
7.597762971503980722e-01
9.553507665108079694e-01
7.645848335757869929e-01
5.451408179548857813e-01
5.887623656027293206e-01
6.314121779501711273e-01
6.906172429133052848e-01
6.774590995339043742e-01
8.220925055633389045e-01
9.403456275904013006e-01
9.456604709662573827e-01
7.773420281930183418e-01
5.666428286783400381e-01
8.558158754661291390e-01
7.161397951216401658e-01
5.167716715829681062e-01
8.504874827830003481e-01
6.064163528552495297e-01
9.463817082958738691e-01
8.361764488369881620e-01
5.907501232404483993e-01
6.197562126248437053e-01
8.657854005807783526e-01
6.897247180994457993e-01
8.073718737842565663e-01
8.154243950074164804e-01
9.638355021417335244e-01
8.475758948248608426e-01
9.952768684158685986e-01
9.431851379047184736e-01
6.682047691736945350e-01
8.565841168520786919e-01
8.368595957820574860e-01
6.077489981513519712e-01
8.914084599279538113e-01
8.498797083505671424e-01
8.639177636526987891e-01
8.949675281913991309e-01
5.535986808842439100e-01
6.705353166171333923e-01
9.919404992857732140e-01
5.068913717792508100e-01
8.945069497434338102e-01
5.049819636418763080e-01
5.362929701852073849e-01
4.893939881337011633e-01
7.554529099917717261e-01
9.045121682842421906e-01
9.761299491489275892e-01
5.413146698132320633e-01
5.466462520196118113e-01
6.762845306040456972e-01
6.245195552742615064e-01
9.845157896300489320e-01
7.402375012398675347e-01
9.357672591375909565e-01
5.714559472014267838e-01
7.940640797948838037e-01
8.742870646445102256e-01
9.836545548714124010e-01
5.992750776582042027e-01
6.034770070326990199e-01
7.767013420236356103e-01
9.369294501279712417e-01
7.871121862408236858e-01
8.486131381412319596e-01
6.822572140653694328e-01
6.868352191086380953e-01
8.130268269677579651e-01
7.159752877286373884e-01
9.999621501803793722e-01
6.430173729180169717e-01
6.635147806205223819e-01
8.612896603290105535e-01
7.211040736115996719e-01
7.607776738203295697e-01
7.368072617110725808e-01
8.836522993452118335e-01
8.563297292250511283e-01
7.332736833708166646e-01
9.995673430019078598e-01
9.989352110069299462e-01
8.544105260805641144e-01
9.999675615095314773e-01
7.217830582838318243e-01
6.334210401458287842e-01
6.489807383153931575e-01
7.614440613030551974e-01
9.951909252824497898e-01
9.163489705964260601e-01
9.186143893887452894e-01
8.601021777062549667e-01
9.991730476893119217e-01
9.687417040329097118e-01
9.416494832615968091e-01
6.429565486445869560e-01
9.176430989617999634e-01
9.988471639334346452e-01
6.415292306998682248e-01
9.107802329658070128e-01
9.659770819273344467e-01
9.375021384440436201e-01
9.477482281144599119e-01
7.309302118042273477e-01
9.356739667111286796e-01
6.706677366821776065e-01
9.044084885460578205e-01
9.961153567142159160e-01
7.740338712431416024e-01
9.271932452998370433e-01
7.974015211675284931e-01
9.654265821025840300e-01
6.651625603793249741e-01
9.813111648096209949e-01
9.979938711434888088e-01
7.675978270052937757e-01
8.492402589378256206e-01
8.831274405082290002e-01
6.674326818060034583e-01
8.059235495574306185e-01
7.833228179501486865e-01
6.838627140550070926e-01
6.899976774820770764e-01
8.386361802338002658e-01
9.715082575326320358e-01
8.286608929090044651e-01
8.709939457920869987e-01
9.764960424499893321e-01
8.592303226341653222e-01
8.840269123981594479e-01
9.945948197135515700e-01
7.402741681183707678e-01
9.987674349617793323e-01
9.658854385979135371e-01
6.812603091087013896e-01
9.092816459867748557e-01
6.515140700393501350e-01
5.989725815873381265e-01
8.922842618368062029e-01
6.486364640874596743e-01
7.209652366702129500e-01
9.176345332832820390e-01
9.976019009039911456e-01
9.986917764331978420e-01
7.212707416116497239e-01
7.906886396373352666e-01
8.761618990100040749e-01
9.999021660381597343e-01
8.713320846314860368e-01
8.226922492054213887e-01
9.240651631380084607e-01
9.782079578958733368e-01
9.301887132001905867e-01
7.165950192445946776e-01
9.995277005105461798e-01
7.424513402736668821e-01
7.002417058440351116e-01
9.199248313545115296e-01
9.803431415221993683e-01
9.821012016578493098e-01
9.092305189806528798e-01
7.542086277279338447e-01
7.741673711294849713e-01
8.932123773525925126e-01
6.779165078801727695e-01
6.863011597777928241e-01
9.987510559027378276e-01
6.943178825582725366e-01
8.348940333216027243e-01
8.116373356651551685e-01
9.074931097061379459e-01
9.885544928663750897e-01
8.509125030537554313e-01
9.411997246329594224e-01
9.749834378829975723e-01
7.100508061286834316e-01
9.350771821065571032e-01
8.564735018787665854e-01
9.961025334005835230e-01
7.707051604440058323e-01
6.774992816870173407e-01
9.264054674643535936e-01
9.221366887610049634e-01
7.360300837170994370e-01
9.999999999999997780e-01
9.999999999999997780e-01
9.999999999999998890e-01
9.999999999999998890e-01
1.000000000000000444e+00
1.000000000000000444e+00
9.999999999999995559e-01
9.999999999999995559e-01
1.000000000000000444e+00
1.000000000000000444e+00
1.000000000000000072e-18
