9.999008133410466348e-01
9.997240526488506696e-01
9.992325115684623782e-01
9.978671348076426639e-01
9.940861199456145769e-01
9.837044723570995686e-01
9.558560306482851709e-01
8.856441379203753295e-01
7.336946119639661257e-01
4.935612471338312046e-01
4.935612471338312046e-01
4.912184160865220584e-01
4.888759768261569105e-01
4.865340337628886180e-01
4.841926912163857510e-01
4.818520533968596031e-01
4.795122243861109079e-01
4.771733081186538827e-01
4.748354083628808509e-01
4.724986287022993059e-01
4.701630725168398639e-01
4.678288429642484259e-01
4.654960429615524475e-01
4.631647751666476687e-01
4.608351419599535093e-01
4.585072454262022479e-01
4.561811873363411651e-01
4.538570691295396031e-01
4.515349918953426300e-01
4.492150563559588194e-01
4.468973628486831995e-01
4.445820113084755221e-01
4.422691012506915209e-01
4.399587317539749298e-01
4.376510014433214191e-01
4.353460084733161706e-01
4.330438505115471459e-01
4.307446247222068703e-01
4.284484277498933902e-01
4.261553557035931417e-01
4.238655041408782020e-01
4.215789680523133187e-01
4.192958418460689396e-01
4.170162193327542344e-01
4.147401937104792102e-01
4.124678575501400379e-01
4.101993027809345271e-01
4.079346206761261806e-01
4.056739018390381202e-01
4.034172361893010317e-01
4.011647129493419173e-01
3.989164206311393568e-01
3.966724470232297906e-01
3.944328791779675436e-01
3.921978033990626833e-01
3.899673052293860520e-01
3.877414694390266536e-01
3.855203800136495773e-01
3.833041201431122147e-01
3.810927722103616411e-01
3.788864177806217093e-01
3.766851375908623623e-01
3.744890115395418384e-01
3.722981186766575190e-01
3.701125371940703346e-01
3.679323444161300971e-01
3.657576167905854936e-01
3.635884298797970038e-01
3.614248583522399194e-01
3.592669759743009061e-01
3.571148556023809872e-01
3.549685691752846317e-01
3.528281877069178174e-01
3.506937812792766396e-01
3.485654190357376780e-01
3.464431691746474584e-01
3.443270989432077878e-01
3.422172746316685665e-01
3.401137615677983783e-01
3.380166241116779879e-01
3.359259256507707292e-01
3.338417285952978708e-01
3.317640943739048609e-01
3.296930834296253332e-01
3.276287552161284422e-01
3.255711681942723423e-01
3.235203798289302268e-01
3.214764465861115750e-01
3.194394239303788852e-01
3.174093663225270312e-01
3.153863272175612131e-01
3.133703590629524083e-01
3.113615132971641053e-01
3.093598403484600912e-01
3.073653896339794134e-01
3.053782095590898971e-01
3.033983475169990118e-01
3.014258498886379645e-01
2.994607620427998107e-01
2.975031283365480173e-01
2.955529921158587814e-01
2.936103957165501210e-01
2.916753804654244608e-01
2.897479866816775607e-01
2.878282536785508050e-01
2.859162197652140858e-01
2.840119222488872719e-01
2.821153974371998219e-01
2.802266806407667232e-01
2.783458061760035740e-01
2.764728073681508858e-01
2.746077165545221521e-01
2.727505650879669119e-01
2.709013833405330418e-01
2.690602007073448210e-01
2.672270456106837222e-01
2.654019455042547770e-01
2.635849268776596088e-01
2.617760152610484892e-01
2.599752352299654623e-01
2.581826104103719377e-01
2.563981634838444768e-01
2.546219161929486052e-01
2.528538893467777715e-01
2.510941028266648889e-01
2.493425755920408993e-01
2.475993256864637559e-01
2.458643702437831591e-01
2.441377254944732678e-01
2.424194067720818746e-01
2.407094285198459471e-01
2.390078042974250749e-01
2.373145467877669224e-01
2.356296678041057135e-01
2.339531782970750706e-01
2.322850883619474449e-01
2.306254072459775206e-01
2.289741433558624140e-01
2.273313042653078153e-01
2.256968967226840317e-01
2.240709266587981030e-01
2.224533991947438005e-01
2.208443186498451893e-01
2.192436885496908128e-01
2.176515116342382372e-01
2.160677898660093577e-01
2.144925244383474316e-01
2.129257157837485259e-01
2.113673635822613806e-01
2.098174667699437834e-01
2.082760235473811727e-01
2.067430313882581416e-01
2.052184870479807910e-01
2.037023865723478766e-01
2.021947253062626182e-01
2.006954979024893060e-01
1.992046983304430474e-01
1.977223198850118213e-01
1.962483551954128380e-01
1.947827962340744068e-01
1.933256343255363718e-01
1.918768601553767494e-01
1.904364637791542136e-01
1.890044346313598800e-01
1.875807615343867418e-01
1.861654327074997173e-01
1.847584357758207396e-01
1.833597577793021349e-01
1.819693851817119623e-01
1.805873038796081964e-01
1.792134992113087189e-01
1.778479559658544817e-01
1.764906583919552685e-01
1.751415902069289043e-01
1.738007346056172631e-01
1.724680742692865643e-01
1.711435913745061876e-01
1.698272676020017302e-01
1.685190841454842769e-01
1.672190217204483631e-01
1.659270605729452619e-01
1.646431804883151662e-01
1.633673607998920307e-01
1.620995803976697514e-01
1.608398177369275150e-01
1.595880508468165981e-01
1.583442573389073904e-01
1.571084144156874585e-01
1.558804988790160606e-01
1.546604871385320878e-01
1.534483552200138767e-01
1.522440787736857037e-01
1.510476330824718771e-01
1.498589930702040052e-01
1.486781333097612345e-01
1.475050280311676065e-01
1.463396511296237712e-01
1.451819761734795544e-01
1.440319764121497370e-01
1.428896247839707423e-01
1.417548939239877959e-01
1.406277561716831603e-01
1.395081835786439184e-01
1.383961479161573971e-01
1.372916206827404229e-01
1.361945731116130931e-01
1.351049761780852565e-01
1.340228006068938105e-01
1.329480168794580641e-01
1.318805952410671001e-01
1.308205057080024936e-01
1.297677180745813175e-01
1.287222019201327838e-01
1.276839266158990571e-01
1.266528613318676222e-01
1.256289750435234942e-01
1.246122365385322894e-01
1.236026144233497853e-01
1.226000771297526132e-01
1.216045929212959953e-01
1.206161298996994286e-01
1.196346560111496288e-01
1.186601390525372085e-01
1.176925466776066187e-01
1.167318464030409897e-01
1.157780056144613878e-01
1.148309915723574048e-01
1.138907714179344388e-01
1.129573121788907120e-01
1.120305807751148519e-01
1.111105440243057713e-01
1.101971686475211043e-01
1.092904212746428072e-01
1.083902684497725921e-01
1.074966766365471477e-01
1.066096122233805288e-01
1.057290415286279844e-01
1.048549308056769269e-01
1.039872462479597415e-01
1.031259539938936542e-01
1.022710201317457296e-01
1.014224107044227052e-01
1.005800917141848050e-01
9.974402912728885795e-02
9.891418887855443765e-02
9.809053687586043180e-02
9.727303900456460428e-02
9.646166113185399016e-02
9.565636911102001760e-02
9.485712878566431028e-02
9.406390599383319950e-02
9.327666657207708822e-02
9.249537635944631020e-02
9.172000120141023116e-02
9.095050695371147131e-02
9.018685948614768577e-02
8.942902468628723123e-02
8.867696846311531877e-02
8.793065675061423336e-02
8.719005551127367859e-02
8.645513073953646488e-02
8.572584846517877777e-02
8.500217475662344424e-02
8.428407572419008287e-02
8.357151752327807159e-02
8.286446635748893896e-02
8.216288848168451509e-02
8.146675020498156394e-02
8.077601789368418772e-02
8.009065797415773624e-02
7.941063693563901738e-02
7.873592133298704110e-02
7.806647778937320092e-02
7.740227299891679069e-02
7.674327372925540680e-02
7.608944682406409976e-02
7.544075920551246428e-02
7.479717787666796680e-02
7.415866992384378964e-02
7.352520251888876313e-02
7.289674292142578338e-02
7.227325848103285932e-02
7.165471663937483804e-02
7.104108493227986876e-02
7.043233099176257617e-02
6.982842254799999371e-02
6.922932743125291555e-02
6.863501357373738565e-02
6.804544901145023750e-02
6.746060188594074636e-02
6.688044044603719263e-02
6.630493304952578271e-02
6.573404816478085888e-02
6.516775437234920143e-02
6.460602036649101820e-02
6.404881495667147373e-02
6.349610706901176460e-02
6.294786574769395404e-02
6.240406015632303516e-02
6.186465957924713877e-02
6.132963342283459518e-02
6.079895121670977204e-02
6.027258261494984615e-02
5.975049739723766601e-02
5.923266546997976723e-02
5.871905686738004837e-02
5.820964175248070221e-02
5.770439041816047276e-02
5.720327328809799577e-02
5.670626091769916804e-02
5.621332399498520788e-02
5.572443334145012195e-02
5.523955991287819722e-02
5.475867480013058008e-02
5.428174922989673079e-02
5.380875456541229368e-02
5.333966230714569379e-02
5.287444409345009450e-02
5.241307170118682246e-02
5.195551704631549972e-02
5.150175218445426223e-02
5.105174931140996075e-02
5.060548076367936410e-02
5.016291901892055288e-02
4.972403669639652302e-02
4.928880655739111688e-02
4.885720150559565156e-02
4.842919458747119849e-02
4.800475899258325324e-02
4.758386805390972529e-02
4.716649524812459998e-02
4.675261419585653028e-02
4.634219866192174769e-02
4.593522255553451894e-02
4.553165993049312910e-02
4.513148498534270275e-02
4.473467206351595254e-02
4.434119565345079339e-02
4.395103038868758416e-02
4.356415104794315180e-02
4.318053255516628858e-02
4.280014997957004574e-02
4.242297853564640231e-02
4.204899358316028374e-02
4.167817062712386722e-02
4.131048531775285970e-02
4.094591345040420743e-02
4.058443096549579215e-02
4.022601394840843309e-02
3.987063862937027803e-02
3.951828138332522805e-02
3.916891872978406353e-02
3.882252733266025602e-02
3.847908400008888397e-02
3.813856568423159427e-02
3.780094948106536151e-02
3.746621263015766784e-02
3.713433251442573718e-02
3.680528665988438974e-02
3.647905273537711129e-02
3.615560855229617288e-02
3.583493206428928907e-02
3.551700136695285642e-02
3.520179469751321538e-02
3.488929043449670586e-02
3.457946709738644875e-02
3.427230334626957947e-02
3.396777798147108951e-02
3.366586994317940368e-02
3.336655831105943965e-02
3.306982230385598076e-02
3.277564127898801444e-02
3.248399473213169075e-02
3.219486229679543315e-02
3.190822374388502247e-02
3.162405898125990322e-02
3.134234805328128121e-02
3.106307114035128034e-02
3.078620855844444587e-02
3.051174075863088628e-02
3.023964832659252130e-02
2.996991198213138502e-02
2.970251257867063607e-02
2.943743110274893438e-02
2.917464867350857624e-02
2.891414654217573307e-02
2.865590609153659610e-02
2.839990883540505218e-02
2.814613641808633160e-02
2.789457061383431025e-02
2.764519332630353127e-02
2.739798658799579012e-02
2.715293255970188668e-02
2.691001352993891912e-02
2.666921191438193992e-02
2.643051025529239220e-02
2.619389122094095690e-02
2.595933760502762075e-02
2.572683232609676227e-02
2.549635842694909088e-02
2.526789907404982521e-02
2.504143755693354415e-02
2.481695728760562394e-02
2.459444179994054597e-02
2.437387474907776533e-02
2.415523991081417951e-02
2.393852118099410592e-02
2.372370257489726103e-02
2.351076822662387725e-02
2.329970238847760278e-02
2.309048943034679516e-02
2.288311383908358393e-02
2.267756021788092449e-02
2.247381328564883318e-02
2.227185787638773229e-02
2.207167893856195121e-02
2.187326153447077468e-02
2.167659083961855429e-02
2.148165214208445570e-02
2.128843084189031495e-02
2.109691245036837345e-02
2.090708258952796855e-02
2.071892699142187030e-02
2.053243149751153573e-02
2.034758205803303965e-02
2.016436473136142341e-02
1.998276568337606016e-02
1.980277118682498630e-02
1.962436762068960755e-02
1.944754146954997751e-02
1.927227932294895557e-02
1.909856787475807186e-02
1.892639392254299308e-02
1.875574436692907868e-02
1.858660621096860227e-02
1.841896655950732778e-02
1.825281261855256701e-02
1.808813169464140030e-02
1.792491119421042722e-02
1.776313862296569415e-02
1.760280158525408256e-02
1.744388778343531482e-02
1.728638501725543453e-02
1.713028118322125481e-02
1.697556427397601403e-02
1.682222237767652673e-02
1.667024367737103552e-02
1.651961645037964416e-02
1.637032906767488943e-02
1.622236999326476595e-02
1.607572778357693744e-02
1.593039108684445038e-02
1.578634864249355355e-02
1.564358928053274922e-02
1.550210192094401279e-02
1.536187557307550078e-02
1.522289933503620692e-02
1.508516239309281096e-02
1.494865402106803319e-02
1.481336357974113137e-02
1.467928051625054173e-02
1.454639436349863986e-02
1.441469473955812874e-02
1.428417134708113642e-02
1.415481397271022360e-02
1.402661248649138791e-02
1.389955684128984202e-02
1.377363707220742930e-02
1.364884329600292434e-02
1.352516571051421736e-02
1.340259459408301573e-02
1.328112030498200709e-02
1.316073328084427056e-02
1.304142403809535611e-02
1.292318317138745065e-02
1.280600135303645165e-02
1.268986933246118304e-02
1.257477793562544917e-02
1.246071806448227626e-02
1.234768069642111499e-02
1.223565688371729306e-02
1.212463775298421031e-02
1.201461450462832856e-02
1.190557841230636439e-02
1.179752082238547453e-02
1.169043315340616458e-02
1.158430689554743390e-02
1.147913361009518171e-02
1.137490492891297771e-02
1.127161255391541210e-02
1.116924825654470703e-02
1.106780387724944775e-02
1.096727132496649014e-02
1.086764257660547545e-02
1.076890967653610504e-02
1.067106473607819586e-02
1.057409993299449937e-02
1.047800751098644859e-02
1.038277977919237725e-02
1.028840911168896373e-02
1.019488794699510703e-02
1.010220878757883689e-02
1.001036419936689181e-02
9.919346811257235760e-03
9.829149314634414575e-03
9.739764462887458979e-03
9.651185070930982934e-03
9.563404014728856331e-03
9.476414230820798951e-03
9.390208715851739579e-03
9.304780526104193539e-03
9.220122777032968217e-03
9.136228642803509783e-03
9.053091355832125139e-03
8.970704206329867605e-03
8.889060541848686423e-03
8.808153766830580794e-03
8.727977342159713367e-03
8.648524784716941916e-03
8.569789666937657410e-03
8.491765616371984779e-03
8.414446315248135660e-03
8.337825500038250487e-03
8.261896961027232963e-03
8.186654541884387862e-03
8.112092139237577632e-03
8.038203702250539678e-03
7.964983232202715521e-03
7.892424782071702852e-03
7.820522456119013976e-03
7.749270409477939346e-03
7.678662847744520577e-03
7.608694026571331988e-03
7.539358251263586670e-03
7.470649876378388475e-03
7.402563305326464657e-03
7.335092989976672341e-03
7.268233430263268402e-03
7.201979173795518621e-03
7.136324815470668735e-03
7.071264997088789854e-03
7.006794406970869547e-03
6.942907779579310726e-03
6.879599895141108937e-03
6.816865579273621335e-03
6.754699702613032285e-03
6.693097180445480888e-03
6.632052972340562493e-03
6.571562081787624826e-03
6.511619555834701790e-03
6.452220484729715398e-03
6.393360001564579037e-03
6.335033281921639142e-03
6.277235543522778800e-03
6.219962045880884048e-03
6.163208089954028482e-03
6.106969017802064796e-03
6.051240212245635394e-03
5.996017096527859677e-03
5.941295133978271269e-03
5.887069827679405898e-03
5.833336720135735495e-03
5.780091392945017892e-03
5.727329466472145386e-03
5.675046599525427130e-03
5.623238489035102365e-03
5.571900869734500855e-03
5.521029513843272833e-03
5.470620230753352013e-03
5.420668866716898786e-03
5.371171304536817744e-03
5.322123463259607543e-03
5.273521297870331463e-03
5.225360798990140616e-03
5.177637992575898768e-03
5.130348939622202814e-03
5.083489735865547379e-03
5.037056511490906746e-03
4.991045430840424478e-03
4.945452692124362518e-03
4.900274527134356600e-03
4.855507200958655324e-03
4.811147011699862426e-03
4.767190290194576845e-03
4.723633399735316547e-03
4.680472735794630711e-03
4.637704725751311784e-03
4.595325828618661464e-03
4.553332534775011813e-03
4.511721365696254316e-03
4.470488873690513926e-03
4.429631641634743447e-03
4.389146282713722244e-03
4.349029440160666511e-03
4.309277787000238662e-03
4.269888025793429354e-03
4.230856888384396282e-03
4.192181135649478314e-03
4.153857557247998128e-03
4.115882971375205493e-03
4.078254224517074977e-03
4.040968191207120266e-03
4.004021773785070709e-03
3.967411902157587031e-03
3.931135533560755138e-03
3.895189652324634703e-03
3.859571269639503008e-03
3.824277423324123643e-03
3.789305177595904319e-03
3.754651622842687924e-03
3.720313875396652134e-03
3.686289077309844869e-03
3.652574396131620139e-03
3.619167024687845475e-03
3.586064180861881813e-03
3.553263107377457701e-03
3.520761071583031459e-03
3.488555365238298761e-03
3.456643304302052001e-03
3.425022228722058443e-03
3.393689502226470561e-03
3.362642512117071294e-03
3.331878669064116966e-03
3.301395406902850327e-03
3.271190182431853687e-03
3.241260475212786804e-03
3.211603787371992633e-03
3.182217643403687304e-03
3.153099589974646313e-03
3.124247195730700880e-03
3.095658051104665034e-03
3.067329768125939739e-03
3.039259980231698646e-03
3.011446342079522349e-03
2.983886529361750879e-03
2.956578238621309414e-03
2.929519187068964706e-03
2.902707112402275885e-03
2.876139772625932196e-03
2.849814945873636787e-03
2.823730430231442910e-03
2.797884043562621006e-03
2.772273623333919215e-03
2.746897026443316167e-03
2.721752129049287774e-03
2.696836826401288745e-03
2.672149032671948012e-03
2.647686680790412549e-03
2.623447722277270217e-03
2.599430127080785361e-03
2.575631883414479257e-03
2.552050997596176391e-03
2.528685493888330540e-03
2.505533414339713907e-03
2.482592818628493597e-03
2.459861783906521979e-03
2.437338404645112387e-03
2.415020792481931133e-03
2.392907076069359686e-03
2.370995400924005240e-03
2.349283929277607742e-03
2.327770839929097901e-03
2.306454328098009147e-03
2.285332605279083960e-03
2.264403899098141760e-03
2.243666453169158512e-03
2.223118526952566273e-03
2.202758395614794803e-03
2.182584349888947676e-03
2.162594695936750824e-03
2.142787755211603053e-03
2.123161864322857355e-03
2.103715374901228910e-03
2.084446653465388353e-03
2.065354081289663083e-03
2.046436054272891738e-03
2.027690982808413173e-03
2.009117291655153521e-03
1.990713419809856007e-03
1.972477820380354185e-03
1.954408960459994883e-03
1.936505321003105214e-03
1.918765396701547273e-03
1.901187695862310845e-03
1.883770740286257097e-03
1.866513065147743303e-03
1.849413218875463165e-03
1.832469763034194838e-03
1.815681272207639438e-03
1.799046333882214086e-03
1.782563548331937611e-03
1.766231528504212667e-03
1.750048899906693359e-03
1.734014300495048200e-03
1.718126380561776044e-03
1.702383802625920392e-03
1.686785241323791569e-03
1.671329383300612864e-03
1.656014927103116423e-03
1.640840583073080883e-03
1.625805073241761312e-03
1.610907131225312915e-03
1.596145502121027685e-03
1.581518942404579360e-03
1.567026219828078709e-03
1.552666113319062756e-03
1.538437412880355910e-03
1.524338919490816902e-03
1.510369445006937237e-03
1.496527812065304424e-03
1.482812853985931035e-03
1.469223414676410367e-03
1.455758348536925154e-03
1.442416520366091763e-03
1.429196805267611472e-03
1.416098088557759833e-03
1.403119265673686590e-03
1.390259242082498171e-03
1.377516933191173061e-03
1.364891264257221378e-03
1.352381170300198145e-03
1.339985596013924980e-03
1.327703495679524942e-03
1.315533833079203518e-03
1.303475581410810241e-03
1.291527723203131925e-03
1.279689250231928364e-03
1.267959163436748870e-03
1.256336472838415165e-03
1.244820197457296822e-03
1.233409365232277346e-03
1.222103012940421079e-03
1.210900186117387992e-03
1.199799938978520462e-03
1.188801334340643459e-03
1.177903443544539748e-03
1.167105346378132869e-03
1.156406131000326269e-03
1.145804893865548253e-03
1.135300739648921215e-03
1.124892781172134523e-03
1.114580139329937776e-03
1.104361943017333810e-03
1.094237329057363246e-03
1.084205442129554517e-03
1.074265434699029622e-03
1.064416466946186898e-03
1.054657706697067912e-03
1.044988329354291185e-03
1.035407517828633613e-03
1.025914462471204944e-03
1.016508361006217493e-03
1.007188418464383377e-03
9.979538471168627588e-04
9.888038664098396102e-04
9.797377028996504325e-04
9.707545901884961611e-04
9.618537688607512511e-04
9.530344864198028298e-04
9.442959972254687034e-04
9.356375624319851134e-04
9.270584499265349665e-04
9.185579342683088426e-04
9.101352966281548319e-04
9.017898247287120354e-04
8.935208127851108862e-04
8.853275614462058135e-04
8.772093777363106516e-04
8.691655749974784269e-04
8.611954728322645906e-04
8.532983970470554456e-04
8.454736795958257009e-04
8.377206585244821460e-04
8.300386779156433909e-04
8.224270878339385053e-04
8.148852442717972357e-04
8.074125090957141263e-04
8.000082499930054108e-04
7.926718404190313512e-04
7.854026595448956264e-04
7.782000922056235039e-04
7.710635288487731505e-04
7.639923654835563014e-04
7.569860036303700584e-04
7.500438502707997739e-04
7.431653177980746981e-04
7.363498239679531869e-04
7.295967918500760683e-04
7.229056497797107551e-04
7.162758313099769607e-04
7.097067751644738944e-04
7.031979251903348492e-04
6.967487303117118934e-04
6.903586444836708235e-04
6.840271266465028843e-04
6.777536406804514140e-04
6.715376553608331384e-04
6.653786443135877244e-04
6.592760859711805678e-04
6.532294635289676672e-04
6.472382649018827228e-04
6.413019826815773237e-04
6.354201140938985385e-04
6.295921609567702634e-04
6.238176296384680261e-04
6.180960310162228466e-04
6.124268804352626808e-04
6.068096976681608022e-04
6.012440068745909761e-04
5.957293365614233990e-04
5.902652195432021680e-04
5.848511929029476860e-04
5.794867979533440674e-04
5.741715801982575501e-04
5.689050892946029368e-04
5.636868790145601249e-04
5.585165072081335700e-04
5.533935357660356002e-04
5.483175305829265413e-04
5.432880615209579852e-04
5.383047023736743869e-04
5.333670308302189975e-04
5.284746284398794767e-04
5.236270805769315537e-04
5.188239764058257290e-04
5.140649088466746255e-04
5.093494745410511804e-04
5.046772738180939919e-04
5.000479106609357575e-04
4.954609926734126297e-04
4.909161310470850628e-04
4.864129405285686327e-04
4.819510393871276679e-04
4.775300493826015137e-04
4.731495957335895403e-04
4.688093070859430901e-04
4.645088154815261430e-04
4.602477563272843299e-04
4.560257683645564815e-04
4.518424936387016805e-04
4.476975774689753544e-04
4.435906684186920862e-04
4.395214182656481997e-04
4.354894819728195691e-04
4.314945176593266312e-04
4.275361865716514735e-04
4.236141530551284129e-04
4.197280845256825318e-04
4.158776514418308068e-04
4.120625272769354785e-04
4.082823884917052143e-04
4.045369145069514934e-04
4.008257876765895875e-04
3.971486932608768732e-04
3.935053193999102144e-04
3.898953570873460407e-04
3.863185001443716340e-04
3.827744451939042074e-04
3.792628916350269355e-04
3.757835416176624798e-04
3.723361000174648717e-04
3.689202744109483490e-04
3.655357750508387779e-04
3.621823148416461989e-04
3.588596093154675483e-04
3.555673766079977096e-04
3.523053374347659156e-04
3.490732150675867154e-04
3.458707353112214374e-04
3.426976264802567116e-04
3.395536193761855190e-04
3.364384472647146784e-04
3.333518458532412502e-04
3.302935532685817772e-04
3.272633100348628006e-04
3.242608590516381359e-04
3.212859455721895426e-04
3.183383171820346929e-04
3.154177237776221651e-04
3.125239175452314603e-04
3.096566529400512067e-04
3.068156866654562619e-04
3.040007776524711347e-04
3.012116870394205398e-04
2.984481781517646479e-04
2.957100164821168048e-04
2.929969696704407423e-04
2.903088074844405587e-04
2.876453018001066085e-04
2.850062265824618605e-04
2.823913578664667126e-04
2.798004737381060603e-04
2.772333543156446341e-04
2.746897817310547788e-04
2.721695401116150490e-04
2.696724155616688867e-04
2.671981961445592116e-04
2.647466718647216834e-04
2.623176346499377217e-04
2.599108783337614865e-04
2.575261986380886171e-04
2.551633931559039743e-04
2.528222613341692972e-04
2.505026044568754977e-04
2.482042256282473384e-04
2.459269297561042901e-04
2.436705235353656162e-04
2.414348154317113096e-04
2.392196156653910246e-04
2.370247361951820589e-04
2.348499907024871700e-04
2.326951945755850759e-04
2.305601648940188645e-04
2.284447204131324254e-04
2.263486815487382312e-04
2.242718703619362580e-04
2.222141105440639849e-04
2.201752274017845757e-04
2.181550478423133232e-04
2.161534003587747669e-04
2.141701150157002153e-04
2.122050234346498966e-04
2.102579587799696323e-04
2.083287557446770186e-04
2.064172505364793113e-04
2.045232808639133374e-04
2.026466859226144540e-04
2.007873063817130642e-04
1.989449843703487947e-04
1.971195634643172455e-04
1.953108886728301195e-04
1.935188064253972435e-04
1.917431645588341669e-04
1.899838123043828158e-04
1.882406002749499997e-04
1.865133804524640151e-04
1.848020061753486137e-04
1.831063321261051740e-04
1.814262143190142169e-04
1.797615100879439317e-04
1.781120780742789940e-04
1.764777782149462310e-04
1.748584717305607132e-04
1.732540211136752257e-04
1.716642901171389730e-04
1.700891437425585773e-04
1.685284482288714554e-04
1.669820710410156348e-04
1.654498808587082613e-04
1.639317475653266447e-04
1.624275422368867206e-04
1.609371371311256222e-04
1.594604056766841345e-04
1.579972224623859406e-04
1.565474632266145819e-04
1.551110048467921972e-04
1.536877253289465164e-04
1.522775037973794711e-04
1.508802204844281517e-04
1.494957567203192500e-04
1.481239949231157136e-04
1.467648185887560715e-04
1.454181122811840478e-04
1.440837616225684075e-04
1.427616532836146882e-04
1.414516749739599011e-04
1.401537154326606082e-04
1.388676644187653237e-04
1.375934127019728655e-04
1.363308520533775242e-04
1.350798752362961704e-04
1.338403759971836437e-04
1.326122490566263392e-04
1.313953901004197929e-04
1.301896957707309702e-04
1.289950636573367472e-04
1.278113922889440588e-04
1.266385811245907933e-04
1.254765305451235294e-04
1.243251418447548001e-04
1.231843172226958704e-04
1.220539597748660605e-04
1.209339734856806729e-04
1.198242632199098950e-04
1.187247347146155597e-04
1.176352945711596411e-04
1.165558502472866914e-04
1.154863100492777136e-04
1.144265831241770426e-04
1.133765794520911341e-04
1.123362098385539661e-04
1.113053859069651621e-04
1.102840200910996314e-04
1.092720256276792255e-04
1.082693165490188119e-04
1.072758076757348379e-04
1.062914146095242466e-04
1.053160537260066818e-04
1.043496421676340911e-04
1.033920978366639163e-04
1.024433393881971739e-04
1.015032862232801510e-04
1.005718584820687139e-04
9.964897703705703205e-05
9.873456348636548523e-05
9.782854014709145530e-05
9.693083004872129354e-05
9.604135692660209543e-05
9.516004521547297102e-05
9.428682004305604129e-05
