9.999816109061532288e-01
9.999488328252309488e-01
9.998576364608200429e-01
9.996039591492946741e-01
9.988987212007696126e-01
9.969412530062685684e-01
9.915321417639515467e-01
9.767669422391545009e-01
9.377809400119978545e-01
8.433837244863782168e-01
8.433837244863782168e-01
8.421519778780435228e-01
8.409123074459119440e-01
8.396646904036865200e-01
8.384091043701521473e-01
8.371455273775958439e-01
8.358739378802672038e-01
8.345943147628914760e-01
8.333066373491953005e-01
8.320108854105079388e-01
8.307070391743676119e-01
8.293950793331743565e-01
8.280749870528738565e-01
8.267467439816862385e-01
8.254103322588307590e-01
8.240657345232975661e-01
8.227129339226504356e-01
8.213519141218348363e-01
8.199826593120049800e-01
8.186051542193795161e-01
8.172193841141133230e-01
8.158253348191473187e-01
8.144229927191235507e-01
8.130123447692542138e-01
8.115933785042295234e-01
8.101660820470970581e-01
8.087304441181741854e-01
8.072864540439321779e-01
8.058341017658684491e-01
8.043733778493834530e-01
8.029042734926516989e-01
8.014267805354360341e-01
7.999408914679364546e-01
7.984465994395788524e-01
7.969438982677805594e-01
7.954327824467061214e-01
7.939132471559687820e-01
7.923852882693238620e-01
7.908489023632794268e-01
7.893040867257088422e-01
7.877508393643962714e-01
7.861891590155228871e-01
7.846190451521259934e-01
7.830404979924784348e-01
7.814535185084029445e-01
7.798581084335690639e-01
7.782542702716472860e-01
7.766420073044584260e-01
7.750213236000038641e-01
7.733922240204463838e-01
7.717547142299827634e-01
7.701088007026370974e-01
7.684544907299831751e-01
7.667917924287266374e-01
7.651207147482410598e-01
7.634412674779588182e-01
7.617534612546690287e-01
7.600573075697159009e-01
7.583528187760562034e-01
7.566400080952282448e-01
7.549188896241593172e-01
7.531894783418837669e-01
7.514517901161034130e-01
7.497058417096126304e-01
7.479516507866061925e-01
7.461892359188023738e-01
7.444186165914684628e-01
7.426398132092375537e-01
7.408528471018142048e-01
7.390577405294960212e-01
7.372545166885270396e-01
7.354431997163056733e-01
7.336238146963819373e-01
7.317963876633085674e-01
7.299609456073028468e-01
7.281175164787063725e-01
7.262661291922786200e-01
7.244068136312741268e-01
7.225396006513361558e-01
7.206645220841974009e-01
7.187816107411445499e-01
7.168909004162986598e-01
7.149924258896729334e-01
7.130862229300232169e-01
7.111723282974616867e-01
7.092507797458522667e-01
7.073216160249851114e-01
7.053848768825097260e-01
7.034406030656459308e-01
7.014888363226328138e-01
6.995296194039666293e-01
6.975629960633640270e-01
6.955890110584999064e-01
6.936077101514814824e-01
6.916191401090699964e-01
6.896233487026476316e-01
6.876203847079206399e-01
6.856102979043661172e-01
6.835931390744015568e-01
6.815689600023029371e-01
6.795378134728288222e-01
6.774997532695992142e-01
6.754548341731745342e-01
6.734031119588790304e-01
6.713446433943179859e-01
6.692794862366380215e-01
6.672076992295036257e-01
6.651293420997592687e-01
6.630444755538473789e-01
6.609531612739013573e-01
6.588554619135782442e-01
6.567514410935781921e-01
6.546411633968913790e-01
6.525246943637401653e-01
6.504021004862243771e-01
6.482734492027057982e-01
6.461388088918427197e-01
6.439982488663824611e-01
6.418518393666317046e-01
6.396996515536398364e-01
6.375417575020838612e-01
6.353782301928694309e-01
6.332091435054179041e-01
6.310345722096896148e-01
6.288545919578836241e-01
6.266692792758720154e-01
6.244787115543181111e-01
6.222829670395408908e-01
6.200821248240453443e-01
6.178762648368101296e-01
6.156654678332592612e-01
6.134498153849714530e-01
6.112293898690954741e-01
6.090042744574923894e-01
6.067745531055989128e-01
6.045403105410235289e-01
6.023016322518621735e-01
6.000586044747439063e-01
5.978113141826293386e-01
5.955598490723253979e-01
5.933042975517508477e-01
5.910447487269429034e-01
5.887812923888218197e-01
5.865140189996900233e-01
5.842430196795002084e-01
5.819683861918744094e-01
5.796902109299015837e-01
5.774085869016811756e-01
5.751236077156616222e-01
5.728353675657356092e-01
5.705439612161382623e-01
5.682494839861125246e-01
5.659520317343835760e-01
5.636517008434202003e-01
5.613485882035014196e-01
5.590427911965892838e-01
5.567344076800238017e-01
5.544235359700238064e-01
5.521102748250252823e-01
5.497947234288428353e-01
5.474769813736746205e-01
5.451571486429418467e-01
5.428353255939875055e-01
5.405116129406282166e-01
5.381861117355588586e-01
5.358589233526436235e-01
5.335301494690674051e-01
5.311998920473799402e-01
5.288682533174173805e-01
5.265353357581361582e-01
5.242012420793317196e-01
5.218660752032815431e-01
5.195299382462977844e-01
5.171929345002056477e-01
5.148551674137519241e-01
5.125167405739585735e-01
5.101777576874079179e-01
5.078383225614967467e-01
5.054985390856445715e-01
5.031585112124615788e-01
5.008183429389103658e-01
4.984781382874226008e-01
4.961380012870395539e-01
4.937980359545260378e-01
4.914583462754894549e-01
4.891190361855256574e-01
4.867802095513705796e-01
4.844419701520894517e-01
4.821044216602948795e-01
4.797676676233978421e-01
4.774318114449345729e-01
4.750969563659145356e-01
4.727632054462626021e-01
4.704306615463158536e-01
4.680994273083997070e-01
4.657696051384960789e-01
4.634412971879958709e-01
4.611146053355531516e-01
4.587896311690508044e-01
4.564664759676738681e-01
4.541452406840978950e-01
4.518260259268186418e-01
4.495089319425960017e-01
4.471940585990542560e-01
4.448815053674172182e-01
4.425713713053999188e-01
4.402637550402603295e-01
4.379587547520118473e-01
4.356564681568076969e-01
4.333569924905091852e-01
4.310604244924181594e-01
4.287668603892212382e-01
4.264763958791088494e-01
4.241891261160942728e-01
4.219051456945602796e-01
4.196245486339784669e-01
4.173474283638745064e-01
4.150738777089916232e-01
4.128039888746936059e-01
4.105378534325850315e-01
4.082755623063724082e-01
4.060172057579571891e-01
4.037628733737722020e-01
4.015126540513669351e-01
3.992666359862369063e-01
3.970249066589097708e-01
3.947875528222876129e-01
3.925546604892448666e-01
3.903263149205016269e-01
3.881026006127466510e-01
3.858836012870444088e-01
3.836693998775020376e-01
3.814600785202255651e-01
3.792557185425372568e-01
3.770564004524821766e-01
3.748622039286131358e-01
3.726732078100655210e-01
3.704894900869036278e-01
3.683111278907645891e-01
3.661381974857926824e-01
3.639707742598543017e-01
3.618089327160495250e-01
3.596527464645121741e-01
3.575022882145095227e-01
3.553576297668248340e-01
3.532188420064465983e-01
3.510859948955374898e-01
3.489591574667052498e-01
3.468383978165809900e-01
3.447237830996585650e-01
3.426153795224672338e-01
3.405132523380101639e-01
3.384174658405052494e-01
3.363280833604276876e-01
3.342451672598246715e-01
3.321687789279423875e-01
3.300989787771274053e-01
3.280358262390249968e-01
3.259793797610599508e-01
3.239296968032083779e-01
3.218868338350490688e-01
3.198508463331006246e-01
3.178217887784380857e-01
3.157997146545873934e-01
3.137846764456996840e-01
3.117767256349982530e-01
3.097759127034950266e-01
3.077822871289844775e-01
3.057958973852950013e-01
3.038167909418162393e-01
3.018450142632769229e-01
2.998806128097934454e-01
2.979236310371661256e-01
2.959741123974315435e-01
2.940320993396684512e-01
2.920976333110487655e-01
2.901707547581298119e-01
2.882515031283922613e-01
2.863399168720137666e-01
2.844360334438756910e-01
2.825398893057997629e-01
2.806515199290153806e-01
2.787709597968467401e-01
2.768982424076218973e-01
2.750334002777955478e-01
2.731764649452844140e-01
2.713274669730160182e-01
2.694864359526761288e-01
2.676534005086554924e-01
2.658283883022009575e-01
2.640114260357548925e-01
2.622025394574789559e-01
2.604017533659718775e-01
2.586090916151608798e-01
2.568245771193697902e-01
2.550482318585672870e-01
2.532800768837703553e-01
2.515201323226248231e-01
2.497684173851402734e-01
2.480249503695755586e-01
2.462897486684894055e-01
2.445628287749236907e-01
2.428442062887412878e-01
2.411338959230987788e-01
2.394319115110518370e-01
2.377382660122963343e-01
2.360529715200341550e-01
2.343760392679583582e-01
2.327074796373645449e-01
2.310473021643696667e-01
2.293955155472434670e-01
2.277521276538448936e-01
2.261171455291665633e-01
2.244905754029682121e-01
2.228724226975107303e-01
2.212626920353790994e-01
2.196613872473908435e-01
2.180685113805859721e-01
2.164840667062994939e-01
2.149080547283010456e-01
2.133404761910135949e-01
2.117813310877940947e-01
2.102306186692778356e-01
2.086883374517840839e-01
2.071544852257760083e-01
2.056290590643762850e-01
2.041120553319231701e-01
2.026034696925831935e-01
2.011032971189965490e-01
1.996115319009638678e-01
1.981281676541699621e-01
1.966531973289332713e-01
1.951866132189923886e-01
1.937284069703087419e-01
1.922785695898942548e-01
1.908370914546616559e-01
1.894039623202836420e-01
1.879791713300700273e-01
1.865627070238500551e-01
1.851545573468658112e-01
1.837547096586652495e-01
1.823631507419985198e-01
1.809798668117109377e-01
1.796048435236334284e-01
1.782380659834628678e-01
1.768795187556372606e-01
1.755291858721908516e-01
1.741870508416015484e-01
1.728530966576190542e-01
1.715273058080695467e-01
1.702096602836444816e-01
1.689001415866595301e-01
1.675987307397893977e-01
1.663054082947754697e-01
1.650201543410985405e-01
1.637429485146234542e-01
1.624737700062036660e-01
1.612125975702552727e-01
1.599594095332847188e-01
1.587141838023827800e-01
1.574768978736737213e-01
1.562475288407175755e-01
1.550260534028728154e-01
1.538124478736045964e-01
1.526066881887504223e-01
1.514087499147311888e-01
1.502186082567117942e-01
1.490362380667080711e-01
1.478616138516401501e-01
1.466947097813297851e-01
1.455354996964357550e-01
1.443839571163393343e-01
1.432400552469637323e-01
1.421037669885322485e-01
1.409750649432695568e-01
1.398539214230374306e-01
1.387403084569034939e-01
1.376341977986523801e-01
1.365355609342220056e-01
1.354443690890849983e-01
1.343605932355491361e-01
1.332842041000017186e-01
1.322151721700771110e-01
1.311534677017593964e-01
1.300990607264138343e-01
1.290519210577436571e-01
1.280120182986830002e-01
1.269793218482116182e-01
1.259538009080988785e-01
1.249354244895785615e-01
1.239241614199457081e-01
1.229199803490802628e-01
1.219228497559032842e-01
1.209327379547481679e-01
1.199496131016686978e-01
1.189734432006634840e-01
1.180041961098305392e-01
1.170418395474450979e-01
1.160863410979627586e-01
1.151376682179468536e-01
1.141957882419190051e-01
1.132606683881379195e-01
1.123322757642995356e-01
1.114105773731617899e-01
1.104955401180952035e-01
1.095871308085580309e-01
1.086853161654940669e-01
1.077900628266571931e-01
1.069013373518601928e-01
1.060191062281487795e-01
1.051433358748990882e-01
1.042739926488426422e-01
1.034110428490173234e-01
1.025544527216395302e-01
1.017041884649093758e-01
1.008602162337358110e-01
1.000225021443923307e-01
9.919101227909793428e-02
9.836571269052500621e-02
9.754656940623608607e-02
9.673354843304764195e-02
9.592661576132123502e-02
9.512573736918648881e-02
9.433087922668798031e-02
9.354200729986772433e-02
9.275908755477255130e-02
9.198208596139390014e-02
9.121096849753880520e-02
9.044570115263120269e-02
8.968624993144565238e-02
8.893258085777239197e-02
8.818465997801708256e-02
8.744245336472966645e-02
8.670592712007409164e-02
8.597504737922295748e-02
8.524978031369652431e-02
8.453009213462886473e-02
8.381594909597653298e-02
8.310731749765845611e-02
8.240416368863688612e-02
8.170645406993329307e-02
8.101415509758386202e-02
8.032723328553220687e-02
7.964565520846428326e-02
7.896938750458039336e-02
7.829839687830809913e-02
7.763265010295894442e-02
7.697211402332254648e-02
7.631675555820827128e-02
7.566654170292359816e-02
7.502143953170256618e-02
7.438141620007432397e-02
7.374643894717614057e-02
7.311647509801634526e-02
7.249149206567660764e-02
7.187145735346758824e-02
7.125633855702651065e-02
7.064610336636703569e-02
7.004071956787404074e-02
6.944015504624986845e-02
6.884437778640975503e-02
6.825335587532786741e-02
6.766705750383357476e-02
6.708545096835979993e-02
6.650850467264590726e-02
6.593618712938872917e-02
6.536846696185225070e-02
6.480531290542806966e-02
6.424669380915187800e-02
6.369257863717539547e-02
6.314293647019417199e-02
6.259773650683263246e-02
6.205694806498469190e-02
6.152054058311408336e-02
6.098848362151197688e-02
6.046074686351522731e-02
5.993730011668135793e-02
5.941811331392690687e-02
5.890315651462543767e-02
5.839239990566582467e-02
5.788581380247494190e-02
5.738336865000064069e-02
5.688503502365943598e-02
5.639078363024772889e-02
5.590058530881647503e-02
5.541441103151167891e-02
5.493223190438068643e-02
5.445401916814305437e-02
5.397974419892929282e-02
5.350937850898630777e-02
5.304289374735046692e-02
5.258026170048937104e-02
5.212145429291088067e-02
5.166644358774384604e-02
5.121520178728670991e-02
5.076770123352676578e-02
5.032391440863148019e-02
4.988381393540963077e-02
4.944737257774534100e-02
4.901456324100367939e-02
4.858535897241073043e-02
4.815973296140452914e-02
4.773765853996238262e-02
4.731910918290160861e-02
4.690405850815358019e-02
4.649248027701585739e-02
4.608434839437867275e-02
4.567963690892653389e-02
4.527832001331876660e-02
4.488037204434617428e-02
4.448576748306406342e-02
4.409448095490620806e-02
4.370648722977411166e-02
4.332176122210745772e-02
4.294027799093349390e-02
4.256201273989436429e-02
4.218694081725810757e-02
4.181503771590634744e-02
4.144627907330607902e-02
4.108064067146102727e-02
4.071809843684609520e-02
4.035862844032273716e-02
4.000220689703764404e-02
3.964881016630491389e-02
3.929841475146995944e-02
3.895099729975906588e-02
3.860653460211161542e-02
3.826500359299712939e-02
3.792638135021787066e-02
3.759064509469495219e-02
3.725777219024235809e-02
3.692774014332391580e-02
3.660052660279923542e-02
3.627610935965386307e-02
3.595446634671808223e-02
3.563557563837185110e-02
3.531941545023738888e-02
3.500596413885998653e-02
3.469520020137602245e-02
3.438710227517091655e-02
3.408164913752385894e-02
3.377881970524344163e-02
3.347859303429127908e-02
3.318094831939569916e-02
3.288586489365540738e-02
3.259332222813305507e-02
3.230329993143962047e-02
3.201577774930890186e-02
3.173073556416370483e-02
3.144815339467200294e-02
3.116801139529671444e-02
3.089028985583468917e-02
3.061496920094926993e-02
3.034202998969533216e-02
3.007145291503520237e-02
2.980321880334889026e-02
2.953730861393627505e-02
2.927370343851248835e-02
2.901238450069784994e-02
2.875333315549934154e-02
2.849653088878793469e-02
2.824195931676902471e-02
2.798960018544619302e-02
2.773943537008174975e-02
2.749144687464937648e-02
2.724561683128371228e-02
2.700192749972295941e-02
2.676036126674928919e-02
2.652090064562173666e-02
2.628352827550682613e-02
2.604822692090437430e-02
2.581497947106894605e-02
2.558376893942768127e-02
2.535457846299461401e-02
2.512739130178081107e-02
2.490219083820233853e-02
2.467896057648341288e-02
2.445768414205804278e-02
2.423834528096799681e-02
2.402092785925757229e-02
2.380541586236730248e-02
2.359179339452356985e-02
2.338004467812668935e-02
2.317015405313706256e-02
2.296210597645877149e-02
2.275588502132170482e-02
2.255147587666126580e-02
2.234886334649761538e-02
2.214803234931224038e-02
2.194896791742368888e-02
2.175165519636214698e-02
2.155607944424262415e-02
2.136222603113712218e-02
2.117008043844611359e-02
2.097962825826910765e-02
2.079085519277433514e-02
2.060374705356831856e-02
2.041828976106424900e-02
2.023446934385085202e-02
2.005227193806027874e-02
1.987168378673622934e-02
1.969269123920151104e-02
1.951528075042628999e-02
1.933943888039612105e-02
1.916515229347965157e-02
1.899240775779743873e-02
1.882119214459095774e-02
1.865149242759123541e-02
1.848329568238912465e-02
1.831658908580548889e-02
1.815135991526225026e-02
1.798759554815420117e-02
1.782528346122156521e-02
1.766441122992376891e-02
1.750496652781335233e-02
1.734693712591212425e-02
1.719031089208741467e-02
1.703507579042980169e-02
1.688121988063220544e-02
1.672873131737038013e-02
1.657759834968402027e-02
1.642780932036010805e-02
1.627935266531756880e-02
1.613221691299260643e-02
1.598639068372709540e-02
1.584186268915718093e-02
1.569862173160406146e-02
1.555665670346700717e-02
1.541595658661724585e-02
1.527651045179420457e-02
1.513830745800359527e-02
1.500133685191698714e-02
1.486558796727400697e-02
1.473105022428572788e-02
1.459771312904080236e-02
1.446556627291291884e-02
1.433459933197112415e-02
1.420480206639168803e-02
1.407616431987233560e-02
1.394867601904871933e-02
1.382232717291310455e-02
1.369710787223515046e-02
1.357300828898516665e-02
1.345001867575966632e-02
1.332812936520932044e-02
1.320733076946879053e-02
1.308761337958983320e-02
1.296896776497615152e-02
1.285138457282077908e-02
1.273485452754621362e-02
1.261936843024680927e-02
1.250491715813386272e-02
1.239149166398276561e-02
1.227908297558356725e-02
1.216768219519322874e-02
1.205728049899097015e-02
1.194786913653613988e-02
1.183943943022855785e-02
1.173198277477158213e-02
1.162549063663815760e-02
1.151995455353875368e-02
1.141536613389278372e-02
1.131171705630229334e-02
1.120899906902820577e-02
1.110720398946998463e-02
1.100632370364718060e-02
1.090635016568416125e-02
1.080727539729755757e-02
1.070909148728638356e-02
1.061179059102488123e-02
1.051536492995833010e-02
1.041980679110134263e-02
1.032510852653918156e-02
1.023126255293169140e-02
1.013826135102014261e-02
1.004609746513687903e-02
9.954763502717556972e-03
9.864252133816428861e-03
9.774556090624331173e-03
9.685668166989448019e-03
9.597581217940989035e-03
9.510288159215406906e-03
9.423781966785850159e-03
9.338055676394113949e-03
9.253102383085432328e-03
9.168915240746129333e-03
9.085487461644193088e-03
9.002812315972399948e-03
8.920883131394455323e-03
8.839693292593920476e-03
8.759236240825763950e-03
8.679505473471025093e-03
8.600494543593874969e-03
8.522197059501863958e-03
8.444606684308669092e-03
8.367717135499762662e-03
8.291522184500892817e-03
8.216015656249157570e-03
8.141191428767076410e-03
8.067043432739326447e-03
7.993565651092110133e-03
7.920752118575499767e-03
7.848596921348482969e-03
7.777094196566519159e-03
7.706238131972173444e-03
7.636022965488229418e-03
7.566442984813574919e-03
7.497492527021944013e-03
7.429165978163137889e-03
7.361457772867031728e-03
7.294362393950429985e-03
7.227874372026384109e-03
7.161988285116176536e-03
7.096698758264184323e-03
7.032000463155254656e-03
6.967888117734683320e-03
6.904356485830842084e-03
6.841400376780640627e-03
6.779014645057250543e-03
6.717194189900793123e-03
6.655933954951342123e-03
6.595228927884657852e-03
6.535074140050523353e-03
6.475464666113587252e-03
6.416395623696669048e-03
6.357862173026871191e-03
6.299859516583946294e-03
6.242382898751424290e-03
6.185427605470039843e-03
6.128988963893821675e-03
6.073062342048618327e-03
6.017643148493127987e-03
5.962726831982248510e-03
5.908308881133238558e-03
5.854384824093887552e-03
5.800950228213408270e-03
5.748000699715710357e-03
5.695531883374987947e-03
5.643539462193872952e-03
5.592019157083684758e-03
5.540966726547473693e-03
5.490377966365011728e-03
5.440248709280446834e-03
5.390574824692019942e-03
5.341352218344491525e-03
5.292576832023409596e-03
5.244244643252101226e-03
5.196351664990679804e-03
5.148893945337460962e-03
5.101867567232606752e-03
5.055268648163996348e-03
5.009093339875490651e-03
4.963337828077083423e-03
4.917998332157725618e-03
4.873071104899936480e-03
4.828552432196900508e-03
4.784438632771535055e-03
4.740726057897913688e-03
4.697411091124654124e-03
4.654490148000603802e-03
4.611959675802522994e-03
4.569816153265014377e-03
4.528056090312439740e-03
4.486676027793005950e-03
4.445672537214864078e-03
4.405042220484307533e-03
4.364781709646096963e-03
4.324887666625615301e-03
4.285356782973319574e-03
4.246185779610971676e-03
4.207371406580017598e-03
4.168910442791880916e-03
4.130799695780291124e-03
4.093036001455536629e-03
4.055616223860645034e-03
4.018537254929559210e-03
3.981796014247227650e-03
3.945389448811596061e-03
3.909314532797473346e-03
3.873568267322312266e-03
3.838147680213897447e-03
3.803049825779857441e-03
3.768271784579044648e-03
3.733810663194753621e-03
3.699663594009734800e-03
3.665827734983076545e-03
3.632300269428877411e-03
3.599078405796696505e-03
3.566159377453717756e-03
3.533540442468864878e-03
3.501218883398425977e-03
3.469192007073649241e-03
3.437457144389951483e-03
3.406011650097766873e-03
3.374852902595312960e-03
3.343978303722882402e-03
3.313385278558865932e-03
3.283071275217475798e-03
3.253033764648058639e-03
3.223270240436133978e-03
3.193778218606043405e-03
3.164555237425195275e-03
3.135598857209923995e-03
3.106906660133030695e-03
3.078476250032775429e-03
3.050305252223586318e-03
3.022391313308230194e-03
2.994732100991621699e-03
2.967325303896084770e-03
2.940168631378256917e-03
2.913259813347430279e-03
2.886596600085396692e-03
2.860176762067932494e-03
2.833998089787518465e-03
2.808058393577829177e-03
2.782355503439439253e-03
2.756887268867165477e-03
2.731651558678747666e-03
2.706646260844961568e-03
2.681869282321271315e-03
2.657318548880770789e-03
2.632992004948574334e-03
2.608887613437579217e-03
2.585003355585655752e-03
2.561337230794171436e-03
2.537887256467887681e-03
2.514651467856184042e-03
2.491627917895690610e-03
2.468814677054108255e-03
2.446209833175578847e-03
2.423811491327082859e-03
2.401617773646399535e-03
2.379626819191170330e-03
2.357836783789338427e-03
2.336245839890823371e-03
2.314852176420479843e-03
2.293653998632266822e-03
2.272649527964685709e-03
2.251837001897469184e-03
2.231214673809431889e-03
2.210780812837606982e-03
2.190533703737522399e-03
2.170471646744690560e-03
2.150592957437282883e-03
2.130895966600029022e-03
2.111379020089167342e-03
2.092040478698662612e-03
2.072878718027520040e-03
2.053892128348229918e-03
2.035079114476355013e-03
2.016438095641244661e-03
1.997967505357870367e-03
1.979665791299701355e-03
1.961531415172767124e-03
1.943562852590711163e-03
1.925758592951008243e-03
1.908117139312170280e-03
1.890637008272059603e-03
1.873316729847251299e-03
1.856154847353406459e-03
1.839149917286711424e-03
1.822300509206319476e-03
1.805605205617838134e-03
1.789062601857787900e-03
1.772671305979072343e-03
1.756429938637481215e-03
1.740337132979116004e-03
1.724391534528818808e-03
1.708591801079613424e-03
1.692936602583002296e-03
1.677424621040328597e-03
1.662054550395013035e-03
1.646825096425758202e-03
1.631734976640656504e-03
1.616782920172259120e-03
1.601967667673529893e-03
1.587287971214691078e-03
1.572742594181019294e-03
1.558330311171500808e-03
1.544049907898349195e-03
1.529900181087472761e-03
1.515879938379717387e-03
1.501987998233046771e-03
1.488223189825554037e-03
1.474584352959318161e-03
1.461070337965091536e-03
1.447680005607848404e-03
1.434412226993147512e-03
1.421265883474310534e-03
1.408239866560417539e-03
1.395333077825126888e-03
1.382544428816252563e-03
1.369872840966205154e-03
1.357317245503129356e-03
1.344876583362913372e-03
1.332549805101900008e-03
1.320335870810417870e-03
1.308233750027031376e-03
1.296242421653583761e-03
1.284360873870947191e-03
1.272588104055565441e-03
1.260923118696677869e-03
1.249364933314322298e-03
1.237912572378012258e-03
1.226565069226189875e-03
1.215321465986337300e-03
1.204180813495806532e-03
1.193142171223386064e-03
1.182204607191510246e-03
1.171367197899171424e-03
1.160629028245529007e-03
1.149989191454198114e-03
1.139446788998167270e-03
1.129000930525425389e-03
1.118650733785229090e-03
1.108395324555023998e-03
1.098233836568005949e-03
1.088165411441339644e-03
1.078189198605006586e-03
1.068304355231292470e-03
1.058510046164871758e-03
1.048805443853547325e-03
1.039189728279584900e-03
1.029662086891672225e-03
1.020221714537462594e-03
1.010867813396735529e-03
1.001599592915146820e-03
9.924162697385488594e-04
9.833170676479504376e-04
9.743012174949688747e-04
9.653679571379431912e-04
9.565165313785639004e-04
9.477461918990722238e-04
9.390561972000431492e-04
9.304458125386960623e-04
9.219143098677809803e-04
9.134609677749751201e-04
9.050850714228521419e-04
8.967859124893715929e-04
8.885627891089189091e-04
8.804150058138161773e-04
8.723418734764386414e-04
8.643427092517704186e-04
8.564168365205253016e-04
8.485635848327476461e-04
8.407822898519304224e-04
8.330722932996352526e-04
8.254329429005849428e-04
8.178635923282791438e-04
8.103636011510698210e-04
8.029323347787433720e-04
7.955691644095490029e-04
7.882734669777387380e-04
7.810446251015457737e-04
7.738820270316498556e-04
7.667850666000898888e-04
7.597531431696348406e-04
7.527856615836372219e-04
7.458820321162775314e-04
7.390416704233277075e-04
7.322639974932880881e-04
7.255484395990059732e-04
7.188944282497173504e-04
7.123014001435129788e-04
7.057687971202326232e-04
6.992960661147941620e-04
6.928826591109173453e-04
6.865280330952941348e-04
6.802316500121442615e-04
6.739929767181940560e-04
6.678114849380522048e-04
6.616866512199921909e-04
6.556179568921297095e-04
6.496048880189957088e-04
6.436469353584931300e-04
6.377435943192523091e-04
6.318943649183616194e-04
6.260987517394842007e-04
6.203562638913343160e-04
6.146664149665679840e-04
6.090287230009912810e-04
6.034427104331781472e-04
5.979079040644235364e-04
5.924238350190880707e-04
5.869900387052597165e-04
5.816060547758044718e-04
5.762714270897572764e-04
5.709857036740493500e-04
5.657484366856037252e-04
5.605591823737430309e-04
5.554175010429655791e-04
5.503229570160422671e-04
5.452751185974366805e-04
5.402735580370893794e-04
5.353178514944813672e-04
5.304075790030667297e-04
5.255423244349968163e-04
5.207216754661735851e-04
5.159452235416223543e-04
5.112125638411755017e-04
