1.907202927724325203e-01
1.907210461605325647e-01
1.907220061582491077e-01
1.907232294172813425e-01
1.907247881173978754e-01
1.907267742191148530e-01
1.907293048788608614e-01
1.907325293430191526e-01
1.907366377225105658e-01
1.907418721572561315e-01
1.907485410155548011e-01
1.907570369438190694e-01
1.907678597952013333e-01
1.907816457306129310e-01
1.907992041126435334e-01
1.908215642123193556e-01
1.908500342297229646e-01
1.908862756973879193e-01
1.909323969860656223e-01
1.909910703439759438e-01
1.909910703439759438e-01
1.909961382367013905e-01
1.910012996019161413e-01
1.910065561476104457e-01
1.910119096123798488e-01
1.910173617659505496e-01
1.910229144097133902e-01
1.910285693772647564e-01
1.910343285349578035e-01
1.910401937824599272e-01
1.910461670533205869e-01
1.910522503155467067e-01
1.910584455721869301e-01
1.910647548619249514e-01
1.910711802596802567e-01
1.910777238772208286e-01
1.910843878637808468e-01
1.910911744066919327e-01
1.910980857320187520e-01
1.911051241052078853e-01
1.911122918317445796e-01
1.911195912578173006e-01
1.911270247709946635e-01
1.911345948009095796e-01
1.911423038199542290e-01
1.911501543439839690e-01
1.911581489330316519e-01
1.911662901920307411e-01
1.911745807715495016e-01
1.911830233685334890e-01
1.911916207270598633e-01
1.912003756391003617e-01
1.912092909452931810e-01
1.912183695357285440e-01
1.912276143507397330e-01
1.912370283817080296e-01
1.912466146718756199e-01
1.912563763171683251e-01
1.912663164670304339e-01
1.912764383252680001e-01
1.912867451509015770e-01
1.912972402590311649e-01
1.913079270217100114e-01
1.913188088688281274e-01
1.913298892890051839e-01
1.913411718304957598e-01
1.913526601021023621e-01
1.913643577740971047e-01
1.913762685791572382e-01
1.913883963133058419e-01
1.914007448368642561e-01
1.914133180754135910e-01
1.914261200207653668e-01
1.914391547319409248e-01
1.914524263361603307e-01
1.914659390298397434e-01
1.914796970795969722e-01
1.914937048232664973e-01
1.915079666709210704e-01
1.915224871059033607e-01
1.915372706858623764e-01
1.915523220438002661e-01
1.915676458891245326e-01
1.915832470087066586e-01
1.915991302679489194e-01
1.916153006118554158e-01
1.916317630661101556e-01
1.916485227381592160e-01
1.916655848182988453e-01
1.916829545807682000e-01
1.917006373848439693e-01
1.917186386759406891e-01
1.917369639867127218e-01
1.917556189381589837e-01
1.917746092407291159e-01
1.917939406954301262e-01
1.918136191949346980e-01
1.918336507246877487e-01
1.918540413640129616e-01
1.918747972872159868e-01
1.918959247646872812e-01
1.919174301639982594e-01
1.919393199509951686e-01
1.919616006908866634e-01
1.919842790493241358e-01
1.920073617934765220e-01
1.920308557930930360e-01
1.920547680215592967e-01
1.920791055569406047e-01
1.921038755830118960e-01
1.921290853902767604e-01
1.921547423769686125e-01
1.921808540500352380e-01
1.922074280261074075e-01
1.922344720324456191e-01
1.922619939078649698e-01
1.922900016036386550e-01
1.923185031843750448e-01
1.923475068288667544e-01
1.923770208309130980e-01
1.924070536001094844e-01
1.924376136626035627e-01
1.924687096618163396e-01
1.925003503591254383e-01
1.925325446345075298e-01
1.925653014871360202e-01
1.925986300359377457e-01
1.926325395200948754e-01
1.926670392995007697e-01
1.927021388551579673e-01
1.927378477895200226e-01
1.927741758267731420e-01
1.928111328130507895e-01
1.928487287165845943e-01
1.928869736277789848e-01
1.929258777592155472e-01
1.929654514455741432e-01
1.930057051434729831e-01
1.930466494312194081e-01
1.930882950084703287e-01
1.931306526957946856e-01
1.931737334341360190e-01
1.932175482841656522e-01
1.932621084255281285e-01
1.933074251559677159e-01
1.933535098903322869e-01
1.934003741594501058e-01
1.934480296088727236e-01
1.934964879974773455e-01
1.935457611959229274e-01
1.935958611849528943e-01
1.936468000535394307e-01
1.936985899968592106e-01
1.937512433140971269e-01
1.938047724060658894e-01
1.938591897726392177e-01
1.939145080099857477e-01
1.939707398075976030e-01
1.940278979451060537e-01
1.940859952888722151e-01
1.941450447883470987e-01
1.942050594721898005e-01
1.942660524441340575e-01
1.943280368785942624e-01
1.943910260159984471e-01
1.944550331578413782e-01
1.945200716614415570e-01
1.945861549343963215e-01
1.946532964287193412e-01
1.947215096346494312e-01
1.947908080741209413e-01
1.948612052938789030e-01
1.949327148582298552e-01
1.950053503414100331e-01
1.950791253195645059e-01
1.951540533623146167e-01
1.952301480239055920e-01
1.953074228339171658e-01
1.953858912875203468e-01
1.954655668352678344e-01
1.955464628723995457e-01
1.956285927276469327e-01
1.957119696515213225e-01
1.957966068040658536e-01
1.958825172420565752e-01
1.959697139056310600e-01
1.960582096043294864e-01
1.961480170025277359e-01
1.962391486042428523e-01
1.963316167372908538e-01
1.964254335367802973e-01
1.965206109279153956e-01
1.966171606080933110e-01
1.967150940282715310e-01
1.968144223735845133e-01
1.969151565431875861e-01
1.970173071293074563e-01
1.971208843954727619e-01
1.972258982539084049e-01
1.973323582420650479e-01
1.974402734982610985e-01
1.975496527364181687e-01
1.976605042198606443e-01
1.977728357341592136e-01
1.978866545589920423e-01
1.980019674390022799e-01
1.981187805536240021e-01
1.982370994858563829e-01
1.983569291899570375e-01
1.984782739580371047e-01
1.986011373855250395e-01
1.987255223354857381e-01
1.988514309017613280e-01
1.989788643709163585e-01
1.991078231829649936e-01
1.992383068908508137e-01
1.993703141186663197e-01
1.995038425185816922e-01
1.996388887264702316e-01
1.997754483162026973e-01
1.999135157525975814e-01
2.000530843430044503e-01
2.001941461875063333e-01
2.003366921277219548e-01
2.004807116941973444e-01
2.006261930523686177e-01
2.007731229470863521e-01
2.009214866456943693e-01
2.010712678796486019e-01
2.012224487846745180e-01
2.013750098394584687e-01
2.015289298028683507e-01
2.016841856497081364e-01
2.018407525050084916e-01
2.019986035768569499e-01
2.021577100877834099e-01
2.023180412047069221e-01
2.024795639674652481e-01
2.026422432159455944e-01
2.028060415158387531e-01
2.029709190830488175e-01
2.031368337067890606e-01
2.033037406714000295e-01
2.034715926769365968e-01
2.036403397585684061e-01
2.038099292048481948e-01
2.039803054749085298e-01
2.041514101146493509e-01
2.043231816719920657e-01
2.044955556112752482e-01
2.046684642268803422e-01
2.048418365561765486e-01
2.050155982918923092e-01
2.051896716940118381e-01
2.053639755013232093e-01
2.055384248427379323e-01
2.057129311485156598e-01
2.058874020615406863e-01
2.060617413488011751e-01
2.062358488132321199e-01
2.064096202060969332e-01
2.065829471400881800e-01
2.067557170033426650e-01
2.069278128745731526e-01
2.070991134395306077e-01
2.072694929090266036e-01
2.074388209387492688e-01
2.076069625511213490e-01
2.077737780594636763e-01
2.079391229947330499e-01
2.081028480351171939e-01
2.082647989387845788e-01
2.084248164800910075e-01
2.085827363895650377e-01
2.087383892979993161e-01
2.088916006849866058e-01
2.090421908322528943e-01
2.091899747821488187e-01
2.093347623016709735e-01
2.094763578523903269e-01
2.096145605666837886e-01
2.097491642306603676e-01
2.098799572741921748e-01
2.100067227684614124e-01
2.101292384314405182e-01
2.102472766417288197e-01
2.103606044611768255e-01
2.104689836667189007e-01
2.105721707918560281e-01
2.106699171782100977e-01
2.107619690375835964e-01
2.108480675249494452e-01
2.109279488227917276e-01
2.110013442372093706e-01
2.110679803061906445e-01
2.111275789204515307e-01
2.111798574572167908e-01
2.112245289273123605e-01
2.112613021359169285e-01
2.112898818572981896e-01
2.113099690238426920e-01
2.113212609296556133e-01
2.113234514489870097e-01
2.113162312697020317e-01
2.112992881419885061e-01
2.112723071424486565e-01
2.112349709536910092e-01
2.111869601594971169e-01
2.111279535555860010e-01
2.110576284759558274e-01
2.109756611347391453e-01
2.108817269834415420e-01
2.107755010833922693e-01
2.106566584931685582e-01
2.105248746706996910e-01
2.103798258896973361e-01
2.102211896699849869e-01
2.100486452212528832e-01
2.098618738996728683e-01
2.096605596767627255e-01
2.094443896198064370e-01
2.092130543830744704e-01
2.089662487090130916e-01
2.087036719385050587e-01
2.084250285292407745e-01
2.081300285811538142e-01
2.078183883678304533e-01
2.074898308727147755e-01
2.071440863288910861e-01
2.067808927611434477e-01
2.063999965289465277e-01
2.060011528689930649e-01
2.055841264357957665e-01
2.051486918388780167e-01
2.046946341750083276e-01
2.042217495539138949e-01
2.037298456158668225e-01
2.032187420395232813e-01
2.026882710383771102e-01
2.021382778441729311e-01
2.015686211756332891e-01
2.009791736908525528e-01
2.003698224217222990e-01
1.997404691887801342e-01
1.990910309948972778e-01
1.984214403962593631e-01
1.977316458491442108e-01
1.970216120310466779e-01
1.962913201347699643e-01
1.955407681341666537e-01
1.947699710202963064e-01
1.939789610068449743e-01
1.931677877037491220e-01
1.923365182580665800e-01
1.914852374612335262e-01
1.906140478219722212e-01
1.897230696042169762e-01
1.888124408295554224e-01
1.878823172438073841e-01
1.869328722474845883e-01
1.859642967900185240e-01
1.849767992277642215e-01
1.839706051459326086e-01
1.829459571447308586e-01
1.819031145901323365e-01
1.808423533298227914e-01
1.797639653750065236e-01
1.786682585488839625e-01
1.775555561027338247e-01
1.764261963006542866e-01
1.752805319741382040e-01
1.741189300477573032e-01
1.729417710373436778e-01
1.717494485221455758e-01
1.705423685925295252e-01
1.693209492748755651e-01
1.680856199353906177e-01
1.668368206646251850e-01
1.655750016445368122e-01
1.643006224999846165e-01
1.630141516365809229e-01
1.617160655668487546e-01
1.604068482266550189e-01
1.590869902838924765e-01
1.577569884413889678e-01
1.564173447360047708e-01
1.550685658358654795e-01
1.537111623376485048e-01
1.523456480658030854e-01
1.509725393755428358e-01
1.495923544613995682e-01
1.482056126730637857e-01
1.468128338401810673e-01
1.454145376076949325e-01
1.440112427832604403e-01
1.426034666981629562e-01
1.411917245831016410e-01
1.397765289601046457e-01
1.383583890517506021e-01
1.369378102087869808e-01
1.355152933571292795e-01
1.340913344651420147e-01
1.326664240319966881e-01
1.312410465978097185e-01
1.298156802761712691e-01
1.283907963095726745e-01
1.269668586481565442e-01
1.255443235521157830e-01
1.241236392179811548e-01
1.227052454289515870e-01
1.212895732293360340e-01
1.198770446230975201e-01
1.184680722964120692e-01
1.170630593640826500e-01
1.156623991395803186e-01
1.142664749284186126e-01
1.128756598445067316e-01
1.114903166490721353e-01
1.101107976116884879e-01
1.087374443929003121e-01
1.073705879478881881e-01
1.060105484505848711e-01
1.046576352376129421e-01
1.033121467713846997e-01
1.019743706216832274e-01
1.006445834650125937e-01
9.932305110099674816e-02
9.801002848508147403e-02
9.670575977679066182e-02
9.541047840277511183e-02
9.412440713388821323e-02
9.284775817552565202e-02
9.158073327045812562e-02
9.032352381340040537e-02
8.907631097655925589e-02
8.783926584541273952e-02
8.661254956398788118e-02
8.539631348891071894e-02
8.419069935152104223e-02
8.299583942736096787e-02
8.181185671235755019e-02
8.063886510504822414e-02
7.947696959420788576e-02
7.832626645126362919e-02
7.718684342690142197e-02
7.605877995129202429e-02
7.494214733738555068e-02
7.383700898674717961e-02
7.274342059743085787e-02
7.166143037340765021e-02
7.059107923509272409e-02
6.953240103053581755e-02
6.848542274686411635e-02
6.745016472158781029e-02
6.642664085340450886e-02
6.541485881215597376e-02
6.441482024761793768e-02
6.342652099682043187e-02
6.244995128961994268e-02
6.148509595226352153e-02
6.053193460870459619e-02
5.959044187945111704e-02
5.866058757774154225e-02
5.774233690286700860e-02
5.683565063046881055e-02
5.594048529966363925e-02
5.505679339685914941e-02
5.418452353613992939e-02
5.332362063611897213e-02
5.247402609316199201e-02
5.163567795090457518e-02
5.080851106599765243e-02
4.999245727002335493e-02
4.918744552753900878e-02
4.839340209021545519e-02
4.761025064704414028e-02
4.683791247060108132e-02
4.607630655935752995e-02
4.532534977604293219e-02
4.458495698206681179e-02
4.385504116801620250e-02
4.313551358025267263e-02
4.242628384363435201e-02
4.172726008040004986e-02
4.103834902525158035e-02
4.035945613667926701e-02
3.969048570457794217e-02
3.903134095420326272e-02
3.838192414652528972e-02
3.774213667503448222e-02
3.711187915906240253e-02
3.649105153367800808e-02
3.587955313622554626e-02
3.527728278957002056e-02
3.468413888211774321e-02
3.410001944468184221e-02
3.352482222426242386e-02
3.295844475481281288e-02
3.240078442506343775e-02
3.185173854347470718e-02
3.131120440039230485e-02
3.077907932747636632e-02
3.025526075447695917e-02
2.973964626342808990e-02
2.923213364033167005e-02
2.873262092440295734e-02
2.824100645494743989e-02
2.775718891594007240e-02
2.728106737837549325e-02
2.681254134045695653e-02
2.635151076569296549e-02
2.589787611896656253e-02
2.545153840064334066e-02
2.501239917878265301e-02
2.458036061951464346e-02
2.415532551564582645e-02
2.373719731355320231e-02
2.332588013842731497e-02
2.292127881792198341e-02
2.252329890426780362e-02
2.213184669490585524e-02
2.174682925169500736e-02
2.136815441874697144e-02
2.099573083894004308e-02
2.062946796916309208e-02
2.026927609433824135e-02
1.991506634027057077e-02
1.956675068537102810e-02
1.922424197129877013e-02
1.888745391256613573e-02
1.855630110514961545e-02
1.823069903414818380e-02
1.791056408052948273e-02
1.759581352700263779e-02
1.728636556305650218e-02
1.698213928919883875e-02
1.668305472043354887e-02
1.638903278900884913e-02
1.609999534647123601e-02
1.581586516505642526e-02
1.553656593844922849e-02
1.526202228194209129e-02
1.499215973202154030e-02
1.472690474541082754e-02
1.446618469759589770e-02
1.420992788086082072e-02
1.395806350185811034e-02
1.371052167873810027e-02
1.346723343786125106e-02
1.322813071011581798e-02
1.299314632686257576e-02
1.276221401552800859e-02
1.253526839486575339e-02
1.231224496990596454e-02
1.209308012661153287e-02
1.187771112625852533e-02
1.166607609955889850e-02
1.145811404054135688e-02
1.125376480020693140e-02
1.105296907997416200e-02
1.085566842492867272e-02
1.066180521689151332e-02
1.047132266731913043e-02
1.028416481004866025e-02
1.010027649390041714e-02
9.919603375149674274e-03
9.742091909879064052e-03
9.567689346222362293e-03
9.396343716510335148e-03
9.228003829328193172e-03
9.062619261494639367e-03
8.900140349970966230e-03
8.740518183709543310e-03
8.583704595449376598e-03
8.429652153466986667e-03
8.278314153289986765e-03
8.129644609380374393e-03
7.983598246794653894e-03
7.840130492827010814e-03
7.699197468641730963e-03
7.560755980900952210e-03
7.424763513392820466e-03
7.291178218665921897e-03
7.159958909674461747e-03
7.031065051439297671e-03
6.904456752729153102e-03
6.780094757766136696e-03
6.657940437959843950e-03
6.537955783673677843e-03
6.420103396026860532e-03
6.304346478735740888e-03
6.190648829997299173e-03
6.078974834418018197e-03
5.969289454990860978e-03
5.861558225122848534e-03
5.755747240715947469e-03
5.651823152303217176e-03
5.549753157242668690e-03
5.449504991970599392e-03
5.351046924316371634e-03
5.254347745880330947e-03
5.159376764476293273e-03
5.066103796640335916e-03
4.974499160206971235e-03
4.884533666954071762e-03
4.796178615317648296e-03
4.709405783177383030e-03
4.624187420714032278e-03
4.540496243339335429e-03
4.458305424699254144e-03
4.377588589751236527e-03
4.298319807915846301e-03
4.220473586303585302e-03
4.144024863017048074e-03
4.068949000528811026e-03
3.995221779135504567e-03
3.922819390487984961e-03
3.851718431197993179e-03
3.781895896521368389e-03
3.713329174117716795e-03
3.645996037886686282e-03
3.579874641880672129e-03
3.514943514293930767e-03
3.451181551527907326e-03
3.388568012332577456e-03
3.327082512023642104e-03
3.266705016775175389e-03
3.207415837987576384e-03
3.149195626730397646e-03
3.092025368259708300e-03
3.035886376609590528e-03
2.980760289257351411e-03
2.926629061862023352e-03
2.873474963075644401e-03
2.821280569426880443e-03
2.770028760276382548e-03
2.719702712843447955e-03
2.670285897303386648e-03
2.621762071955011097e-03
2.574115278457705762e-03
2.527329837137409774e-03
2.481390342361005849e-03
2.436281657978392468e-03
2.391988912831662095e-03
2.348497496330744037e-03
2.305793054094783332e-03
2.263861483658722706e-03
2.222688930244307373e-03
2.182261782594881704e-03
2.142566668873328948e-03
2.103590452622359531e-03
2.065320228786630963e-03
2.027743319795827660e-03
1.990847271708123464e-03
1.954619850413283517e-03
1.919049037894709217e-03
1.884123028549716111e-03
1.849830225567388126e-03
1.816159237363213852e-03
1.783098874069938711e-03
1.750638144083763691e-03
1.718766250665348981e-03
1.687472588594832569e-03
1.656746740880182247e-03
1.626578475518204508e-03
1.596957742307502119e-03
1.567874669712702746e-03
1.539319561779265181e-03
1.511282895098186186e-03
1.483755315819929249e-03
1.456727636716891343e-03
1.430190834293749991e-03
1.404136045945030171e-03
1.378554567159197145e-03
1.353437848768675004e-03
1.328777494245069954e-03
1.304565257039016308e-03
1.280793037963970198e-03
1.257452882623313895e-03
1.234536978880170768e-03
1.212037654369251937e-03
1.189947374050190137e-03
1.168258737801672114e-03
1.146964478055835035e-03
1.126057457472259696e-03
1.105530666651009970e-03
1.085377221884126090e-03
1.065590362944966339e-03
1.046163450914850074e-03
1.027089966046420069e-03
1.008363505663138499e-03
9.899777820944154465e-04
9.719266206457628831e-04
9.542039576034668305e-04
9.368038382732271413e-04
9.197204150522173775e-04
9.029479455340931604e-04
8.864807906463586422e-04
8.703134128196505885e-04
8.544403741883705404e-04
8.388563348222211839e-04
8.235560509881239069e-04
8.085343734420348582e-04
7.937862457501948174e-04
7.793067026393138202e-04
7.650908683752528439e-04
7.511339551697270240e-04
7.374312616145700487e-04
7.239781711431353753e-04
7.107701505183501708e-04
6.978027483470466280e-04
6.850715936200744158e-04
6.725723942778289973e-04
6.603009358007428352e-04
6.482530798243281390e-04
6.364247627783961277e-04
6.248119945500150074e-04
6.134108571698353250e-04
6.022175035213937939e-04
5.912281560729979075e-04
5.804391056318321425e-04
5.698467101199061746e-04
5.594473933714748512e-04
5.492376439515848181e-04
5.392140139953689824e-04
5.293731180677650663e-04
5.197116320432975398e-04
5.102262920055832505e-04
5.009138931662489346e-04
4.917712888028915458e-04
4.827953892158009207e-04
4.739831607030988098e-04
4.653316245539888558e-04
4.568378560598112311e-04
4.484989835425927211e-04
4.403121874007993549e-04
4.322746991719892003e-04
4.243838006120846228e-04
4.166368227909770746e-04
4.090311452041696730e-04
4.015641949002063588e-04
3.942334456235954427e-04
3.870364169729711783e-04
3.799706735742260544e-04
3.730338242683489875e-04
3.662235213137367469e-04
3.595374596026976936e-04
3.529733758919252487e-04
3.465290480466927522e-04
3.402022942985186670e-04
3.339909725160912501e-04
3.278929794891969284e-04
3.219062502254482760e-04
3.160287572595725839e-04
3.102585099750442325e-04
3.045935539378557926e-04
2.990319702422004964e-04
2.935718748678708685e-04
2.882114180491596568e-04
2.829487836550604826e-04
2.777821885805835671e-04
2.727098821489697513e-04
2.677301455246364355e-04
2.628412911366366489e-04
2.580416621124795675e-04
2.533296317221027426e-04
2.487036028318308613e-04
2.441620073681449645e-04
2.397033057910791362e-04
2.353259865770885933e-04
2.310285657112093067e-04
2.268095861883536791e-04
2.226676175235753124e-04
2.186012552711463872e-04
2.146091205522913123e-04
2.106898595914224168e-04
2.068421432607282545e-04
2.030646666329658488e-04
1.993561485423084247e-04
1.957153311531116113e-04
1.921409795364511510e-04
1.886318812542971330e-04
1.851868459511897124e-04
1.818047049532782705e-04
1.784843108745997654e-04
1.752245372304592306e-04
1.720242780577947847e-04
1.688824475423937696e-04
1.657979796528441421e-04
1.627698277810966248e-04
1.597969643895245093e-04
1.568783806643585395e-04
1.540130861753906530e-04
1.512001085418238468e-04
1.484384931041718924e-04
1.457273026020879548e-04
1.430656168580235097e-04
1.404525324666124715e-04
1.378871624896717588e-04
1.353686361567273350e-04
1.328960985709591439e-04
1.304687104204704285e-04
1.280856476947871039e-04
1.257461014064892562e-04
1.234492773178882204e-04
1.211943956726534334e-04
1.189806909323039269e-04
1.168074115174756354e-04
1.146738195538761978e-04
1.125791906228482158e-04
1.105228135164536610e-04
1.085039899969992156e-04
1.065220345609249982e-04
1.045762742069731096e-04
1.026660482085640084e-04
1.007907078903032760e-04
9.894961640854119795e-05
9.714214853591837337e-05
9.536769044981878907e-05
9.362563952466496748e-05
9.191540412798333273e-05
9.023640342017272341e-05
8.858806715790869604e-05
8.696983550111778106e-05
8.538115882345875330e-05
8.382149752624567520e-05
8.229032185575221425e-05
8.078711172383407980e-05
7.931135653181210310e-05
7.786255499755550267e-05
7.644021498570720816e-05
7.504385334099662622e-05
7.367299572457985100e-05
7.232717645335762257e-05
7.100593834221359730e-05
6.970883254912097003e-05
6.843541842306676145e-05
6.718526335474008925e-05
6.595794262993786997e-05
6.475303928563559827e-05
6.357014396867739596e-05
6.240885479703597264e-05
6.126877722359648688e-05
6.014952390242028286e-05
5.905071455744035004e-05
5.797197585354764524e-05
5.691294127002293022e-05
5.587325097627165115e-05
5.485255170982185303e-05
5.385049665654177437e-05
5.286674533303842299e-05
5.190096347119780348e-05
5.095282290482539331e-05
5.002200145835255949e-05
4.910818283756869843e-05
4.821105652234260912e-05
4.733031766129908250e-05
4.646566696841153361e-05
4.561681062147983096e-05
4.478346016245623654e-05
4.396533239958732350e-05
4.316214931133863393e-05
4.237363795206892047e-05
4.159953035942356655e-05
4.083956346341497795e-05
4.009347899715907265e-05
3.936102340923927352e-05
3.864194777766610767e-05
3.793600772540587003e-05
3.724296333744776295e-05
3.656257907938295588e-05
3.589462371746786345e-05
3.523887024014318869e-05
3.459509578098479747e-05
3.396308154305805203e-05
3.334261272465164944e-05
3.273347844636505938e-05
3.213547167952493630e-05
3.154838917590701940e-05
3.097203139873874641e-05
3.040620245496050418e-05
2.985071002872151101e-05
2.930536531608831483e-05
2.876998296094377921e-05
2.824438099205535765e-05
2.772838076129073169e-05
2.722180688295978591e-05
2.672448717426333318e-05
2.623625259682768867e-05
2.575693719930553303e-05
2.528637806102369129e-05
2.482441523665858640e-05
2.437089170192102060e-05
2.392565330023146690e-05
2.348854869036838129e-05
2.305942929507102953e-05
2.263814925058024708e-05
2.222456535709948339e-05
2.181853703015974559e-05
2.141992625287176169e-05
2.102859752904926975e-05
2.064441783718731570e-05
2.026725658528060112e-05
1.989698556646597377e-05
1.953347891547407513e-05
1.917661306587609442e-05
1.882626670811005372e-05
1.848232074827336330e-05
1.814465826766710157e-05
1.781316448307876897e-05
1.748772670778960737e-05
1.716823431329346438e-05
1.685457869171448357e-05
1.654665321891039676e-05
1.624435321824931248e-05
1.594757592504772884e-05
1.565622045165715345e-05
1.537018775318835617e-05
1.508938059386098116e-05
1.481370351396740361e-05
1.454306279743958911e-05
1.427736644000777333e-05
1.401652411794053151e-05
1.376044715735538227e-05
1.350904850408942417e-05
1.326224269412024726e-05
1.301994582452640456e-05
1.278207552497829058e-05
1.254855092974926734e-05
1.231929265023774961e-05
1.209422274799107069e-05
1.187326470822143028e-05
1.165634341380572689e-05
1.144338511975984394e-05
1.123431742817887500e-05
1.102906926363511291e-05
1.082757084902485271e-05
1.062975368185642767e-05
1.043555051097101308e-05
1.024489531368848298e-05
1.005772327337063399e-05
9.873970757393785134e-06
9.693575295523872609e-06
9.516475558686161829e-06
9.342611338122715984e-06
9.171923524930353469e-06
9.004354089972214605e-06
8.839846064156164782e-06
8.678343519073293324e-06
8.519791547989933421e-06
8.364136247186826646e-06
8.211324697638857411e-06
8.061304947029504335e-06
7.914025992093655804e-06
7.769437761282806267e-06
7.627491097746875139e-06
7.488137742626670806e-06
7.351330318651593965e-06
7.217022314036811150e-06
7.085168066674423237e-06
6.955722748613423901e-06
6.828642350823015998e-06
6.703883668234178284e-06
6.581404285054475631e-06
6.461162560350974663e-06
6.343117613896425696e-06
6.227229312274044688e-06
6.113458255235931579e-06
6.001765762310701817e-06
5.892113859655672396e-06
5.784465267149145301e-06
5.678783385718452423e-06
5.575032284899459833e-06
5.473176690623172623e-06
5.373181973225550692e-06
5.275014135676166525e-06
5.178639802021917850e-06
5.084026206041799732e-06
4.991141180108911751e-06
4.899953144255830164e-06
4.810431095439693497e-06
4.722544597003435553e-06
4.636263768329411797e-06
4.551559274682035205e-06
4.468402317235964854e-06
4.386764623286328658e-06
4.306618436637875046e-06
4.227936508169571421e-06
4.150692086571587371e-06
4.074858909251481184e-06
4.000411193406411602e-06
3.927323627258519451e-06
3.855571361450297711e-06
3.785130000597226798e-06
3.715975594994618550e-06
3.648084632476020666e-06
3.581434030420228414e-06
3.516001127904415879e-06
3.451763678000501325e-06
3.388699840212287743e-06
3.326788173050703647e-06
3.266007626744688575e-06
3.206337536085220738e-06
3.147757613400049043e-06
3.090247941656777300e-06
3.033788967691871726e-06
2.978361495563414043e-06
2.923946680025250053e-06
2.870526020120323814e-06
2.818081352891091234e-06
2.766594847204765933e-06
2.716048997691390312e-06
2.666426618792626958e-06
2.617710838919304844e-06
2.569885094715584111e-06
2.522933125428020367e-06
2.476838967377409665e-06
2.431586948531636230e-06
2.387161683177685291e-06
2.343548066690937233e-06
