4.906415971344932347e-03
4.906414128396841337e-03
4.906411779976181144e-03
4.906408787445696446e-03
4.906404974144201563e-03
4.906400114957989306e-03
4.906393923032362561e-03
4.906386032838836245e-03
4.906375978599001458e-03
4.906363166791792574e-03
4.906346841122326101e-03
4.906326037885957309e-03
4.906299529095307747e-03
4.906265750017407487e-03
4.906222706850646605e-03
4.906167859103359105e-03
4.906097969750142923e-03
4.906008914351970771e-03
4.905895437923626576e-03
4.905750845279906354e-03
4.905750845279906354e-03
4.905738343848817240e-03
4.905725609828824260e-03
4.905712638893844520e-03
4.905699426637360333e-03
4.905685968570974199e-03
4.905672260122840612e-03
4.905658296636133432e-03
4.905644073367468154e-03
4.905629585485299024e-03
4.905614828068277991e-03
4.905599796103583300e-03
4.905584484485234209e-03
4.905568888012351927e-03
4.905553001387386730e-03
4.905536819214366753e-03
4.905520335997018422e-03
4.905503546136930244e-03
4.905486443931663700e-03
4.905469023572832030e-03
4.905451279144081890e-03
4.905433204619151326e-03
4.905414793859805452e-03
4.905396040613753048e-03
4.905376938512542341e-03
4.905357481069403010e-03
4.905337661677042216e-03
4.905317473605422425e-03
4.905296909999493256e-03
4.905275963876832256e-03
4.905254628125335116e-03
4.905232895500785326e-03
4.905210758624397802e-03
4.905188209980336500e-03
4.905165241913170444e-03
4.905141846625295926e-03
4.905118016174275439e-03
4.905093742470174878e-03
4.905069017272843494e-03
4.905043832189088897e-03
4.905018178669871137e-03
4.904992048007418733e-03
4.904965431332257951e-03
4.904938319610266384e-03
4.904910703639566057e-03
4.904882574047464243e-03
4.904853921287262442e-03
4.904824735635042801e-03
4.904795007186385156e-03
4.904764725853031151e-03
4.904733881359480720e-03
4.904702463239510486e-03
4.904670460832665294e-03
4.904637863280645639e-03
4.904604659523653480e-03
4.904570838296677324e-03
4.904536388125671498e-03
4.904501297323706800e-03
4.904465553987027472e-03
4.904429145991043987e-03
4.904392060986227826e-03
4.904354286394003656e-03
4.904315809402447213e-03
4.904276616962032626e-03
4.904236695781199334e-03
4.904196032321902522e-03
4.904154612795050792e-03
4.904112423155849304e-03
4.904069449099126426e-03
4.904025676054464371e-03
4.903981089181345433e-03
4.903935673364132573e-03
4.903889413207011827e-03
4.903842293028821964e-03
4.903794296857763579e-03
4.903745408426057883e-03
4.903695611164477983e-03
4.903644888196783021e-03
4.903593222334068184e-03
4.903540596068978533e-03
4.903486991569865582e-03
4.903432390674766078e-03
4.903376774885364296e-03
4.903320125360749633e-03
4.903262422911136044e-03
4.903203647991401064e-03
4.903143780694577125e-03
4.903082800745163332e-03
4.903020687492344425e-03
4.902957419903098725e-03
4.902892976555124800e-03
4.902827335629724760e-03
4.902760474904489796e-03
4.902692371745859083e-03
4.902623003101578072e-03
4.902552345493014531e-03
4.902480375007291571e-03
4.902407067289315731e-03
4.902332397533676681e-03
4.902256340476344836e-03
4.902178870386251011e-03
4.902099961056745510e-03
4.902019585796832564e-03
4.901937717422306766e-03
4.901854328246693475e-03
4.901769390072037436e-03
4.901682874179524863e-03
4.901594751319955472e-03
4.901504991704008947e-03
4.901413564992335332e-03
4.901320440285502310e-03
4.901225586113751656e-03
4.901128970426535392e-03
4.901030560581907947e-03
4.900930323335703220e-03
4.900828224830516486e-03
4.900724230584520627e-03
4.900618305480023904e-03
4.900510413751874191e-03
4.900400518975651584e-03
4.900288584055599063e-03
4.900174571212405697e-03
4.900058441970723579e-03
4.899940157146490463e-03
4.899819676833988731e-03
4.899696960392734349e-03
4.899571966434067456e-03
4.899444652807546062e-03
4.899314976587091676e-03
4.899182894056874731e-03
4.899048360696948469e-03
4.898911331168660788e-03
4.898771759299765972e-03
4.898629598069301379e-03
4.898484799592174414e-03
4.898337315103504057e-03
4.898187094942679613e-03
4.898034088537105493e-03
4.897878244385690111e-03
4.897719510042060700e-03
4.897557832097453739e-03
4.897393156163297456e-03
4.897225426853532397e-03
4.897054587766571168e-03
4.896880581466991900e-03
4.896703349466854406e-03
4.896522832206776088e-03
4.896338969036564612e-03
4.896151698195627677e-03
4.895960956792957779e-03
4.895766680786826398e-03
4.895568804964078348e-03
4.895367262919101715e-03
4.895161987032458674e-03
4.894952908449046181e-03
4.894739957056021620e-03
4.894523061460221910e-03
4.894302148965283365e-03
4.894077145548312267e-03
4.893847975836222372e-03
4.893614563081558934e-03
4.893376829138048646e-03
4.893134694435614419e-03
4.892888077955040611e-03
4.892636897202167282e-03
4.892381068181680254e-03
4.892120505370431069e-03
4.891855121690311982e-03
4.891584828480699879e-03
4.891309535470404063e-03
4.891029150749173424e-03
4.890743580738689256e-03
4.890452730163121799e-03
4.890156502019172430e-03
4.889854797545610185e-03
4.889547516192319955e-03
4.889234555588828531e-03
4.888915811512327576e-03
4.888591177855158842e-03
4.888260546591752069e-03
4.887923807745069363e-03
4.887580849352451962e-03
4.887231557430926632e-03
4.886875815941992517e-03
4.886513506755753126e-03
4.886144509614558269e-03
4.885768702096011072e-03
4.885385959575391270e-03
4.884996155187488684e-03
4.884599159787839963e-03
4.884194841913293110e-03
4.883783067742046395e-03
4.883363701052969089e-03
4.882936603184322849e-03
4.882501632991862947e-03
4.882058646806218712e-03
4.881607498389682435e-03
4.881148038892313933e-03
4.880680116807322583e-03
4.880203577925852632e-03
4.879718265291003478e-03
4.879224019151178621e-03
4.878720676912762406e-03
4.878208073092026552e-03
4.877686039266378344e-03
4.877154404024832551e-03
4.876612992917777299e-03
4.876061628406020906e-03
4.875500129809029470e-03
4.874928313252493116e-03
4.874345991615060443e-03
4.873752974474366943e-03
4.873149068052229013e-03
4.872534075159146681e-03
4.871907795137932033e-03
4.871270023806602116e-03
4.870620553400473868e-03
4.869959172513429850e-03
4.869285666038446724e-03
4.868599815107201717e-03
4.867901397028990412e-03
4.867190185228741604e-03
4.866465949184239394e-03
4.865728454362516948e-03
4.864977462155424537e-03
4.864212729814367496e-03
4.863434010384193318e-03
4.862641052636270354e-03
4.861833601000686150e-03
4.861011395497680763e-03
4.860174171668125986e-03
4.859321660503284658e-03
4.858453588373653174e-03
4.857569676956969597e-03
4.856669643165435063e-03
4.855753199072022734e-03
4.854820051836004381e-03
4.853869903627628692e-03
4.852902451551999001e-03
4.851917387572059377e-03
4.850914398430811354e-03
4.849893165572764786e-03
4.848853365064447613e-03
4.847794667514261635e-03
4.846716737991468328e-03
4.845619235944363667e-03
4.844501815117821519e-03
4.843364123469891605e-03
4.842205803087790313e-03
4.841026490103114352e-03
4.839825814606300673e-03
4.838603400560431526e-03
4.837358865714320479e-03
4.836091821514957451e-03
4.834801873019257262e-03
4.833488618805235719e-03
4.832151650882529105e-03
4.830790554602355097e-03
4.829404908566913360e-03
4.827994284538222360e-03
4.826558247346520759e-03
4.825096354798111102e-03
4.823608157582814047e-03
4.822093199180985459e-03
4.820551015770178742e-03
4.818981136131451556e-03
4.817383081555401923e-03
4.815756365747884266e-03
4.814100494735572798e-03
4.812414966771358382e-03
4.810699272239535480e-03
4.808952893561042018e-03
4.807175305098571744e-03
4.805365973061800217e-03
4.803524355412642013e-03
4.801649901770701362e-03
4.799742053318923132e-03
4.797800242709527457e-03
4.795823893970278286e-03
4.793812422411202964e-03
4.791765234531775858e-03
4.789681727928696980e-03
4.787561291204295126e-03
4.785403303875716829e-03
4.783207136284882942e-03
4.780972149509399305e-03
4.778697695274470095e-03
4.776383115865895368e-03
4.774027744044310670e-03
4.771630902960726818e-03
4.769191906073504301e-03
4.766710057066832554e-03
4.764184649770908386e-03
4.761614968083903790e-03
4.759000285895748257e-03
4.756339867014066497e-03
4.753632965092190882e-03
4.750878823559544391e-03
4.748076675554439158e-03
4.745225743859528278e-03
4.742325240839919548e-03
4.739374368384337115e-03
4.736372317849246900e-03
4.733318270006302286e-03
4.730211394993162968e-03
4.727050852267961067e-03
4.723835790567530724e-03
4.720565347869612807e-03
4.717238651359209958e-03
4.713854817399382516e-03
4.710412951506534780e-03
4.706912148330558501e-03
4.703351491639928134e-03
4.699730054312094805e-03
4.696046898329255329e-03
4.692301074779877887e-03
4.688491623866137062e-03
4.684617574917502789e-03
4.680677946410811974e-03
4.676671745996971094e-03
4.672597970534639322e-03
4.668455606131089938e-03
4.664243628190644676e-03
4.659961001470752998e-03
4.655606680146213289e-03
4.651179607881741548e-03
4.646678717913095731e-03
4.642102933137218050e-03
4.637451166211578255e-03
4.632722319663096049e-03
4.627915286006878577e-03
4.623028947875217065e-03
4.618062178157011748e-03
4.613013840148097802e-03
4.607882787712689991e-03
4.602667865456368419e-03
4.597367908910869952e-03
4.591981744731053923e-03
4.586508190904420301e-03
4.580946056973501240e-03
4.575294144271400965e-03
4.569551246170970582e-03
4.563716148347855481e-03
4.557787629057844653e-03
4.551764459428753531e-03
4.545645403767372035e-03
4.539429219881653023e-03
4.533114659418567040e-03
4.526700468218009324e-03
4.520185386682955969e-03
4.513568150166422620e-03
4.506847489375332382e-03
4.500022130791795152e-03
4.493090797112016949e-03
4.486052207703227802e-03
4.478905079078858952e-03
4.471648125392359632e-03
4.464280058949845163e-03
4.456799590741966632e-03
4.449205430995152241e-03
4.441496289742564649e-03
4.433670877415018044e-03
4.425727905451991122e-03
4.417666086933063826e-03
4.409484137229895823e-03
4.401180774678967872e-03
4.392754721275184994e-03
4.384204703386596416e-03
4.375529452490189812e-03
4.366727705928974933e-03
4.357798207690385256e-03
4.348739709206033213e-03
4.339550970172812924e-03
4.330230759395414623e-03
4.320777855650084244e-03
4.311191048569681071e-03
4.301469139549835702e-03
4.291610942676076478e-03
4.281615285671806423e-03
4.271481010866801098e-03
4.261206976186115471e-03
4.250792056158958325e-03
4.240235142947295678e-03
4.229535147393773814e-03
4.218691000088505699e-03
4.207701652454299245e-03
4.196566077849778371e-03
4.185283272689827895e-03
4.173852257582754202e-03
4.162272078483504265e-03
4.150541807862219608e-03
4.138660545887276089e-03
4.126627421622173705e-03
4.114441594235153203e-03
4.102102254220792686e-03
4.089608624632508696e-03
4.076959962324913991e-03
4.064155559204937415e-03
4.051194743490517565e-03
4.038076880975742695e-03
4.024801376300994431e-03
4.011367674226887052e-03
3.997775260910576417e-03
3.984023665182931037e-03
3.970112459825151513e-03
3.956041262843159982e-03
3.941809738738253840e-03
3.927417599772241308e-03
3.912864607225408249e-03
3.898150572645519077e-03
3.883275359085975632e-03
3.868238882331327764e-03
3.853041112108177534e-03
3.837682073279503371e-03
3.822161847020415313e-03
3.806480571973285248e-03
3.790638445380204759e-03
3.774635724190594788e-03
3.758472726141894992e-03
3.742149830811141841e-03
3.725667480635225411e-03
3.709026181897678159e-03
3.692226505679734039e-03
3.675269088773443996e-03
3.658154634554659952e-03
3.640883913813604787e-03
3.623457765540873815e-03
3.605877097666603491e-03
3.588142887750660204e-03
3.570256183621695056e-03
3.552218103962867177e-03
3.534029838842221542e-03
3.515692650185591947e-03
3.497207872190051092e-03
3.478576911675932380e-03
3.459801248375554694e-03
3.440882435156754956e-03
3.421822098179539730e-03
3.402621936984104659e-03
3.383283724508647037e-03
3.363809307035484433e-03
3.344200604064017854e-03
3.324459608109252284e-03
3.304588384424669845e-03
3.284589070648357041e-03
3.264463876371416409e-03
3.244215082627824667e-03
3.223845041304984095e-03
3.203356174474447995e-03
3.182750973642288136e-03
3.162031998918898162e-03
3.141201878107994019e-03
3.120263305714856498e-03
3.099219041873950767e-03
3.078071911196226043e-03
3.056824801536554663e-03
3.035480662681958042e-03
3.014042504961359815e-03
2.992513397777873604e-03
2.970896468064687483e-03
2.949194898665844465e-03
2.927411926643362292e-03
2.905550841512261583e-03
2.883614983405316003e-03
2.861607741169368020e-03
2.839532550395359577e-03
2.817392891384249125e-03
2.795192287051210221e-03
2.772934300770630092e-03
2.750622534164541902e-03
2.728260624837329160e-03
2.705852244059568906e-03
2.683401094404090637e-03
2.660910907337405568e-03
2.638385440769737585e-03
2.615828476567098881e-03
2.593243818028773476e-03
2.570635287333854126e-03
2.548006722960381026e-03
2.525361977080812365e-03
2.502704912937578526e-03
2.480039402202494254e-03
2.457369322323905026e-03
2.434698553865416101e-03
2.412030977840100461e-03
2.389370473044102189e-03
2.366720913393524119e-03
2.344086165268522391e-03
2.321470084868448164e-03
2.298876515581927890e-03
2.276309285375682952e-03
2.253772204205823498e-03
2.231269061455383885e-03
2.208803623401705760e-03
2.186379630717227157e-03
2.164000796007216863e-03
2.141670801387792096e-03
2.119393296107551471e-03
2.097171894216004733e-03
2.075010172281869722e-03
2.052911667164203369e-03
2.030879873839184363e-03
2.008918243285248012e-03
1.987030180429139817e-03
1.965219042155292098e-03
1.943488135380791373e-03
1.921840715198088866e-03
1.900279983087333705e-03
1.878809085200255219e-03
1.857431110717126322e-03
1.836149090278375081e-03
1.814965994492131638e-03
1.793884732518867542e-03
1.772908150734150545e-03
1.752039031470334525e-03
1.731280091837849363e-03
1.710633982626634172e-03
1.690103287288020721e-03
1.669690520997316836e-03
1.649398129797090230e-03
1.629228489821060808e-03
1.609183906598357725e-03
1.589266614437718789e-03
1.569478775891093364e-03
1.549822481296004532e-03
1.530299748395822466e-03
1.510912522037048678e-03
1.491662673942532142e-03
1.472552002559477822e-03
1.453582232980946956e-03
1.434755016939482167e-03
1.416071932871373115e-03
1.397534486049983437e-03
1.379144108786499890e-03
1.360902160696356600e-03
1.342809929029527933e-03
1.324868629062805848e-03
1.307079404552134684e-03
1.289443328243009305e-03
1.271961402436882485e-03
1.254634559611521750e-03
1.237463663093176999e-03
1.220449507778396774e-03
1.203592820903363371e-03
1.186894262858495140e-03
1.170354428046144505e-03
1.153973845779172587e-03
1.137752981218144834e-03
1.121692236344979266e-03
1.105791950970792196e-03
1.090052403775770623e-03
1.074473813378850002e-03
1.059056339435066269e-03
1.043800083758419581e-03
1.028705091468126677e-03
1.013771352156195597e-03
9.989988010742467239e-04
9.843873203375849961e-04
9.699367401445371491e-04
9.556468400091221475e-04
9.415173500051696003e-04
9.275479520200318470e-04
9.137382810161159613e-04
9.000879262984777442e-04
8.865964327867971971e-04
8.732633022900913866e-04
8.600879947825810102e-04
8.470699296791964639e-04
8.342084871092394658e-04
8.215030091867931566e-04
8.089528012765272690e-04
7.965571332535836607e-04
7.843152407563305090e-04
7.722263264307724839e-04
7.602895611655107995e-04
7.485040853161792395e-04
7.368690099183346220e-04
7.253834178878697247e-04
7.140463652080215667e-04
7.028568821021559344e-04
6.918139741915212875e-04
6.809166236372339196e-04
6.701637902658250968e-04
6.595544126776958565e-04
6.490874093379112378e-04
6.387616796487930338e-04
6.285761050038128758e-04
6.185295498223643273e-04
6.086208625649988484e-04
5.988488767287819363e-04
5.892124118224602303e-04
5.797102743211517226e-04
5.703412586003567654e-04
5.611041478490673938e-04
5.519977149618394410e-04
5.430207234096979911e-04
5.341719280897773989e-04
5.254500761536594474e-04
5.168539078143735395e-04
5.083821571320538274e-04
5.000335527783074906e-04
4.918068187793257122e-04
4.837006752378388355e-04
4.757138390340180482e-04
4.678450245054456775e-04
4.600929441063167781e-04
4.524563090460226658e-04
4.449338299073297108e-04
4.375242172443336952e-04
4.302261821604354145e-04
4.230384368665523575e-04
4.159596952198318237e-04
4.089886732431269323e-04
4.021240896255014793e-04
3.953646662040677059e-04
3.887091284274301435e-04
3.821562058010570550e-04
3.757046323148882541e-04
3.693531468534938284e-04
3.631004935891169968e-04
3.569454223579203445e-04
3.508866890197882881e-04
3.449230558020091359e-04
3.390532916271906251e-04
3.332761724257500818e-04
3.275904814333211595e-04
3.219950094734396070e-04
3.164885552258421054e-04
3.110699254807383499e-04
3.057379353794032091e-04
3.004914086414291327e-04
2.953291777790000624e-04
2.902500842985224075e-04
2.852529788899578066e-04
2.803367216042047826e-04
2.755001820188536857e-04
2.707422393926705402e-04
2.660617828091215060e-04
2.614577113092775794e-04
2.569289340144234927e-04
2.524743702386820338e-04
2.480929495919796971e-04
2.437836120736609812e-04
2.395453081570523635e-04
2.353769988652896388e-04
2.312776558386886428e-04
2.272462613939663534e-04
2.232818085755888956e-04
2.193833011995296697e-04
2.155497538897146721e-04
2.117801921074184690e-04
2.080736521738861284e-04
2.044291812864273885e-04
2.008458375282439477e-04
1.973226898722370737e-04
1.938588181790306157e-04
1.904533131894540403e-04
1.871052765117085413e-04
1.838138206034469391e-04
1.805780687489831279e-04
1.773971550318422994e-04
1.742702243028666960e-04
1.711964321440736776e-04
1.681749448284649163e-04
1.652049392759790021e-04
1.622856030057713962e-04
1.594161340850070200e-04
1.565957410743367849e-04
1.538236429702309659e-04
1.510990691443353832e-04
1.484212592800077362e-04
1.457894633061954201e-04
1.432029413287991856e-04
1.406609635596739428e-04
1.381628102434050262e-04
1.357077715819964762e-04
1.332951476576065366e-04
1.309242483534544556e-04
1.285943932730268784e-04
1.263049116576959378e-04
1.240551423028722351e-04
1.218444334727979199e-04
1.196721428140905659e-04
1.175376372681393372e-04
1.154402929824520938e-04
1.133794952210522759e-04
1.113546382740146739e-04
1.093651253662312383e-04
1.074103685654908744e-04
1.054897886899537786e-04
1.036028152151028086e-04
1.017488861802445853e-04
9.992744809463237018e-05
9.813795584328432315e-05
9.637987259255668948e-05
9.465266969554304041e-05
9.295582659735572855e-05
9.128883074035081576e-05
8.965117746934964007e-05
8.804236993691232928e-05
8.646191900871322972e-05
8.490934316906760819e-05
8.338416842665405252e-05
8.188592822047944869e-05
8.041416332612464442e-05
7.896842176231411300e-05
7.754825869784547738e-05
7.615323635891513396e-05
7.478292393687487386e-05
7.343689749644882931e-05
7.211473988444553457e-05
7.081604063898991590e-05
6.954039589930438939e-05
6.828740831606439608e-05
6.705668696235079053e-05
6.584784724522456129e-05
6.466051081794196257e-05
6.349430549283187656e-05
6.234886515485326872e-05
6.122382967584883632e-05
6.011884482951337667e-05
5.903356220708842842e-05
5.796763913380014713e-05
5.692073858605068765e-05
5.589252910937518923e-05
5.488268473717572687e-05
5.389088491024118062e-05
5.291681439706189953e-05
5.196016321494700732e-05
5.102062655195067860e-05
5.009790468961520572e-05
4.919170292653433902e-05
4.830173150274307372e-05
4.742770552493679733e-05
4.656934489252340922e-05
4.572637422451148202e-05
4.489852278723575917e-05
4.408552442292210279e-05
4.328711747909187144e-05
4.250304473880679864e-05
4.173305335175422963e-05
4.097689476617117824e-05
4.023432466160718361e-05
3.950510288252307995e-05
3.878899337272528642e-05
3.808576411063165968e-05
3.739518704536687641e-05
3.671703803368484513e-05
3.605109677771265196e-05
3.539714676351495600e-05
3.475497520047230891e-05
3.412437296147056602e-05
3.350513452389642218e-05
3.289705791143310911e-05
3.229994463665302200e-05
3.171359964440024836e-05
3.113783125595825582e-05
3.057245111399706699e-05
3.001727412829278616e-05
2.947211842221574054e-05
2.893680527997808828e-05
2.841115909463667489e-05
2.789500731684395866e-05
2.738818040433945296e-05
2.689051177217611531e-05
2.640183774367449362e-05
2.592199750209689781e-05
2.545083304303562369e-05
2.498818912750709061e-05
2.453391323574533701e-05
2.408785552168744360e-05
2.364986876814312202e-05
2.321980834264198744e-05
2.279753215394999055e-05
2.238290060924837168e-05
2.197577657196742552e-05
2.157602532026731780e-05
2.118351450615912999e-05
2.079811411525723166e-05
2.041969642715730184e-05
2.004813597643086154e-05
1.968330951422961249e-05
1.932509597049200952e-05
1.897337641674398917e-05
1.862803402948722084e-05
1.828895405416672163e-05
1.795602376971057408e-05
1.762913245363470995e-05
1.730817134770456039e-05
1.699303362414698962e-05
1.668361435240490567e-05
1.637981046642701972e-05
1.608152073248607952e-05
1.578864571751760791e-05
1.550108775797282758e-05
1.521875092917800997e-05
1.494154101519355828e-05
1.466936547916580959e-05
1.440213343416426646e-05
1.413975561449783075e-05
1.388214434750290768e-05
1.362921352579671721e-05
1.338087857998916717e-05
1.313705645184612373e-05
1.289766556789842277e-05
1.266262581348917343e-05
1.243185850725351090e-05
1.220528637602382405e-05
1.198283353015478780e-05
1.176442543926130376e-05
1.154998890836350287e-05
1.133945205443272325e-05
1.113274428333178870e-05
1.092979626714452082e-05
1.073053992188767473e-05
1.053490838559996017e-05
1.034283599680220714e-05
1.015425827332263491e-05
9.969111891482130327e-06
9.787334665633374122e-06
9.608865528048667038e-06
9.433644509150821176e-06
9.261612718081607549e-06
9.092712323602736906e-06
8.926886535323803751e-06
8.764079585252202825e-06
8.604236709659813888e-06
8.447304131261299765e-06
8.293229041699220043e-06
8.141959584330840975e-06
7.993444837311974415e-06
7.847634796972834765e-06
7.704480361481343313e-06
7.563933314789119663e-06
7.425946310855622690e-06
7.290472858145889062e-06
7.157467304397379216e-06
7.026884821651469457e-06
6.898681391545341471e-06
6.772813790859971402e-06
6.649239577319835938e-06
6.527917075640505988e-06
6.408805363819525155e-06
6.291864259667081544e-06
6.177054307572070025e-06
6.064336765499797683e-06
5.953673592217558065e-06
5.845027434743903442e-06
5.738361616018367565e-06
5.633640122787519783e-06
5.530827593703919199e-06
5.429889307634381679e-06
5.330791172173881055e-06
5.233499712361815807e-06
5.137982059597062525e-06
5.044205940748501706e-06
4.952139667457726853e-06
4.861752125630584326e-06
4.773012765114437023e-06
4.685891589557905220e-06
4.600359146449977638e-06
4.516386517335512056e-06
4.433945308203977864e-06
4.353007640048519161e-06
4.273546139592521158e-06
4.195533930180642426e-06
4.118944622831533032e-06
4.043752307449549224e-06
3.969931544192588997e-06
3.897457354993419349e-06
3.826305215231907531e-06
3.756451045555350511e-06
3.687871203844575835e-06
3.620542477323105091e-06
3.554442074807002762e-06
3.489547619092947309e-06
3.425837139482016408e-06
3.363289064437038701e-06
3.301882214370934953e-06
3.241595794563989482e-06
3.182409388207672127e-06
3.124302949572757639e-06
3.067256797299767216e-06
3.011251607809368119e-06
2.956268408830750999e-06
2.902288573045967726e-06
2.849293811847977468e-06
2.797266169210704402e-06
2.746188015668881062e-06
2.696042042405898971e-06
2.646811255447729832e-06
2.598478969960982202e-06
2.551028804653381412e-06
2.504444676274763479e-06
2.458710794216864833e-06
2.413811655210151953e-06
2.369732038115940929e-06
2.326456998812185752e-06
2.283971865171246317e-06
2.242262232127975150e-06
2.201313956836615514e-06
2.161113153914802898e-06
2.121646190773268864e-06
2.082899683029613342e-06
2.044860490004728706e-06
2.007515710300373839e-06
1.970852677456422240e-06
1.934858955686463635e-06
1.899522335690269388e-06
1.864830830541802239e-06
1.830772671651424005e-06
1.797336304800948120e-06
1.764510386250284458e-06
1.732283778914361840e-06
1.700645548609102579e-06
1.669584960365188877e-06
1.639091474808433757e-06
1.609154744605553313e-06
1.579764610974186198e-06
1.550911100255988473e-06
1.522584420551707775e-06
1.494774958417085240e-06
1.467473275618541011e-06
1.440670105947544106e-06
1.414356352092624981e-06
1.388523082568002088e-06
1.363161528697786717e-06
1.338263081654807264e-06
1.313819289553033538e-06
1.289821854592659418e-06
1.266262630256912315e-06
1.243133618559621099e-06
1.220426967342662612e-06
1.198134967622389765e-06
1.176250050984151207e-06
1.154764787024021642e-06
1.133671880836939388e-06
1.112964170550363701e-06
1.092634624902679361e-06
1.072676340865510394e-06
1.053082541309157718e-06
1.033846572710400301e-06
1.014961902901887325e-06
9.964221188623603045e-07
9.782209245469938635e-07
9.603521387570991910e-07
9.428096930485196433e-07
9.255876296779863406e-07
9.086800995867650241e-07
8.920813604209257588e-07
8.757857745875574324e-07
8.597878073462911404e-07
8.440820249354982414e-07
8.286630927325229367e-07
8.135257734473483003e-07
7.986649253490758345e-07
7.840755005246405596e-07
7.697525431691854417e-07
7.556911879074821189e-07
7.418866581458977539e-07
7.283342644542955006e-07
7.150294029773715902e-07
7.019675538748714752e-07
6.891442797901744839e-07
6.765552243467275413e-07
6.641961106718205848e-07
6.520627399472222408e-07
6.401509899861747442e-07
6.284568138362760893e-07
6.169762384077887345e-07
6.057053631268941676e-07
5.946403586134616645e-07
5.837774653828782875e-07
5.731129925714990345e-07
5.626433166853073841e-07
5.523648803713305336e-07
5.422741912114398124e-07
5.323678205380982485e-07
5.226424022716698878e-07
5.130946317788977373e-07
5.037212647521666263e-07
4.945191161091716214e-07
4.854850589126284041e-07
4.766160233096477849e-07
4.679089954904421545e-07
4.593610166659759869e-07
4.509691820642564668e-07
4.427306399448968408e-07
4.346425906316346439e-07
4.267022855624751467e-07
4.189070263571342851e-07
4.112541639014793716e-07
4.037410974486457142e-07
3.963652737365385584e-07
3.891241861214048326e-07
3.820153737272052870e-07
3.750364206104808771e-07
3.681849549404432407e-07
3.614586481940062539e-07
3.548552143654878798e-07
