3.391058509029935553e-01
3.391028097902283878e-01
3.390989344459797716e-01
3.390939959801788639e-01
3.390877026733153943e-01
3.390796827123823132e-01
3.390694621721145885e-01
3.390564369252968557e-01
3.390398367973476712e-01
3.390186798062156948e-01
3.389917137169336514e-01
3.389573413489226916e-01
3.389135250469501592e-01
3.388576643878183359e-01
3.387864394417209879e-01
3.386956095997493144e-01
3.385797549256945871e-01
3.384319429286852254e-01
3.382432982261344145e-01
3.380024452948376945e-01
3.380024452948376945e-01
3.379815961890276776e-01
3.379603551119570448e-01
3.379387146255700691e-01
3.379166671483135875e-01
3.378942049522921653e-01
3.378713201603677496e-01
3.378480047431956512e-01
3.378242505162040721e-01
3.378000491365072966e-01
3.377753920997574322e-01
3.377502707369307577e-01
3.377246762110482914e-01
3.376985995138279684e-01
3.376720314622680408e-01
3.376449626951565364e-01
3.376173836695188779e-01
3.375892846569769623e-01
3.375606557400446794e-01
3.375314868083420516e-01
3.375017675547331009e-01
3.374714874713795054e-01
3.374406358457164856e-01
3.374092017563456447e-01
3.373771740688385479e-01
3.373445414314574231e-01
3.373112922707846018e-01
3.372774147872644179e-01
3.372428969506457985e-01
3.372077264953416975e-01
3.371718909156802835e-01
3.371353774610651999e-01
3.370981731310345730e-01
3.370602646702144933e-01
3.370216385631709111e-01
3.369822810291551174e-01
3.369421780167400349e-01
3.369013151983414334e-01
3.368596779646340078e-01
3.368172514188465527e-01
3.367740203709410074e-01
3.367299693316689324e-01
3.366850825065125230e-01
3.366393437894934504e-01
3.365927367568580242e-01
3.365452446606337356e-01
3.364968504220514633e-01
3.364475366248361743e-01
3.363972855083555702e-01
3.363460789606367296e-01
3.362938985112320922e-01
3.362407253239484972e-01
3.361865401894232885e-01
3.361313235175535929e-01
3.360750553297703336e-01
3.360177152511614196e-01
3.359592825024323437e-01
3.358997358917076292e-01
3.358390538061706843e-01
3.357772142035357343e-01
3.357141946033497248e-01
3.356499720781279672e-01
3.355845232443100956e-01
3.355178242530414967e-01
3.354498507807754937e-01
3.353805780196944530e-01
3.353099806679414319e-01
3.352380329196730790e-01
3.351647084549115307e-01
3.350899804292152839e-01
3.350138214631452893e-01
3.349362036315413627e-01
3.348570984525944261e-01
3.347764768767192423e-01
3.346943092752207582e-01
3.346105654287554465e-01
3.345252145155864776e-01
3.344382250996244532e-01
3.343495651182591399e-01
3.342592018699770406e-01
3.341671020017624172e-01
3.340732314962844840e-01
3.339775556588635563e-01
3.338800391042212046e-01
3.337806457430068097e-01
3.336793387681104006e-01
3.335760806407461754e-01
3.334708330763230255e-01
3.333635570300869655e-01
3.332542126825492890e-01
3.331427594246905155e-01
3.330291558429480658e-01
3.329133597039803383e-01
3.327953279392257824e-01
3.326750166292345989e-01
3.325523809877987125e-01
3.324273753458670266e-01
3.322999531352594516e-01
3.321700668721724314e-01
3.320376681404958452e-01
3.319027075749278466e-01
3.317651348439092374e-01
3.316248986323714343e-01
3.314819466243124624e-01
3.313362254852053601e-01
3.311876808442435483e-01
3.310362572764392053e-01
3.308818982845758705e-01
3.307245462810357028e-01
3.305641425694996749e-01
3.304006273265451266e-01
3.302339395831440649e-01
3.300640172060854693e-01
3.298907968793254319e-01
3.297142140852912240e-01
3.295342030861517779e-01
3.293506969050728483e-01
3.291636273074781682e-01
3.289729247823349745e-01
3.287785185234908258e-01
3.285803364110789770e-01
3.283783049930221187e-01
3.281723494666589080e-01
3.279623936605233769e-01
3.277483600163020871e-01
3.275301695710072236e-01
3.273077419393933818e-01
3.270809952966541867e-01
3.268498463614364358e-01
3.266142103792102347e-01
3.263740011060330404e-01
3.261291307927543515e-01
3.258795101697029573e-01
3.256250484319007654e-01
3.253656532248587752e-01
3.251012306310026023e-01
3.248316851567759622e-01
3.245569197204877243e-01
3.242768356409524988e-01
3.239913326269897587e-01
3.237003087678397839e-01
3.234036605245672602e-01
3.231012827225157036e-01
3.227930685448845427e-01
3.224789095275043538e-01
3.221586955548806364e-01
3.218323148575875647e-01
3.214996540110937606e-01
3.211605979360965257e-01
3.208150299004597916e-01
3.204628315228357227e-01
3.201038827780661733e-01
3.197380620044519839e-01
3.193652459129941446e-01
3.189853095986933118e-01
3.185981265540199781e-01
3.182035686846471645e-01
3.178015063275597685e-01
3.173918082716369327e-01
3.169743417808248420e-01
3.165489726200068077e-01
3.161155650836774411e-01
3.156739820275411001e-01
3.152240849031465175e-01
3.147657337956668022e-01
3.142987874649521562e-01
3.138231033899548938e-01
3.133385378166623214e-01
3.128449458096364544e-01
3.123421813072867481e-01
3.118300971809853106e-01
3.113085452981410040e-01
3.107773765893423468e-01
3.102364411196810723e-01
3.096855881643608699e-01
3.091246662887018881e-01
3.085535234326315934e-01
3.079720069997727849e-01
3.073799639512107551e-01
3.067772409040308568e-01
3.061636842347122967e-01
3.055391401874497093e-01
3.049034549874719002e-01
3.042564749594242612e-01
3.035980466508628739e-01
3.029280169609111506e-01
3.022462332741083224e-01
3.015525435994811931e-01
3.008467967148508726e-01
3.001288423163763208e-01
2.993985311733308174e-01
2.986557152880803256e-01
2.979002480612393811e-01
2.971319844619437767e-01
2.963507812031795363e-01
2.955564969220879634e-01
2.947489923651449573e-01
2.939281305781040743e-01
2.930937771005686643e-01
2.922458001650390380e-01
2.913840709002731844e-01
2.905084635387603642e-01
2.896188556281073523e-01
2.887151282461050683e-01
2.877971662192218005e-01
2.868648583442575672e-01
2.859180976128622431e-01
2.849567814386061437e-01
2.839808118862688358e-01
2.829900959029847396e-01
2.819845455508731558e-01
2.809640782407518689e-01
2.799286169665128332e-01
2.788780905397211241e-01
2.778124338239764679e-01
2.767315879685617874e-01
2.756355006408752750e-01
2.745241262571339602e-01
2.733974262108172515e-01
2.722553690983026686e-01
2.710979309411325477e-01
2.699250954043352912e-01
2.687368540102182957e-01
2.675332063470349797e-01
2.663141602719244494e-01
2.650797321075094581e-01
2.638299468315459251e-01
2.625648382589986229e-01
2.612844492159355214e-01
2.599888317046186170e-01
2.586780470591887870e-01
2.573521660913363762e-01
2.560112692253649902e-01
2.546554466220702917e-01
2.532847982908633666e-01
2.518994341895876010e-01
2.504994743115026568e-01
2.490850487589233997e-01
2.476562978030298900e-01
2.462133719293977119e-01
2.447564318688125462e-01
2.432856486129834073e-01
2.418012034147909439e-01
2.403032877727471206e-01
2.387921033993834763e-01
2.372678621733264048e-01
2.357307860748561468e-01
2.341811071047980031e-01
2.326190671866315007e-01
2.310449180517608059e-01
2.294589211079314239e-01
2.278613472908272430e-01
2.262524768989386537e-01
2.246325994118390512e-01
2.230020132920548792e-01
2.213610257707758766e-01
2.197099526176909401e-01
2.180491178952949638e-01
2.163788536980574273e-01
2.146994998768931295e-01
2.130114037494238166e-01
2.113149197965645265e-01
2.096104093460148809e-01
2.078982402432763554e-01
2.061787865108590800e-01
2.044524279963758628e-01
2.027195500102641212e-01
2.009805429539015253e-01
1.992358019389156576e-01
1.974857263985160538e-01
1.957307196916956982e-01
1.939711887011763003e-01
1.922075434259837290e-01
1.904401965695578514e-01
1.886695631243071047e-01
1.868960599535297307e-01
1.851201053716232947e-01
1.833421187235060035e-01
1.815625199641685561e-01
1.797817292392700494e-01
1.780001664676760242e-01
1.762182509268312713e-01
1.744364008418357592e-01
1.726550329790732530e-01
1.708745622452239044e-01
1.690954012924618388e-01
1.673179601306102882e-01
1.655426457470007273e-01
1.637698617347434493e-01
1.620000079300875639e-01
1.602334800595066333e-01
1.584706693971137947e-01
1.567119624329615379e-01
1.549577405527502727e-01
1.532083797294206684e-01
1.514642502270626967e-01
1.497257163175374217e-01
1.479931360101515714e-01
1.462668607946951693e-01
1.445472353980969404e-01
1.428345975549168978e-01
1.411292777918473074e-01
1.394315992263520099e-01
1.377418773795355267e-01
1.360604200032867750e-01
1.343875269217085222e-01
1.327234898868006330e-01
1.310685924483315223e-01
1.294231098377936484e-01
1.277873088663071810e-01
1.261614478363029535e-01
1.245457764667832062e-01
1.229405358319328040e-01
1.213459583128250335e-01
1.197622675619383625e-01
1.181896784801831496e-01
1.166283972061097907e-01
1.150786211169526757e-01
1.135405388411494659e-01
1.120143302819530118e-01
1.105001666517468895e-01
1.089982105166562576e-01
1.075086158510429463e-01
1.060315281014579392e-01
1.045670842596234246e-01
1.031154129440076533e-01
1.016766344895558560e-01
1.002508610451334076e-01
9.883819667824428334e-02
9.743873748657967682e-02
9.605257171596312538e-02
9.467977988425337055e-02
9.332043491077696151e-02
9.197460225086614982e-02
9.064234003508149506e-02
8.932369921271170188e-02
8.801872369914534588e-02
8.672745052672389821e-02
8.544990999869174486e-02
8.418612584586757097e-02
8.293611538568107511e-02
8.169988968321653666e-02
8.047745371393129343e-02
7.926880652771726987e-02
7.807394141399372212e-02
7.689284606752902484e-02
7.572550275470014969e-02
7.457188847991774727e-02
7.343197515194860303e-02
7.230572974988840051e-02
7.119311448854662161e-02
7.009408698301637652e-02
6.900860041222105223e-02
6.793660368123337345e-02
6.687804158218382811e-02
6.583285495358065509e-02
6.480098083787826091e-02
6.378235263714401859e-02
6.277690026668041046e-02
6.178455030647552609e-02
6.080522615036243472e-02
5.983884815277822067e-02
5.888533377302637706e-02
5.794459771695253947e-02
5.701655207595478225e-02
5.610110646325933842e-02
5.519816814739872401e-02
5.430764218284016287e-02
5.342943153771830683e-02
5.256343721863539209e-02
5.170955839249663510e-02
5.086769250535905229e-02
5.003773539827468392e-02
4.921958142011770981e-02
4.841312353739063434e-02
4.761825344100797247e-02
4.683486165006396640e-02
4.606283761259394316e-02
4.530206980334277461e-02
4.455244581856030589e-02
4.381385246784479104e-02
4.308617586306223018e-02
4.236930150436840625e-02
4.166311436336816998e-02
4.096749896344682035e-02
4.028233945730986393e-02
3.960751970177307096e-02
3.894292332984428118e-02
3.828843382014048002e-02
3.764393456368717028e-02
3.700930892814597445e-02
3.638444031952012270e-02
3.576921224138682881e-02
3.516350835170733991e-02
3.456721251726683347e-02
3.398020886579491973e-02
3.340238183582094206e-02
3.283361622431620053e-02
3.227379723217635443e-02
3.172281050759858528e-02
3.118054218740540576e-02
3.064687893637020599e-02
3.012170798459666565e-02
2.960491716300611004e-02
2.909639493698492133e-02
2.859603043824460872e-02
2.810371349494697121e-02
2.761933466014503472e-02
2.714278523859129516e-02
2.667395731196347750e-02
2.621274376255686850e-02
2.575903829549303428e-02
2.531273545949207920e-02
2.487373066625682763e-02
2.444192020851475300e-02
2.401720127676359312e-02
2.359947197476577191e-02
2.318863133383527314e-02
2.278457932596041763e-02
2.238721687580449635e-02
2.199644587162559450e-02
2.161216917515611236e-02
2.123429063048123261e-02
2.086271507195504651e-02
2.049734833119174968e-02
2.013809724316832639e-02
1.978486965147523147e-02
1.943757441274867465e-02
1.909612140031949346e-02
1.876042150711070347e-02
1.843038664781617569e-02
1.810592976039156893e-02
1.778696480688751747e-02
1.747340677365455397e-02
1.716517167094848764e-02
1.686217653196338609e-02
1.656433941131939952e-02
1.627157938303104914e-02
1.598381653798158081e-02
1.570097198092691715e-02
1.542296782705385866e-02
1.514972719811445365e-02
1.488117421815884217e-02
1.461723400888804460e-02
1.435783268464707781e-02
1.410289734707826682e-02
1.385235607945419639e-02
1.360613794070826554e-02
1.336417295918137724e-02
1.312639212610136781e-02
1.289272738881209329e-02
1.266311164376815457e-02
1.243747872931030667e-02
1.221576341823681598e-02
1.199790141018459468e-02
1.178382932383401083e-02
1.157348468895058255e-02
1.136680593827587779e-02
1.116373239928022433e-02
1.096420428578839291e-02
1.076816268948985883e-02
1.057554957134404679e-02
1.038630775289092929e-02
1.020038090747695317e-02
1.001771355140546743e-02
9.838251035020941990e-03
9.661939533735329835e-03
9.488726039005059010e-03
9.318558349266399879e-03
9.151385060836757235e-03
8.987155558789133164e-03
8.825820007806520900e-03
8.667329343022759161e-03
8.511635260856303606e-03
8.358690209842386740e-03
8.208447381469696769e-03
8.060860701026562741e-03
7.915884818461978514e-03
7.773475099266084244e-03
7.633587615374917527e-03
7.496179136103559362e-03
7.361207119111968372e-03
7.228629701407211262e-03
7.098405690385947535e-03
6.970494554920499998e-03
6.844856416491788831e-03
6.721452040372314155e-03
6.600242826861940984e-03
6.481190802579295078e-03
6.364258611811280698e-03
6.249409507923106392e-03
6.136607344831047917e-03
6.025816568540002215e-03
5.917002208747877690e-03
5.810129870518404571e-03
5.705165726024205922e-03
5.602076506361645426e-03
5.500829493438753881e-03
5.401392511937622154e-03
5.303733921352485337e-03
5.207822608104426161e-03
5.113627977733849542e-03
5.021119947171426463e-03
4.930268937088499483e-03
4.841045864327437297e-03
4.753422134412703393e-03
4.667369634143102818e-03
4.582860724265621667e-03
4.499868232231335474e-03
4.418365445033627624e-03
4.338326102128948515e-03
4.259724388440359194e-03
4.182534927443867269e-03
4.106732774337723373e-03
4.032293409294658224e-03
3.959192730796903294e-03
3.887407049054096130e-03
3.816913079503695631e-03
3.747687936393927655e-03
3.679709126448875434e-03
3.612954542615540426e-03
3.547402457892523224e-03
3.483031519239965842e-03
3.419820741570408010e-03
3.357749501820162397e-03
3.296797533100708725e-03
3.236944918929725561e-03
3.178172087541165664e-03
3.120459806273954625e-03
3.063789176038717380e-03
3.008141625861984834e-03
2.953498907507332450e-03
2.899843090172751683e-03
2.847156555263774622e-03
2.795421991241617624e-03
2.744622388545730259e-03
2.694741034590132037e-03
2.645761508832734140e-03
2.597667677917141378e-03
2.550443690886089118e-03
2.504073974465895018e-03
2.458543228421190049e-03
2.413836420979172028e-03
2.369938784322738520e-03
2.326835810151693315e-03
2.284513245311287945e-03
2.242957087487461136e-03
2.202153580967841206e-03
2.162089212467973622e-03
2.122750707021849991e-03
2.084125023936120921e-03
2.046199352807110631e-03
2.008961109599990622e-03
1.972397932789295323e-03
1.936497679560037497e-03
1.901248422068695012e-03
1.866638443763251947e-03
1.832656235761627884e-03
1.799290493287689172e-03
1.766530112164104707e-03
1.734364185361339517e-03
1.702781999601962184e-03
1.671773032019647446e-03
1.641326946872022656e-03
1.611433592306723639e-03
1.582082997179873676e-03
1.553265367926282394e-03
1.524971085480663312e-03
1.497190702249150997e-03
1.469914939130387071e-03
1.443134682585542772e-03
1.416840981756469680e-03
1.391025045631421111e-03
1.365678240257559668e-03
1.340792085999617522e-03
1.316358254844048753e-03
1.292368567747952286e-03
1.268814992032176511e-03
1.245689638817912325e-03
1.222984760506122580e-03
1.200692748299208787e-03
1.178806129764213822e-03
1.157317566437017237e-03
1.136219851466831448e-03
1.115505907300429807e-03
1.095168783405480991e-03
1.075201654032381226e-03
1.055597816014031435e-03
1.036350686602922856e-03
1.017453801344980584e-03
9.989008119896077616e-04
9.806854844353052585e-04
9.628016967103899008e-04
9.452434369881956453e-04
9.280048016362382529e-04
9.110799932988161058e-04
8.944633190124820846e-04
8.781491883539009960e-04
8.621321116195578265e-04
8.464066980367953175e-04
8.309676540057073929e-04
8.158097813713494810e-04
8.009279757258201248e-04
7.863172247397000759e-04
7.719726065223789799e-04
7.578892880108121198e-04
7.440625233862173740e-04
7.304876525182789262e-04
7.171600994364019273e-04
7.040753708275687087e-04
6.912290545603424824e-04
6.786168182346317924e-04
6.662344077567410559e-04
6.540776459393147103e-04
6.421424311257623203e-04
6.304247358387332417e-04
6.189206054522751379e-04
6.076261568872544892e-04
5.965375773296540925e-04
5.856511229713793568e-04
5.749631177731663861e-04
5.644699522492529261e-04
5.541680822734216475e-04
5.440540279060665421e-04
5.341243722419224777e-04
5.243757602781048965e-04
5.148048978021273463e-04
5.054085502995425304e-04
4.961835418808825887e-04
4.871267542275731352e-04
4.782351255564781692e-04
4.695056496027826421e-04
4.609353746208838922e-04
4.525214024029865830e-04
4.442608873150989787e-04
4.361510353501276836e-04
4.281891031977836954e-04
4.203723973310069290e-04
4.126982731086190786e-04
4.051641338939405979e-04
3.977674301890697390e-04
3.905056587845844225e-04
3.833763619243754487e-04
3.763771264853587044e-04
3.695055831718117379e-04
3.627594057240681531e-04
3.561363101413348754e-04
3.496340539183786936e-04
3.432504352958398687e-04
3.369832925239414395e-04
3.308305031393497927e-04
3.247899832549694388e-04
3.188596868624376992e-04
3.130376051470999698e-04
3.073217658152454677e-04
3.017102324333895483e-04
2.962011037793936671e-04
2.907925132052099405e-04
2.854826280110518959e-04
2.802696488307878536e-04
2.751518090283546262e-04
2.701273741050113980e-04
2.651946411172248562e-04
2.603519381050135666e-04
2.555976235305596899e-04
2.509300857269038858e-04
2.463477423565540547e-04
2.418490398798259309e-04
2.374324530327457435e-04
2.330964843143470012e-04
2.288396634831888225e-04
2.246605470629423984e-04
2.205577178568764770e-04
2.165297844710893519e-04
2.125753808463272702e-04
2.086931657982395063e-04
2.048818225659234076e-04
2.011400583686039111e-04
1.974666039703129540e-04
1.938602132524145239e-04
1.903196627938489845e-04
1.868437514589468124e-04
1.834312999926867107e-04
1.800811506232580738e-04
1.767921666718026046e-04
1.735632321692025422e-04
1.703932514797951246e-04
1.672811489318839150e-04
1.642258684549293020e-04
1.612263732232972562e-04
1.582816453064488994e-04
1.553906853254578022e-04
1.525525121157373753e-04
1.497661623958738909e-04
1.470306904424462243e-04
1.443451677707356326e-04
1.417086828212120269e-04
1.391203406516971814e-04
1.365792626351030996e-04
1.340845861626393945e-04
1.316354643524032450e-04
1.292310657632437512e-04
1.268705741138112975e-04
1.245531880067015816e-04
1.222781206575923943e-04
1.200445996292987607e-04
1.178518665706421284e-04
1.156991769600587396e-04
1.135857998538570478e-04
1.115110176390383116e-04
1.094741257906043351e-04
1.074744326332664459e-04
1.055112591074772681e-04
1.035839385397107796e-04
1.016918164169086322e-04
9.983425016502227626e-05
9.801060893157479239e-05
9.622027337217035664e-05
9.446263544088078618e-05
9.273709818443705158e-05
9.104307554016028380e-05
8.937999213756193809e-05
8.774728310354867270e-05
8.614439387116645645e-05
8.457077999181761979e-05
8.302590695089335962e-05
8.150924998675381308e-05
8.002029391300008096e-05
7.855853294397614349e-05
7.712347052344210819e-05
7.571461915636325149e-05
7.433150024375683568e-05
7.297364392054213886e-05
7.164058889633939274e-05
7.033188229916283553e-05
6.904707952195852168e-05
6.778574407193182431e-05
6.654744742261735943e-05
6.533176886863815156e-05
6.413829538310943958e-05
6.296662147763540623e-05
6.181634906485412157e-05
6.068708732348460815e-05
5.957845256582806567e-05
5.849006810768265152e-05
5.742156414062474950e-05
5.637257760661554045e-05
5.534275207489084845e-05
5.433173762109090127e-05
5.333919070859189537e-05
5.236477407199797605e-05
5.140815660275448623e-05
5.046901323684457749e-05
4.954702484453036210e-05
4.864187812210306458e-05
4.775326548560385306e-05
4.688088496648102179e-05
4.602444010914779357e-05
4.518363987040604780e-05
4.435819852070231617e-05
4.354783554718286967e-05
4.275227555851494378e-05
4.197124819144241607e-05
4.120448801904379649e-05
4.045173446066187430e-05
3.971273169347528097e-05
3.898722856568087239e-05
3.827497851125918866e-05
3.757573946629226097e-05
3.688927378680730430e-05
3.621534816811809309e-05
3.555373356563590521e-05
3.490420511712470457e-05
3.426654206637280671e-05
3.364052768825657867e-05
3.302594921517015912e-05
3.242259776479646525e-05
3.183026826919517331e-05
3.124875940518314943e-05
3.067787352598524015e-05
3.011741659413054355e-05
2.956719811557251767e-05
2.902703107501104218e-05
2.849673187239281475e-05
2.797612026057088826e-05
2.746501928410061111e-05
2.696325521915166222e-05
2.647065751451680395e-05
2.598705873369533685e-05
2.551229449803421402e-05
2.504620343090544599e-05
2.458862710290198145e-05
2.413940997803373399e-05
2.369839936090421887e-05
2.326544534485159104e-05
2.284040076103552075e-05
2.242312112845262060e-05
2.201346460486438796e-05
2.161129193861972939e-05
2.121646642135703722e-05
2.082885384156895914e-05
2.044832243901456995e-05
2.007474285996324162e-05
1.970798811325515131e-05
1.934793352716369594e-05
1.899445670704488149e-05
1.864743749375984353e-05
1.830675792285560771e-05
1.797230218449117847e-05
1.764395658409472541e-05
1.732160950373886404e-05
1.700515136422088461e-05
1.669447458783467498e-05
1.638947356182259739e-05
1.609004460249406152e-05
1.579608591999899289e-05
1.550749758374461268e-05
1.522418148844280134e-05
1.494604132077774109e-05
1.467298252668169920e-05
1.440491227920821859e-05
1.414173944699166022e-05
1.388337456328253131e-05
1.362972979554802852e-05
1.338071891562739282e-05
1.313625727043235539e-05
1.289626175318214443e-05
1.266065077516369464e-05
1.242934423800740679e-05
1.220226350646909575e-05
1.197933138170863881e-05
1.176047207505677569e-05
1.154561118226039419e-05
1.133467565819840697e-05
1.112759379205903429e-05
1.092429518297032055e-05
1.072471071607565816e-05
1.052877253904596203e-05
1.033641403902073753e-05
1.014756981997029143e-05
9.962175680471057858e-06
9.780168591886956222e-06
9.601486676948830899e-06
9.426069188725289628e-06
9.253856489977373170e-06
9.084790032890178351e-06
8.918812339174753091e-06
8.755866980532999258e-06
8.595898559479627011e-06
8.438852690514106556e-06
8.284675981636462747e-06
8.133316016200610636e-06
7.984721335099094350e-06
7.838841419273096789e-06
7.695626672541812924e-06
7.555028404745499739e-06
7.416998815196235437e-06
7.281490976430927121e-06
7.148458818261018862e-06
7.017857112113523203e-06
6.889641455657916107e-06
6.763768257713946164e-06
6.640194723434833671e-06
6.518878839761260236e-06
6.399779361140882863e-06
6.282855795508774859e-06
6.168068390523706255e-06
6.055378120055988785e-06
5.944746670921992096e-06
5.836136429860945275e-06
5.729510470749604698e-06
5.624832542050400590e-06
5.522067054488842363e-06
5.421179068955971293e-06
5.322134284631784618e-06
5.224899027325550031e-06
5.129440238029057493e-06
5.035725461678980605e-06
4.943722836124446111e-06
4.853401081296131176e-06
4.764729488573195367e-06
4.677677910344322953e-06
4.592216749759583077e-06
4.508316950669352083e-06
4.425949987747019965e-06
4.345087856792210550e-06
4.265703065210919762e-06
4.187768622669703054e-06
4.111258031920501025e-06
4.036145279793066593e-06
3.962404828351913922e-06
3.890011606214767731e-06
3.818941000029627145e-06
3.749168846107487949e-06
3.680671422207900491e-06
3.613425439474576946e-06
3.547408034518279385e-06
3.482596761644353971e-06
3.418969585222229998e-06
3.356504872194263470e-06
3.295181384721492964e-06
3.234978272963637520e-06
3.175875067991041498e-06
3.117851674826082931e-06
3.060888365611652900e-06
3.004965772904517642e-06
2.950064883091040073e-06
2.896167029923323982e-06
2.843253888173333826e-06
2.791307467402977137e-06
2.740310105847993022e-06
2.690244464413516854e-06
2.641093520779389959e-06
2.592840563613091605e-06
2.545469186888430678e-06
2.498963284308003552e-06
2.453307043827505989e-06
2.408484942280115184e-06
2.364481740099065817e-06
2.321282476136590918e-06
2.278872462577568640e-06
2.237237279946019087e-06
2.196362772202865984e-06
2.156235041933246238e-06
2.116840445621696634e-06
2.078165589013722218e-06
2.040197322562024351e-06
2.002922736955960765e-06
1.966329158732662981e-06
1.930404145968320735e-06
1.895135484048204689e-06
1.860511181513909525e-06
1.826519465986515760e-06
1.793148780164197080e-06
1.760387777892952230e-06
1.728225320309108132e-06
1.696650472052304821e-06
1.665652497547654388e-06
1.635220857355823281e-06
1.605345204589794102e-06
1.576015381397065991e-06
1.547221415506151160e-06
1.518953516836143626e-06
1.491202074168215150e-06
1.463957651877956946e-06
1.437210986727358223e-06
1.410952984715447692e-06
1.385174717986426797e-06
1.359867421794312322e-06
1.335022491523023875e-06
1.310631479760901709e-06
1.286686093428677397e-06
1.263178190959916086e-06
1.240099779532953064e-06
1.217443012353425922e-06
1.195200185986418298e-06
1.173363737737366662e-06
1.151926243080807521e-06
1.130880413136094096e-06
1.110219092189237735e-06
1.089935255260013092e-06
1.070022005713510924e-06
1.050472572915337441e-06
1.031280309929628205e-06
1.012438691259145172e-06
9.939413106266322802e-07
9.757818787967172344e-07
9.579542214376124094e-07
9.404522770218585671e-07
9.232700947654468976e-07
9.064018326045629816e-07
8.898417552093230101e-07
8.735842320337686265e-07
8.576237354015122207e-07
8.419548386263401199e-07
8.265722141671521652e-07
8.114706318166137299e-07
7.966449569229012087e-07
7.820901486439276200e-07
7.678012582334694816e-07
7.537734273585962121e-07
7.400018864478488396e-07
7.264819530695914012e-07
7.132090303399841428e-07
7.001786053600580183e-07
6.873862476813164116e-07
6.748276077993960954e-07
6.624984156752315615e-07
6.503944792832435139e-07
6.385116831860507159e-07
6.268459871352141254e-07
6.153934246975561296e-07
6.041501019065658267e-07
5.931121959384527534e-07
5.822759538123726044e-07
5.716376911144186835e-07
5.611937907449099386e-07
5.509407016885719662e-07
5.408749378071890608e-07
5.309930766543052709e-07
