3.038720213201761000e-01
2.959649720449795685e-01
2.881110416040493782e-01
2.803181030549787289e-01
2.725937768142021600e-01
2.649454026702833254e-01
2.573800141877478076e-01
2.499043156541222999e-01
2.425246617178087039e-01
2.352470398007509012e-01
2.280770553378321797e-01
2.210199198838296297e-01
2.140804420579421607e-01
2.072630213005861033e-01
2.005716443522539971e-01
1.940098843682545593e-01
1.875809025409541086e-01
1.812874520845125237e-01
1.751318844201734115e-01
1.691161573905872184e-01
1.632418453155063398e-01
1.575101506931431972e-01
1.519219173587406380e-01
1.464776448927876951e-01
1.411775040941134485e-01
1.360213533174292888e-01
1.310087554930782494e-01
1.261389956582832372e-01
1.214110988209858299e-01
1.168238480098324067e-01
1.123758023610194889e-01
1.080653151099467968e-01
1.038905513694175775e-01
9.984950558640573459e-02
9.594001858425867113e-02
9.215979410909033720e-02
8.850641481070886663e-02
8.497735760092429980e-02
8.157000834332656103e-02
7.828167583750957059e-02
7.510960507224756499e-02
7.205098972967274862e-02
6.910298392940295020e-02
6.626271321362636746e-02
6.352728477192691459e-02
6.089379692056563070e-02
5.835934784614717902e-02
5.592104363517232113e-02
5.357600560946600143e-02
5.132137699294059274e-02
4.915432893680298648e-02
4.707206593131425115e-02
4.507183063482028684e-02
4.315090815011141112e-02
4.130662978007630659e-02
3.953637629338913051e-02
3.783758073201751865e-02
3.620773079100816916e-02
3.464437080117290652e-02
3.314510334340734637e-02
3.170759052399766548e-02
3.032955493776761519e-02
2.900878034544062192e-02
2.774311209069262041e-02
2.653045728031721423e-02
2.536878475046752332e-02
2.425612484002866165e-02
2.319056899143058167e-02
2.217026919740801988e-02
2.119343731156646607e-02
2.025834423876262530e-02
1.936331902075098463e-02
1.850674783094743286e-02
1.768707289135705574e-02
1.690279132349538707e-02
1.615245394432275258e-02
1.543466401712705570e-02
1.474807596646927552e-02
1.409139406550949554e-02
1.346337110315207197e-02
1.286280703783515035e-02
1.228854764404579795e-02
1.173948315696053332e-02
1.121454692017580246e-02
1.071271404075675032e-02
1.023300005549108993e-02
9.774459611654469360e-03
9.336185165265256658e-03
8.917305699320735371e-03
8.516985464238326087e-03
8.134422742323940692e-03
7.768848637852840064e-03
7.419525894032907333e-03
7.085747737912885189e-03
6.766836754030838667e-03
6.462143787480088136e-03
6.171046876777268320e-03
5.892950216876777052e-03
5.627283152439360031e-03
5.373499201392389207e-03
