9.907466566682099351e-02
9.907548676463560910e-02
9.907632700110252655e-02
9.907718682216086481e-02
9.907806668413336737e-02
9.907896705396725123e-02
9.907988840948110665e-02
9.908083123961869410e-02
9.908179604470593316e-02
9.908278333671684257e-02
9.908379363954311625e-02
9.908482748927230355e-02
9.908588543447049979e-02
9.908696803647229490e-02
9.908807586967803560e-02
9.908920952185593101e-02
9.909036959445480242e-02
9.909155670291970586e-02
9.909277147701908706e-02
9.909401456117548912e-02
9.909528661480676570e-02
9.909658831267481593e-02
9.909792034524084192e-02
9.909928341903043170e-02
9.910067825700648314e-02
9.910210559895037130e-02
9.910356620185256649e-02
9.910506084031207863e-02
9.910659030694432547e-02
9.910815541280065810e-02
9.910975698779443677e-02
9.911139588113944410e-02
9.911307296179662496e-02
9.911478911893417676e-02
9.911654526239306595e-02
9.911834232316887872e-02
9.912018125390066603e-02
9.912206302937306979e-02
9.912398864702991197e-02
9.912595912749892768e-02
9.912797551512841920e-02
9.913003887853756579e-02
9.913215031117771081e-02
9.913431093190855359e-02
9.913652188558506884e-02
9.913878434365981651e-02
9.914109950479955968e-02
9.914346859551333158e-02
9.914589287079809965e-02
9.914837361479642008e-02
9.915091214147203624e-02
9.915350979529759246e-02
9.915616795196272037e-02
9.915888801909296391e-02
9.916167143698910447e-02
9.916451967938155754e-02
9.916743425420383728e-02
9.917041670438106471e-02
9.917346860863866798e-02
9.917659158232912386e-02
9.917978727827582441e-02
9.918305738763999457e-02
9.918640364080316685e-02
9.918982780827259593e-02
9.919333170160581081e-02
9.919691717435785705e-02
9.920058612304794021e-02
9.920434048815006400e-02
9.920818225510460997e-02
9.921211345535443926e-02
9.921613616740339314e-02
9.922025251789914901e-02
9.922446468274016829e-02
9.922877488820987246e-02
9.923318541213278776e-02
9.923769858506048536e-02
9.924231679148226570e-02
9.924704247106407029e-02
9.925187811991410813e-02
9.925682629188038730e-02
9.926188959987203297e-02
9.926707071721606324e-02
9.927237237904112943e-02
9.927779738369306439e-02
9.928334859418427860e-02
9.928902893967202214e-02
9.929484141697259014e-02
9.930078909210948712e-02
9.930687510189499523e-02
9.931310265554736672e-02
9.931947503634466767e-02
9.932599560331571709e-02
9.933266779296751059e-02
9.933949512105230695e-02
9.934648118437497399e-02
9.935362966263708295e-02
9.936094432032525903e-02
9.936842900864008288e-02
9.937608766746813815e-02
9.938392432739684423e-02
9.939194311177454444e-02
9.940014823881647421e-02
9.940854402375491616e-02
9.941713488103991192e-02
9.942592532658542370e-02
9.943491998006626087e-02
9.944412356726527180e-02
9.945354092247048194e-02
9.946317699092740994e-02
9.947303683134023355e-02
9.948312561843315749e-02
9.949344864556142198e-02
9.950401132738385945e-02
9.951481920258972713e-02
9.952587793668679628e-02
9.953719332484745053e-02
9.954877129481777553e-02
9.956061790988769700e-02
9.957273937192580304e-02
9.958514202447767139e-02
9.959783235593133721e-02
9.961081700274918016e-02
9.962410275276882554e-02
9.963769654857461411e-02
9.965160549093721176e-02
9.966583684232968587e-02
9.968039803051391423e-02
9.969529665220369652e-02
9.971054047680391608e-02
9.972613745022668175e-02
9.974209569878797477e-02
9.975842353318334355e-02
9.977512945254624066e-02
9.979222214858875228e-02
9.980971050982832826e-02
9.982760362589933323e-02
9.984591079195186125e-02
9.986464151314057569e-02
9.988380550920342160e-02
9.990341271913087684e-02
9.992347330592979415e-02
9.994399766148147346e-02
9.996499641149453330e-02
9.998648042055699459e-02
1.000084607972854672e-01
1.000309488995765328e-01
1.000539563399565762e-01
1.000774949910381989e-01
1.001015769910778563e-01
1.001262147496420479e-01
1.001514209533773403e-01
1.001772085718918015e-01
1.002035908637439743e-01
1.002305813825428299e-01
1.002581939831613395e-01
1.002864428280615255e-01
1.003153423937345051e-01
1.003449074772565230e-01
1.003751532029607818e-01
1.004060950292265109e-01
1.004377487553885784e-01
1.004701305287629687e-01
1.005032568517952030e-01
1.005371445893289417e-01
1.005718109759945744e-01
1.006072736237222098e-01
1.006435505293755278e-01
1.006806600825083803e-01
1.007186210732454040e-01
1.007574527002849385e-01
1.007971745790265800e-01
1.008378067498193476e-01
1.008793696863348466e-01
1.009218843040618346e-01
1.009653719689232454e-01
1.010098545060113123e-01
1.010553542084471346e-01
1.011018938463556643e-01
1.011494966759581837e-01
1.011981864487833255e-01
1.012479874209877700e-01
1.012989243627919062e-01
1.013510225680231414e-01
1.014043078637669737e-01
1.014588066201193434e-01
1.015145457600420409e-01
1.015715527693131642e-01
1.016298557065683644e-01
1.016894832134336429e-01
1.017504645247376688e-01
1.018128294788037680e-01
1.018766085278131478e-01
1.019418327482334713e-01
1.020085338513055245e-01
1.020767441935842568e-01
1.021464967875187341e-01
1.022178253120695490e-01
1.022907641233521681e-01
1.023653482652943925e-01
1.024416134802980938e-01
1.025195962198976463e-01
1.025993336553966268e-01
1.026808636884739834e-01
1.027642249617427006e-01
1.028494568692523148e-01
1.029365995669076495e-01
1.030256939828016888e-01
1.031167818274293518e-01
1.032099056037766166e-01
1.033051086172533939e-01
1.034024349854571756e-01
1.035019296477362877e-01
1.036036383745363720e-01
1.037076077764962218e-01
1.038138853132730410e-01
1.039225193020600901e-01
1.040335589257734700e-01
1.041470542408678701e-01
1.042630561847530529e-01
1.043816165827705505e-01
1.045027881546917031e-01
1.046266245206992074e-01
1.047531802068056017e-01
1.048825106496629883e-01
1.050146722007208738e-01
1.051497221296732454e-01
1.052877186271475723e-01
1.054287208065777942e-01
1.055727887051988167e-01
1.057199832841042159e-01
1.058703664272977879e-01
1.060240009396720556e-01
1.061809505438377627e-01
1.063412798757300964e-01
1.065050544789109266e-01
1.066723407974794480e-01
1.068432061675053529e-01
1.070177188068900664e-01
1.071959478035573732e-01
1.073779631018703801e-01
1.075638354871682328e-01
1.077536365683087471e-01
1.079474387580993955e-01
1.081453152514903343e-01
1.083473400014028504e-01
1.085535876920550175e-01
1.087641337096461186e-01
1.089790541102460542e-01
1.091984255847408408e-01
1.094223254206685980e-01
1.096508314607788498e-01
1.098840220581395188e-01
1.101219760276084120e-01
1.103647725934763929e-01
1.106124913330879950e-01
1.108652121162274351e-01
1.111230150400602801e-01
1.113859803594056119e-01
1.116541884121053235e-01
1.119277195392577168e-01
1.122066540000555557e-01
1.124910718809838117e-01
1.127810529991038063e-01
1.130766767991473326e-01
1.133780222441460317e-01
1.136851676992939875e-01
1.139981908087502327e-01
1.143171683650667514e-01
1.146421761709295051e-01
1.149732888928826635e-01
1.153105799067053183e-01
1.156541211341006736e-01
1.160039828703506859e-01
1.163602336025811868e-01
1.167229398182820788e-01
1.170921658037172852e-01
1.174679734318571506e-01
1.178504219394684166e-01
1.182395676929812040e-01
1.186354639427732172e-01
1.190381605654919905e-01
1.194477037940532838e-01
1.198641359349507385e-01
1.202874950725254244e-01
1.207178147598436807e-01
1.211551236958541555e-01
1.215994453885031468e-01
1.220507978035040297e-01
1.225091929984820222e-01
1.229746367422382414e-01
1.234471281189019609e-01
1.239266591167776099e-01
1.244132142017290166e-01
1.249067698749847938e-01
1.254072942152939518e-01
1.259147464054216070e-01
1.264290762430242132e-01
1.269502236360186276e-01
1.274781180826249360e-01
1.280126781363496724e-01
1.285538108562548076e-01
1.291014112429657579e-01
1.296553616609624759e-01
1.302155312478246174e-01
1.307817753112090475e-01
1.313539347144846992e-01
1.319318352520811033e-01
1.325152870157599305e-01
1.331040837531871079e-01
1.336980022203442808e-01
1.342968015295105122e-01
1.349002224947340733e-01
1.355079869769120482e-01
1.361197972308176574e-01
1.367353352566257341e-01
1.373542621587274248e-01
1.379762175148584735e-01
1.386008187588096130e-01
1.392276605802441058e-01
1.398563143454033264e-01
1.404863275427336855e-01
1.411172232577409258e-01
1.417484996816310294e-01
1.423796296585518595e-01
1.430100602765106976e-01
1.436392125072705750e-01
1.442664809007835891e-01
1.448912333399047236e-01
1.455128108613539806e-01
1.461305275490485389e-01
1.467436705060861657e-01
1.473514999117659929e-01
1.479532491701102126e-01
1.485481251563895433e-01
1.491353085681376422e-01
1.497139543870743550e-01
1.502831924582384571e-01
1.508421281924340329e-01
1.513898433978549396e-01
1.519253972464100211e-01
1.524478273798709205e-01
1.529561511604851376e-01
1.534493670701099766e-01
1.539264562612807086e-01
1.543863842628602767e-01
1.548281028420916139e-01
1.552505520239366166e-01
1.556526622675667992e-01
1.560333567987652326e-01
1.563915540958190631e-01
1.567261705252049331e-01
1.570361231220511744e-01
1.573203325089631288e-01
1.575777259453574053e-01
1.578072404979796173e-01
1.580078263217835066e-01
1.581784500388478121e-01
1.583180982015120752e-01
1.584257808244716736e-01
1.585005349691478160e-01
1.585414283623290954e-01
1.585475630298296967e-01
1.585180789247989108e-01
1.584521575293150741e-01
1.583490254070756276e-01
1.582079576843450908e-01
1.580282814358610621e-01
1.578093789521661239e-01
1.575506908648088289e-01
1.572517191060956998e-01
1.569120296805388837e-01
1.565312552258799339e-01
1.561090973425459105e-01
1.556453286716358297e-01
1.551397947030062618e-01
1.545924152967490528e-01
1.540031859032851003e-01
1.533721784694322410e-01
1.526995420201269493e-01
1.519855029079398012e-01
1.512303647251229677e-01
1.504345078756031129e-01
1.495983888070822887e-01
1.487225389061676839e-01
1.478075630622039394e-01
1.468541379081872433e-01
1.458630097497525258e-01
1.448349921957330921e-01
1.437709635061382718e-01
1.426718636755640313e-01
1.415386912720226764e-01
1.403725000529059685e-01
1.391743953812862311e-01
1.379455304669888749e-01
1.366871024578152349e-01
1.354003484069700169e-01
1.340865411431382270e-01
1.327469850697742815e-01
1.313830119200042612e-01
1.299959764931307438e-01
1.285872523980685078e-01
1.271582278281495337e-01
1.257103013906455402e-01
1.242448780130704922e-01
1.227633649468927585e-01
1.212671678877076664e-01
1.197576872292370753e-01
1.182363144667572530e-01
1.167044287637292593e-01
1.151633936935473335e-01
1.136145541664537184e-01
1.120592335498149239e-01
1.104987309881292762e-01
1.089343189273721951e-01
1.073672408465802530e-01
1.057987091979604166e-01
1.042299035552878561e-01
1.026619689689384080e-01
1.010960145245961006e-01
9.953311210148971244e-02
9.797429532494619786e-02
9.642055870710639076e-02
9.487285696882871711e-02
9.333210453510534799e-02
9.179917519573976836e-02
9.027490192256024115e-02
8.876007683409160853e-02
8.725545129834613722e-02
8.576173616423746204e-02
8.427960211204561791e-02
8.280968011337128121e-02
8.135256199109805464e-02
7.990880107002884536e-02
7.847891290906418293e-02
7.706337610604868660e-02
7.566263316670437944e-02
7.427709142940511211e-02
7.290712403790769458e-02
7.155307095453876387e-02
7.021524000674118915e-02
6.889390796029433439e-02
6.758932161294714525e-02
6.630169890262270493e-02
6.503123002478017334e-02
6.377807855393474723e-02
6.254238256474717317e-02
6.132425574849765387e-02
6.012378852114338285e-02
5.894104911953753495e-02
5.777608468274315207e-02
5.662892231571890062e-02
5.549957013298152664e-02
5.438801828015187717e-02
5.329423993158542011e-02
5.221819226255668134e-02
5.115981739471871931e-02
5.011904331379540833e-02
4.909578475867823477e-02
4.808994408130125298e-02
4.710141207684869630e-02
4.613006878401636895e-02
4.517578425519936519e-02
4.423841929661590650e-02
4.331782617849731787e-02
4.241384931558486032e-02
4.152632591827076780e-02
4.065508661480551206e-02
3.979995604506801621e-02
3.896075342645963224e-02
3.813729309253668237e-02
3.732938500504556084e-02
3.653683524005785915e-02
3.575944644893930269e-02
3.499701829490711735e-02
3.424934786595024844e-02
3.351623006490003776e-02
3.279745797744711144e-02
3.209282321890311734e-02
3.140211626050706112e-02
3.072512673607169509e-02
3.006164372975850957e-02
2.941145604576171635e-02
2.877435246066773616e-02
2.815012195924625898e-02
2.753855395440971826e-02
2.693943849206497862e-02
2.635256644156001166e-02
2.577772967241110172e-02
2.521472121797574406e-02
2.466333542671630269e-02
2.412336810167816509e-02
2.359461662878581736e-02
2.307688009453897487e-02
2.256995939366865378e-02
2.207365732729345276e-02
2.158777869209439412e-02
2.111213036100558979e-02
2.064652135589844714e-02
2.019076291271661508e-02
1.974466853949856382e-02
1.930805406770636987e-02
1.888073769726005338e-02
1.846254003565810792e-02
1.805328413154820219e-02
1.765279550309343040e-02
1.726090216146394449e-02
1.687743462976728712e-02
1.650222595771474662e-02
1.613511173230740628e-02
1.577593008480909081e-02
1.542452169426176273e-02
1.508072978778414799e-02
1.474440013788188078e-02
1.441538105698593995e-02
1.409352338942332881e-02
1.377868050101379443e-02
1.347070826647494939e-02
1.316946505480858301e-02
1.287481171283032071e-02
1.258661154699666079e-02
1.230473030367351672e-02
1.202903614798259656e-02
1.175939964135376374e-02
1.149569371790381406e-02
1.123779365975492023e-02
1.098557707139930992e-02
1.073892385320996193e-02
1.049771617419084646e-02
1.026183844405475533e-02
1.003117728471092894e-02
9.805621501239382073e-03
9.585062052423933346e-03
9.369392020911375754e-03
9.158506583059295575e-03
8.952302978531619104e-03
8.750680479695975914e-03
8.553540360874044290e-03
8.360785867492196918e-03
8.172322185176141007e-03
7.988056408830631130e-03
7.807897511741751680e-03
7.631756314737028930e-03
7.459545455435530152e-03
7.291179357617806091e-03
7.126574200743231169e-03
6.965647889640027603e-03
6.808320024391075614e-03
6.654511870436983882e-03
6.504146328915527339e-03
6.357147907255511661e-03
6.213442690040851292e-03
6.072958310159668610e-03
5.935623920251319706e-03
5.801370164463472492e-03
5.670129150529504107e-03
5.541834422175822769e-03
5.416420931867396531e-03
5.293825013898655930e-03
5.173984357836291376e-03
5.056837982319275192e-03
4.942326209220766937e-03
4.830390638175693224e-03
4.720974121477250311e-03
4.614020739344599359e-03
4.509475775563770959e-03
4.407285693502835389e-03
4.307398112502238037e-03
4.209761784640351188e-03
4.114326571874052201e-03
4.021043423553696643e-03
3.929864354311320661e-03
3.840742422320690425e-03
3.753631707927388480e-03
3.668487292646967213e-03
3.585265238528573869e-03
3.503922567881722142e-03
3.424417243363085239e-03
3.346708148420433383e-03
3.270755068090319597e-03
3.196518670146121944e-03
3.123960486592892560e-03
3.053042895505086486e-03
2.983729103203552110e-03
2.915983126767554383e-03
2.849769776877891271e-03
2.785054640986842078e-03
2.721804066810759593e-03
2.659985146140904626e-03
2.599565698968234716e-03
2.540514257917621515e-03
2.482800052987126690e-03
2.426392996587780487e-03
2.371263668879377423e-03
2.317383303397761458e-03
2.264723772969023160e-03
2.213257575906113321e-03
2.162957822483329781e-03
2.113798221684083916e-03
2.065753068217515438e-03
2.018797229799389713e-03
1.972906134692838011e-03
1.928055759504451001e-03
1.884222617231311918e-03
1.841383745554585772e-03
1.799516695375285918e-03
1.758599519587881847e-03
1.718610762087526955e-03
1.679529447006535437e-03
1.641335068176068366e-03
1.604007578808720096e-03
1.567527381398006259e-03
1.531875317830627302e-03
1.497032659707521170e-03
1.462981098869743906e-03
1.429702738125257023e-03
1.397180082172752797e-03
1.365396028718740985e-03
1.334333859784121116e-03
1.303977233196543890e-03
1.274310174264913767e-03
1.245317067632454016e-03
1.216982649304779130e-03
1.189291998849513607e-03
1.162230531764017576e-03
1.135783992007826163e-03
1.109938444696549967e-03
1.084680268953871303e-03
1.059996150918552944e-03
1.035873076903176190e-03
1.012298326701602854e-03
9.892594670420685760e-04
9.667443451829254956e-04
9.447410826480763437e-04
9.232380690992409225e-04
9.022239563421895333e-04
8.816876524641592289e-04
8.616183160997346879e-04
8.420053508224901442e-04
8.228383996597667593e-04
8.041073397279832440e-04
7.858022769859678491e-04
7.679135411037905229e-04
7.504316804446816910e-04
7.333474571576063371e-04
7.166518423781853336e-04
7.003360115356130388e-04
6.843913397633620988e-04
6.688093974113981958e-04
6.535819456577952099e-04
6.387009322175705734e-04
6.241584871466849529e-04
6.099469187391438896e-04
5.960587095152026713e-04
5.824865122987066095e-04
5.692231463816441054e-04
5.562615937740218730e-04
5.435949955372225374e-04
5.312166481990157748e-04
5.191200002484788398e-04
5.072986487090545664e-04
4.957463357880739210e-04
4.844569456010585804e-04
4.734245009691814073e-04
4.626431602882793352e-04
4.521072144678640273e-04
4.418110839385797355e-04
4.317493157266275570e-04
4.219165805936801652e-04
4.123076702408357539e-04
4.029174945752279718e-04
3.937410790378918692e-04
3.847735619915467614e-04
3.760101921669758269e-04
3.674463261667072008e-04
3.590774260247273412e-04
3.508990568210029835e-04
3.429068843495792704e-04
3.350966728390878898e-04
3.274642827244936315e-04
3.200056684689416551e-04
3.127168764346066848e-04
3.055940428014445329e-04
2.986333915327888007e-04
2.918312323867470440e-04
2.851839589723852760e-04
2.786880468496980836e-04
2.723400516723908514e-04
2.661366073725225439e-04
2.600744243860764150e-04
2.541502879185420058e-04
2.483610562496203072e-04
2.427036590761773251e-04
2.371750958925896639e-04
2.317724344076513060e-04
2.264928089972198131e-04
2.213334191918042238e-04
2.162915281983145068e-04
2.113644614552060688e-04
2.065496052202723805e-04
2.018444051903508498e-04
1.972463651522336607e-04
1.927530456640783290e-04
1.883620627666356085e-04
1.840710867236236233e-04
1.798778407906007971e-04
1.757801000116876802e-04
1.717756900435185423e-04
1.678624860058126206e-04
1.640384113579602043e-04
1.603014368010426106e-04
1.566495792047149760e-04
1.530809005583887844e-04
1.495935069461717297e-04
1.461855475450255252e-04
1.428552136456211598e-04
1.396007376953828664e-04
1.364203923632147520e-04
1.333124896254267238e-04
1.302753798723791398e-04
1.273074510353805456e-04
1.244071277333806658e-04
1.215728704390115394e-04
1.188031746635425615e-04
1.160965701603195729e-04
1.134516201462721659e-04
1.108669205410831038e-04
1.083410992236162330e-04
1.058728153052182003e-04
1.034607584195087158e-04
1.011036480282895961e-04
9.880023274320605820e-05
9.654928966280504029e-05
9.434962372464432152e-05
9.220006707210755715e-05
9.009947843559747420e-05
8.804674252777775238e-05
8.604076945254940183e-05
8.408049412744835773e-05
8.216487571916090461e-05
8.029289709186041490e-05
7.846356426807617700e-05
7.667590590180704011e-05
7.492897276360718534e-05
7.322183723736856806e-05
7.155359282853907747e-05
6.992335368351274905e-05
6.833025411994349014e-05
6.677344816773158318e-05
6.525210912044182674e-05
6.376542909691838097e-05
6.231261861286195396e-05
6.089290616214707404e-05
5.950553780765597384e-05
5.814977678141419032e-05
5.682490309381712552e-05
5.553021315174064797e-05
5.426501938533511674e-05
5.302864988330491383e-05
5.182044803648145227e-05
5.063977218950099530e-05
4.948599530040446976e-05
4.835850460797797479e-05
4.725670130665907007e-05
4.618000022883742462e-05
4.512782953438072430e-05
4.409963040722347213e-05
4.309485675885705393e-05
4.211297493856433418e-05
4.115346345024660106e-05
4.021581267569209530e-05
3.929952460414044005e-05
3.840411256799964034e-05
3.752910098457630484e-05
3.667402510368138294e-05
3.583843076097968633e-05
3.502187413695117337e-05
3.422392152133673103e-05
3.344414908294499110e-05
3.268214264469640522e-05
3.193749746378728854e-05
3.120981801685691431e-05
3.049871779004279830e-05
2.980381907381534295e-05
2.912475276248086968e-05
2.846115815824858339e-05
2.781268277975681972e-05
2.717898217495743276e-05
2.655971973825918301e-05
2.595456653183361457e-05
2.536320111098817458e-05
2.478530935351464456e-05
2.422058429292194625e-05
2.366872595546567107e-05
2.312944120088712593e-05
2.260244356677851017e-05
2.208745311649051640e-05
2.158419629050327293e-05
2.109240576118048821e-05
2.061182029083051355e-05
2.014218459299918891e-05
1.968324919692035637e-05
1.923477031505328350e-05
1.879650971363504974e-05
1.836823458618123080e-05
1.794971742986644427e-05
1.754073592471974837e-05
1.714107281557080052e-05
1.675051579668415284e-05
1.636885739902042052e-05
1.599589488006469181e-05
1.563143011616392072e-05
1.527526949731538243e-05
1.492722382435170165e-05
1.458710820846680217e-05
1.425474197302997372e-05
1.392994855763608203e-05
1.361255542434057331e-05
1.330239396603016054e-05
1.299929941687997723e-05
1.270311076485016449e-05
1.241367066617520489e-05
1.213082536180063074e-05
1.185442459572316107e-05
1.158432153519027247e-05
1.132037269271749758e-05
1.106243784988165852e-05
1.081037998284995552e-05
1.056406518960500348e-05
1.032336261882747988e-05
1.008814440039856557e-05
9.858285577485302237e-06
9.633664040172858862e-06
9.414160460608333704e-06
9.199658229621920574e-06
8.990043394791624262e-06
8.785204599918655121e-06
8.585033025881579836e-06
8.389422332837500227e-06
8.198268603739919342e-06
8.011470289143062575e-06
7.828928153263625951e-06
7.650545221270906853e-06
7.476226727777851276e-06
7.305880066505207837e-06
7.139414741092477147e-06
6.976742317029103765e-06
6.817776374680924099e-06
6.662432463386328833e-06
6.510628056598404315e-06
6.362282508048675302e-06
6.217317008909557990e-06
6.075654545932606021e-06
5.937219860540391911e-06
5.801939408850234839e-06
5.669741322608676053e-06
5.540555371015782705e-06
5.414312923419185974e-06
5.290946912857982067e-06
5.170391800437037220e-06
5.052583540512989967e-06
4.937459546673283782e-06
4.824958658490190808e-06
4.715021109032340548e-06
4.607588493116251269e-06
4.502603736281202966e-06
4.400011064470893269e-06
4.299755974405753839e-06
4.201785204630290193e-06
4.106046707219981521e-06
4.012489620132719214e-06
3.921064240190187181e-06
3.831721996674734425e-06
3.744415425527779071e-06
3.659098144136037600e-06
3.575724826692118644e-06
3.494251180116573847e-06
3.414633920528350462e-06
3.336830750251436565e-06
3.260800335345253409e-06
3.186502283647025839e-06
3.113897123314365899e-06
3.042946281856707099e-06
2.973612065644515664e-06
2.905857639885245741e-06
2.839647009055589551e-06
2.774944997779480336e-06
2.711717232141755255e-06
2.649930121427573895e-06
2.589550840277851080e-06
2.530547311251223141e-06
2.472888187783364126e-06
2.416542837534456541e-06
2.361481326116173520e-06
2.307674401189289570e-06
2.255093476923685050e-06
2.203710618812394325e-06
2.153498528831595309e-06
2.104430530938759967e-06
2.056480556901173924e-06
2.009623132447334455e-06
1.963833363733891104e-06
1.919086924120897833e-06
1.875360041248369193e-06
1.832629484407304317e-06
1.790872552198417085e-06
1.750067060472069808e-06
1.710191330542971039e-06
1.671224177673375434e-06
1.633144899818715373e-06
1.595933266629607861e-06
1.559569508704473064e-06
1.524034307086996824e-06
1.489308783002904124e-06
1.455374487830547316e-06
1.422213393300029553e-06
1.389807881915611188e-06
1.358140737596338125e-06
1.327195136529924257e-06
1.296954638235015451e-06
1.267403176827083005e-06
1.238525052483335116e-06
1.210304923102075142e-06
1.182727796152107797e-06
1.155779020707845882e-06
1.129444279665893831e-06
1.103709582138968613e-06
1.078561256023118276e-06
1.053985940734302622e-06
1.029970580110446205e-06
1.006502415475235239e-06
9.835689788599460810e-07
9.611580863796907812e-07
9.392578317606188325e-07
9.178565800145597252e-07
8.969429612578171663e-07
8.765058646707753272e-07
8.565344325951465684e-07
8.370180547657051270e-07
8.179463626734550122e-07
7.993092240572200595e-07
7.810967375207495513e-07
7.632992272724684904e-07
7.459072379850782705e-07
7.289115297722817814e-07
7.123030732799675461e-07
6.960730448892279361e-07
6.802128220286846587e-07
6.647139785936200176e-07
6.495682804694766072e-07
6.347676811573596808e-07
6.203043174992064962e-07
6.061705055003611685e-07
5.923587362473270155e-07
5.788616719185347669e-07
5.656721418860010089e-07
5.527831389058175153e-07
5.401878153954261976e-07
5.278794797957335106e-07
5.158515930160953847e-07
5.040977649603171547e-07
4.926117511317990818e-07
4.813874493160350423e-07
4.704188963387052006e-07
4.597002648976286324e-07
4.492258604669013659e-07
4.389901182715772852e-07
4.289876003312757052e-07
4.192129925711512530e-07
4.096611019986933499e-07
4.003268539448481579e-07
3.912052893680023885e-07
3.822915622193996045e-07
3.735809368685783897e-07
3.650687855874787712e-07
3.567505860918671518e-07
3.486219191387865938e-07
3.406784661787429022e-07
3.329160070613882499e-07
3.253304177934825642e-07
3.179176683479360299e-07
3.106738205227770903e-07
3.035950258488991704e-07
2.966775235454831779e-07
2.899176385220043291e-07
2.833117794257626545e-07
2.768564367339035389e-07
2.705481808889065631e-07
2.643836604765626839e-07
2.583596004454636501e-07
2.524728003670601158e-07
2.467201327353661362e-07
2.410985413054043563e-07
2.356050394695080667e-07
2.302367086706230349e-07
2.249906968517592473e-07
2.198642169407730829e-07
2.148545453696754508e-07
2.099590206276738080e-07
2.051750418471882181e-07
2.005000674220811302e-07
