1.000000000000000072e-18
7.752291937477111635e-15
1.589769696117681176e-14
2.445262664753198370e-14
3.343415654580294480e-14
4.286005347521554886e-14
5.274880398401962500e-14
6.311964402209826700e-14
7.399258988115845446e-14
8.538847045907229050e-14
9.732896090755641145e-14
1.098366177251855917e-13
1.229349153606220877e-13
1.366482843940009935e-13
1.510021513676383992e-13
1.660229803405585250e-13
1.817383162449089653e-13
1.981768301260106694e-13
2.153683663516892357e-13
2.333439918806438370e-13
2.521360476838568394e-13
2.717782024176134082e-13
2.923055084513886530e-13
3.137544603588624746e-13
3.361630559855391911e-13
3.595708602119378934e-13
3.840190715371030638e-13
4.095505916132543917e-13
4.362100978687388326e-13
4.640441193632068650e-13
4.931011160259154466e-13
5.234315614355515503e-13
5.550880293076854957e-13
5.881252838642218719e-13
6.226003742677967330e-13
6.585727333131995356e-13
6.961042805773363423e-13
7.352595302394563782e-13
7.761057037937845679e-13
8.187128478879169708e-13
8.631539575320512647e-13
9.095051049363911745e-13
9.578455742471643384e-13
1.008258002465266053e-12
1.060828526846024174e-12
1.115646939093728489e-12
1.172806846680542102e-12
1.232405841636336259e-12
1.294545677173665355e-12
1.359332452530879269e-12
1.426876806436069643e-12
1.497294119615369386e-12
1.570704726791073484e-12
1.647234138638164581e-12
1.727013274192253489e-12
1.810178704227648948e-12
1.896872906151555850e-12
1.987244530988833789e-12
2.081448683062297012e-12
2.179647213005223898e-12
2.282009024776565238e-12
2.388710397385013548e-12
2.499935322065393484e-12
2.615875855690988866e-12
2.736732491246925433e-12
2.862714546234328346e-12
2.994040569921693824e-12
3.130938770409278953e-12
3.273647462524974190e-12
3.422415537624997290e-12
3.577502956431491770e-12
3.739181266100941115e-12
3.907734142782482340e-12
4.083457960994750283e-12
4.266662391222786610e-12
4.457671027214176418e-12
4.656822044535556738e-12
4.864468892037310969e-12
5.080981017966456807e-12
5.306744632564751190e-12
5.542163509092303342e-12
5.787659825326119893e-12
6.043675047698685310e-12
6.310670860364397677e-12
6.589130141611439735e-12
6.879557990174628199e-12
7.182482804150763947e-12
7.498457415372698969e-12
7.828060282263115334e-12
8.171896744362772695e-12
8.530600341913360579e-12
8.904834204071121386e-12
9.295292509535584113e-12
9.702702023599639166e-12
1.012782371586114995e-11
1.057145446308650933e-11
1.103442884198124208e-11
1.151762101690404906e-11
1.202194672786075347e-11
1.254836538443189496e-11
1.309788227162612256e-11
1.367155087401181880e-11
1.427047532485999657e-11
1.489581298744135442e-11
1.554877717605031248e-11
1.623064002479156867e-11
1.694273551265495944e-11
1.768646265392521845e-11
1.846328886353211938e-11
1.927475350753616391e-11
2.012247164957792880e-11
2.100813800479154855e-11
2.193353111339923214e-11
2.290051774696899350e-11
2.391105756113231573e-11
2.496720800942897955e-11
2.607112953387263847e-11
2.722509104882203429e-11
2.843147573579902414e-11
2.969278716802290635e-11
3.101165578463547954e-11
3.239084573587848510e-11
3.383326212186010275e-11
3.534195864901654265e-11
3.692014572994776095e-11
3.857119905398282429e-11
4.029866865763081669e-11
4.210628852599149821e-11
4.399798675826224120e-11
4.597789633267182766e-11
4.805036650853652307e-11
5.021997490565333735e-11
5.249154030394879715e-11
5.487013620920744566e-11
5.736110523379519516e-11
5.997007434463967580e-11
6.270297103428564434e-11
6.556604047468453627e-11
6.856586371748216713e-11
7.170937700898141019e-11
7.500389229269577620e-11
7.845711897749619343e-11
8.207718705481663946e-11
8.587267165426281632e-11
8.985261913327402027e-11
9.402657480328933301e-11
9.840461240215926861e-11
1.029973654304106918e-10
1.078160604774296076e-10
1.128725526727218812e-10
1.181793634072396787e-10
1.237497204803063574e-10
1.295976008390727372e-10
1.357377760897136538e-10
1.421858609728070165e-10
1.489583650096360352e-10
1.560727475415536991e-10
1.635474764012108863e-10
1.714020904724134222e-10
1.796572664147880784e-10
1.883348898504502457e-10
1.974581313325294459e-10
2.070515274399756176e-10
2.171410673696181229e-10
2.277542854251903257e-10
2.389203598341739539e-10
2.506702183570308838e-10
2.630366511899199087e-10
2.760544317016407274e-10
2.897604455884849883e-10
3.041938290773199504e-10
3.193961168578259584e-10
3.354114004797709741e-10
3.522864980109060277e-10
3.700711358159815538e-10
3.888181433879174396e-10
4.085836622389694354e-10
4.294273699432535529e-10
4.514127205129687301e-10
4.746072023898042142e-10
4.990826154409783219e-10
5.249153684671870055e-10
5.521867988582264149e-10
5.809835161722951886e-10
6.113977715681769365e-10
6.435278551868298136e-10
6.774785237618651679e-10
7.133614609385048496e-10
7.512957729995404905e-10
7.914085229366240235e-10
8.338353060678460818e-10
8.787208706904624323e-10
9.262197875734800742e-10
9.764971724412208114e-10
1.029729465979637977e-09
1.086105276315123732e-09
1.145826289375183312e-09
1.209108253046016542e-09
1.276182041598457072e-09
1.347294807466849878e-09
1.422711228140992265e-09
1.502714856676327928e-09
1.587609585150138216e-09
1.677721231299422752e-09
1.773399259580056646e-09
1.875018648996790791e-09
1.982981921282121660e-09
2.097721344362852723e-09
2.219701327561312763e-09
2.349421026650979561e-09
2.487417178743640789e-09
2.634267189048203736e-09
2.790592493835585737e-09
2.957062226497012456e-09
3.134397216426205325e-09
3.323374353625734057e-09
3.524831355473812420e-09
3.739671976036645057e-09
3.968871702725410699e-09
4.213483990034471100e-09
4.474647085627501479e-09
4.753591510236251289e-09
5.051648259791747073e-09
5.370257806019367411e-09
5.710979980512250180e-09
6.075504837184021194e-09
6.465664599140884014e-09
6.883446808579630285e-09
7.331008812509357205e-09
7.810693733140003156e-09
8.325048089945545752e-09
8.876841260996001924e-09
9.469086994515125725e-09
1.010506720816802315e-08
1.078835834378545456e-08
1.152286057964539817e-08
1.231283024169016553e-08
1.316291579991362557e-08
1.407819788747246273e-08
1.506423383888151899e-08
1.612710731114062950e-08
1.727348362920787699e-08
1.851067158653583955e-08
1.984669253436422781e-08
2.129035771240816639e-08
2.285135491121404744e-08
2.454034571598956939e-08
2.636907476697483399e-08
2.835049268695995323e-08
3.049889457780037503e-08
3.283007628122051822e-08
3.536151094262774093e-08
3.811254881940369873e-08
4.110464374848147630e-08
4.436161024552546851e-08
4.790991586615266420e-08
5.177901423833295036e-08
5.600172509863213197e-08
6.061466876294325232e-08
6.565876377098245778e-08
7.117979800753483576e-08
7.722908547686904099e-08
8.386422315730378965e-08
9.114996507406556447e-08
9.915923400389428348e-08
1.079742951933455233e-07
1.176881212956336133e-07
1.284059836101902629e-07
1.402473118992336704e-07
1.533478738774377709e-07
1.678623363310710851e-07
1.839672832390145293e-07
2.018647829002827502e-07
2.217866167676211561e-07
2.439993085339142934e-07
2.688101244253879494e-07
2.965742564504667275e-07
3.277034519178935807e-07
3.626764179924351938e-07
4.020514135065907857e-07
4.464815471205407941e-07
4.967334384339636779e-07
5.537100764387917706e-07
6.184789407038129468e-07
6.923067523799436764e-07
7.767026182532510795e-07
8.734718541012255734e-07
9.847834681497063384e-07
1.113255213249810401e-06
1.262061363572124256e-06
1.435070058954644298e-06
1.637019358347532196e-06
1.873744296450426407e-06
2.152471594245962501e-06
2.482204741204255085e-06
2.874230684883046534e-06
3.342791425089371841e-06
3.905981043175242129e-06
4.586953555256521024e-06
5.415563197189199723e-06
6.430612087343267946e-06
7.682959658709776287e-06
9.239868024521805633e-06
1.119114036512112919e-05
1.365789270363411642e-05
1.680524474317846798e-05
2.086092684591569715e-05
2.614295685840055280e-05
3.310145720720889450e-05
4.238292608036880506e-05
5.493089242430690205e-05
7.214685870633120372e-05
9.615365835225411360e-05
1.302377198976478214e-04
1.796138959214064698e-04
2.527932461649176773e-04
3.641258566195623128e-04
5.387478858694494215e-04
8.227404856287435717e-04
1.305402868714984708e-03
2.172208515719040080e-03
3.844391504694346165e-03
7.400379193321074758e-03
1.610912945052096062e-02
4.273128024492026805e-02
1.601186429382253085e-01
6.630772594901986894e-01
3.306150052789121330e-01
1.459345654090976330e-01
9.364411975495463836e-02
7.496895922121696310e-02
6.927935827107159494e-02
7.122040445408943377e-02
8.004492928113408901e-02
9.774327558042386621e-02
1.298778513431680104e-01
1.891612626818827969e-01
3.039900414557664687e-01
5.246906284922345787e-01
8.096994285637135746e-01
7.744109222911894630e-01
4.949548405423632724e-01
3.013652583356472014e-01
1.980487852154488027e-01
1.415900337859222202e-01
1.086225707278811320e-01
8.820445551329396394e-02
7.501346077037931992e-02
6.629146288510483209e-02
6.052358126574173408e-02
5.684006806482397312e-02
5.472905575187017591e-02
5.389107222842607486e-02
5.416239803786594004e-02
5.547404180947010377e-02
5.783041914823877638e-02
6.129977146119926917e-02
6.601214231652829945e-02
7.216246050821051305e-02
8.001677719833390212e-02
8.991913356660556633e-02
1.022946421189947774e-01
1.176406138744346269e-01
1.364914881787423484e-01
1.593356426171793350e-01
1.864574869924132960e-01
2.176893377050035383e-01
2.521062132543762657e-01
2.877955022011335906e-01
3.219337270813335539e-01
3.513568337301699596e-01
3.734998320489900658e-01
3.872004538020057951e-01
3.928623925739319622e-01
3.919456797371524415e-01
3.861931789456385933e-01
3.770154702140282033e-01
3.651986888447709689e-01
3.508955872983378632e-01
3.338092064357193189e-01
3.135001203930697922e-01
2.897497519770851904e-01
2.628699658281842821e-01
2.338177462691186093e-01
2.040346965160594606e-01
1.750830853624153749e-01
1.482699435945878663e-01
1.244276186538730011e-01
1.038920318920492913e-01
8.661247409314361267e-02
7.230151234967295559e-02
6.056441127120245488e-02
5.098677625943718456e-02
4.318331871289004392e-02
3.681910514836334025e-02
3.161442734244621772e-02
2.734133253835470748e-02
2.381673683206711120e-02
2.089478510099631800e-02
1.845972138481047353e-02
1.641975461883005485e-02
1.470201062591794221e-02
1.324848461188687411e-02
1.201284536996371360e-02
1.095793406949945731e-02
1.005381550331705537e-02
9.276262286544047567e-03
8.605575464459664162e-03
8.025665349066530424e-03
7.523333310632237050e-03
7.087708784486776610e-03
6.709806356509789155e-03
6.382175990678902108e-03
6.098625755182085148e-03
5.854001213295239280e-03
5.644009314690457031e-03
5.465077422315378457e-03
5.314240248578094329e-03
5.189049112372365151e-03
5.087499187273516674e-03
5.007971383363787714e-03
4.949186260532116230e-03
4.910167962727168822e-03
4.890216630778597071e-03
4.888888126767133337e-03
4.905980209141824408e-03
4.941524553214595751e-03
4.995784230799405271e-03
5.069256457288495547e-03
5.162680594052639765e-03
5.277051567016612099e-03
5.413639035993344194e-03
5.574012830711009246e-03
5.760075365003559413e-03
5.974101956786726127e-03
6.218790224527623138e-03
6.497320006997430418e-03
6.813425567556545721e-03
7.171482200961336838e-03
7.576609760679175673e-03
8.034796063612880887e-03
8.553043593441415557e-03
9.139543384653149583e-03
9.803880373218665234e-03
1.055727475406633906e-02
1.141286383699009928e-02
1.238602829673890980e-02
1.349476518987564183e-02
1.476010708601919498e-02
1.620658129001448580e-02
1.786269421542881902e-02
1.976141188072677232e-02
2.194058616754601329e-02
2.444324554483150169e-02
2.731762627863296503e-02
3.061676496490768618e-02
3.439740847626146514e-02
3.871793358192632262e-02
4.363492910945332426e-02
4.919812106637161397e-02
5.544347937931285580e-02
6.238470890835371568e-02
7.000394904490443715e-02
7.824334666618591727e-02
8.700001111779645524e-02
9.612727343471996755e-02
1.054446111253794227e-01
1.147567369835878620e-01
1.238795001174537586e-01
1.326675236273450187e-01
1.410373532065753166e-01
1.489811436289788238e-01
1.565690847200407743e-01
1.639423265510549232e-01
1.713005423783630077e-01
1.788888019322285583e-01
1.869874841423558032e-01
1.959074080321487610e-01
2.059909660208512905e-01
2.176191668243530053e-01
2.312241270292061668e-01
2.473064710126941512e-01
2.664569938153823481e-01
2.893814114924763703e-01
3.169254783717367907e-01
3.500941943355363462e-01
3.900515503585762489e-01
4.380736078713479698e-01
4.954045588842206360e-01
5.629325256937193211e-01
6.405729650231664074e-01
7.262755781207267392e-01
8.147765994941494894e-01
8.967380947027304705e-01
9.595738092917031059e-01
9.910760192920288203e-01
9.847920581598101908e-01
9.433866072368629618e-01
8.770486608931908901e-01
7.984611508514626310e-01
7.183165713679035003e-01
6.434999130746592577e-01
5.774086934617154165e-01
5.210736525122867668e-01
4.742194670866923811e-01
4.359924146047637339e-01
4.053786882973208217e-01
3.814138063756722929e-01
3.632712133495376583e-01
3.502875250217908909e-01
3.419564111350935631e-01
3.379061159996528119e-01
3.378646119476663712e-01
3.416083250389595483e-01
3.488831075954826888e-01
3.592792334320276115e-01
3.720391369679937887e-01
3.857896145459258630e-01
3.982457689159329406e-01
4.060632997739461736e-01
4.051877907937676548e-01
3.920369803926795349e-01
3.652827115037727279e-01
3.270488319973146596e-01
2.822880452328883072e-01
2.366406155763784991e-01
1.944318223711307136e-01
1.579379606742593589e-01
1.277285785357575865e-01
1.033659480220538440e-01
8.398988548968025492e-02
6.866711986209494967e-02
5.655369672112208618e-02
4.694811050579230510e-02
3.929214273570600519e-02
3.315160561972423092e-02
2.819248205954691389e-02
2.415883591489731072e-02
2.085449461622946449e-02
1.812864265821327592e-02
1.586479648590554889e-02
1.397248348945677454e-02
1.238100039048225035e-02
1.103473820783886297e-02
9.889675437359827723e-03
8.910738748887968644e-03
8.069807630078602162e-03
7.344197963502631203e-03
6.715503058402487978e-03
6.168702671214732099e-03
5.691473970855920675e-03
5.273655518670150588e-03
4.906827851385751720e-03
4.583983436966325778e-03
4.299265532544683729e-03
4.047760471845660707e-03
3.825331623612693126e-03
3.628486036843202745e-03
3.454266872123459495e-03
3.300166291713691174e-03
3.164054675881738943e-03
3.044122945613117991e-03
2.938835473044552199e-03
2.846891603112609165e-03
2.767194231885192635e-03
2.698824217953795911e-03
2.641019665030830844e-03
2.593159323170458972e-03
2.554749525593169503e-03
2.525414217887459942e-03
2.504887754269219044e-03
2.493010238016451965e-03
2.489725275578906841e-03
2.495080100985848370e-03
2.509228113554958037e-03
2.532433962085545512e-03
2.565081407600818420e-03
2.607684309904636545e-03
2.660901217509827662e-03
2.725554204356005032e-03
2.802652801079220848e-03
2.893424127755673571e-03
2.999350668122803196e-03
3.122217558041078238e-03
3.264171828454860442e-03
3.427796793436619673e-03
3.616205773520618592e-03
3.833160685924691564e-03
4.083222845897134523e-03
4.371945789675773034e-03
4.706123307691552349e-03
5.094110534290171785e-03
5.546242402718887590e-03
6.075382794318918631e-03
6.697650368900250929e-03
7.433384906073585430e-03
8.308443216952546631e-03
9.355949395996470547e-03
1.061867461114450635e-02
1.215229229921273475e-02
1.402985202016116505e-02
1.634794501261875241e-02
1.923519607131867273e-02
2.286388802122838945e-02
2.746562729759452134e-02
3.335176934002991034e-02
4.093829009007245862e-02
5.077167864583639889e-02
6.354477221376050866e-02
8.007530683500783952e-02
1.011921931650565792e-01
1.274443830899577856e-01
1.585656863103159508e-01
1.928120276144059397e-01
2.266921158670791581e-01
2.558363731572898536e-01
2.769690916085812971e-01
2.895350162162261820e-01
2.956074993161071363e-01
2.985063890519706331e-01
3.015043350123840504e-01
3.073002928173271808e-01
3.180983498516168906e-01
3.359322993229371113e-01
3.630080057740960320e-01
4.019293273872515670e-01
4.555803878292184472e-01
5.260412444655261366e-01
6.111446287505969410e-01
6.971816782441603300e-01
7.519842326747713246e-01
7.373599732685556241e-01
6.478232305405354774e-01
5.217197454735045259e-01
4.012090971349515645e-01
3.050384568459031942e-01
2.341586443527307881e-01
1.833582887447715581e-01
1.470691458158624731e-01
1.209655758236355821e-01
1.020111379571933125e-01
8.814904750807581180e-02
7.800184106410759655e-02
7.065214640628708631e-02
6.549754164565739500e-02
6.215984218539372802e-02
6.043311010877176759e-02
6.026141232521825541e-02
6.174433367985127097e-02
6.517673398486950598e-02
7.114316675422567571e-02
8.071608900850070489e-02
9.587435137829616871e-02
1.204289857848572787e-01
1.621859057878552723e-01
2.380526919853315493e-01
3.830068457304615093e-01
6.242142747338459419e-01
7.332648332536851887e-01
4.876550433990877731e-01
2.660058592521807874e-01
1.538101441126138447e-01
9.825774450230888302e-02
6.871391691156178427e-02
5.195254527083752877e-02
4.212792032921618829e-02
3.653207015787784256e-02
3.395987410601682133e-02
3.414507530853129469e-02
3.784305077423483210e-02
4.800808355307700781e-02
7.554343180811731728e-02
1.789088819785587536e-01
6.253309794438217661e-01
1.340579479858841905e-01
3.057604686540748781e-02
1.096037285383926786e-02
4.938035657562113608e-03
2.545393425100784396e-03
1.434666505505288693e-03
8.623130366265754389e-04
5.443279213982240433e-04
3.572603775748098287e-04
2.421138529113084381e-04
1.685693371030038551e-04
1.201212188024060952e-04
8.735184733737509448e-05
6.467341899491592036e-05
4.865864834788405466e-05
3.714444919620969043e-05
2.873112383572582618e-05
2.249277435473411325e-05
1.780476761593089951e-05
1.423819619796957487e-05
1.149379103463468290e-05
9.359660769569886976e-06
7.683750830781396112e-06
6.355583774480822895e-06
5.293961294889684485e-06
4.438560963676196680e-06
3.744117187983007204e-06
3.176341552605307470e-06
2.709029515945982324e-06
2.321986285266266580e-06
1.999524868744956243e-06
1.729368096954742301e-06
1.501838747655737559e-06
1.309257101525636279e-06
1.145489191099678783e-06
1.005605457610128579e-06
8.856209539982928365e-07
7.822962399285915521e-07
6.929837783336094274e-07
6.155086832026799735e-07
5.480755738010111093e-07
4.891953961253292593e-07
4.376276096125085202e-07
3.923342672637429651e-07
3.524433538209203888e-07
3.172193697399214671e-07
2.860396157471507878e-07
2.583749849118126281e-07
2.337743362005244762e-07
2.118517270902934730e-07
1.922759388884391015e-07
1.747618486556612232e-07
1.590632947327409991e-07
1.449671553039006614e-07
1.322884160415926265e-07
1.208660473217544153e-07
1.105595465424468473e-07
1.012460288264349071e-07
9.281777144870317782e-08
8.518013493822894353e-08
7.824979791197732645e-08
7.195325404608971367e-08
6.622552874807645242e-08
6.100908051271064399e-08
5.625285797440350666e-08
5.191148858637760686e-08
4.794457888039420147e-08
4.431610956294091205e-08
4.099391142239869232e-08
3.794921026658616199e-08
3.515623096912442299e-08
3.259185224705782279e-08
3.023530507795527477e-08
2.806790873841549778e-08
2.607283934485076315e-08
2.423492653193577555e-08
2.254047453904772526e-08
2.097710451055526970e-08
1.953361526862421504e-08
1.819986020093893862e-08
1.696663823163880425e-08
1.582559712119958148e-08
1.476914757762104592e-08
1.379038686355929330e-08
1.288303075729950759e-08
1.204135287414090312e-08
1.126013048262087559e-08
1.053459606013524633e-08
9.860393927562338064e-09
9.233541384680528590e-09
8.650393839334848033e-09
8.107613485058274047e-09
7.602141135504282143e-09
7.131170870745970339e-09
6.692127191209267562e-09
6.282644410545120843e-09
5.900548049826801674e-09
5.543838022668637712e-09
5.210673424724806124e-09
4.899358761983589638e-09
4.608331470693734130e-09
4.336150597985657163e-09
4.081486526549979577e-09
3.843111639360975932e-09
3.619891831591124592e-09
3.410778786734242830e-09
3.214802942703364763e-09
3.031067081425577313e-09
2.858740482344866436e-09
2.697053586367502901e-09
2.545293122231769945e-09
2.402797652138728921e-09
2.268953497807637182e-09
2.143191011982949284e-09
2.024981163871885590e-09
1.913832410077617232e-09
1.809287825357277705e-09
1.710922470009453189e-09
1.618340972916308377e-09
1.531175311259146606e-09
1.449082769716068040e-09
1.371744063561166757e-09
1.298861611533131430e-09
1.230157945646043223e-09
1.165374246291841120e-09
1.104268992044159337e-09
1.046616714531893940e-09
9.922068496156569991e-10
9.408426768827642534e-10
8.923403401845928052e-10
8.465279425805556638e-10
8.032447096341297448e-10
7.623402155325986445e-10
7.236736669799002583e-10
6.871132402458914075e-10
6.525354671490245005e-10
6.198246661079209915e-10
5.888724147229696223e-10
5.595770606456516692e-10
5.318432677635337700e-10
5.055815949747990092e-10
4.807081050508728726e-10
4.571440012902280150e-10
4.348152898536351073e-10
4.136524658417155547e-10
3.935902213317305738e-10
3.745671737333598958e-10
3.565256129535795833e-10
3.394112659804531677e-10
3.231730776049773783e-10
3.077630061004343787e-10
2.931358327707360885e-10
2.792489843634558976e-10
2.660623674207624142e-10
2.535382137124693831e-10
2.416409359606755003e-10
2.303369931255494916e-10
2.195947645768416880e-10
2.093844325265743675e-10
1.996778721449497943e-10
1.904485488245474519e-10
1.816714220974978253e-10
1.733228557467398336e-10
1.653805336861778988e-10
1.578233812155289244e-10
1.506314912842642257e-10
1.437860554255213584e-10
1.372692990451793358e-10
1.310644207738937440e-10
1.251555356106675590e-10
1.195276216057924066e-10
1.141664698488265743e-10
1.090586375437002761e-10
1.041914039683362374e-10
9.955272913025099982e-11
9.513121494268774009e-11
9.091606875796530506e-11
8.689706910591497116e-11
8.306453349573560452e-11
7.940928814921680671e-11
7.592263954225438560e-11
7.259634763990847731e-11
6.942260071795300832e-11
6.639399167106223988e-11
6.350349571442651992e-11
6.074444939178471820e-11
5.811053080863248559e-11
5.559574101469636701e-11
5.319438646476932585e-11
5.090106249162523840e-11
4.871063772904154433e-11
4.661823942699735396e-11
4.461923960483003421e-11
4.270924199164513555e-11
4.088406970650834644e-11
3.913975363398322909e-11
3.747252145340928385e-11
3.587878728293893871e-11
3.435514190182409647e-11
3.289834351672917955e-11
3.150530903999264721e-11
3.017310584976503435e-11
2.889894400381128913e-11
2.768016888052261293e-11
2.651425422230763702e-11
2.539879555805960707e-11
2.433150398282989270e-11
2.331020027416186725e-11
2.233280932579947092e-11
2.139735488064541790e-11
2.050195454593902070e-11
1.964481507465365798e-11
1.882422789806420719e-11
1.803856489534112677e-11
1.728627438686517374e-11
1.656587733874672210e-11
1.587596376677589398e-11
1.521518932871831370e-11
1.458227209452763421e-11
1.397598948465151653e-11
1.339517536718197962e-11
1.283871730514031086e-11
1.230555394568702986e-11
1.179467254352547935e-11
1.130510661120970461e-11
1.083593368948493495e-11
1.038627323118480740e-11
9.955284592573453508e-12
9.542165126372898819e-12
9.146148371036912284e-12
8.766502331143926394e-12
8.402527844066628734e-12
8.053557028348163542e-12
7.718951809471660049e-12
7.398102518947255304e-12
7.090426562869647290e-12
6.795367156310818906e-12
6.512392120112658984e-12
6.240992736835094625e-12
5.980682662790652446e-12
5.730996893266440776e-12
5.491490778191169606e-12
5.261739085654021288e-12
5.041335110823228168e-12
4.829889827943805373e-12
4.627031083219529502e-12
4.432402826501839693e-12
4.245664379819042376e-12
4.066489740885164180e-12
3.894566919825661622e-12
3.729597307451697582e-12
3.571295073502307433e-12
3.419386593357135946e-12
3.273609901801944873e-12
3.133714172502153223e-12
2.999459221911342107e-12
2.870615036407103876e-12
2.746961321509567414e-12
2.628287072097861690e-12
2.514390162594880449e-12
2.405076956144791902e-12
2.300161931857219504e-12
2.199467329239601732e-12
2.102822808984639238e-12
2.010065129321446934e-12
1.921037837179963523e-12
1.835590973455875146e-12
1.753580791699257844e-12
1.674869489584769610e-12
1.599324952552870742e-12
1.526820509042768786e-12
1.457234696766430148e-12
1.390451039500484805e-12
1.326357833899188058e-12
1.264847945855796086e-12
1.205818615963623947e-12
1.149171273649840068e-12
1.094811359576144571e-12
1.042648155920686747e-12
9.925946241740587028e-13
9.445672501005055856e-13
8.984858955323187492e-13
8.542736566814940857e-13
8.118567286682948572e-13
7.711642759805401826e-13
7.321283085916101442e-13
6.946835634780124950e-13
6.587673912898388819e-13
6.243196479394375677e-13
5.912825908845306050e-13
5.596007798929967808e-13
5.292209820864471172e-13
5.000920810693699192e-13
4.721649899599194565e-13
4.453925681468657316e-13
4.197295416057265258e-13
3.951324266147903868e-13
3.715594567192306457e-13
3.489705127987311178e-13
3.273270561005716669e-13
3.065920641067929765e-13
2.867299691099672155e-13
2.677065993780010573e-13
2.494891227939553303e-13
2.320459928620169832e-13
2.153468969759011786e-13
1.993627068506202582e-13
1.840654310231240382e-13
1.694281693316819432e-13
1.554250692878968932e-13
1.420312842592629838e-13
1.292229333837998130e-13
1.169770631419467753e-13
1.052716105142206877e-13
9.408536765636988682e-14
8.339794802687791118e-14
7.318975390451598119e-14
6.344194523652315773e-14
5.413640976057645506e-14
4.525573434627733449e-14
3.678317750432797603e-14
2.870264301379737048e-14
2.099865462016433363e-14
1.365633175885033903e-14
6.661366260974757055e-15
1.000000000000000072e-18
6.269745639020658512e-01
4.166396243253995824e-01
5.527144739315897892e-01
4.401751185820756418e-01
2.553017179318048391e-01
4.347150481317074711e-01
6.001182629400081403e-01
4.515268136757986106e-01
3.950495554008008892e-01
6.046254723704167500e-01
3.658108639443582444e-01
2.906335976856123660e-01
3.908632525401493640e-01
6.091565392963375070e-01
3.968413821526390328e-01
5.489168639362494995e-01
3.332275043145560556e-01
2.489353995523641838e-01
4.795173865777221378e-01
3.699849377960992558e-01
6.101407279331176881e-01
2.368511438872866748e-01
3.557034148172932841e-01
2.915428621320652613e-01
1.803799486423426357e-01
1.843332426348297526e-01
2.375432577036979132e-01
3.678273627322773409e-01
5.948419049043308648e-01
5.478678051539367377e-01
2.181153576090583968e-01
2.485256025358419663e-01
4.645713476453537938e-01
4.934754290829787560e-01
3.399447427581934189e-01
6.275189417347037946e-01
5.429963653549821911e-01
3.734926032013116126e-01
2.822045117363797817e-01
5.164657574381134042e-01
6.682262571832146003e-01
6.873324546468108087e-01
3.964984521970488784e-01
2.636005206067500439e-01
4.179545774512307688e-01
5.440126815095183144e-01
4.136326677542282448e-01
6.181496089531156590e-01
6.193795280255659508e-01
4.312663919097631249e-01
3.412187072157232826e-01
3.934658254221846674e-01
5.449884854411464197e-01
6.835846880805187542e-01
5.666210041353568760e-01
6.843088386046976002e-01
4.568407198880558573e-01
6.023157994929355663e-01
6.536141131067536580e-01
6.857801649323729265e-01
5.700041847633088299e-01
6.399465773549046776e-01
2.439123170265993790e-01
5.109484327955310379e-01
2.505247850124071030e-01
5.391030576336515168e-01
6.855517599697182884e-01
5.235609218186469960e-01
5.949653037844868653e-01
5.627886834162565410e-01
6.212395601865456918e-01
6.025476615823140980e-01
3.435961649580654975e-01
6.681953975378074340e-01
6.537602648186038312e-01
6.396078585334734612e-01
2.698890842921592981e-01
6.624393453294729062e-01
3.498843216668391931e-01
6.295609874721587174e-01
8.277942435709060298e-01
8.473025753448238939e-01
8.074691308642631959e-01
7.346676382881688339e-01
8.507857671238966413e-01
7.521791450203861862e-01
7.372579245133454862e-01
8.415556313012992895e-01
8.514597016027192211e-01
8.086145223632630330e-01
7.825213925446734553e-01
8.471085779486993150e-01
8.037998413116013152e-01
7.980537063773769368e-01
8.199893562294212623e-01
8.158743523748347437e-01
8.342142294079193388e-01
6.853374243278307354e-01
8.259407460317260696e-01
8.340326657314744985e-01
7.808839377125652570e-01
8.352410603330492345e-01
7.559918851802854833e-01
8.461227403037465677e-01
8.305930372612700952e-01
8.465445241391887921e-01
8.421954524058625768e-01
8.499123922977888101e-01
8.174462545806098213e-01
7.831083623225065793e-01
7.408454140191580439e-01
7.765100571146559272e-01
8.504370554765469103e-01
8.531852485063431413e-01
7.393652024288559499e-01
7.588660068412055315e-01
8.512878029842341210e-01
7.104259530177193804e-01
8.531574976276785627e-01
8.357650950937214329e-01
6.888211975610102344e-01
7.439939238537713884e-01
7.442810466545820569e-01
7.043218746491538562e-01
7.162826871711420740e-01
6.180768418326947344e-01
7.450610253766762892e-01
7.309369031823402807e-01
6.628616139730567625e-01
7.439401453947480647e-01
7.379803537028682969e-01
7.320307578622181621e-01
7.282978526663849150e-01
6.303553188389996453e-01
6.588050885425525971e-01
7.360198007599594305e-01
6.903436234910284020e-01
7.454191859734341508e-01
6.132966389821705722e-01
6.571842703137109609e-01
7.333309423559800644e-01
6.173026072564677946e-01
6.864324869041336097e-01
7.391509174669441684e-01
6.833973425667752011e-01
6.706080311579267761e-01
7.441621689705021359e-01
6.671791323530886775e-01
6.117775243693606146e-01
6.548828371276916860e-01
6.682346353000229167e-01
6.965440732292162984e-01
7.419606087540523420e-01
6.450402302765726459e-01
6.505685248038816093e-01
7.424216239293860431e-01
6.886941371896756481e-01
7.252725645946050959e-01
6.639552922308078475e-01
7.244680023778787836e-01
7.371125736619033031e-01
7.559449691894236656e-01
6.732846577765784213e-01
7.032628194513385056e-01
6.859977716657019720e-01
7.561468346552967512e-01
7.117491538404390194e-01
7.229137937716219042e-01
6.905531716811699194e-01
7.467836453884332260e-01
7.310771023826255766e-01
7.554323775733902124e-01
7.550687554760630027e-01
7.553153671277001990e-01
7.548564763672954703e-01
7.216268065164022083e-01
7.401958792715905844e-01
7.542314467543207446e-01
7.193928868760195439e-01
7.540851077328571961e-01
7.090506736890609396e-01
7.060202542326978747e-01
7.009322822652086504e-01
7.233122702342198451e-01
7.557276646178363588e-01
7.548077957500475277e-01
7.396328493673778315e-01
7.558037982176005753e-01
6.970494055396597721e-01
7.282425305585370490e-01
7.511156129466474152e-01
6.954100923778893106e-01
7.561518404947447092e-01
7.425817136262463647e-01
6.907708061098581931e-01
7.221031752772303358e-01
6.965667236584385247e-01
7.559158540476599297e-01
7.217335395927747532e-01
7.553144308849254474e-01
2.672386241301084042e-01
2.791001555053672090e-01
2.899478530955341138e-01
2.743650528120706311e-01
2.881051550044515519e-01
3.089698391817345402e-01
2.887512023649796977e-01
3.100019504765815226e-01
3.141311471538989486e-01
2.890621812615843389e-01
2.810249547635139677e-01
2.827902754722880219e-01
3.042638836908700406e-01
3.096803743211634097e-01
3.178734132009727320e-01
2.907651935032914414e-01
2.956771028717407601e-01
2.970901221160999195e-01
2.954159311526245446e-01
2.894656985255845694e-01
3.204094433367835615e-01
3.042263719830456403e-01
2.802851862248412207e-01
3.221305533432185508e-01
2.772137934630277689e-01
2.841885546921429917e-01
2.874078118871551957e-01
3.228371925144832844e-01
3.151077644647546916e-01
2.844838154029619148e-01
3.119763432165826855e-01
2.849235017584061391e-01
3.166291403769400659e-01
2.868488608744574342e-01
3.179000976452917571e-01
2.702608896069988997e-01
2.743483906469965650e-01
3.217395240388987721e-01
2.675961230392148726e-01
2.952311775876275690e-01
1.648314212289644920e-01
1.820875116013053185e-01
2.033378781472735264e-01
2.080456439295391979e-01
2.119920878069446735e-01
1.682484511562548080e-01
1.833664575357702164e-01
1.944660545911094385e-01
1.633226608708101824e-01
2.090614080680901765e-01
2.153739569843909907e-01
2.022644696600939263e-01
2.178937246446287224e-01
2.043401159850832816e-01
1.884504939358967734e-01
1.949213076049752802e-01
2.050011874272624213e-01
1.804650038065901685e-01
1.801039761112870896e-01
1.905989331484148064e-01
1.637447070200540866e-01
2.113441070895585860e-01
1.685776619103242224e-01
1.927959217095215338e-01
1.803813626054645569e-01
1.668184136182525312e-01
2.042456315839013825e-01
1.743072623206334826e-01
1.876676000558920587e-01
1.687873814104329795e-01
1.643158090803029381e-01
1.873313215501207774e-01
2.018162200061536515e-01
1.887388741057855202e-01
1.684530140165070855e-01
2.162307210591376261e-01
1.951812375052283666e-01
2.182574000357204447e-01
2.021576320216365019e-01
1.680391073470739183e-01
1.254119955694330546e-01
1.115407739790412744e-01
1.045877905980522188e-01
1.339403146577211601e-01
1.225488900709216095e-01
1.339854564478102084e-01
1.320711596873567761e-01
1.314452072539921690e-01
1.295720090450160622e-01
1.066434572536490988e-01
1.165094803053753625e-01
1.156245484711534849e-01
1.158919942115971546e-01
1.304657034464277165e-01
1.089539757801885056e-01
1.298618474940098355e-01
1.310566200340733956e-01
1.188455130988062131e-01
1.097510595150752166e-01
1.354910797930256872e-01
1.256804212012252175e-01
1.106701953399618632e-01
1.251360422580545251e-01
1.044894675852779536e-01
1.286200787124821276e-01
1.010747581801628714e-01
1.012064830389996506e-01
1.039713730075975950e-01
1.285856735040291909e-01
1.087723964215270706e-01
1.080586449741201965e-01
1.245684568109533819e-01
1.228434886060095765e-01
1.047731392062931366e-01
1.352852026206591562e-01
1.348391229162215210e-01
1.066456660280153818e-01
1.038456483550817128e-01
1.182355944913057733e-01
1.040969698023465756e-01
1.063982518458090054e-01
1.038851997171221370e-01
1.017089642744694322e-01
1.054863874430611304e-01
1.089125462154692803e-01
1.101397567565510077e-01
1.120291205302720167e-01
1.060970426469137751e-01
1.069793249454049217e-01
1.094640915267191678e-01
1.150162883385352081e-01
1.110469038723886637e-01
1.105773689778160318e-01
1.134282400817026581e-01
1.010698321394144505e-01
1.142274171657846060e-01
1.074594875908369829e-01
1.142858662273022186e-01
1.086052353793694747e-01
1.043286181483052827e-01
1.034625024564350820e-01
1.108142351284352872e-01
1.146739320224606784e-01
1.096803886439899067e-01
1.114186350406827092e-01
1.144201497273326651e-01
1.069796853348867621e-01
1.013684404466896893e-01
1.111871997173599913e-01
1.092069471662553831e-01
1.069828937919427014e-01
1.066466239218354928e-01
1.118751640575197520e-01
1.078264874559978354e-01
1.138403582163442784e-01
1.032220093394558558e-01
1.126077097407195138e-01
1.097106502325404243e-01
1.033483278175306302e-01
1.027289797274690414e-01
3.525665669362485488e-01
3.377695398895221301e-01
3.291717536435929681e-01
3.193899699514977097e-01
3.508574451517200155e-01
3.571475114160446163e-01
3.317455031469200843e-01
3.044466589935253542e-01
3.506099723067329643e-01
3.655321572968305843e-01
3.027181492136905017e-01
3.324594583275936599e-01
3.649229092932377849e-01
3.670656630144984445e-01
3.496066474058104889e-01
3.192309763371415920e-01
3.626916556123759849e-01
3.131490729006798368e-01
3.113413285213793014e-01
3.486168581431397517e-01
3.374891372730752237e-01
3.093719779251326574e-01
3.664532228178291606e-01
3.026457358089278959e-01
3.583745426391463096e-01
3.471070408290626852e-01
3.184747110589820629e-01
3.604244859729214823e-01
3.551344132163637424e-01
3.246277427548092120e-01
3.399576406778012094e-01
3.511168625328461856e-01
3.325099891688938492e-01
3.382797394071918040e-01
3.497665548466653562e-01
3.230488914975901960e-01
3.600860553641063722e-01
3.069962340918636068e-01
3.554265849205001659e-01
3.484801769325922560e-01
9.879238083315423635e-01
9.930534406051652052e-01
9.913665249469905127e-01
9.796240879858675310e-01
9.516701892921145545e-01
9.638719280149236068e-01
9.865520036850592422e-01
9.846532470158612105e-01
9.813268679385660498e-01
9.465772105661931501e-01
9.932422838223237127e-01
9.916546249266789959e-01
9.913309878079337167e-01
9.679848819631405865e-01
9.589424051457450249e-01
9.795596466782863221e-01
9.823528770616244410e-01
9.518102625512128157e-01
9.910504634400224555e-01
9.699360160622242377e-01
9.928977192447440148e-01
9.906641337819384052e-01
9.904477036515930699e-01
9.588364709132315422e-01
9.798495596765474103e-01
9.923061664157233341e-01
9.514829810153526690e-01
9.846345121929880317e-01
9.886211584913656703e-01
9.931122566201147084e-01
9.931814286614608633e-01
9.808366276481721435e-01
9.737959886821832001e-01
9.905488169459296666e-01
9.908641062791604393e-01
9.660424448799220798e-01
9.927746770158952794e-01
9.821942874432566528e-01
9.907793626112734175e-01
9.919578915729075907e-01
6.273650801873580374e-01
6.834159183857485553e-01
8.522534762713889211e-01
7.450443691433158433e-01
7.397849741977332583e-01
2.948249149433738170e-01
1.909910703439759438e-01
1.168926396113570965e-01
1.079108953391468284e-01
3.380024452948376945e-01
1.000000000000000072e-18
