1.000000000000000072e-18
1.000000000000000072e-18
1.000000000000000072e-18
1.000000000000000072e-18
1.000000000000000072e-18
1.000000000000000072e-18
1.000000000000000072e-18
1.000000000000000072e-18
1.000000000000000072e-18
1.000000000000000072e-18
1.000000000000000072e-18
1.000000000000000072e-18
1.000000000000000072e-18
1.000000000000000072e-18
1.022452033098807349e-18
1.149183823833796820e-18
1.286032228219177532e-18
1.433722035766338852e-18
1.593028400042288260e-18
1.764780336407668222e-18
1.949864466027742016e-18
2.149229023870572567e-18
2.363888149713286541e-18
2.594926482584146506e-18
2.843504080581515830e-18
3.110861689639296278e-18
3.398326386562181256e-18
3.707317623541203180e-18
4.039353703391970051e-18
4.396058716947470483e-18
4.779169976393130921e-18
5.190545980872452767e-18
5.632174953426050284e-18
6.106183991275691444e-18
6.614848874641529994e-18
7.160604582706245343e-18
7.746056569030377834e-18
8.373992852706793611e-18
9.047396985833464864e-18
9.769461962516339205e-18
1.054360513961023695e-17
1.137348424479578675e-17
1.226301455341003714e-17
1.321638732172676844e-17
1.423808957116240836e-17
1.533292532520447965e-17
1.650603840876317835e-17
1.776293692818842496e-17
1.910951955941668329e-17
2.055210378168302007e-17
2.209745620500406718e-17
2.375282515128319669e-17
2.552597566147974719e-17
2.742522711489562040e-17
2.945949366135656354e-17
3.163832768299287179e-17
3.397196651955755295e-17
3.647138270986235065e-17
3.914833802210572515e-17
4.201544156770708988e-17
4.508621231692980833e-17
4.837514636019550699e-17
5.189778928674619251e-17
5.567081408239287973e-17
5.971210498066591024e-17
6.404084773701392119e-17
6.867762683398997826e-17
7.364453016687976252e-17
7.896526180427471936e-17
8.466526346693217168e-17
9.077184542127911847e-17
9.731432754144385035e-17
1.043241913561309025e-16
1.118352439644713391e-16
1.198837947785873722e-16
1.285088461305894861e-16
1.377522988686148762e-16
1.476591741609136944e-16
1.582778528296391591e-16
1.696603336475536604e-16
1.818625121521884433e-16
1.949444816639730519e-16
2.089708583383996592e-16
2.240111322385420702e-16
2.401400465842802373e-16
2.574380075197211894e-16
2.759915269419234046e-16
2.958937011535962040e-16
3.172447283417449477e-16
3.401524681449106172e-16
3.647330468558772287e-16
3.911115121165993837e-16
4.194225412999896773e-16
4.498112081419238134e-16
4.824338125889836440e-16
5.174587792665173807e-16
5.550676304508679260e-16
5.954560399529233839e-16
6.388349748918998863e-16
6.854319329627340966e-16
7.354922834830865748e-16
7.892807212521443672e-16
8.470828430691833891e-16
9.092068576523836797e-16
9.759854406746028259e-16
1.047777747701280078e-15
1.124971598985299778e-15
1.207985851354181201e-15
1.297272973827934855e-15
1.393321845142501206e-15
1.496660793038180239e-15
1.607860897018734397e-15
1.727539578311514763e-15
1.856364502980067647e-15
1.995057826577212322e-15
2.144400811401418645e-15
2.305238850355677832e-15
2.478486934632734296e-15
2.665135605993764524e-15
2.866257438300452254e-15
3.083014097240297553e-15
3.316664031891270160e-15
3.568570856948004607e-15
3.840212490128330000e-15
4.133191115547871997e-15
4.449244050753773708e-15
4.790255602711660319e-15
5.158270006416691732e-15
5.555505549033561214e-15
5.984369992647974780e-15
6.447477419941539954e-15
6.947666639487792773e-15
7.488021301038410253e-15
8.071891886265309184e-15
8.702919757091913050e-15
9.385063462171251750e-15
1.012262752242397454e-14
1.092029393906168297e-14
1.178315669241994537e-14
1.271675952747405601e-14
1.372713735240978205e-14
1.482086161038791890e-14
1.600509002205336067e-14
1.728762113779456940e-14
1.867695418471898008e-14
2.018235474428556359e-14
2.181392685308790650e-14
2.358269218205678148e-14
2.550067701905691974e-14
2.758100785728250914e-14
2.983801647791367066e-14
3.228735551116491893e-14
3.494612556627451971e-14
3.783301513939099749e-14
4.096845464013126812e-14
4.437478602439152961e-14
4.807644968455444478e-14
5.210019043057126681e-14
5.647528459872111100e-14
6.123379055170121533e-14
6.641082508692311993e-14
7.204486855264816565e-14
7.817810178752357362e-14
8.485677835220439786e-14
9.213163591663893811e-14
1.000583511084499644e-13
1.086980426223929960e-13
1.181178279448023981e-13
1.283914396675579742e-13
1.395999080618816798e-13
1.518323173626925472e-13
1.651866440899928727e-13
1.797706867170918452e-13
1.957030971000637425e-13
2.131145253244521538e-13
2.321488910214255928e-13
2.529647957766711648e-13
2.757370930239806712e-13
3.006586338077802542e-13
3.279422090443661825e-13
3.578227114437687993e-13
3.905595431114804263e-13
4.264392980751307200e-13
4.657787526253359041e-13
5.089282004792554458e-13
5.562751744342391270e-13
6.082486014515959096e-13
6.653234440813893391e-13
7.280258879047167219e-13
7.969391423412879357e-13
8.727099308735481897e-13
9.560557566196928261e-13
1.047773040413500788e-12
1.148746241309822423e-12
1.259958083951426799e-12
1.382501033757629133e-12
1.517590179719260577e-12
1.666577706042521698e-12
1.830969158361967738e-12
2.012441738185766301e-12
2.212864891157540150e-12
2.434323491212110793e-12
2.679143964453866137e-12
2.949923744388442428e-12
3.249564504912335975e-12
3.581309680273940036e-12
3.948786853300685690e-12
4.356055675975083825e-12
4.807662081604571216e-12
5.308699657305523044e-12
5.864879171570710599e-12
6.482607396939762217e-12
7.169076535317586547e-12
7.932365746866432262e-12
8.781556506823953684e-12
9.726863772972079258e-12
1.077978524553677508e-11
1.195327134776495595e-11
1.326191895719483060e-11
1.472219238398189065e-11
1.635267563447138891e-11
1.817436062835398441e-11
2.021097677133684978e-11
2.248936814016083532e-11
2.503992553407529229e-11
2.789708181150230906e-11
3.109988029208452124e-11
3.469262759765157285e-11
3.872564417237867934e-11
4.325612791194393085e-11
4.834914890256917411e-11
5.407879629344351649e-11
6.052950188370751139e-11
6.779756919768404313e-11
7.599294176871636461e-11
8.524125019580487499e-11
9.568618444970500092e-11
1.074922460923122701e-10
1.208479447829221366e-10
1.359695149759417438e-10
1.531052424274008443e-10
1.725405064576703742e-10
1.946036633926837365e-10
2.196729198650664548e-10
2.481843724765975128e-10
2.806414236493814749e-10
3.176258234764799098e-10
3.598106354295798699e-10
4.079754816111931484e-10
4.630244929588961513e-10
5.260074740060165018e-10
5.981448936589128077e-10
6.808574368865408072e-10
7.758010020765232497e-10
8.849082110857334759e-10
1.010437721134388724e-09
1.155032898897074373e-09
1.321791748935837707e-09
1.514350395362232781e-09
1.736982915277871052e-09
1.994720937669502546e-09
2.293497180370078787e-09
2.640318036172749657e-09
3.043471482361579155e-09
3.512778033028644942e-09
4.059894253303463896e-09
4.698680601697524685e-09
5.445648179590688148e-09
6.320502497267138577e-09
7.346806809027437269e-09
8.552793177518877846e-09
9.972356525328713109e-09
1.164627594307995090e-08
1.362371899892145064e-08
1.596409945513152675e-08
1.873937758948902705e-08
2.203691648844487803e-08
2.596303887456698188e-08
3.064746944203061904e-08
3.624890022212342242e-08
4.296198509952822056e-08
5.102615951748142264e-08
6.073679977033948258e-08
7.245939276920341067e-08
8.664759500987461348e-08
1.038663368447175956e-07
1.248215001624924882e-07
1.503981990892032649e-07
1.817103730938579279e-07
2.201653285107464264e-07
2.675481351313761283e-07
3.261325377575999404e-07
3.988274775798452300e-07
4.893717233315435689e-07
6.025939084219977300e-07
7.447620777399245957e-07
9.240565880887226132e-07
1.151214262104644937e-06
1.440412163414843892e-06
1.810489453580832974e-06
2.286650490276501447e-06
2.902859450016076531e-06
3.705238743673376102e-06
4.756940401108991597e-06
6.145204293643308241e-06
7.991704257304026122e-06
1.046790562053282251e-05
1.381817559241448676e-05
1.839508426401664499e-05
2.471421938789861278e-05
3.354085871285916872e-05
4.602980163487572444e-05
6.395609875554934722e-05
9.010553963977713764e-05
1.289548147057617013e-04
1.878959960359167386e-04
2.795269430710638887e-04
4.261324917113046675e-04
6.689346205360876185e-04
1.088470596296620824e-03
1.853261912621548138e-03
3.348661054741589038e-03
6.567669710855770886e-03
1.454145475850967401e-02
3.922729147920353543e-02
1.510193652888700555e-01
6.919967810815343956e-01
3.353561728189523583e-01
1.444270839552554420e-01
9.235780869154808226e-02
7.404551899212155619e-02
6.860409085143798213e-02
7.071438823629931647e-02
7.966351373735718056e-02
9.746424932029526533e-02
1.296959725066808566e-01
1.890889653418211525e-01
3.040641491727690271e-01
5.249727549373618407e-01
8.101664956166026998e-01
7.746896455025547024e-01
4.948361426025473797e-01
3.010544041482573485e-01
1.976704886652596305e-01
1.411862148213787194e-01
1.082059086349428795e-01
8.777770452641497911e-02
7.457567021326713674e-02
6.584009776780901102e-02
6.005527929301197887e-02
5.635089929989600677e-02
5.421458477093257788e-02
5.334633731022764280e-02
5.358185795180457622e-02
5.485152047904756634e-02
5.715907782210732924e-02
6.057215083556542756e-02
6.522034468180480660e-02
7.129859047863765231e-02
7.907383865346473417e-02
8.889270111166719390e-02
1.011857910198420557e-01
1.164607725824097217e-01
1.352699462634302796e-01
1.581300704830018999e-01
1.853663482018705344e-01
2.168616983306736468e-01
2.517393759256789654e-01
2.881078666850401815e-01
3.231077209609353185e-01
3.534695049951771528e-01
3.764811617062074900e-01
3.908506307117041723e-01
3.969171818616528125e-01
3.961469313115525415e-01
3.903300957452325304e-01
3.809316923269722710e-01
3.687792474113286700e-01
3.540498470631054384e-01
3.364604213516317888e-01
3.155862365144315174e-01
2.912344851230685983e-01
2.637574039326052722e-01
2.341601812773230762e-01
2.039262562739440898e-01
1.746406093898016099e-01
1.476102300829602032e-01
1.236503950605918611e-01
1.030724257252939452e-01
8.580132832208629823e-02
7.152983210391761215e-02
5.984884360957141297e-02
5.033444893085037286e-02
4.259548851937296904e-02
3.629365878036234366e-02
3.114748687349174969e-02
2.692823461101114327e-02
2.345260224200758706e-02
2.057483279433275358e-02
1.817942884913817739e-02
1.617492916863459002e-02
1.448881101778751873e-02
1.306341639825950307e-02
1.185274346426297420e-02
1.081993998890054369e-02
9.935353215218141118e-03
9.175014562072149674e-03
8.519461535504995256e-03
7.952820098462314025e-03
7.462087965849998998e-03
7.036572992085148026e-03
6.667451503349684436e-03
6.347419660419447406e-03
6.070417239015073185e-03
5.831408020043381615e-03
5.626204642918748722e-03
5.451328565804527439e-03
5.303897908118485049e-03
5.181537583672882544e-03
5.082307389028205800e-03
5.004644682922449427e-03
4.947319048391895027e-03
4.909396921929205619e-03
4.890214643598622679e-03
4.889358758893849570e-03
4.906652710728523839e-03
4.942149316555405000e-03
4.996128645674751366e-03
5.069101107001099289e-03
5.161815737624813813e-03
5.275273855780822536e-03
5.410748415778732570e-03
5.569809583979113549e-03
5.754357250664824709e-03
5.966661409180191306e-03
6.209411577430541500e-03
6.485776713960547321e-03
6.799477396944735713e-03
7.154872393696683382e-03
7.557062152077203068e-03
8.012012189614042129e-03
8.526699828388096397e-03
9.109288195875850369e-03
9.769331831614542008e-03
1.051801851568635003e-02
1.136845191647387933e-02
1.233597909966204116e-02
1.343856547064269449e-02
1.469721676600601983e-02
1.613644242322904293e-02
1.778474583935564166e-02
1.967511304160101879e-02
2.184545004171160182e-02
2.433888822327787138e-02
2.720383428749956201e-02
3.049358566967635617e-02
3.426526666916745317e-02
3.857777503901030358e-02
4.348838676292068189e-02
4.904769070696875927e-02
5.529267909664942193e-02
6.223818104075973245e-02
6.986744949863260556e-02
7.812356221816851853e-02
8.690416146423461663e-02
9.606249930207420851e-02
1.054172191294214661e-01
1.147714438881844573e-01
1.239388571199667027e-01
1.327716744478175392e-01
1.411841881664379628e-01
1.491667941168391132e-01
1.567886134196668224e-01
1.641904443552612280e-01
1.715722205906978770e-01
1.791797175620195581e-01
1.872943029733511455e-01
1.962279556666609026e-01
2.063243598332272222e-01
2.179659908759485898e-01
2.315867394197418383e-01
2.476895492567926793e-01
2.668684566205434261e-01
2.898339105405077221e-01
3.174387331422796055e-01
3.506985362382152860e-01
3.907931036521201107e-01
4.390214286082781414e-01
4.966594481633915259e-01
5.646354560699664571e-01
6.429071052202806058e-01
7.294493830525230482e-01
8.189700239981236862e-01
9.020030217257114513e-01
9.657216887288458951e-01
9.976450671026074746e-01
9.911752788078390664e-01
9.490649034350076008e-01
8.817576678473029173e-01
8.021951376767828545e-01
7.212261771720863690e-01
6.457844801856633676e-01
5.792516671306220388e-01
5.226189390416471348e-01
4.755708146046802587e-01
4.372214878752256340e-01
4.065344471510482505e-01
3.825304542874476965e-01
3.643742074681881049e-01
3.513979514987758956e-01
3.430942062729359643e-01
3.390925489066155540e-01
3.391242863295214072e-01
3.429707188749817615e-01
3.503832759807353203e-01
3.609566160922284550e-01
3.739323216943434836e-01
3.879236433721470756e-01
4.006085775355849865e-01
4.085729074353524615e-01
4.076661933505050239e-01
3.942241241857232792e-01
3.669150394892757294e-01
3.279696728803315198e-01
2.825071440309142035e-01
2.363004489049109758e-01
1.937241723735372290e-01
1.570357714029711749e-01
1.267573954332899822e-01
1.024041221322198048e-01
8.308014962548068705e-02
6.782900372642707010e-02
5.579303474335150365e-02
4.626331616454480711e-02
3.867800909187087133e-02
3.260147279745014004e-02
2.769940732859313762e-02
2.371618345473964704e-02
2.045619983965920805e-02
1.776930055117675183e-02
1.553965920661629432e-02
1.367741473870214344e-02
1.211241238109193701e-02
1.078952479756395237e-02
9.665148155133597083e-03
8.704568702865435326e-03
7.879974289767645301e-03
7.168944787879542868e-03
6.553299459830993871e-03
6.018211614097552196e-03
5.551524465445772591e-03
5.143219307157217285e-03
4.784999652992099478e-03
4.469964198770707241e-03
4.192348211639897702e-03
3.947317946822950438e-03
3.730806397216943938e-03
3.539381446626166470e-03
3.370139572567517131e-03
3.220619810496078757e-03
3.088733879693173097e-03
2.972709278202499694e-03
2.871042850811102859e-03
2.782462872376797840e-03
2.705898107595538365e-03
2.640452636579406105e-03
2.585385495206983866e-03
2.540094386684115836e-03
2.504102888825681696e-03
2.477050720122780589e-03
2.458686744528306052e-03
2.448864496448898299e-03
2.447540099050195782e-03
2.454772535425646558e-03
2.470726317926338379e-03
2.495676690507570451e-03
2.530017597176241039e-03
2.574272762088547061e-03
2.629110360257687004e-03
2.695361920580416435e-03
2.774046305779749241e-03
2.866399871066925564e-03
2.973914233740750090e-03
3.098383515032322039e-03
3.241963477918144779e-03
3.407245727906889864e-03
3.597351133661844981e-03
3.816047952209928457e-03
4.067901937537762337e-03
4.358468152223587792e-03
4.694537545561781010e-03
5.084455973596083839e-03
5.538539739590762206e-03
6.069620679239472356e-03
6.693766384856201894e-03
7.431238911489719372e-03
8.307780457538972707e-03
9.356350199621317129e-03
1.061948700399816155e-02
1.215254379542111442e-02
1.402813763237834195e-02
1.634229100362293019e-02
1.922290428528878117e-02
2.284137535368636895e-02
2.742829088313476771e-02
3.329393263909657258e-02
4.085332136065968761e-02
5.065242607313375639e-02
6.338453396057944222e-02
7.986963803160064546e-02
1.009418598685603019e-01
1.271594248207219557e-01
1.582693184689855093e-01
1.925408786637210212e-01
2.264883038031886286e-01
2.557319918954739646e-01
2.769734559007112074e-01
2.896356238743887368e-01
2.957824176372228497e-01
2.987369930724965705e-01
3.017823824524205056e-01
3.076308545874047451e-01
3.185024201675140665e-01
3.364522508866925055e-01
3.637185403448337517e-01
4.029565378748402038e-01
4.571292621450506188e-01
5.284175951096516943e-01
6.147061676151779341e-01
7.020546511130285605e-01
7.574719297986256539e-01
7.418093823642585294e-01
6.499591311988555109e-01
5.217489456753359178e-01
4.000838405999256886e-01
3.035214671844530532e-01
2.326369863007734518e-01
1.819783835630061908e-01
1.458653724001353347e-01
1.199289982098362822e-01
1.011196357182351513e-01
8.737908442294470279e-02
7.733247384491212517e-02
7.006598714545662909e-02
6.498063329661575571e-02
6.170123056319384847e-02
6.002441565983833438e-02
5.989651851350732970e-02
6.141924700991005515e-02
6.488966474980770172e-02
7.089489954268529681e-02
8.051072443596891948e-02
9.572038498140282570e-02
1.203399742619212093e-01
1.621773099609866431e-01
2.381275844666580210e-01
3.831568431676294351e-01
6.246363015767613103e-01
7.341542477329784377e-01
4.882095010604486363e-01
2.662531830144453937e-01
1.539185779399395992e-01
9.828319791186315713e-02
6.867644217779790561e-02
5.185947915336254488e-02
4.197898740126332351e-02
3.631973452690832882e-02
3.366694891053684940e-02
3.373836218767390510e-02
3.725859113415541657e-02
4.711792968372292834e-02
7.412029751534161826e-02
1.780946987671455650e-01
6.628284519832886579e-01
1.260307712078072850e-01
2.801832843720570426e-02
9.885440025009234813e-03
4.380408502156450667e-03
2.216661917570915928e-03
1.223983813212416996e-03
7.191646923882009197e-04
4.427898044202216422e-04
2.828216391968115234e-04
1.860984075156142908e-04
1.255145172265666078e-04
8.644168352174677909e-05
6.061280075076645014e-05
4.317366340861331699e-05
3.118055063486236208e-05
2.279828055274098577e-05
1.685499633215886719e-05
1.258650817823631067e-05
9.485111735841074009e-06
7.207853873164790174e-06
5.519584886407458501e-06
4.256878201134521403e-06
3.304748691507155483e-06
2.581378859931795152e-06
2.027946582425688570e-06
1.601756654963687334e-06
1.271544207324273624e-06
1.014225644097053483e-06
8.126266542508737719e-07
6.538775110047955300e-07
5.282690837918890514e-07
4.284301741735080038e-07
3.487310885894902000e-07
2.848479155849059691e-07
2.334419097074249712e-07
1.919219688374522165e-07
1.582675386608130084e-07
1.308957677529239983e-07
1.085612813366157260e-07
9.028014998182500222e-08
7.527191164656462273e-08
6.291514060535226194e-08
5.271323645486638000e-08
4.426796298174820803e-08
3.725889256395038215e-08
3.142737180507551754e-08
2.656396413773360948e-08
2.249857783515352456e-08
1.909267664267862900e-08
1.623311195555624393e-08
1.382722236303313804e-08
1.179892737535683404e-08
1.008560379305629146e-08
8.635580289218887477e-09
7.406121927226337443e-09
6.361804186569839107e-09
5.473197605222386331e-09
4.715800860775700092e-09
4.069173129497832718e-09
3.516226734726326466e-09
3.042649071353036106e-09
2.636429065945673031e-09
2.287468380911965366e-09
1.987261487127292971e-09
1.728631837131027219e-09
1.505513844116459406e-09
1.312772345433227377e-09
1.146052808279626343e-09
1.001656801810696134e-09
8.764382783739168898e-10
7.677170275796130895e-10
6.732063302800961593e-10
5.909523767628997742e-10
5.192834495205945031e-10
4.567672256678184359e-10
4.021748432241506462e-10
3.544506116775510054e-10
3.126864405726658702e-10
2.761002184248128901e-10
2.440175045485826228e-10
2.158560036504661066e-10
1.911123815010660238e-10
1.693510530974736927e-10
1.501946352277293050e-10
1.333158055125533029e-10
1.184303516607122210e-10
1.052912293318997432e-10
9.368347587803194392e-11
8.341985133270065586e-11
7.433709816076134079e-11
6.629272814048122974e-11
5.916225888519544548e-11
5.283683437762617005e-11
4.722117386624524261e-11
4.223180187197465125e-11
3.779551913407758868e-11
3.384808030136390276e-11
3.033304922723034251e-11
2.720080700326971993e-11
2.440769149003078839e-11
2.191525017827016732e-11
1.968959082618218083e-11
1.770081653979635771e-11
1.592253385563244304e-11
1.433142399761018496e-11
1.290686885680311712e-11
1.163062441888439898e-11
1.048653537024864712e-11
9.460285475372413518e-12
8.539179056542878918e-12
7.711949540845704660e-12
6.968591583721705134e-12
6.300213746511885192e-12
5.698909108331065744e-12
5.157641539751362578e-12
4.670145665141562277e-12
4.230838798932145259e-12
3.834743364349619267e-12
3.477418496257320225e-12
3.154899696880319465e-12
2.863645557992827828e-12
2.600490688711862766e-12
2.362604097011546690e-12
2.147452367728347991e-12
1.952767062116695378e-12
1.776515835608692331e-12
1.616876832777846072e-12
1.472215972837019290e-12
1.341066786387367581e-12
1.222112505497138579e-12
1.114170145318062588e-12
1.016176347033005461e-12
9.271747795595002211e-13
8.463049216255726856e-13
7.727920670297148071e-13
7.059384144793878835e-13
6.451151197079498612e-13
5.897552018851834498e-13
5.393472089147958888e-13
4.934295572714999949e-13
4.515854717596045772e-13
4.134384591417824469e-13
3.786482571327783783e-13
3.469072069061047135e-13
3.179370031300580933e-13
2.914857807295683832e-13
2.673255021458276884e-13
2.452496129089281444e-13
2.250709369148219760e-13
2.066197859618724291e-13
1.897422609037408173e-13
1.742987242573279439e-13
1.601624263043183550e-13
1.472182686762928891e-13
1.353616911449426224e-13
1.244976688765218204e-13
1.145398087758465369e-13
1.054095347593851089e-13
9.703535287716499759e-14
8.935218816429644223e-14
8.230078595871532178e-14
7.582717118413799678e-14
6.988215977666338382e-14
6.442091703946165975e-14
5.940255825059824977e-14
5.478978733164991649e-14
5.054856981583269251e-14
4.664783673945894566e-14
4.305921642490304253e-14
3.975679143119315944e-14
3.671687822393375656e-14
3.391782736300400328e-14
3.133984222743575443e-14
2.896481449493193923e-14
2.677617477100625808e-14
2.475875692196408042e-14
2.289867480884535625e-14
2.118321024770762275e-14
1.960071113685207377e-14
1.814049879510016152e-14
1.679278364828074632e-14
1.554858848477432737e-14
1.439967857623410581e-14
1.333849802737264399e-14
1.235811177970851238e-14
1.145215274912652117e-14
1.061477362663668409e-14
9.840602916358286018e-15
9.124704825031140347e-15
8.462542653683634083e-15
7.849945374878810979e-15
7.283077108574665346e-15
6.758409236373979790e-15
6.272694918114227685e-15
5.822945796592003795e-15
5.406410695974474451e-15
5.020556137326127150e-15
4.663048510850370149e-15
4.331737759092917310e-15
4.024642438613012343e-15
3.739936039643543446e-15
3.475934454151167569e-15
3.231084492576728177e-15
3.003953358491065301e-15
2.793218998522238935e-15
2.597661252281029826e-15
2.416153733704894061e-15
2.247656381315577991e-15
2.091208620408439998e-15
1.945923085207210992e-15
1.810979853578883765e-15
1.685621151051502436e-15
1.569146484648855045e-15
1.460908170489869648e-15
1.360307222224424969e-15
1.266789570222046694e-15
1.179842584021613079e-15
1.098991872909908884e-15
1.023798341648973201e-15
9.538554803328151973e-16
8.887868691425405035e-16
8.282438804005162344e-16
7.719035618120739753e-16
7.194666861423067199e-16
6.706559538153849082e-16
6.252143360565047114e-16
5.829035472314733431e-16
5.435026359839245875e-16
5.068066856347074765e-16
4.726256150975898357e-16
4.407830722882492469e-16
4.111154126641913891e-16
3.834707561380061165e-16
3.577081161599955486e-16
3.336965952726926002e-16
3.113146419040360239e-16
2.904493635908830896e-16
2.709958922139680739e-16
2.528567971824555457e-16
2.359415428332204299e-16
2.201659866101697492e-16
2.054519148639567371e-16
1.917266133648938140e-16
1.789224698535443544e-16
1.669766061659987365e-16
1.558305376661165168e-16
1.454298578962016963e-16
1.357239465222216437e-16
1.266656988009921718e-16
1.182112749356887499e-16
1.103198678138743535e-16
1.029534877396828035e-16
9.607676287980703370e-17
8.965675424237144546e-17
8.366278409911553782e-17
7.806627684551678888e-17
7.284061137087701324e-17
6.796098408170110293e-17
6.340428178737632384e-17
5.914896371758962400e-17
5.517495199667432560e-17
5.146352995138519068e-17
4.799724767591941444e-17
4.475983432164075623e-17
4.173611661914891302e-17
3.891194317745786516e-17
3.627411413924689773e-17
3.381031580271491730e-17
3.150905984971628066e-17
2.935962684672484964e-17
2.735201371001808991e-17
2.547688484938395217e-17
2.372552672582459437e-17
2.208980557829956372e-17
2.056212809260419790e-17
1.913540480219353761e-17
1.780301602618707421e-17
1.655878016405978359e-17
1.539692417972543656e-17
1.431205611991065033e-17
1.329913952301502649e-17
1.235346958508893159e-17
1.147065095922496559e-17
1.064657707360690594e-17
9.877410861731701045e-18
9.159566805992306114e-18
8.489694202902765731e-18
7.864661564822003039e-18
7.281542079125653512e-18
6.737600051412961285e-18
6.230278264569676315e-18
5.757186190351256254e-18
5.316088994642810681e-18
4.904897281721003137e-18
4.521657526701066873e-18
4.164543148938705627e-18
3.831846182477131163e-18
3.521969502713268287e-18
3.233419571319588422e-18
2.964799664110514389e-18
2.714803549009964186e-18
2.482209583562623363e-18
2.265875203556860142e-18
2.064731776301038757e-18
1.877779793926062439e-18
1.704084383791183187e-18
1.542771114650674771e-18
1.393022078709210487e-18
1.254072231060428040e-18
1.125205969271994148e-18
1.005753937062186171e-18
1.000000000000000072e-18
1.000000000000000072e-18
1.000000000000000072e-18
1.000000000000000072e-18
1.000000000000000072e-18
1.000000000000000072e-18
1.000000000000000072e-18
1.000000000000000072e-18
1.000000000000000072e-18
1.000000000000000072e-18
1.000000000000000072e-18
1.000000000000000072e-18
1.000000000000000072e-18
1.000000000000000072e-18
1.000000000000000072e-18
6.640529653004021426e-01
4.145754282911333632e-01
5.684303732606332815e-01
4.577160731549225758e-01
2.574612371923640786e-01
4.343121687831481559e-01
6.366833720121819473e-01
4.703423038042240378e-01
3.912376091387571586e-01
6.415910112852551972e-01
3.758683692671578869e-01
2.948690735739420421e-01
4.032627941681857786e-01
6.375488760871357297e-01
3.931649777054015416e-01
5.639400459367233109e-01
3.405332802390571012e-01
2.392656924976302169e-01
4.840722438899212610e-01
3.804192943463895471e-01
6.475278250690535975e-01
2.271159272752182323e-01
3.648710084516362806e-01
2.958374677285297571e-01
1.710971530206823465e-01
1.749793227945571905e-01
2.278102054410700017e-01
3.621604922774512292e-01
6.194486762738010688e-01
5.627022057335601124e-01
2.083937544836030886e-01
2.503369126639193309e-01
4.848888429093365371e-01
4.998401519694322670e-01
3.327603734072623332e-01
6.632462862999057851e-01
5.729322191100456596e-01
3.842478243457136955e-01
2.859053726249412564e-01
5.261170484258393953e-01
7.067163610831892484e-01
7.252687527732311068e-01
4.059864106762610114e-01
2.532973189657967139e-01
4.131861917301270504e-01
5.683261047351515494e-01
4.085763043071700129e-01
6.374029135319453365e-01
6.388634665474830499e-01
4.437583885669445505e-01
3.325187146349093958e-01
3.871735641694461494e-01
5.694157059371530716e-01
7.225593237776355426e-01
5.773575293858477231e-01
7.198227770443907936e-01
4.550440717061618456e-01
6.336055282593189286e-01
6.802297620826793789e-01
7.244891170151852577e-01
5.973933562929106822e-01
6.635292917055654049e-01
2.335546272507778021e-01
5.315045079013843710e-01
2.401700569924421491e-01
5.628462276283248134e-01
7.216764409895062293e-01
5.285839396670244383e-01
6.101278353925848608e-01
5.729698098962612285e-01
6.410751412217311485e-01
6.189971952470345595e-01
3.349816900726888536e-01
7.066831927088463861e-01
6.909523318805611547e-01
6.752879461042953224e-01
2.596324776888009334e-01
6.911968424722912951e-01
3.415068588926912230e-01
6.640948965347199806e-01
8.281700868418239159e-01
8.477699421070716834e-01
8.078057682716336396e-01
7.350989323254250030e-01
8.512488760720990921e-01
7.524210858368181043e-01
7.376907100319805011e-01
8.419620072953073464e-01
8.519214300027386777e-01
8.090812442695798357e-01
7.829777665310490020e-01
8.475761027006217807e-01
8.042649322546280288e-01
7.983733229575640244e-01
8.204591996623359362e-01
8.163432037542965869e-01
8.346036519076744931e-01
6.857382444825496082e-01
8.263128122554452837e-01
8.345041345356447593e-01
7.811736437891426688e-01
8.357124842922123431e-01
7.562400423402915184e-01
8.465411044820582154e-01
8.310644353815884733e-01
8.469640924651929970e-01
8.426656201544169278e-01
8.503769147037048004e-01
8.179155055113853656e-01
7.835650032781464880e-01
7.410690733641907002e-01
7.767923267142404775e-01
8.508692612339541217e-01
8.536397787566496476e-01
7.395864948340523659e-01
7.593107011511783799e-01
8.517234463483795981e-01
7.108427277863971216e-01
8.536044702312295396e-01
8.361579430525138967e-01
6.894021957155450631e-01
7.448108522482698168e-01
7.451467886562981313e-01
7.051991855407091503e-01
7.169553432923048142e-01
6.184865361411844287e-01
7.459189665706702499e-01
7.316713054885584100e-01
6.633714581519587483e-01
7.448081841883409382e-01
7.387519936493720518e-01
7.329207129645159968e-01
7.291884852924381821e-01
6.311349474050029773e-01
6.593048006048269905e-01
7.367801959639568299e-01
6.909291848534937497e-01
7.462611575360098559e-01
6.136970013121276768e-01
6.580036191336784412e-01
7.342203225758142660e-01
6.180621137514674679e-01
6.872905839165298625e-01
7.399297572688260383e-01
6.839624718722853158e-01
6.711379100890827454e-01
7.449809925229928798e-01
6.680124292897899885e-01
6.125284093696292675e-01
6.556988956025685544e-01
6.690693690106399583e-01
6.971487537284208891e-01
7.427590703272357597e-01
6.455072532034737964e-01
6.510483741450014961e-01
7.432237950827682571e-01
6.892747567286224841e-01
7.259813798324437073e-01
6.647841555449091056e-01
7.253581907295610920e-01
7.415535689572699818e-01
7.612392742890269348e-01
6.759827925981390928e-01
7.067034292735234757e-01
6.889988296272337998e-01
7.615092830637749666e-01
7.154199579510143181e-01
7.269053687704929434e-01
6.936668406694855848e-01
7.515787790807930691e-01
7.353198735719120860e-01
7.606704829026155190e-01
7.605140748186618449e-01
7.607520446076500020e-01
7.600486162867787776e-01
7.255801987907000150e-01
7.447437043907394472e-01
7.593813554721466907e-01
7.232808032800140952e-01
7.592258350858673843e-01
7.126471336109881927e-01
7.095345224800396755e-01
7.043114366840572682e-01
7.273157385969915012e-01
7.611439593990247943e-01
7.599964286643619005e-01
7.441608287337621030e-01
7.612148972525644153e-01
7.003277188631010786e-01
7.323961637234590594e-01
7.560984713630137799e-01
6.986463900247790182e-01
7.614955809507684137e-01
7.472155772173104671e-01
6.938899122498616290e-01
7.260706601743138755e-01
6.998326321065084787e-01
7.612060048262739853e-01
7.256900853190119127e-01
7.605422677869503323e-01
2.671337569482243879e-01
2.792271915462187226e-01
2.903081421815847940e-01
2.743966587882702424e-01
2.884243636454575377e-01
3.097903835621169666e-01
2.890847450859061474e-01
3.108494140126864536e-01
3.150883886147976543e-01
2.894026501871714840e-01
2.811918818438599588e-01
2.829943518314037010e-01
3.049642830780215363e-01
3.105194284769771107e-01
3.189330697386477675e-01
2.911438976541775858e-01
2.961690035581410751e-01
2.976153967330247285e-01
2.959017031460133840e-01
2.898151803171708507e-01
3.215401160557548876e-01
3.049258306160463339e-01
2.804367061461415789e-01
3.233101763306443499e-01
2.773023532532279956e-01
2.844224409954348998e-01
2.877116312903305606e-01
3.240370915837522126e-01
3.160914624732333311e-01
2.847240400201632160e-01
3.128758797762007382e-01
2.851731933228490723e-01
3.176544323542472847e-01
2.871404071772585276e-01
3.189604945927725366e-01
2.702128590457323343e-01
2.743796675615777225e-01
3.229079717409864547e-01
2.674978995355814515e-01
2.957126216249830741e-01
1.645366589974861515e-01
1.818040806144695654e-01
2.030828493873179930e-01
2.077991764869963898e-01
2.117534618797782264e-01
1.679551231148812274e-01
1.830842767823001038e-01
1.941971678385520650e-01
1.630273911448507085e-01
2.088169003740900920e-01
2.151425445421251137e-01
2.020076075398477555e-01
2.176679894111450964e-01
2.040868385648469119e-01
1.881738547027551889e-01
1.946530610213532408e-01
2.047490861762102654e-01
1.801800692801824033e-01
1.798187195479316602e-01
1.903249126946740533e-01
1.634495715128377602e-01
2.111041514040386535e-01
1.682844929743428919e-01
1.925247512204661116e-01
1.800963530660720513e-01
1.665244371909173349e-01
2.039921874234002508e-01
1.740174549737183163e-01
1.873900476398686898e-01
1.684943157529349977e-01
1.640208647673682130e-01
1.870533836084556645e-01
2.015586051945972568e-01
1.884625767666120444e-01
1.681597844054038560e-01
2.160012096970191364e-01
1.949133598334199524e-01
2.180325058313251907e-01
2.019005898128108101e-01
1.677456800480113253e-01
1.246381886677586925e-01
1.107304463109369530e-01
1.037687040021918056e-01
1.332013167594489900e-01
1.217654929922968449e-01
1.332466675247834520e-01
1.313237367603790062e-01
1.306950624868871702e-01
1.288140181099344805e-01
1.058262867326244805e-01
1.157093430903243236e-01
1.148223585306818728e-01
1.150904138170124741e-01
1.297113999116431549e-01
1.081396352960311835e-01
1.291050412385489066e-01
1.303048107358608099e-01
1.180512871972084071e-01
1.089378606826279239e-01
1.347594093271752003e-01
1.249075676648513933e-01
1.098584179159351748e-01
1.243612649368848744e-01
1.036703036003686074e-01
1.278582725869663594e-01
1.002537183130892545e-01
1.003854861737583370e-01
1.031518227879411886e-01
1.278237316626040510e-01
1.079578077045847545e-01
1.072431231454071543e-01
1.237917143908151552e-01
1.220610293879684366e-01
1.039542020420361479e-01
1.345525417807317825e-01
1.341043346799870306e-01
1.058284978711679092e-01
1.030260098751845099e-01
1.174397563997181954e-01
1.032775098856312523e-01
1.063749719044186776e-01
1.038511916167429161e-01
1.016659554138993615e-01
1.054591745483182130e-01
1.089003381487982924e-01
1.101330690096362641e-01
1.120310724981377903e-01
1.060724585863183633e-01
1.069585745229226642e-01
1.094543553029186239e-01
1.150322252986634153e-01
1.110443435130348822e-01
1.105726674226394368e-01
1.134366946567944845e-01
1.010242329552709928e-01
1.142396240800808982e-01
1.074408408598876291e-01
1.142983486292549339e-01
1.085916566310753950e-01
1.042964774720706589e-01
1.034267246121264167e-01
1.108106124422913175e-01
1.146882470773210871e-01
1.096716258908957964e-01
1.114177771930715821e-01
1.144332655842349167e-01
1.069589364868027415e-01
1.013240484327798813e-01
1.111852811511039735e-01
1.091960566296784757e-01
1.069621589606330747e-01
1.066244229927542225e-01
1.118764058219277324e-01
1.078094567329307696e-01
1.138507444152718900e-01
1.031852291762222207e-01
1.126123402924065903e-01
1.097020238579694135e-01
1.033120737047630439e-01
1.026901551944483099e-01
3.539513231642322233e-01
3.388798282199627643e-01
3.301294712566202882e-01
3.201804189797985978e-01
3.522097426622823324e-01
3.586202267047512993e-01
3.327483527325523771e-01
3.049948144177662135e-01
3.519575861648738258e-01
3.671694475954744297e-01
3.032393263146386797e-01
3.334749095247018236e-01
3.665480867075234794e-01
3.687335482999201663e-01
3.509353145418097619e-01
3.200187627099853049e-01
3.642726776606799999e-01
3.138363670318998211e-01
3.119992667818377030e-01
3.499269005022448975e-01
3.385943688237617599e-01
3.099982054470064585e-01
3.681088710789076623e-01
3.031657874784949858e-01
3.598710543366615555e-01
3.483888003333587280e-01
3.192498570499783250e-01
3.619609743573403149e-01
3.565683031639491074e-01
3.255069151580607389e-01
3.411075753017501211e-01
3.524740741665099986e-01
3.335263336042443849e-01
3.393992425869684637e-01
3.510982371330202412e-01
3.239011142387563380e-01
3.616159248675736571e-01
3.075845822869077706e-01
3.568660931352539700e-01
3.497876525593396346e-01
9.943683187450450545e-01
9.996168275252135249e-01
9.978843521432408936e-01
9.859110833216284675e-01
9.574810332841089400e-01
9.698841654686750635e-01
9.929692788498756251e-01
9.910338162028035081e-01
9.876450734457230540e-01
9.523061963990461232e-01
9.998179509187515857e-01
9.981792303653787002e-01
9.978479911136648450e-01
9.740669554577109368e-01
9.648723119352167199e-01
9.858454688200853910e-01
9.886901018256338824e-01
9.576233749771531079e-01
9.975610435153670075e-01
9.760516252928881364e-01
9.994555875812970447e-01
9.971660675791963468e-01
9.969448777909053483e-01
9.647646235680337190e-01
9.861406642278764956e-01
9.988470027578395527e-01
9.572907947015940611e-01
9.910147238695714567e-01
9.950798199490382689e-01
9.996780506418105894e-01
9.997505798758851148e-01
9.871458044467550375e-01
9.799788157663371635e-01
9.970482079074320936e-01
9.973704895338921794e-01
9.720913981150098859e-01
9.993286517663608759e-01
9.885285609788381223e-01
9.972838538355116578e-01
9.984898622609854613e-01
6.642324184336616533e-01
7.185408648876645543e-01
8.527130123348850566e-01
7.458757085297870182e-01
7.443182997571156090e-01
2.952968638769006282e-01
1.907175457861930434e-01
1.160934230379795928e-01
1.078942372737459326e-01
3.391169379649514593e-01
1.000000000000000072e-18
