1.000000000000000072e-18
3.473789349736510575e-12
7.084471303683258307e-12
1.083675162211191300e-11
1.473549846946618664e-11
1.878574826453972541e-11
2.299271175355301162e-11
2.736178031515383243e-11
3.189853250675378472e-11
3.660874086202710782e-11
4.149837894981152089e-11
4.657362870511160600e-11
5.184088804335698938e-11
5.730677876956010445e-11
6.297815479453185121e-11
6.886211067083755575e-11
7.496599046174582696e-11
8.129739695699863740e-11
8.786420124984434250e-11
9.467455269042359016e-11
1.017368892312561728e-10
1.090599481812946402e-10
1.166527773857361361e-10
1.245247468495596607e-10
1.326855608235680874e-10
1.411452703725473831e-10
1.499142864460674672e-10
1.590033934733555604e-10
1.684237635046633887e-10
1.781869709225722727e-10
1.883050077477365195e-10
1.987902995647238983e-10
2.096557220947534894e-10
2.209146184434007902e-10
2.325808170526201508e-10
2.446686503878133707e-10
2.571929743920781209e-10
2.701691887413138163e-10
2.836132579353977341e-10
2.975417332623243300e-10
3.119717756739366735e-10
3.269211796136888468e-10
3.424083978388332953e-10
3.584525672813920350e-10
3.750735359944402632e-10
3.922918912324216571e-10
4.101289887165592876e-10
4.286069831389118559e-10
4.477488599611760382e-10
4.675784685670792235e-10
4.881205568300590989e-10
5.094008071609277561e-10
5.314458741034167507e-10
5.542834235487829893e-10
5.779421736442005618e-10
6.024519374733359573e-10
6.278436675914069999e-10
6.541495025010767482e-10
6.814028151599121816e-10
7.096382636146061330e-10
7.388918438619880413e-10
7.692009450418776340e-10
8.006044070721260888e-10
8.331425808418295624e-10
8.668573910845603399e-10
9.017924020597083510e-10
9.379928861765878180e-10
9.755058957028504959e-10
1.014380337706144028e-09
1.054667052385543939e-09
1.096418894957491564e-09
1.139690821269605146e-09
1.184539977324626004e-09
1.231025792906577532e-09
1.279210079511122936e-09
1.329157132792889130e-09
1.380933839753837099e-09
1.434609790908585697e-09
1.490257397675346179e-09
1.547952015254352244e-09
1.607772071269811824e-09
1.669799200466374476e-09
1.734118385766754186e-09
1.800818106014018511e-09
1.869990490739615669e-09
1.941731482316926330e-09
2.016141005880024072e-09
2.093323147408156250e-09
2.173386340398890800e-09
2.256443561576231797e-09
2.342612536105066005e-09
2.432015952809763791e-09
2.524781689922699065e-09
2.621043051918393574e-09
2.720939018020337687e-09
2.824614503001120881e-09
2.932220630932126824e-09
3.043915022576451419e-09
3.159862097159139726e-09
3.280233389291095833e-09
3.405207881868238840e-09
3.534972355815559646e-09
3.669721757596617634e-09
3.809659585463379100e-09
3.954998295478863176e-09
4.105959728406409658e-09
4.262775558624770985e-09
4.425687766297213296e-09
4.594949134097522493e-09
4.770823769873628221e-09
4.953587656713967912e-09
5.143529231970859970e-09
5.340949996889974033e-09
5.546165158597012383e-09
5.759504306300336879e-09
5.981312123683671666e-09
6.211949139586393288e-09
6.451792519199638409e-09
6.701236898147142886e-09
6.960695261968986549e-09
7.230599873686450208e-09
7.511403252296809800e-09
7.803579205229496843e-09
8.107623917989977020e-09
8.424057104426737977e-09
8.753423221279318801e-09
9.096292750904944560e-09
9.453263556335885008e-09
9.824962313095120952e-09
1.021204602248885759e-08
1.061520361141085545e-08
1.103515762402892661e-08
1.147266601108497027e-08
1.192852402292901739e-08
1.240356621282038508e-08
1.289866855747818716e-08
1.341475070234038144e-08
1.395277833950566107e-08
1.451376572688615078e-08
1.509877835769134013e-08
1.570893579000509853e-08
1.634541464690310108e-08
1.700945179829929886e-08
1.770234773650625839e-08
1.842547015835109109e-08
1.918025776761580273e-08
1.996822431256432515e-08
2.079096287439522677e-08
2.165015042361770413e-08
2.254755266259906086e-08
2.348502917388425791e-08
2.446453889534615742e-08
2.548814594480260157e-08
2.655802581844271001e-08
2.767647198924652040e-08
2.884590293358143465e-08
3.006886961631754800e-08
3.134806346714497759e-08
3.268632488331505071e-08
3.408665229677355169e-08
3.555221184664274043e-08
3.708634770124304601e-08
3.869259307736357598e-08
4.037468200831023406e-08
4.213656191641149466e-08
4.398240705018080969e-08
4.591663285124615727e-08
4.794391132150855763e-08
5.006918746682197266e-08
5.229769689983627169e-08
5.463498469157767276e-08
5.708692556890094350e-08
5.965974556320216685e-08
6.236004522480202970e-08
6.519482452727170252e-08
6.817150959675669671e-08
7.129798141316482259e-08
7.458260664301394495e-08
7.803427077790894013e-08
8.166241376816495142e-08
8.547706835814746051e-08
8.948890134864286360e-08
9.370925803215741236e-08
9.815021006968904962e-08
1.028246071024382982e-07
1.077461324193714317e-07
1.129293630318036899e-07
1.183898345395396421e-07
1.241441112099443245e-07
1.302098617320177030e-07
1.366059411525426368e-07
1.433524795511605694e-07
1.504709780663869194e-07
1.579844129456834660e-07
1.659173483605332554e-07
1.742960588027429045e-07
1.831486619618840592e-07
1.925052630768742917e-07
2.023981118583355060e-07
2.128617731938955967e-07
2.239333129774570864e-07
2.356525005473709136e-07
2.480620293793330785e-07
2.612077578598214614e-07
2.751389721675728597e-07
2.899086735167195162e-07
3.055738922691081236e-07
3.221960317086717187e-07
3.398412445918217785e-07
3.585808459495531236e-07
3.784917660250090152e-07
3.996570476910186915e-07
4.221663932132247877e-07
4.461167658143857480e-07
4.716130521643334767e-07
4.987687926795451761e-07
5.277069873795761970e-07
5.585609860307079852e-07
5.914754724278942962e-07
6.266075539459914242e-07
6.641279689550859154e-07
7.042224263714332660e-07
7.470930935394370070e-07
7.929602508511570266e-07
8.420641340553174704e-07
8.946669881435566093e-07
9.510553600934476898e-07
1.011542661674098289e-06
1.076472038073544256e-06
1.146219583398448030e-06
1.221197950257918599e-06
1.301860407832485613e-06
1.388705411236015965e-06
1.482281754831013720e-06
1.583194393730795494e-06
1.692111031348852171e-06
1.809769586939270196e-06
1.936986676103419118e-06
2.074667259816604710e-06
2.223815644386159983e-06
2.385548046791142619e-06
2.561106978181495905e-06
2.751877744303653706e-06
2.959407416971940024e-06
3.185426697540272970e-06
3.431875174298072654e-06
3.700930574144748353e-06
3.995042728983870975e-06
4.316973124332178204e-06
4.669841078413492572e-06
5.057177823133425652e-06
5.482990034887938619e-06
5.951834707443239776e-06
6.468907689686141007e-06
7.040148752073602477e-06
7.672366728846987229e-06
8.373389150409671700e-06
9.152241887321692338e-06
1.001936574851368991e-05
1.098687881165725279e-05
1.206889564886479360e-05
1.328191773141647244e-05
1.464531340829783852e-05
1.618191130944315691e-05
1.791873832225016351e-05
1.988794313122192481e-05
2.212795969793707293e-05
2.468498343816578832e-05
2.761485833435354766e-05
3.098550891775754063e-05
3.488010161564258845e-05
3.940119242355669371e-05
4.467622303191206846e-05
5.086488222970637598e-05
5.816908022779445134e-05
6.684663325504366167e-05
7.723029432252470324e-05
8.975460985491138448e-05
1.049944283114433104e-04
1.237210764159543783e-04
1.469858476626288940e-04
1.762465718330163424e-04
2.135635136860463378e-04
2.619088296620168633e-04
3.256637733851847397e-04
4.114211734467844179e-04
5.292317937514129204e-04
6.941377958813120790e-04
9.253832940056930549e-04
1.244239614091794191e-03
2.031576041851601393e-03
3.448561592554121816e-03
5.911327396594286999e-03
1.040544839737162289e-02
1.527323844141790024e-02
1.310884816364757052e-02
1.003512916851146373e-02
6.112657769785159734e-03
3.972887558440533866e-03
2.774440085271101357e-03
2.055240240691251930e-03
1.594603245006987130e-03
1.283103932467708581e-03
1.062932314540625907e-03
9.016014733006840485e-04
7.798333112068856323e-04
6.856399049148962027e-04
6.112620583649558837e-04
5.515019053254639324e-04
5.027723879944098924e-04
4.625332324260334415e-04
4.289442484686768449e-04
4.006454745435015369e-04
3.766138530826661744e-04
3.560674655908192669e-04
3.384001163504686874e-04
3.231357487676380638e-04
3.098961039367593615e-04
2.983773951284539967e-04
2.883332306932679203e-04
2.795619382079322446e-04
2.718970352258047517e-04
2.651999806618458161e-04
2.593546002016153479e-04
2.542627549582535725e-04
2.498409435677662179e-04
2.460176122674504568e-04
2.427310070703611871e-04
2.399274447119995339e-04
2.375599098016856290e-04
2.355869080813250370e-04
2.339715222931657479e-04
2.326806295586142804e-04
2.316842485392267559e-04
2.309549918068846519e-04
2.304676043685813182e-04
2.301985735800283160e-04
2.301257990332803468e-04
2.302283136290999503e-04
2.304860491020271473e-04
2.308796408730753077e-04
2.313902683508267406e-04
2.319995277533021998e-04
2.326893352299479482e-04
2.334418585615508502e-04
2.342394760321314835e-04
2.350647612204592772e-04
2.359004924658105774e-04
2.367296856378745494e-04
2.375356486005564640e-04
2.383020554230004680e-04
2.390130379816866402e-04
2.396532921428394243e-04
2.402081952467855646e-04
2.406639311709277281e-04
2.410076188629950889e-04
2.412274399479471859e-04
2.413127608538155079e-04
2.412542449011182018e-04
2.410439499754618770e-04
2.406754077604488147e-04
2.401436810418696355e-04
2.394453962850046438e-04
2.385787495024411543e-04
2.375434843272523477e-04
2.363408421349605382e-04
2.349734849626194618e-04
2.334453927997071337e-04
2.317617375221737097e-04
2.299287362636958287e-04
2.279534873315216853e-04
2.258437918524531141e-04
2.236079641600712150e-04
2.212546334953242790e-04
2.187925388779983916e-04
2.162303179988923907e-04
2.135762896484531880e-04
2.108382274748677755e-04
2.080231206428165616e-04
2.051369140575728999e-04
2.021842169238555068e-04
1.991679630345950076e-04
1.960889985427394580e-04
1.929455617825707157e-04
1.897326028828250348e-04
1.864408649643278749e-04
1.830556077109057151e-04
1.795547877418636918e-04
1.759064001706451077e-04
1.720644985962032085e-04
1.679630841102784254e-04
1.635064683239035590e-04
1.585536383919507913e-04
1.528921282309409337e-04
1.461930635182910241e-04
1.379319674408079023e-04
1.272486586162050294e-04
1.127140560165060821e-04
9.206122020769342748e-05
6.267030055070405632e-05
2.712352232713713019e-05
1.057526088031604045e-05
4.419214827510210288e-05
9.512359655415545691e-05
1.286665711021508856e-04
1.459552836717135005e-04
1.543854799357203091e-04
1.584031488168199183e-04
1.602001949822203289e-04
1.608498682092816400e-04
1.608979396898887690e-04
1.606349940032188129e-04
1.602226502220219619e-04
1.597543474753361178e-04
1.592859584859368093e-04
1.588518942845684907e-04
1.584739220425083290e-04
1.581661696675910965e-04
1.579380586736348166e-04
1.577960728739014713e-04
1.577448528776555974e-04
1.577878895453443389e-04
1.579279731621016647e-04
1.581674906832475521e-04
1.585086267727746259e-04
1.589535029929390827e-04
1.595042767593136100e-04
1.601632139157003435e-04
1.609327439694807442e-04
1.618155039916153093e-04
1.628143752418270620e-04
1.639325153195058326e-04
1.651733878157399021e-04
1.665407908978017734e-04
1.680388858978433574e-04
1.696722267410921540e-04
1.714457908959588276e-04
1.733650124334929876e-04
1.754358177297846730e-04
1.776646643211645510e-04
1.800585834212976584e-04
1.826252266268284219e-04
1.853729173713663983e-04
1.883107077346832952e-04
1.914484412744193900e-04
1.947968226213946509e-04
1.983674946674126292e-04
2.021731242773594441e-04
2.062274975769490335e-04
2.105456260056991799e-04
2.151438644839830929e-04
2.200400432262770913e-04
2.252536149433025439e-04
2.308058194176453872e-04
2.367198677150547919e-04
2.430211486121690149e-04
2.497374601865762211e-04
2.568992699334369796e-04
2.645400072513482965e-04
2.726963926864951976e-04
2.814088089463220648e-04
2.907217194002763533e-04
3.006841405831721750e-04
3.113501761129788608e-04
3.227796204330623283e-04
3.350386418886118294e-04
3.482005558395993980e-04
3.623466997782328540e-04
3.775674237182248798e-04
3.939632103896572972e-04
4.116459408973256349e-04
4.307403223108029243e-04
4.513854938880259107e-04
4.737368278946718636e-04
4.979679386800592300e-04
5.242729089411394747e-04
5.528687336892416102e-04
5.839979685121843506e-04
6.179315467002379804e-04
6.549716960064698662e-04
6.954548351120992374e-04
7.397542552131547737e-04
7.882822840308576027e-04
8.414914755097830084e-04
8.998741527969346616e-04
9.639593361796872963e-04
1.034305691727294271e-03
1.111488624005438353e-03
1.196079003908581207e-03
1.288610297912656929e-03
1.389530137820756258e-03
1.499131842058342226e-03
1.617461452716658591e-03
1.744197125006072182e-03
1.878501134200249740e-03
2.018851498262796366e-03
2.162871232910823678e-03
2.307188499163241070e-03
2.447377839024039194e-03
2.578044782492939190e-03
2.693112574792780323e-03
2.786338970674573454e-03
2.852028804215311474e-03
2.885828031836733774e-03
2.885421573000521156e-03
2.850950608848828224e-03
2.785029724768627556e-03
2.692347609960202889e-03
2.578922925427769124e-03
2.451162866918979531e-03
2.314989388332783400e-03
2.175339713622417761e-03
2.036099228449371815e-03
1.900229636992794039e-03
1.769890765482188578e-03
1.646536239361823207e-03
1.531019305734141345e-03
1.423714815875293293e-03
1.324641866132890335e-03
1.233572460396123406e-03
1.150119450741280032e-03
1.073803241981511345e-03
1.004099905773707608e-03
9.404743742148331202e-04
8.824023018833522048e-04
8.293836557999537812e-04
7.809504566626742370e-04
7.366705045914655409e-04
6.961484322659554011e-04
6.590250449329689529e-04
6.249756183055356221e-04
5.937076141102540358e-04
5.649581214232285214e-04
5.384912249287236415e-04
5.140954268402058705e-04
4.915811982660960814e-04
4.707787014619051473e-04
4.515357017139954286e-04
4.337156729753386406e-04
4.171960922818642738e-04
4.018669126331114619e-04
3.876292011758115897e-04
3.743939283205301389e-04
3.620808932569020153e-04
3.506177718091097947e-04
3.399392734191890222e-04
3.299863950818634865e-04
3.207057611642839053e-04
3.120490391536105365e-04
3.039724224401964400e-04
2.964361722389977690e-04
2.894042116644743551e-04
2.828437658004319269e-04
2.767250423471770524e-04
2.710209480880857585e-04
2.657068370020924659e-04
2.607602863643382926e-04
2.561608976310767415e-04
2.518901193035956508e-04
2.479310893157113025e-04
2.442684947960918076e-04
2.408884473256018004e-04
2.377783720457884498e-04
2.349269091817531518e-04
2.323238267247794192e-04
2.299599431805357194e-04
2.278270594303270866e-04
2.259178988783718943e-04
2.242260551696499671e-04
2.227459468625266948e-04
2.214727785298718733e-04
2.204025078433350065e-04
2.195318182691923089e-04
2.188580970720398569e-04
2.183794183856788758e-04
2.180945311699255651e-04
2.180028519287111608e-04
2.181044621197014168e-04
2.184001102396423077e-04
2.188912186236120815e-04
2.195798950512793419e-04
2.204689493100192425e-04
2.215619149243320445e-04
2.228630763245226677e-04
2.243775017961335860e-04
2.261110826265594613e-04
2.280705789479575577e-04
2.302636728677570101e-04
2.326990295815883751e-04
2.353863672805576372e-04
2.383365367980206826e-04
2.415616120934166965e-04
2.450749928458156174e-04
2.488915206318863976e-04
2.530276103969527246e-04
2.575013991996818151e-04
2.623329145278543734e-04
2.675442648531754547e-04
2.731598555274806508e-04
2.792066336334160775e-04
2.857143660047429070e-04
2.927159553430353444e-04
3.002478002008796931e-04
3.083502056037594279e-04
3.170678522765502019e-04
3.264503338664708669e-04
3.365527732619960459e-04
3.474365311578062271e-04
3.591700224847163645e-04
3.718296593039888522e-04
3.855009423731025589e-04
4.002797279685142663e-04
4.162737018788680585e-04
4.336040989821133358e-04
4.524077147696825628e-04
4.728392649269929043e-04
4.950741610544705110e-04
5.193117853565213000e-04
5.457793653084098582e-04
5.747365717642431097e-04
6.064809917174255813e-04
6.413546612158938995e-04
6.797518862667470884e-04
7.221286316929362899e-04
7.690138218010156160e-04
8.210229744436417986e-04
8.788746834504306644e-04
9.434105744158790066e-04
1.015619484263312116e-03
1.096666749985072790e-03
1.187929621282361606e-03
1.291039902132682261e-03
1.407934909527839553e-03
1.540917579614868842e-03
1.692725791828254616e-03
1.866609215697093843e-03
2.066408226384867496e-03
2.296621718745264253e-03
2.562434944522648181e-03
2.869646181914274445e-03
3.224362647561176271e-03
3.632184522049980175e-03
4.096238403955481354e-03
4.612509966411474163e-03
5.158402190711323769e-03
5.663016205997550498e-03
5.926852884803626015e-03
5.436677758424626923e-03
3.451486650349185233e-03
1.591661215800152995e-03
2.848801756183710898e-03
5.077124464714683968e-03
6.721952941703363514e-03
7.699711004462599269e-03
8.160432959249249926e-03
8.243501161374273620e-03
8.065601436837707000e-03
7.722944558987356219e-03
7.290552817223930511e-03
6.822599560765993040e-03
6.355086191116001738e-03
5.909859051797732715e-03
5.498701340892512938e-03
5.126764248075389024e-03
4.795122763389313321e-03
4.502533317956546911e-03
4.246573139597786470e-03
4.024343319559833994e-03
3.832882223891968896e-03
3.669395008623258132e-03
3.531370720003712289e-03
3.416633282640382969e-03
3.323355444296206222e-03
3.250053382700151660e-03
3.195572154351632860e-03
3.159066482496471900e-03
3.139974633223131285e-03
3.137968050783353311e-03
3.152811188180962287e-03
3.183884610382231844e-03
3.228343207349622553e-03
3.272890482637148216e-03
3.248912175156038612e-03
2.747831526820709077e-03
1.026369311276960870e-03
1.476810078982875637e-03
2.202988657394875857e-03
2.554845280633511254e-03
2.727301535339097822e-03
2.798422511718685717e-03
2.795594597109127104e-03
2.730241100319193495e-03
2.610454358319856324e-03
2.445757654251356876e-03
2.248185837923056228e-03
2.031305435869849504e-03
1.808366570120896293e-03
1.590593773724616015e-03
1.386210184283887328e-03
1.200292287112209380e-03
1.035218387742318580e-03
8.913780309750782586e-04
7.678321120439924414e-04
6.622595151957792704e-04
5.629694539598905896e-04
3.718480291544247864e-04
3.415705106629232136e-04
3.200336500264948196e-04
2.851424875271444163e-04
2.508747438696380303e-04
2.200204969326121902e-04
1.929491968119015051e-04
1.694161595542814137e-04
1.490236212946303529e-04
1.313609420861859881e-04
1.160496678460235729e-04
1.027560850178356298e-04
9.119184895349361939e-05
8.111028531415479003e-05
7.230137990449642257e-05
6.458668582876469133e-05
5.781463127255960873e-05
5.185638752458215266e-05
4.660231540727492218e-05
4.195894906204665730e-05
3.784645475199993505e-05
3.419649851673735362e-05
3.095046038202844594e-05
2.805793968338919848e-05
2.547550365139957348e-05
2.316563868897181648e-05
2.109587031528076760e-05
1.923802342713645260e-05
1.756759934938537481e-05
1.606325018785937405e-05
1.470633436009477985e-05
1.348053996102635072e-05
1.237156491633596339e-05
1.136684476725683440e-05
1.045532048774334931e-05
9.627240017241825917e-06
8.873988249010683748e-06
8.187941085678619770e-06
7.562339893829884105e-06
6.991183285160476649e-06
6.469133645483756186e-06
5.991436242775696575e-06
5.553849086425362640e-06
5.152581994039455774e-06
4.784243559464329073e-06
4.445794914272828292e-06
4.134509341461325352e-06
3.847936939987564493e-06
3.583873656539550085e-06
3.340334100253813897e-06
3.115527640053820859e-06
2.907837355369124264e-06
2.715801471312115384e-06
2.538096960663835265e-06
2.373525038683692171e-06
2.220998314017009713e-06
2.079529390817437455e-06
1.948220744469889102e-06
1.826255716689610253e-06
1.712890495868645287e-06
1.607446965839341319e-06
1.509306321135075976e-06
1.417903359704552284e-06
1.332721375172300368e-06
1.253287580382988678e-06
1.179169002335913861e-06
1.109968795885661199e-06
1.045322929910706138e-06
9.848972051638329114e-07
9.283845678270930528e-07
8.755026869968395390e-07
8.259917680007631844e-07
7.796125766701960837e-07
7.361446525169947253e-07
6.953846912460431595e-07
6.571450792177677978e-07
6.212525643969306152e-07
5.875470500186542956e-07
5.558804986984901874e-07
5.261159360347892615e-07
4.981265439212211559e-07
4.717948348226705100e-07
4.470118991859637910e-07
4.236767189719518827e-07
4.016955410193677542e-07
3.809813045951408927e-07
3.614531180590944500e-07
3.430357800820602059e-07
3.256593413123853911e-07
3.092587027927945765e-07
2.937732477935766340e-07
2.791465040534794158e-07
2.653258337112331636e-07
2.522621484719286088e-07
2.399096477867148035e-07
2.282255780348250973e-07
2.171700108859259887e-07
2.067056391908310295e-07
1.967975889017435207e-07
1.874132456609598736e-07
1.785220948213544674e-07
1.700955737740583352e-07
1.621069355600005727e-07
1.545311228335303835e-07
1.473446513290109478e-07
1.405255020562209555e-07
1.340530215181697977e-07
1.279078293063934938e-07
1.220717324845622342e-07
1.165276462217583699e-07
1.112595201827771477e-07
1.062522702244879947e-07
1.014917149852962541e-07
9.696451698926649440e-08
9.265812791790625104e-08
8.856073773129887207e-08
8.466122734635159588e-08
8.094912460379451152e-08
7.741456327729448457e-08
7.404824489791250984e-08
7.084140318531108717e-08
6.778577089368410253e-08
6.487354889560187330e-08
6.209737734084562902e-08
5.945030874004645756e-08
5.692578283462066507e-08
5.451760312517949340e-08
5.221991494042527086e-08
5.002718493754291189e-08
4.793418193337616964e-08
4.593595897328785518e-08
4.402783655157881871e-08
4.220538690378793033e-08
4.046441929709727819e-08
3.880096625051710153e-08
3.721127062155175251e-08
3.569177350065460940e-08
3.423910285905942461e-08
3.285006289949679117e-08
3.152162406293484101e-08
3.025091364783959661e-08
2.903520700153354462e-08
2.787191924610109206e-08
2.675859750392606786e-08
2.569291359039048344e-08
2.467265714353237508e-08
2.369572916254357005e-08
2.276013592893739698e-08
2.186398328600464277e-08
2.100547125384236710e-08
2.018288895878670916e-08
1.939460985750519979e-08
1.863908723733905231e-08
1.791484997571373943e-08
1.722049854258106071e-08
1.655470123092250513e-08
1.591619060132604621e-08
1.530376012757289498e-08
1.471626103101974748e-08
1.415259929235863361e-08
1.361173283007724222e-08
1.309266883562693085e-08
1.259446125595089857e-08
1.211620841461920073e-08
1.165705076337390765e-08
1.121616875640858114e-08
1.079278084018649950e-08
1.038614155205662490e-08
9.995539721345013039e-09
9.620296766992556834e-09
9.259765086178990960e-09
8.913326528712200059e-09
8.580390952285731099e-09
8.260394854004280579e-09
7.952800073857103265e-09
7.657092566082296167e-09
7.372781234607325857e-09
7.099396828982549496e-09
6.836490897437293662e-09
6.583634793888830808e-09
6.340418735923896804e-09
6.106450910946367269e-09
5.881356627851817457e-09
5.664777511742911558e-09
5.456370739344898014e-09
5.255808312917312980e-09
5.062776370584015079e-09
4.876974531125113781e-09
4.698115271385470582e-09
4.525923334560275014e-09
4.360135167717833910e-09
4.200498387011778382e-09
4.046771269123312780e-09
3.898722267555756910e-09
3.756129552480726026e-09
3.618780572908781910e-09
3.486471640024523137e-09
3.359007530591633823e-09
3.236201109392599037e-09
3.117872969725944624e-09
3.003851091036613457e-09
2.893970512805692085e-09
2.788073023873851501e-09
2.686006866416567381e-09
2.587626453832563723e-09
2.492792101845805849e-09
2.401369772159159733e-09
2.313230828033572542e-09
2.228251801199160620e-09
2.146314169536961633e-09
2.067304144999154873e-09
1.991112471263690651e-09
1.917634230646109689e-09
1.846768659815651892e-09
1.778418973886995844e-09
1.712492198480797632e-09
1.648899009367335352e-09
1.587553579327708943e-09
1.528373431885450615e-09
1.471279301579489897e-09
1.416195000466111921e-09
1.363047290553284658e-09
1.311765761886165401e-09
1.262282716016280413e-09
1.214533054600857028e-09
1.168454172891172842e-09
1.123985857880933594e-09
1.081070190897249934e-09
1.039651454427359190e-09
9.996760429846965149e-10
9.610923778275264340e-10
9.238508253524485522e-10
8.879036189940720684e-10
8.532047844700764865e-10
8.197100682189889000e-10
7.873768688853040617e-10
7.561641717135472058e-10
7.260324857197911971e-10
6.969437835151746954e-10
6.688614436622576946e-10
6.417501954505976657e-10
6.155760659833341194e-10
5.903063294718691568e-10
5.659094586404114482e-10
5.423550781469535898e-10
5.196139199315862864e-10
4.976577804071841559e-10
4.764594794116438904e-10
4.559928208444065904e-10
4.362325549138008110e-10
4.171543419250245441e-10
3.987347175418413304e-10
3.809510594582530810e-10
3.637815554191923440e-10
3.472051725322163430e-10
3.312016278147544918e-10
3.157513599239842521e-10
3.008355020189079204e-10
2.864358557063524147e-10
2.725348660249311130e-10
2.591155974229960128e-10
2.461617106885827508e-10
2.336574407913195603e-10
2.215875755979307466e-10
2.099374354248044715e-10
1.986928533926300924e-10
1.878401565496815832e-10
1.773661477318542340e-10
1.672580881288675863e-10
1.575036805275000854e-10
1.480910532039226227e-10
1.390087444384398640e-10
1.302456876271423239e-10
1.217911969660262315e-10
1.136349536842530656e-10
1.057669928041945257e-10
9.817769040687644462e-11
9.085775138238190382e-11
8.379819764560910152e-11
7.699035679866517252e-11
7.042585122192694764e-11
6.409658757661418060e-11
5.799474670241092286e-11
5.211277389438221269e-11
4.644336954411217847e-11
4.097948013059097178e-11
3.571428954703049412e-11
3.064121075032815128e-11
2.575387772047117324e-11
2.104613771771762480e-11
1.651204382585829619e-11
1.214584777039524337e-11
7.941993000899045850e-12
3.895108027261426997e-12
1.000000000000000072e-18
4.199504820705577237e-04
3.806249986033677824e-04
4.168867707819053081e-04
4.154830317331754605e-04
4.004889354590754412e-04
4.672808267327237144e-04
5.402948037027198013e-04
4.348118248292785087e-04
5.176360097164136838e-04
3.906569851331845224e-04
3.749768248070966549e-04
5.196164537669905421e-04
5.162086995105396496e-04
3.765584278422043005e-04
3.804464046964035006e-04
4.681707153183536072e-04
4.651817438021376696e-04
3.925253345085186630e-04
4.964112965061324599e-04
4.360902278401036433e-04
4.250170565965341271e-04
4.169067928761859671e-04
4.465951290598113837e-04
5.612960582685094573e-04
4.340239169952362155e-04
5.640780944375392526e-04
3.946807351207070463e-04
4.529911350802174924e-04
4.878049291966357528e-04
4.474542713735807950e-04
4.412461635492899523e-04
4.521163205747562135e-04
4.660389023995149208e-04
3.841136735675996453e-04
5.637764872893679183e-04
5.570650758979946290e-04
4.281602005435317798e-04
3.925378254691999787e-04
3.762625425153448598e-04
4.261528848681583556e-04
2.044314757502900288e-04
2.056896764184050410e-04
2.153773395052065761e-04
2.055961704644121727e-04
1.844189497180847420e-04
1.777816999223825957e-04
1.903315512531145713e-04
2.008837246688154141e-04
1.855541301737414887e-04
1.852988082673754473e-04
1.784399154713156880e-04
1.822849249029371210e-04
1.973579799560056121e-04
2.049166647548202828e-04
1.919160636190919114e-04
2.018735908553957617e-04
2.077101959105118547e-04
2.151988819836601733e-04
2.198266889836833981e-04
2.081622289266906909e-04
2.118152329211229448e-04
1.903633116588445448e-04
2.067068370804048521e-04
2.187622551863025399e-04
1.848668841782470315e-04
2.129575243462070253e-04
1.863570326388001418e-04
1.878457435672012616e-04
2.052701537263725516e-04
2.014583363456376832e-04
2.130026136676585501e-04
2.152190482035032013e-04
2.110578723520828588e-04
2.048849131535132118e-04
1.897987639982149808e-04
1.898345907943852818e-04
2.204350507972762426e-04
1.833965180223026833e-04
2.169839847827058409e-04
1.917674624941825411e-04
1.498843804723084053e-02
1.445702271708828278e-02
1.530060652858959182e-02
1.451334734627770032e-02
1.138524694055900559e-02
1.525477846924107143e-02
1.507758333020027194e-02
1.160882290390216273e-02
1.473700376447834547e-02
1.523830344543449303e-02
1.442913540749401688e-02
1.218441130979159778e-02
1.530647756670686435e-02
1.508701073555223510e-02
1.227344918864722682e-02
1.461160531148369968e-02
1.315823069729283624e-02
1.536850005661998843e-02
1.149885494289916953e-02
1.535334775244747395e-02
1.446538037808718126e-02
1.151363136117249629e-02
1.083147931740164813e-02
1.504027638693590171e-02
1.392663407961639531e-02
1.548122389341096208e-02
1.545515134474621105e-02
1.547966264483441150e-02
1.548208126157323700e-02
1.464492953488245354e-02
1.393885645975740349e-02
1.548155224199950289e-02
1.410838450829766770e-02
1.446730473051673245e-02
1.472345022570840413e-02
1.444404953252418147e-02
1.412464128527950516e-02
1.211101447407474455e-02
1.164602079123957731e-02
1.275754683547219125e-02
1.870829327549743256e-03
1.852920216542290263e-03
1.731380619051888772e-03
1.868216942834069081e-03
1.789616755755842623e-03
1.932396059103395208e-03
1.961679093944205306e-03
1.733028410903751952e-03
1.633066551552732164e-03
1.605700790462420832e-03
1.928550885529253236e-03
1.608374038985627098e-03
1.906862060609362418e-03
1.822129839007531008e-03
1.812462325732039792e-03
1.804087907517863167e-03
1.649380048877554768e-03
1.783384473747153757e-03
1.648218708382793085e-03
1.906961523286678731e-03
1.921847422548135769e-03
1.680076566032720877e-03
1.712686490172522953e-03
1.737752612833258058e-03
1.806878877715163830e-03
1.690467094260016644e-03
1.951279027956249502e-03
1.812864641935442271e-03
1.732770259862044439e-03
1.655211763276214984e-03
1.870547769848364059e-03
1.647531379803244666e-03
1.927706298066942173e-03
1.835840000151882237e-03
1.940923183908564590e-03
1.781037099498428448e-03
1.887131514221040756e-03
1.745455249737368946e-03
1.962134298853478349e-03
1.769738376048859670e-03
2.310678546644894644e-04
2.310591166375047334e-04
2.306320242612473726e-04
2.313370099441507794e-04
2.306817837262912173e-04
2.310108382008335562e-04
2.313625131723685705e-04
2.307828586693367928e-04
2.309297731909348318e-04
2.314478363011290916e-04
2.306188065000642758e-04
2.306310356651883266e-04
2.307718880502217685e-04
2.310419108729134716e-04
2.315210852312401645e-04
2.311939117594374339e-04
2.313350872768805402e-04
2.308125992946080240e-04
2.306211824167008579e-04
2.316416845030484675e-04
2.308479962948438869e-04
2.311976013745425192e-04
2.307078386232453630e-04
2.314682370427011149e-04
2.314778883806748843e-04
2.315918605344922552e-04
2.309335503934087255e-04
2.312699593624402492e-04
2.314851763816922891e-04
2.309917077989667332e-04
2.308296864903300446e-04
2.314272823627316986e-04
2.312898770697502696e-04
2.316758524842835567e-04
2.313506308186214996e-04
2.308791291044444167e-04
2.314933537709339486e-04
2.316584321432947646e-04
2.314228328081754569e-04
2.308874536807845501e-04
4.797895700476496189e-03
4.852898579352647040e-03
5.048149516418982269e-03
5.070831436075295268e-03
4.644380398540728233e-03
4.680247986521243395e-03
4.669971064047422071e-03
4.938572400559530437e-03
4.653909590432795014e-03
4.667848806761299742e-03
4.727691833362363504e-03
4.833425522245324811e-03
4.729447335528089158e-03
4.948213462816050158e-03
4.963980455057046513e-03
4.976808880486523201e-03
4.705140436526826855e-03
4.800366662876225619e-03
5.048349142004625659e-03
4.982323559544843058e-03
4.625083348166223601e-03
4.713520199564899885e-03
4.894269297767263674e-03
4.905191371036236175e-03
4.908470753623336326e-03
4.641821978494191890e-03
4.712648083149723922e-03
4.780075141625234926e-03
4.899814250786183219e-03
4.879908067345294781e-03
4.901985842205587585e-03
4.844553333560557354e-03
4.747338312016791996e-03
4.925367265630442061e-03
4.661197673798447329e-03
4.755089839545569019e-03
4.893627239091279113e-03
4.660066742528202154e-03
4.905334334848898518e-03
4.811593823971663762e-03
2.326065331872813563e-04
2.320218754502120589e-04
2.318993338570889844e-04
2.318249960749859155e-04
2.318685687651134402e-04
2.320179413328332674e-04
2.319074045119459400e-04
2.324911961804083244e-04
2.321209778815670017e-04
2.323147853111573696e-04
2.323282470842316443e-04
2.318613094320975206e-04
2.319543971969016260e-04
2.325018338327597585e-04
2.319939912558372321e-04
2.317271801738486994e-04
2.323122906055275242e-04
2.324038643806057515e-04
2.321192853510396770e-04
2.326654500735428159e-04
2.327148120640108112e-04
2.318397925319152174e-04
2.321215195887973710e-04
2.326726005298062597e-04
2.323595837941365297e-04
2.322457569358385356e-04
2.322973600219418262e-04
2.319145996554743941e-04
2.324399813270494890e-04
2.319304223840290763e-04
2.320429406413456429e-04
2.326374632790352808e-04
2.318974822161041572e-04
2.318079819220478742e-04
2.326139659490247640e-04
2.325960788460514669e-04
2.319466197554179024e-04
2.321788869488896983e-04
2.317033884302084764e-04
2.320995060167063077e-04
6.202681550644563620e-03
6.280177289315205975e-03
6.932379758173589680e-03
6.580720398002224032e-03
4.710610438408074224e-03
5.446225856166916728e-03
5.947751165800998184e-03
6.737882078044569664e-03
6.470673456704737099e-03
5.577143254561082834e-03
4.977628741496851333e-03
5.956119042723294690e-03
4.404244246424148315e-03
6.260074040692861427e-03
5.473639886381873043e-03
5.658393021226508675e-03
6.271965324292457476e-03
6.460758275770049630e-03
5.720875326790836844e-03
4.981129735394912439e-03
6.432237382362340078e-03
6.022439602362079578e-03
6.080541079497880572e-03
6.727965276151493847e-03
5.675713065506105513e-03
6.942310235408026553e-03
6.367588117460548647e-03
6.984018387940970837e-03
5.096613648189116802e-03
6.923839025174522398e-03
6.207868867169673809e-03
5.971979619629628512e-03
4.603252374126428140e-03
5.447194562427835896e-03
5.410259044051589361e-03
5.419492783005666094e-03
6.881385074466924226e-03
6.465581237865994021e-03
6.313832271531412930e-03
6.880870783282244489e-03
8.169466076415047478e-04
8.080113004263818777e-04
8.423717095698098805e-04
8.305133744287935887e-04
8.392705059918456785e-04
8.447055389878911679e-04
7.857869503772101040e-04
8.712091355577317739e-04
8.423587622347104365e-04
7.951750750782951051e-04
8.079724130649756789e-04
8.676422352524946341e-04
8.022463013490535155e-04
8.365157888187778985e-04
8.470056130032969531e-04
7.869622574180857536e-04
7.960480414431238272e-04
8.264846994966219178e-04
8.375765797957755504e-04
8.303774856539585447e-04
8.231751063375783830e-04
8.117598543939333203e-04
8.102491584687016761e-04
8.605413038099649645e-04
7.985280689698520283e-04
8.364841308602351602e-04
8.718407662277667019e-04
8.267107290446663566e-04
8.080758563237893342e-04
8.049757262670120079e-04
8.571722787851224950e-04
7.869751024462514396e-04
8.033683668514073756e-04
8.158801992538738728e-04
7.877990503258333957e-04
8.071739237600513133e-04
8.493735202591526541e-04
8.578127701079679614e-04
8.377492690987782455e-04
7.854238251070238749e-04
2.122624711276157802e-03
2.152887463886676064e-03
2.171576994426915094e-03
2.132153970864259993e-03
2.062885879394402763e-03
2.122987251564832992e-03
2.015767973609273404e-03
2.003741026244665584e-03
2.005327880472858142e-03
2.173915775907924071e-03
2.148655051049713251e-03
2.076691652318262207e-03
2.042646769229163831e-03
2.012048530654286359e-03
2.118964313975680181e-03
2.132891218016561008e-03
2.159063670133033828e-03
2.002223275719284233e-03
2.189311175788595260e-03
2.040198840592837969e-03
2.042374894086985884e-03
1.986834623896858477e-03
2.189300705887834656e-03
2.057550948964772652e-03
1.982233326691748652e-03
1.974432659373038298e-03
2.198935407230592515e-03
2.053089074035952845e-03
2.105663156521101007e-03
2.192501185990132929e-03
2.134415218674711769e-03
2.177186318044607802e-03
2.134437395482322117e-03
2.030051775130692869e-03
1.974650361415062044e-03
2.175958734351736510e-03
2.199103754398916595e-03
1.974276347627927815e-03
2.129047093850760294e-03
1.984939621750050117e-03
2.098770754798747612e-03
1.914603402320851728e-03
1.903341120304624570e-03
2.044708003498871014e-03
2.037026338065368175e-03
2.064311246856628552e-03
1.995594955683633199e-03
1.938483314962512844e-03
2.076808125021683410e-03
2.116361966960710484e-03
1.893489357225754555e-03
2.050309752706901308e-03
1.954106617135668248e-03
2.039909824941922838e-03
1.908095027106999431e-03
1.900992084189272527e-03
1.978352513776569527e-03
2.100196893901034711e-03
2.054696869093886654e-03
1.961146426532430452e-03
2.113482786968507148e-03
2.069761695824080469e-03
2.006475128375236842e-03
1.991125334818080652e-03
2.059069354754278647e-03
1.982946791893166246e-03
1.920498320572035364e-03
2.098035343666274956e-03
2.075768614592396911e-03
2.116722155803712081e-03
1.925855400530006919e-03
1.948587269541641716e-03
1.909227053139278237e-03
2.082872199933482032e-03
2.042805877322377908e-03
1.911506019136812893e-03
1.973331915920533038e-03
2.054017341166639206e-03
1.976140685793681753e-03
1.911227839662246351e-03
4.579993513230910655e-04
1.978109088223649716e-04
1.500971727560518158e-02
1.785175406890938000e-03
2.310719686132672683e-04
4.825880307403541264e-03
2.322072887119343320e-04
6.002367401904436586e-03
8.283756558154290990e-04
2.087049597424331469e-03
1.000000000000000072e-18
