-6.000000000000000000e+00
-5.987987987987987815e+00
-5.975975975975975629e+00
-5.963963963963964332e+00
-5.951951951951952147e+00
-5.939939939939939961e+00
-5.927927927927927776e+00
-5.915915915915915591e+00
-5.903903903903904293e+00
-5.891891891891892108e+00
-5.879879879879879923e+00
-5.867867867867867737e+00
-5.855855855855855552e+00
-5.843843843843844255e+00
-5.831831831831832069e+00
-5.819819819819819884e+00
-5.807807807807807698e+00
-5.795795795795795513e+00
-5.783783783783784216e+00
-5.771771771771772030e+00
-5.759759759759759845e+00
-5.747747747747747660e+00
-5.735735735735735474e+00
-5.723723723723724177e+00
-5.711711711711711992e+00
-5.699699699699699806e+00
-5.687687687687687621e+00
-5.675675675675675436e+00
-5.663663663663664138e+00
-5.651651651651651953e+00
-5.639639639639639768e+00
-5.627627627627627582e+00
-5.615615615615615397e+00
-5.603603603603603212e+00
-5.591591591591591914e+00
-5.579579579579579729e+00
-5.567567567567567544e+00
-5.555555555555555358e+00
-5.543543543543543173e+00
-5.531531531531531876e+00
-5.519519519519519690e+00
-5.507507507507507505e+00
-5.495495495495495319e+00
-5.483483483483483134e+00
-5.471471471471471837e+00
-5.459459459459459651e+00
-5.447447447447447466e+00
-5.435435435435435281e+00
-5.423423423423423095e+00
-5.411411411411411798e+00
-5.399399399399399613e+00
-5.387387387387387427e+00
-5.375375375375375242e+00
-5.363363363363363057e+00
-5.351351351351350871e+00
-5.339339339339339574e+00
-5.327327327327327389e+00
-5.315315315315315203e+00
-5.303303303303303018e+00
-5.291291291291290833e+00
-5.279279279279279535e+00
-5.267267267267267350e+00
-5.255255255255255165e+00
-5.243243243243242979e+00
-5.231231231231230794e+00
-5.219219219219219497e+00
-5.207207207207207311e+00
-5.195195195195195126e+00
-5.183183183183182940e+00
-5.171171171171170755e+00
-5.159159159159159458e+00
-5.147147147147147273e+00
-5.135135135135135087e+00
-5.123123123123122902e+00
-5.111111111111110716e+00
-5.099099099099099419e+00
-5.087087087087087234e+00
-5.075075075075075048e+00
-5.063063063063062863e+00
-5.051051051051050678e+00
-5.039039039039039380e+00
-5.027027027027027195e+00
-5.015015015015015010e+00
-5.003003003003002824e+00
-4.990990990990990639e+00
-4.978978978978979342e+00
-4.966966966966967156e+00
-4.954954954954954971e+00
-4.942942942942942786e+00
-4.930930930930930600e+00
-4.918918918918919303e+00
-4.906906906906907118e+00
-4.894894894894894932e+00
-4.882882882882882747e+00
-4.870870870870870561e+00
-4.858858858858859264e+00
-4.846846846846847079e+00
-4.834834834834834894e+00
-4.822822822822822708e+00
-4.810810810810810523e+00
-4.798798798798799226e+00
-4.786786786786787040e+00
-4.774774774774774855e+00
-4.762762762762762669e+00
-4.750750750750750484e+00
-4.738738738738739187e+00
-4.726726726726727001e+00
-4.714714714714714816e+00
-4.702702702702702631e+00
-4.690690690690690445e+00
-4.678678678678679148e+00
-4.666666666666666963e+00
-4.654654654654654777e+00
-4.642642642642642592e+00
-4.630630630630630407e+00
-4.618618618618619109e+00
-4.606606606606606924e+00
-4.594594594594594739e+00
-4.582582582582582553e+00
-4.570570570570570368e+00
-4.558558558558559071e+00
-4.546546546546546885e+00
-4.534534534534534700e+00
-4.522522522522522515e+00
-4.510510510510510329e+00
-4.498498498498499032e+00
-4.486486486486485958e+00
-4.474474474474474661e+00
-4.462462462462462476e+00
-4.450450450450450290e+00
-4.438438438438438993e+00
-4.426426426426425920e+00
-4.414414414414414622e+00
-4.402402402402402437e+00
-4.390390390390390252e+00
-4.378378378378378066e+00
-4.366366366366365881e+00
-4.354354354354354584e+00
-4.342342342342342398e+00
-4.330330330330330213e+00
-4.318318318318318028e+00
-4.306306306306305842e+00
-4.294294294294294545e+00
-4.282282282282282360e+00
-4.270270270270270174e+00
-4.258258258258257989e+00
-4.246246246246245803e+00
-4.234234234234234506e+00
-4.222222222222222321e+00
-4.210210210210210136e+00
-4.198198198198197950e+00
-4.186186186186185765e+00
-4.174174174174174468e+00
-4.162162162162162282e+00
-4.150150150150150097e+00
-4.138138138138137911e+00
-4.126126126126125726e+00
-4.114114114114114429e+00
-4.102102102102102243e+00
-4.090090090090090058e+00
-4.078078078078077873e+00
-4.066066066066065687e+00
-4.054054054054054390e+00
-4.042042042042042205e+00
-4.030030030030030019e+00
-4.018018018018017834e+00
-4.006006006006005649e+00
-3.993993993993993907e+00
-3.981981981981982166e+00
-3.969969969969969981e+00
-3.957957957957957795e+00
-3.945945945945946054e+00
-3.933933933933933869e+00
-3.921921921921922127e+00
-3.909909909909909942e+00
-3.897897897897897757e+00
-3.885885885885886015e+00
-3.873873873873873830e+00
-3.861861861861862089e+00
-3.849849849849849903e+00
-3.837837837837837718e+00
-3.825825825825825977e+00
-3.813813813813813791e+00
-3.801801801801801606e+00
-3.789789789789789864e+00
-3.777777777777777679e+00
-3.765765765765765938e+00
-3.753753753753753752e+00
-3.741741741741741567e+00
-3.729729729729729826e+00
-3.717717717717717640e+00
-3.705705705705705899e+00
-3.693693693693693714e+00
-3.681681681681681528e+00
-3.669669669669669787e+00
-3.657657657657657602e+00
-3.645645645645645860e+00
-3.633633633633633675e+00
-3.621621621621621490e+00
-3.609609609609609748e+00
-3.597597597597597563e+00
-3.585585585585585822e+00
-3.573573573573573636e+00
-3.561561561561561451e+00
-3.549549549549549710e+00
-3.537537537537537524e+00
-3.525525525525525339e+00
-3.513513513513513598e+00
-3.501501501501501412e+00
-3.489489489489489671e+00
-3.477477477477477485e+00
-3.465465465465465300e+00
-3.453453453453453559e+00
-3.441441441441441373e+00
-3.429429429429429632e+00
-3.417417417417417447e+00
-3.405405405405405261e+00
-3.393393393393393520e+00
-3.381381381381381335e+00
-3.369369369369369593e+00
-3.357357357357357408e+00
-3.345345345345345223e+00
-3.333333333333333481e+00
-3.321321321321321296e+00
-3.309309309309309555e+00
-3.297297297297297369e+00
-3.285285285285285184e+00
-3.273273273273273443e+00
-3.261261261261261257e+00
-3.249249249249249072e+00
-3.237237237237237331e+00
-3.225225225225225145e+00
-3.213213213213213404e+00
-3.201201201201201219e+00
-3.189189189189189033e+00
-3.177177177177177292e+00
-3.165165165165165106e+00
-3.153153153153153365e+00
-3.141141141141141180e+00
-3.129129129129128994e+00
-3.117117117117117253e+00
-3.105105105105105068e+00
-3.093093093093093326e+00
-3.081081081081081141e+00
-3.069069069069068956e+00
-3.057057057057057214e+00
-3.045045045045045029e+00
-3.033033033033032844e+00
-3.021021021021021102e+00
-3.009009009009008917e+00
-2.996996996996997176e+00
-2.984984984984984990e+00
-2.972972972972972805e+00
-2.960960960960961064e+00
-2.948948948948948878e+00
-2.936936936936937137e+00
-2.924924924924924952e+00
-2.912912912912912766e+00
-2.900900900900901025e+00
-2.888888888888888840e+00
-2.876876876876877098e+00
-2.864864864864864913e+00
-2.852852852852852727e+00
-2.840840840840840986e+00
-2.828828828828828801e+00
-2.816816816816817060e+00
-2.804804804804804874e+00
-2.792792792792792689e+00
-2.780780780780780947e+00
-2.768768768768768762e+00
-2.756756756756756577e+00
-2.744744744744744835e+00
-2.732732732732732650e+00
-2.720720720720720909e+00
-2.708708708708708723e+00
-2.696696696696696538e+00
-2.684684684684684797e+00
-2.672672672672672611e+00
-2.660660660660660870e+00
-2.648648648648648685e+00
-2.636636636636636499e+00
-2.624624624624624758e+00
-2.612612612612612573e+00
-2.600600600600600831e+00
-2.588588588588588646e+00
-2.576576576576576461e+00
-2.564564564564564719e+00
-2.552552552552552534e+00
-2.540540540540540349e+00
-2.528528528528528607e+00
-2.516516516516516422e+00
-2.504504504504504681e+00
-2.492492492492492495e+00
-2.480480480480480310e+00
-2.468468468468468568e+00
-2.456456456456456383e+00
-2.444444444444444642e+00
-2.432432432432432456e+00
-2.420420420420420271e+00
-2.408408408408408530e+00
-2.396396396396396344e+00
-2.384384384384384603e+00
-2.372372372372372418e+00
-2.360360360360360232e+00
-2.348348348348348491e+00
-2.336336336336336306e+00
-2.324324324324324564e+00
-2.312312312312312379e+00
-2.300300300300300194e+00
-2.288288288288288452e+00
-2.276276276276276267e+00
-2.264264264264264082e+00
-2.252252252252252340e+00
-2.240240240240240155e+00
-2.228228228228228414e+00
-2.216216216216216228e+00
-2.204204204204204043e+00
-2.192192192192192302e+00
-2.180180180180180116e+00
-2.168168168168168375e+00
-2.156156156156156189e+00
-2.144144144144144004e+00
-2.132132132132132263e+00
-2.120120120120120077e+00
-2.108108108108108336e+00
-2.096096096096096151e+00
-2.084084084084083965e+00
-2.072072072072072224e+00
-2.060060060060060039e+00
-2.048048048048048297e+00
-2.036036036036036112e+00
-2.024024024024023927e+00
-2.012012012012012185e+00
-2.000000000000000000e+00
-1.987987987987987815e+00
-1.975975975975975629e+00
-1.963963963963964332e+00
-1.951951951951952147e+00
-1.939939939939939961e+00
-1.927927927927927776e+00
-1.915915915915915591e+00
-1.903903903903904293e+00
-1.891891891891892108e+00
-1.879879879879879923e+00
-1.867867867867867737e+00
-1.855855855855855552e+00
-1.843843843843844255e+00
-1.831831831831832069e+00
-1.819819819819819884e+00
-1.807807807807807698e+00
-1.795795795795795513e+00
-1.783783783783784216e+00
-1.771771771771772030e+00
-1.759759759759759845e+00
-1.747747747747747660e+00
-1.735735735735735474e+00
-1.723723723723724177e+00
-1.711711711711711992e+00
-1.699699699699699806e+00
-1.687687687687687621e+00
-1.675675675675675436e+00
-1.663663663663664138e+00
-1.651651651651651953e+00
-1.639639639639639768e+00
-1.627627627627627582e+00
-1.615615615615615397e+00
-1.603603603603603212e+00
-1.591591591591591914e+00
-1.579579579579579729e+00
-1.567567567567567544e+00
-1.555555555555555358e+00
-1.543543543543543173e+00
-1.531531531531531876e+00
-1.519519519519519690e+00
-1.507507507507507505e+00
-1.495495495495495319e+00
-1.483483483483483134e+00
-1.471471471471471837e+00
-1.459459459459459651e+00
-1.447447447447447466e+00
-1.435435435435435281e+00
-1.423423423423423095e+00
-1.411411411411411798e+00
-1.399399399399399613e+00
-1.387387387387387427e+00
-1.375375375375375242e+00
-1.363363363363363057e+00
-1.351351351351351759e+00
-1.339339339339339574e+00
-1.327327327327327389e+00
-1.315315315315315203e+00
-1.303303303303303018e+00
-1.291291291291291721e+00
-1.279279279279279535e+00
-1.267267267267267350e+00
-1.255255255255255165e+00
-1.243243243243242979e+00
-1.231231231231231682e+00
-1.219219219219219497e+00
-1.207207207207207311e+00
-1.195195195195195126e+00
-1.183183183183182940e+00
-1.171171171171171643e+00
-1.159159159159159458e+00
-1.147147147147147273e+00
-1.135135135135135087e+00
-1.123123123123122902e+00
-1.111111111111110716e+00
-1.099099099099099419e+00
-1.087087087087087234e+00
-1.075075075075075048e+00
-1.063063063063062863e+00
-1.051051051051050678e+00
-1.039039039039039380e+00
-1.027027027027027195e+00
-1.015015015015015010e+00
-1.003003003003002824e+00
-9.909909909909906389e-01
-9.789789789789793417e-01
-9.669669669669671563e-01
-9.549549549549549710e-01
-9.429429429429427856e-01
-9.309309309309306002e-01
-9.189189189189193030e-01
-9.069069069069071176e-01
-8.948948948948949322e-01
-8.828828828828827469e-01
-8.708708708708705615e-01
-8.588588588588592643e-01
-8.468468468468470789e-01
-8.348348348348348935e-01
-8.228228228228227081e-01
-8.108108108108105228e-01
-7.987987987987992256e-01
-7.867867867867870402e-01
-7.747747747747748548e-01
-7.627627627627626694e-01
-7.507507507507504840e-01
-7.387387387387391868e-01
-7.267267267267270014e-01
-7.147147147147148161e-01
-7.027027027027026307e-01
-6.906906906906904453e-01
-6.786786786786791481e-01
-6.666666666666669627e-01
-6.546546546546547773e-01
-6.426426426426425920e-01
-6.306306306306304066e-01
-6.186186186186191094e-01
-6.066066066066069240e-01
-5.945945945945947386e-01
-5.825825825825825532e-01
-5.705705705705703679e-01
-5.585585585585581825e-01
-5.465465465465468853e-01
-5.345345345345346999e-01
-5.225225225225225145e-01
-5.105105105105103291e-01
-4.984984984984981438e-01
-4.864864864864868466e-01
-4.744744744744746612e-01
-4.624624624624624758e-01
-4.504504504504502904e-01
-4.384384384384381050e-01
-4.264264264264268078e-01
-4.144144144144146225e-01
-4.024024024024024371e-01
-3.903903903903902517e-01
-3.783783783783780663e-01
-3.663663663663667691e-01
-3.543543543543545837e-01
-3.423423423423423984e-01
-3.303303303303302130e-01
-3.183183183183180276e-01
-3.063063063063067304e-01
-2.942942942942945450e-01
-2.822822822822823596e-01
-2.702702702702701743e-01
-2.582582582582579889e-01
-2.462462462462466917e-01
-2.342342342342345063e-01
-2.222222222222223209e-01
-2.102102102102101355e-01
-1.981981981981979501e-01
-1.861861861861866529e-01
-1.741741741741744676e-01
-1.621621621621622822e-01
-1.501501501501500968e-01
-1.381381381381379114e-01
-1.261261261261266142e-01
-1.141141141141144288e-01
-1.021021021021022435e-01
-9.009009009009005808e-02
-7.807807807807787270e-02
-6.606606606606568732e-02
-5.405405405405439012e-02
-4.204204204204220474e-02
-3.003003003003001936e-02
-1.801801801801783398e-02
-6.006006006005648601e-03
6.006006006005648601e-03
1.801801801801783398e-02
3.003003003003001936e-02
4.204204204204220474e-02
5.405405405405439012e-02
6.606606606606568732e-02
7.807807807807787270e-02
9.009009009009005808e-02
1.021021021021022435e-01
1.141141141141144288e-01
1.261261261261257260e-01
1.381381381381379114e-01
1.501501501501500968e-01
1.621621621621622822e-01
1.741741741741744676e-01
1.861861861861857648e-01
1.981981981981979501e-01
2.102102102102101355e-01
2.222222222222223209e-01
2.342342342342345063e-01
2.462462462462458035e-01
2.582582582582579889e-01
2.702702702702701743e-01
2.822822822822823596e-01
2.942942942942945450e-01
3.063063063063058422e-01
3.183183183183180276e-01
3.303303303303302130e-01
3.423423423423423984e-01
3.543543543543545837e-01
3.663663663663658809e-01
3.783783783783780663e-01
3.903903903903902517e-01
4.024024024024024371e-01
4.144144144144146225e-01
4.264264264264268078e-01
4.384384384384381050e-01
4.504504504504502904e-01
4.624624624624624758e-01
4.744744744744746612e-01
4.864864864864868466e-01
4.984984984984981438e-01
5.105105105105103291e-01
5.225225225225225145e-01
5.345345345345346999e-01
5.465465465465468853e-01
5.585585585585581825e-01
5.705705705705703679e-01
5.825825825825825532e-01
5.945945945945947386e-01
6.066066066066069240e-01
6.186186186186182212e-01
6.306306306306304066e-01
6.426426426426425920e-01
6.546546546546547773e-01
6.666666666666669627e-01
6.786786786786782599e-01
6.906906906906904453e-01
7.027027027027026307e-01
7.147147147147148161e-01
7.267267267267270014e-01
7.387387387387382987e-01
7.507507507507504840e-01
7.627627627627626694e-01
7.747747747747748548e-01
7.867867867867870402e-01
7.987987987987983374e-01
8.108108108108105228e-01
8.228228228228227081e-01
8.348348348348348935e-01
8.468468468468470789e-01
8.588588588588583761e-01
8.708708708708705615e-01
8.828828828828827469e-01
8.948948948948949322e-01
9.069069069069071176e-01
9.189189189189193030e-01
9.309309309309306002e-01
9.429429429429427856e-01
9.549549549549549710e-01
9.669669669669671563e-01
9.789789789789793417e-01
9.909909909909906389e-01
1.003003003003002824e+00
1.015015015015015010e+00
1.027027027027027195e+00
1.039039039039039380e+00
1.051051051051050678e+00
1.063063063063062863e+00
1.075075075075075048e+00
1.087087087087087234e+00
1.099099099099099419e+00
1.111111111111110716e+00
1.123123123123122902e+00
1.135135135135135087e+00
1.147147147147147273e+00
1.159159159159159458e+00
1.171171171171170755e+00
1.183183183183182940e+00
1.195195195195195126e+00
1.207207207207207311e+00
1.219219219219219497e+00
1.231231231231230794e+00
1.243243243243242979e+00
1.255255255255255165e+00
1.267267267267267350e+00
1.279279279279279535e+00
1.291291291291290833e+00
1.303303303303303018e+00
1.315315315315315203e+00
1.327327327327327389e+00
1.339339339339339574e+00
1.351351351351350871e+00
1.363363363363363057e+00
1.375375375375375242e+00
1.387387387387387427e+00
1.399399399399399613e+00
1.411411411411410910e+00
1.423423423423423095e+00
1.435435435435435281e+00
1.447447447447447466e+00
1.459459459459459651e+00
1.471471471471471837e+00
1.483483483483483134e+00
1.495495495495495319e+00
1.507507507507507505e+00
1.519519519519519690e+00
1.531531531531531876e+00
1.543543543543543173e+00
1.555555555555555358e+00
1.567567567567567544e+00
1.579579579579579729e+00
1.591591591591591914e+00
1.603603603603603212e+00
1.615615615615615397e+00
1.627627627627627582e+00
1.639639639639639768e+00
1.651651651651651953e+00
1.663663663663663250e+00
1.675675675675675436e+00
1.687687687687687621e+00
1.699699699699699806e+00
1.711711711711711992e+00
1.723723723723723289e+00
1.735735735735735474e+00
1.747747747747747660e+00
1.759759759759759845e+00
1.771771771771772030e+00
1.783783783783783328e+00
1.795795795795795513e+00
1.807807807807807698e+00
1.819819819819819884e+00
1.831831831831832069e+00
1.843843843843843366e+00
1.855855855855855552e+00
1.867867867867867737e+00
1.879879879879879923e+00
1.891891891891892108e+00
1.903903903903903405e+00
1.915915915915915591e+00
1.927927927927927776e+00
1.939939939939939961e+00
1.951951951951952147e+00
1.963963963963964332e+00
1.975975975975975629e+00
1.987987987987987815e+00
2.000000000000000000e+00
2.012012012012011297e+00
2.024024024024024371e+00
2.036036036036035668e+00
2.048048048048048742e+00
2.060060060060060039e+00
2.072072072072071336e+00
2.084084084084084409e+00
2.096096096096095707e+00
2.108108108108108780e+00
2.120120120120120077e+00
2.132132132132131375e+00
2.144144144144144448e+00
2.156156156156155745e+00
2.168168168168168819e+00
2.180180180180180116e+00
2.192192192192191413e+00
2.204204204204204487e+00
2.216216216216215784e+00
2.228228228228228858e+00
2.240240240240240155e+00
2.252252252252251452e+00
2.264264264264264526e+00
2.276276276276275823e+00
2.288288288288288896e+00
2.300300300300300194e+00
2.312312312312311491e+00
2.324324324324324564e+00
2.336336336336335862e+00
2.348348348348348935e+00
2.360360360360360232e+00
2.372372372372371530e+00
2.384384384384384603e+00
2.396396396396395900e+00
2.408408408408408974e+00
2.420420420420420271e+00
2.432432432432431568e+00
2.444444444444444642e+00
2.456456456456455939e+00
2.468468468468469013e+00
2.480480480480480310e+00
2.492492492492491607e+00
2.504504504504504681e+00
2.516516516516515978e+00
2.528528528528529051e+00
2.540540540540540349e+00
2.552552552552551646e+00
2.564564564564564719e+00
2.576576576576576016e+00
2.588588588588589090e+00
2.600600600600600387e+00
2.612612612612611684e+00
2.624624624624624758e+00
2.636636636636636055e+00
2.648648648648649129e+00
2.660660660660660426e+00
2.672672672672671723e+00
2.684684684684684797e+00
2.696696696696696094e+00
2.708708708708709167e+00
2.720720720720720465e+00
2.732732732732733538e+00
2.744744744744744835e+00
2.756756756756756133e+00
2.768768768768769206e+00
2.780780780780780503e+00
2.792792792792793577e+00
2.804804804804804874e+00
2.816816816816816171e+00
2.828828828828829245e+00
2.840840840840840542e+00
2.852852852852853616e+00
2.864864864864864913e+00
2.876876876876876210e+00
2.888888888888889284e+00
2.900900900900900581e+00
2.912912912912913654e+00
2.924924924924924952e+00
2.936936936936936249e+00
2.948948948948949322e+00
2.960960960960960620e+00
2.972972972972973693e+00
2.984984984984984990e+00
2.996996996996996288e+00
3.009009009009009361e+00
3.021021021021020658e+00
3.033033033033033732e+00
3.045045045045045029e+00
3.057057057057056326e+00
3.069069069069069400e+00
3.081081081081080697e+00
3.093093093093093771e+00
3.105105105105105068e+00
3.117117117117116365e+00
3.129129129129129439e+00
3.141141141141140736e+00
3.153153153153153809e+00
3.165165165165165106e+00
3.177177177177176404e+00
3.189189189189189477e+00
3.201201201201200774e+00
3.213213213213213848e+00
3.225225225225225145e+00
3.237237237237236442e+00
3.249249249249249516e+00
3.261261261261260813e+00
3.273273273273273887e+00
3.285285285285285184e+00
3.297297297297296481e+00
3.309309309309309555e+00
3.321321321321320852e+00
3.333333333333333925e+00
3.345345345345345223e+00
3.357357357357356520e+00
3.369369369369369593e+00
3.381381381381380891e+00
3.393393393393393964e+00
3.405405405405405261e+00
3.417417417417416559e+00
3.429429429429429632e+00
3.441441441441440929e+00
3.453453453453454003e+00
3.465465465465465300e+00
3.477477477477476597e+00
3.489489489489489671e+00
3.501501501501500968e+00
3.513513513513514042e+00
3.525525525525525339e+00
3.537537537537536636e+00
3.549549549549549710e+00
3.561561561561561007e+00
3.573573573573574080e+00
3.585585585585585378e+00
3.597597597597596675e+00
3.609609609609609748e+00
3.621621621621621046e+00
3.633633633633634119e+00
3.645645645645645416e+00
3.657657657657656713e+00
3.669669669669669787e+00
3.681681681681681084e+00
3.693693693693694158e+00
3.705705705705705455e+00
3.717717717717716752e+00
3.729729729729729826e+00
3.741741741741741123e+00
3.753753753753754197e+00
3.765765765765765494e+00
3.777777777777778567e+00
3.789789789789789864e+00
3.801801801801801162e+00
3.813813813813814235e+00
3.825825825825825532e+00
3.837837837837838606e+00
3.849849849849849903e+00
3.861861861861861200e+00
3.873873873873874274e+00
3.885885885885885571e+00
3.897897897897898645e+00
3.909909909909909942e+00
3.921921921921921239e+00
3.933933933933934313e+00
3.945945945945945610e+00
3.957957957957958683e+00
3.969969969969969981e+00
3.981981981981981278e+00
3.993993993993994351e+00
4.006006006006005649e+00
4.018018018018018722e+00
4.030030030030030019e+00
4.042042042042041317e+00
4.054054054054054390e+00
4.066066066066065687e+00
4.078078078078078761e+00
4.090090090090090058e+00
4.102102102102101355e+00
4.114114114114114429e+00
4.126126126126125726e+00
4.138138138138138800e+00
4.150150150150150097e+00
4.162162162162161394e+00
4.174174174174174468e+00
4.186186186186185765e+00
4.198198198198198838e+00
4.210210210210210136e+00
4.222222222222221433e+00
4.234234234234234506e+00
4.246246246246245803e+00
4.258258258258258877e+00
4.270270270270270174e+00
4.282282282282281471e+00
4.294294294294294545e+00
4.306306306306305842e+00
4.318318318318318916e+00
4.330330330330330213e+00
4.342342342342341510e+00
4.354354354354354584e+00
4.366366366366365881e+00
4.378378378378378954e+00
4.390390390390390252e+00
4.402402402402401549e+00
4.414414414414414622e+00
4.426426426426425920e+00
4.438438438438438993e+00
4.450450450450450290e+00
4.462462462462461588e+00
4.474474474474474661e+00
4.486486486486485958e+00
4.498498498498499032e+00
4.510510510510510329e+00
4.522522522522521626e+00
4.534534534534534700e+00
4.546546546546545997e+00
4.558558558558559071e+00
4.570570570570570368e+00
4.582582582582581665e+00
4.594594594594594739e+00
4.606606606606606036e+00
4.618618618618619109e+00
4.630630630630630407e+00
4.642642642642641704e+00
4.654654654654654777e+00
4.666666666666666075e+00
4.678678678678679148e+00
4.690690690690690445e+00
4.702702702702701743e+00
4.714714714714714816e+00
4.726726726726726113e+00
4.738738738738739187e+00
4.750750750750750484e+00
4.762762762762761781e+00
4.774774774774774855e+00
4.786786786786786152e+00
4.798798798798799226e+00
4.810810810810810523e+00
4.822822822822823596e+00
4.834834834834834894e+00
4.846846846846846191e+00
4.858858858858859264e+00
4.870870870870870561e+00
4.882882882882883635e+00
4.894894894894894932e+00
4.906906906906906229e+00
4.918918918918919303e+00
4.930930930930930600e+00
4.942942942942943674e+00
4.954954954954954971e+00
4.966966966966966268e+00
4.978978978978979342e+00
4.990990990990990639e+00
5.003003003003003712e+00
5.015015015015015010e+00
5.027027027027026307e+00
5.039039039039039380e+00
5.051051051051050678e+00
5.063063063063063751e+00
5.075075075075075048e+00
5.087087087087086346e+00
5.099099099099099419e+00
5.111111111111110716e+00
5.123123123123123790e+00
5.135135135135135087e+00
5.147147147147146384e+00
5.159159159159159458e+00
5.171171171171170755e+00
5.183183183183183829e+00
5.195195195195195126e+00
5.207207207207206423e+00
5.219219219219219497e+00
5.231231231231230794e+00
5.243243243243243867e+00
5.255255255255255165e+00
5.267267267267266462e+00
5.279279279279279535e+00
5.291291291291290833e+00
5.303303303303303906e+00
5.315315315315315203e+00
5.327327327327326500e+00
5.339339339339339574e+00
5.351351351351350871e+00
5.363363363363363945e+00
5.375375375375375242e+00
5.387387387387386539e+00
5.399399399399399613e+00
5.411411411411410910e+00
5.423423423423423984e+00
5.435435435435435281e+00
5.447447447447446578e+00
5.459459459459459651e+00
5.471471471471470949e+00
5.483483483483484022e+00
5.495495495495495319e+00
5.507507507507506617e+00
5.519519519519519690e+00
5.531531531531530987e+00
5.543543543543544061e+00
5.555555555555555358e+00
5.567567567567566655e+00
5.579579579579579729e+00
5.591591591591591026e+00
5.603603603603604100e+00
5.615615615615615397e+00
5.627627627627626694e+00
5.639639639639639768e+00
5.651651651651651065e+00
5.663663663663664138e+00
5.675675675675675436e+00
5.687687687687686733e+00
5.699699699699699806e+00
5.711711711711711104e+00
5.723723723723724177e+00
5.735735735735735474e+00
5.747747747747746772e+00
5.759759759759759845e+00
5.771771771771771142e+00
5.783783783783784216e+00
5.795795795795795513e+00
5.807807807807808587e+00
5.819819819819819884e+00
5.831831831831831181e+00
5.843843843843844255e+00
5.855855855855855552e+00
5.867867867867868625e+00
5.879879879879879923e+00
5.891891891891891220e+00
5.903903903903904293e+00
5.915915915915915591e+00
5.927927927927928664e+00
5.939939939939939961e+00
5.951951951951951258e+00
5.963963963963964332e+00
5.975975975975975629e+00
5.987987987987988703e+00
6.000000000000000000e+00
-2.861881903170141239e+00
-2.864373873192004538e+00
-2.856293430515544074e+00
-2.863215035087301352e+00
-2.854964478520642945e+00
-2.852009775678369774e+00
-2.860538591937210828e+00
-2.867660102825958290e+00
-2.856867746415300946e+00
-2.861567037456492102e+00
-2.855659703367579905e+00
-2.860103542958708278e+00
-2.855930464249152312e+00
-2.868353112073756428e+00
-2.868575485747427489e+00
-2.854199951881374098e+00
-2.868643485971958729e+00
-2.850544205708248402e+00
-2.866022402721853712e+00
-2.863913388747876709e+00
-2.856150185608736791e+00
-2.864969089463662577e+00
-2.856585897612649916e+00
-2.863046709238032062e+00
-2.866262504738328776e+00
-2.852389043106191124e+00
-2.851311396861760716e+00
-2.854254783122700090e+00
-2.858744814402335077e+00
-2.861610599975188851e+00
-2.863230466419299791e+00
-2.867865907019540916e+00
-2.851524772998782709e+00
-2.859349758580724821e+00
-2.860265989320900815e+00
-2.863005161715479918e+00
-2.860216154347467121e+00
-2.850821051948139395e+00
-2.868420150874447572e+00
-2.867235339052954579e+00
2.802128584999739491e+00
2.790558068206074882e+00
2.805778714838843335e+00
2.800690251348831428e+00
2.797800921818947906e+00
2.790335478434554872e+00
2.805026199818038801e+00
2.790410209232456751e+00
2.805754781168972034e+00
2.790113983448240464e+00
2.800854116145107930e+00
2.800444153089860944e+00
2.800517153554808569e+00
2.795717708219993103e+00
2.795766432064398899e+00
2.789616547400194602e+00
2.798384604433493461e+00
2.798785110582333147e+00
2.802009810828002934e+00
2.798392906453903262e+00
2.792633199816991318e+00
2.791494918850340401e+00
2.806674360412233948e+00
2.793252293016861731e+00
2.792444489095854188e+00
2.795469888731500152e+00
2.788861828991766156e+00
2.805324897929851513e+00
2.797620403886154516e+00
2.807718488623279107e+00
2.795740646073804125e+00
2.803976169624161852e+00
2.807718329587254313e+00
2.790391085490234069e+00
2.799761159226743956e+00
2.791020331572389157e+00
2.799046093830617643e+00
2.803646149324540371e+00
2.789308065285161398e+00
2.795812354972780689e+00
-2.749754921962542120e+00
-2.747436588842807836e+00
-2.741310099613448070e+00
-2.743085507081712837e+00
-2.755053751102483073e+00
-2.738972868316862375e+00
-2.748461681882571117e+00
-2.741139276268417468e+00
-2.753626843461811191e+00
-2.747954482623865324e+00
-2.748928146858312882e+00
-2.746169793007572135e+00
-2.743968419001783676e+00
-2.739801341447063887e+00
-2.738090602835451026e+00
-2.748421355724765647e+00
-2.742057280616378101e+00
-2.747657358204564026e+00
-2.747123896943062693e+00
-2.738679879764819081e+00
-2.744533644466508271e+00
-2.743419191177491889e+00
-2.754718034071317767e+00
-2.747825631564448479e+00
-2.744979755296129031e+00
-2.754437293148380927e+00
-2.754483247092509135e+00
-2.738821606184941970e+00
-2.755292591976306493e+00
-2.741130310624745103e+00
-2.736343431265239712e+00
-2.742176117830324777e+00
-2.753577132349332324e+00
-2.744852998668381616e+00
-2.751106832514747857e+00
-2.736809473734567622e+00
-2.737396757406374448e+00
-2.739645402782861172e+00
-2.753999607727706689e+00
-2.747319697688343609e+00
2.600299669026203020e+00
2.612014058311729503e+00
2.611357331074202204e+00
2.615284214802367391e+00
2.611001564160290389e+00
2.596378700906686543e+00
2.600940157510848394e+00
2.597028767075097555e+00
2.600867507584374128e+00
2.615082220380946509e+00
2.611490374409635162e+00
2.601254439373020588e+00
2.615321283415579234e+00
2.613782675751615603e+00
2.611855732818871623e+00
2.616157653470727595e+00
2.598362334654641170e+00
2.609022365056080872e+00
2.616096294543758471e+00
2.604527105069092130e+00
2.600149648358153875e+00
2.604279033339484961e+00
2.614028046955157780e+00
2.610025819556647697e+00
2.603527625137454837e+00
2.611903094433573269e+00
2.602297016544056873e+00
2.600810310788127744e+00
2.597464220747660590e+00
2.615404552000861305e+00
2.602617484418742411e+00
2.601734632603313724e+00
2.614268728318799972e+00
2.613943741191895764e+00
2.597413766609771191e+00
2.613773747190245800e+00
2.612639825824599527e+00
2.600727190317122517e+00
2.604940549138526240e+00
2.599964512890747148e+00
-2.215263823415728250e+00
-2.221394646344653889e+00
-2.206544679463812830e+00
-2.218907476808134938e+00
-2.213909475462068954e+00
-2.223131895883872833e+00
-2.207912731337604129e+00
-2.219868343651969500e+00
-2.220862918468879066e+00
-2.213075795794667400e+00
-2.224458714787398872e+00
-2.210152498307110136e+00
-2.218623818925213431e+00
-2.217367614921862629e+00
-2.222249309896376257e+00
-2.224610621035946867e+00
-2.205724053686884290e+00
-2.220871545694242499e+00
-2.218231255590990880e+00
-2.218813031689320869e+00
-2.212317960110341541e+00
-2.219518834787218342e+00
-2.217427149679365606e+00
-2.209062756966050145e+00
-2.220083131753189054e+00
-2.216483446857969941e+00
-2.209266225165652742e+00
-2.210443588497944756e+00
-2.222824550046328618e+00
-2.206236354811843992e+00
-2.214705850227167705e+00
-2.220481343146392117e+00
-2.211564139516032590e+00
-2.223333101975425219e+00
-2.209539363479484209e+00
-2.216886233458989164e+00
-2.219958880140694202e+00
-2.212909728052011804e+00
-2.223211930206633102e+00
-2.219346362266522377e+00
2.171779452835827406e+00
2.168835434777259152e+00
2.164410391125477062e+00
2.171767046490518105e+00
2.164519937737290789e+00
2.158088587365901034e+00
2.174021780899712208e+00
2.162171478265105584e+00
2.166808004634125151e+00
2.170145818796989090e+00
2.170822185545575156e+00
2.172169164029941868e+00
2.155605062005105488e+00
2.166461861025722690e+00
2.167464138758498748e+00
2.171994269466329897e+00
2.173757627513247748e+00
2.165118838108163857e+00
2.167805762164524808e+00
2.159179809129041505e+00
2.164507890445698468e+00
2.173187697669616725e+00
2.158210233348475171e+00
2.170112694181825397e+00
2.154897686411344271e+00
2.160605075585360524e+00
2.168161095450044318e+00
2.154878302177608340e+00
2.156828489753286782e+00
2.173761977946607082e+00
2.160342668432300606e+00
2.155840734746161669e+00
2.166924298959648443e+00
2.171803353665915370e+00
2.159285509372720568e+00
2.173251171221844746e+00
2.156081652427703332e+00
2.169237855123670844e+00
2.172741250319628836e+00
2.162915088069841563e+00
-2.065948920800471544e+00
-2.065892361582876369e+00
-2.052736183474918708e+00
-2.054546471391608176e+00
-2.049661668533057757e+00
-2.055190192843654895e+00
-2.048031687291392178e+00
-2.062263646499664205e+00
-2.049930248132999289e+00
-2.055564693281452193e+00
-2.065904034438332371e+00
-2.062598786686293817e+00
-2.050584737344163244e+00
-2.051998204272513782e+00
-2.061150607038575000e+00
-2.060906544257718576e+00
-2.051062892379603930e+00
-2.049193119517717765e+00
-2.054557777757655135e+00
-2.059870807945859639e+00
-2.057857140756262915e+00
-2.059780272476010143e+00
-2.047533873828548234e+00
-2.052153750859760706e+00
-2.053388588441723339e+00
-2.052519394225749139e+00
-2.048107836772991242e+00
-2.065095587833921442e+00
-2.056657000371139077e+00
-2.057815271193467854e+00
-2.065417931030467003e+00
-2.065511112408535688e+00
-2.065411385563091784e+00
-2.063275558836220380e+00
-2.064943823403634582e+00
-2.047505661370605079e+00
-2.057258495947710486e+00
-2.052342691597742963e+00
-2.047390761285444061e+00
-2.052993190654671007e+00
1.986459190453801815e+00
1.971246525449424469e+00
1.987521131999641311e+00
1.978930124009464775e+00
1.981682363032976069e+00
1.974174964838006474e+00
1.978685746948839697e+00
1.988209894832642766e+00
1.976315332087335896e+00
1.981427588012349972e+00
1.987195964036072127e+00
1.982512910767914027e+00
1.972883668756977071e+00
1.980285369002696472e+00
1.978564706648458182e+00
1.980431551205868335e+00
1.984750034098137217e+00
1.971006360712637129e+00
1.983033286220335034e+00
1.972965903806271903e+00
1.982342339294596689e+00
1.986521358248297231e+00
1.988458710275170072e+00
1.986169314203404923e+00
1.988960268533478404e+00
1.973707094662360717e+00
1.988736862544910666e+00
1.985328417342465901e+00
1.989546415757556419e+00
1.971055475763074716e+00
1.983852047737485247e+00
1.977593026064165871e+00
1.974592071143768335e+00
1.988113501405597283e+00
1.988913670220534557e+00
1.974188990360949525e+00
1.977034290623551183e+00
1.981484625335041994e+00
1.973867110681285286e+00
1.975478292402838898e+00
-2.212220936388946679e-01
-2.221423468017846015e-01
-2.325436281150615736e-01
-2.209212100876411511e-01
-2.202167068640832337e-01
-2.201915987482836734e-01
-2.317790256806567251e-01
-2.349980892751043493e-01
-2.261486991536722224e-01
-2.266835809566739024e-01
-2.200882035992615116e-01
-2.201948950388757098e-01
-2.337164275307647698e-01
-2.175173796869828147e-01
-2.205252454881343471e-01
-2.288036136079012739e-01
-2.154795222568789970e-01
-2.266707493915448846e-01
-2.223572627123902301e-01
-2.169013566643894220e-01
-2.297481385676437005e-01
-2.309122167357965938e-01
-2.292437962640936355e-01
-2.307188634597875931e-01
-2.251964232383704967e-01
-2.177329069606717404e-01
-2.295166486451507282e-01
-2.264410633396411743e-01
-2.219538254351657580e-01
-2.339725787251754341e-01
-2.153112393934272228e-01
-2.210422374166587101e-01
-2.310474930747044575e-01
-2.326324391467076425e-01
-2.317456358845831621e-01
-2.187696545118663904e-01
-2.215866017381523112e-01
-2.227112443427113897e-01
-2.156727253266074451e-01
-2.277815227637765561e-01
1.517283926953779394e-01
1.382447156681744505e-01
1.474849934462645062e-01
1.455416509764938249e-01
1.439497974431653560e-01
1.536018316718720245e-01
1.392375423750528141e-01
1.443418836886704304e-01
1.488178065428127361e-01
1.467274156396021212e-01
1.501376325119825605e-01
1.457918361939684049e-01
1.472029613164800854e-01
1.386813008890303567e-01
1.425811254878429912e-01
1.492202125201886886e-01
1.483143078721994024e-01
1.414733558179479822e-01
1.514258115488284762e-01
1.467162321905653710e-01
1.449445552498708767e-01
1.383529244501128241e-01
1.482896602002491959e-01
1.465296757287750384e-01
1.436549825572732419e-01
1.516722977082091417e-01
1.517643202950237080e-01
1.408091510187272355e-01
1.532664742019401449e-01
1.445863351739267444e-01
1.361087887195450985e-01
1.447570195924232361e-01
1.470571914952698289e-01
1.344711232290150826e-01
1.521603235768201334e-01
1.406233378571381254e-01
1.534272009636323819e-01
1.453995272560558716e-01
1.410073508933376851e-01
1.526569355740748923e-01
1.267330610156488201e-02
7.519998801403401933e-03
5.767957029858671730e-03
9.586348338253655732e-03
1.507598651314944610e-02
1.061253186202805107e-02
1.709857741190175251e-02
1.707092623925205582e-02
1.039370187104129463e-02
7.939812463247715446e-03
1.441778417059677922e-02
2.466449508162805657e-02
1.770393943589027366e-02
1.146581471027728442e-02
1.886631700021600827e-02
1.682418791764024590e-02
1.310721537203503664e-02
1.405742032072470477e-02
1.785439640504527664e-02
2.294018677969966377e-02
1.014299510579841357e-02
1.427536890016556717e-02
2.171559216001033021e-02
2.108891855724528627e-02
2.428156883075645311e-02
1.902107233594114988e-02
2.301440029193877954e-02
1.675939206745549748e-02
2.428718678518501303e-02
1.750203441901020812e-02
9.586742988915241889e-03
8.907373806585169862e-03
1.729810287804618013e-02
5.799172320121441515e-03
8.548951511143050574e-03
1.506964269490238852e-02
7.770843962286368145e-03
2.249344174770921689e-02
2.096642666308371622e-02
2.433192014299500813e-02
-2.860076232956036080e+00
2.797777093504204338e+00
-2.745649308646455733e+00
2.606315579469043353e+00
-2.215512195263499073e+00
2.164670167963588021e+00
-2.057294514038298328e+00
1.980589710980008133e+00
-2.252864935261359447e-01
1.437490180043358157e-01
1.503346373817372392e-02
