1.000000000000000072e-18
1.000000000000000072e-18
1.000000000000000072e-18
1.000000000000000072e-18
1.000000000000000072e-18
1.132470628345686243e-18
1.434836557375514712e-18
1.767736338812542479e-18
2.133792910110514062e-18
2.535845149590686972e-18
2.976965624187756819e-18
3.460479820318142870e-18
3.989986985086040457e-18
4.569382716302207981e-18
5.202883452081803560e-18
5.895053024206492080e-18
6.650831454094335141e-18
7.475566186232251951e-18
8.375045971422721383e-18
9.355537631323163456e-18
1.042382595666462834e-17
1.158725701440737440e-17
1.285378516410666606e-17
1.423202411113752547e-17
1.573130235439294925e-17
1.736172341887436333e-17
1.913423129952888615e-17
2.106068158204764448e-17
2.315391874947769185e-17
2.542786023078893187e-17
2.789758779938100051e-17
3.057944698639828094e-17
3.349115523611142899e-17
3.665191959911925451e-17
4.008256483431409247e-17
4.380567287313515846e-17
4.784573469035578227e-17
5.222931572535747935e-17
5.698523610744410510e-17
6.214476705928609400e-17
6.774184498518363214e-17
7.381330489674629870e-17
8.039913498923190599e-17
8.754275435865945943e-17
9.529131604469383507e-17
1.036960377990314694e-16
1.128125632157523187e-16
1.227013561211932426e-16
1.334281314089045139e-16
1.450643258231415656e-16
1.576876125452950033e-16
1.713824638252814018e-16
1.862407663282209379e-16
2.023624943401207549e-16
2.198564464997882065e-16
2.388410523032816176e-16
2.594452552681191013e-16
2.818094803539472280e-16
3.060866940223302300e-16
3.324435661890711280e-16
3.610617442878298103e-16
3.921392507343555815e-16
4.258920162684107672e-16
4.625555629689217760e-16
5.023868522019317069e-16
5.456663143875108635e-16
5.927000792797373863e-16
6.438224274641655340e-16
6.993984860140118280e-16
7.598271937356467502e-16
8.255445642063089649e-16
8.970272778957423293e-16
9.747966381061553923e-16
1.059422929304793284e-15
1.151530220707427936e-15
1.251801662754024694e-15
1.360985329459939815e-15
1.479900665595826371e-15
1.609445604324842305e-15
1.750604428393158453e-15
1.904456456328657157e-15
2.072185644464145570e-15
2.255091206091344400e-15
2.454599360813938207e-15
2.672276340362395577e-15
2.909842791944822036e-15
3.169189736843538924e-15
3.452396260662353386e-15
3.761749132653576819e-15
4.099764575208983599e-15
4.469212431233347992e-15
4.873143007125746233e-15
5.314916902920705987e-15
5.798238179301726020e-15
6.327191254273739883e-15
6.906281970937356397e-15
7.540483332804888036e-15
8.235286465304595366e-15
8.996757432532951458e-15
9.831600618068085697e-15
1.074722946906111057e-14
1.175184550536845826e-14
1.285452661189396123e-14
1.406532576455301415e-14
1.539538149061119625e-14
1.685704153520572585e-14
1.846400140063111398e-14
2.023145964692510229e-14
2.217629209543343105e-14
2.431724736597060830e-14
2.667516650827748807e-14
2.927322986587782806e-14
3.213723474231302076e-14
3.529590793438946982e-14
3.878125776412561691e-14
4.262897089173734110e-14
4.687885993925664521e-14
5.157536881338424361e-14
5.676814360460963657e-14
6.251267807806533511e-14
6.887104408411053553e-14
7.591271873139124427e-14
8.371552191504448350e-14
9.236667981646526886e-14
1.019640323339010749e-13
1.126174051184143809e-13
1.244501700400763019e-13
1.376010215684420369e-13
1.522260008065635365e-13
1.685008038716711075e-13
1.866234170900960953e-13
2.068171282127991125e-13
2.293339707319683808e-13
2.544586675915451613e-13
2.825131513762226283e-13
3.138617507223677695e-13
3.489171475629216065e-13
3.881472273067030289e-13
4.320829646509809025e-13
4.813275120223791367e-13
5.365666863412680011e-13
5.985810837572277326e-13
6.682600922311017934e-13
7.466181195768430839e-13
8.348134113162756699e-13
9.341699002507191199e-13
1.046202610209097867e-12
1.172647232662046453e-12
1.315494610047513607e-12
1.477030997705832332e-12
1.659885142130520242e-12
1.867083412761668275e-12
2.102114465103991193e-12
2.369005203558873778e-12
2.672410164151972188e-12
3.017716864093734294e-12
3.411170183920712347e-12
3.860019480089091439e-12
4.372692897836001489e-12
4.959004299028291620e-12
5.630399379134858144e-12
6.400248973621629657e-12
7.284199312851073555e-12
8.300591159274505874e-12
9.470962457021645885e-12
1.082065247643032832e-11
1.237952961636962809e-11
1.418287025546641245e-11
1.627242260250625238e-11
1.869769775150666879e-11
2.151754057127248823e-11
2.480204626776280012e-11
2.863490525349998060e-11
3.311628039463890932e-11
3.836634817005609834e-11
4.452967060250588305e-11
5.178061044798208288e-11
6.033006131262390691e-11
7.043384147879197480e-11
8.240320116347666157e-11
9.661802570963902498e-11
1.135434927527184108e-10
1.337511747162062386e-10
1.579458898074803044e-10
1.870000238508537923e-10
2.219976122076121236e-10
2.642912426902759710e-10
3.155758978138057877e-10
3.779853140760379842e-10
4.542184650870561022e-10
5.477066190857117907e-10
6.628354401293234978e-10
8.052423320447155534e-10
9.822174707754709113e-10
1.203248958876059529e-09
1.480770150215517868e-09
1.831193370992392859e-09
2.276353647310620997e-09
2.845546086175705507e-09
3.578433382105679839e-09
4.529245659887331332e-09
5.772927515142297847e-09
7.414265300808056641e-09
9.601654775998733839e-09
1.254823186692976619e-08
1.656493388016788180e-08
2.211334719115364651e-08
2.989223854119215738e-08
4.098314377553468412e-08
5.710303927148755361e-08
8.105882681965836662e-08
1.175996705303518806e-07
1.750964276662436996e-07
2.690536448244248180e-07
4.300113993211961275e-07
7.230460618958348674e-07
1.302084019171326539e-06
2.588532371003439884e-06
6.022583745759007120e-06
1.884361847517102240e-05
1.320698340393238368e-04
9.964039327968684818e-04
7.344929092235035894e-05
3.085113359567781451e-05
2.020264851059001046e-05
1.647235505805084597e-05
1.549414833187666269e-05
1.631284081917614798e-05
1.907083028847436575e-05
2.498572547629072458e-05
3.788801276879109762e-05
7.214867518818673378e-05
2.209202427655353141e-04
5.997666021068663762e-03
4.632813876348552701e-04
8.729103287095308565e-05
3.497321880281847292e-05
1.861809385316824544e-05
1.154768435863114691e-05
7.890298460836036340e-06
5.767940237651268841e-06
4.433597612800368647e-06
3.543707128521415771e-06
2.922873537067541176e-06
2.474194292302583045e-06
2.140707197281228762e-06
1.887209418726135064e-06
1.691028539368641513e-06
1.537047610450740723e-06
1.414885575139946017e-06
1.317229891139229742e-06
1.238813773788102101e-06
1.175768487099282601e-06
1.125201397537866903e-06
1.084914046086240982e-06
1.053209384967405734e-06
1.028757153922329204e-06
1.010497992698123097e-06
9.975738926051780830e-07
9.892769256386162993e-07
9.850109396450148171e-07
9.842626930636430135e-07
9.865800853230177892e-07
9.915559335927935566e-07
9.988162810117076385e-07
1.008012571702913779e-06
1.018817239298493620e-06
1.030922357095686185e-06
1.044041011112561029e-06
1.057911003769391221e-06
1.072300401270938270e-06
1.087014332784889139e-06
1.101902368086573862e-06
1.116865774397409427e-06
1.131864005964833943e-06
1.146919920037820051e-06
1.162123430944255741e-06
1.177633584353538445e-06
1.193679320963803269e-06
1.210559466749483581e-06
1.228642708686340314e-06
1.248368479996894347e-06
1.270249796209520730e-06
1.294879179875154281e-06
1.322938930102352758e-06
1.355217188238083649e-06
1.392631591237031104e-06
1.436262877100748248e-06
1.487401734062224822e-06
1.547613650904312893e-06
1.618828825118805606e-06
1.703467811617339099e-06
1.804619395522198351e-06
1.926296646073351776e-06
2.073812975112411124e-06
2.254347379805145244e-06
2.477816789942539341e-06
2.758263564668269491e-06
3.116140017926720442e-06
3.582223834858655129e-06
4.204652409729337935e-06
5.062291710579354024e-06
6.291943828303309808e-06
8.148649235760878034e-06
1.115483456886689539e-05
1.652768705663599957e-05
2.769004891431548694e-05
5.771675145571348551e-05
1.995222180931563731e-04
1.710959071163142831e-02
2.976332617361532058e-04
6.324483420580981005e-05
2.610764094642020183e-05
1.394502419615620177e-05
8.555120249530888616e-06
5.725136827905471772e-06
4.067644586050323477e-06
3.019637162281516252e-06
2.318332602321897716e-06
1.828043460559039000e-06
1.473131652752853651e-06
1.208818065316216209e-06
1.007272607673830300e-06
8.504913725551719577e-07
7.264284486400892544e-07
6.267897581534692264e-07
5.457214957531972236e-07
4.790021315628637585e-07
4.235290035501032889e-07
3.769831285047441764e-07
3.376050580270762914e-07
3.040417571959814895e-07
2.752399804765217856e-07
2.503707331377316832e-07
2.287749118621337483e-07
2.099236252848805899e-07
1.933888503607933635e-07
1.788214711786619049e-07
1.659346607885161996e-07
1.544911773714751237e-07
1.442935605843623925e-07
1.351764992603125236e-07
1.270008407006776866e-07
1.196488523687592949e-07
1.130204472177003276e-07
1.070301563958838862e-07
1.016046859592361438e-07
9.668093315782578207e-08
9.220436678808310747e-08
8.812769776753224083e-08
8.440978244621313450e-08
8.101471361096659102e-08
7.791106366979269820e-08
7.507125185372540251e-08
7.247101297827639258e-08
7.008894976088407179e-08
6.790615418903787718e-08
6.590588619630098872e-08
6.407330009654068315e-08
6.239521097646335815e-08
6.085989464944459523e-08
5.945691590362179935e-08
5.817698069146336792e-08
5.701180865093340446e-08
5.595402295456866328e-08
5.499705497946473876e-08
5.413506169972345318e-08
5.336285404031954177e-08
5.267583471105606951e-08
5.206994427209219950e-08
5.154161437704845320e-08
5.108772730290830221e-08
5.070558101344554921e-08
5.039285911930286153e-08
5.014760519683992522e-08
4.996820101253857153e-08
4.985334827258896163e-08
4.980205358039670167e-08
4.981361633986591042e-08
4.988761939088867591e-08
5.002392220675431697e-08
5.022265652221401193e-08
5.048422429663656549e-08
5.080929794984529744e-08
5.119882283956877736e-08
5.165402197961066716e-08
5.217640302744740409e-08
5.276776759959276091e-08
5.343022300327446818e-08
5.416619650433027218e-08
5.497845228434026790e-08
5.587011127548351221e-08
5.684467410012375364e-08
5.790604738442389234e-08
5.905857376218453777e-08
6.030706593755449426e-08
6.165684523430383291e-08
6.311378512625491237e-08
6.468436031962965049e-08
6.637570204518591478e-08
6.819566031802983073e-08
7.015287403821906539e-08
7.225684993843778595e-08
7.451805153938938207e-08
7.694799945293566652e-08
7.955938458208238591e-08
8.236619601110958564e-08
8.538386566516934081e-08
8.862943215444382966e-08
9.212172661314250184e-08
9.588158380984937280e-08
9.993208235720128887e-08
1.042988185028045954e-07
1.090102187607661932e-07
1.140978975700338942e-07
1.195970672736210370e-07
1.255470090408970655e-07
1.319916149518041575e-07
1.389800133872787749e-07
1.465672921991566284e-07
1.548153369590885255e-07
1.637938050271271018e-07
1.735812603848051765e-07
1.842664993323730822e-07
1.959501034938670671e-07
2.087462644112674111e-07
2.227849337308478611e-07
2.382143650942524716e-07
2.552041289961326641e-07
2.739487009086249849e-07
2.946717470126220237e-07
3.176312623813856285e-07
3.431257553736578738e-07
3.715017218979659456e-07
4.031627175782234159e-07
4.385804193732683467e-07
4.783081772630408448e-07
5.229976999656494583e-07
5.734197083949533663e-07
6.304896435800308561e-07
6.952998557807378382e-07
7.691601622529925339e-07
8.536492908887751969e-07
9.506805958679158841e-07
1.062586642277426831e-06
1.192228961888505499e-06
1.343141711200884777e-06
1.519721464921943452e-06
1.727480493843286570e-06
1.973388455355243684e-06
2.266338826490316278e-06
2.617793847430750952e-06
3.042688898984981438e-06
3.560720367889649225e-06
4.198211055820859489e-06
4.990863550851123333e-06
5.987910602565325891e-06
7.258520752380641298e-06
8.901952181794872373e-06
1.106414558938916989e-05
1.396580676440888710e-05
1.795191492381013285e-05
2.358330963163429120e-05
3.181618793816953160e-05
4.437960983500057561e-05
6.464281230100561596e-05
9.984929586052090943e-05
1.678345679661201592e-04
3.222899731320214879e-04
7.891741379326820032e-04
3.517432730144934988e-03
6.149866884954354740e-01
3.563645128007536696e-03
1.003525488368851555e-03
4.907210960922844725e-04
3.024782677406678117e-04
2.120961751368593304e-04
1.615573279980851522e-04
1.304232413106677722e-04
1.099546605832559811e-04
9.589115430455228371e-05
8.594987511937186549e-05
7.881830288575237100e-05
7.370076541330191537e-05
7.009596374404671048e-05
6.768019671214516486e-05
6.624272659045665865e-05
6.564855672206506036e-05
6.581646751930295613e-05
6.670603655872315218e-05
6.831029194893933638e-05
7.065219236588714952e-05
7.378400230882890625e-05
7.778917911226944642e-05
8.278678814392003088e-05
8.893882219661593366e-05
9.646120239203872637e-05
1.056397655538104312e-04
1.168533092312190553e-04
1.306069421235511458e-04
1.475808550630153943e-04
1.687026562345047913e-04
1.952563952337043956e-04
2.290496366633530277e-04
2.726734274450910646e-04
3.299111216371568419e-04
4.063807404435820130e-04
5.105156641297118507e-04
6.549111854208944502e-04
8.575185805189708237e-04
1.139848868716283751e-03
1.512040524989627811e-03
1.923594199118481510e-03
2.195774809738144321e-03
2.117871205803407639e-03
1.735243421039533562e-03
1.287831405951079091e-03
9.219712573937311655e-04
6.595647720375719635e-04
4.783093056884512272e-04
3.530289845742671899e-04
2.651431894470011831e-04
2.023140419788975323e-04
1.565429023640931895e-04
1.226165081284763677e-04
9.708054229167594601e-05
7.759949648646617031e-05
6.256146149218731907e-05
5.083203369590423863e-05
4.159852793231397819e-05
3.426939931444261613e-05
2.840796259838214210e-05
2.368782527779262603e-05
1.986234433928066477e-05
1.674332187202355344e-05
1.418590501597075659e-05
1.207772825428634605e-05
1.033100525813447672e-05
8.876702841827290832e-06
7.660204971270563793e-06
6.638056294316945416e-06
5.775496393020916585e-06
5.044578922169371370e-06
4.422727196009063251e-06
3.891618043860009973e-06
3.436314347172226451e-06
3.044587206311301129e-06
2.706383584908296507e-06
2.413406188746006956e-06
2.158780389447646212e-06
1.936788992691862987e-06
1.742660135498912334e-06
1.572396976259998682e-06
1.422640401896095701e-06
1.290557927469635017e-06
1.173753457421878873e-06
1.070193726897883769e-06
9.781481298137521722e-07
8.961393296905459700e-07
8.229025865414912760e-07
7.573521534812040928e-07
6.985534269160597849e-07
6.456997944878447204e-07
5.980933309058564077e-07
5.551286553338122566e-07
5.162793942818505707e-07
4.810867980943180785e-07
4.491501426368345819e-07
4.201186149687717327e-07
3.936844359995984667e-07
3.695770170057474726e-07
3.475579825030669049e-07
3.274169209668340056e-07
3.089677485640887149e-07
2.920455904425578951e-07
2.765041000280331553e-07
2.622131498742287446e-07
2.490568384119474852e-07
2.369317658807184829e-07
2.257455401367000674e-07
2.154154791908972885e-07
2.058674824648611059e-07
1.970350470381076704e-07
1.888584087502163208e-07
1.812837910314055267e-07
1.742627468669139837e-07
1.677515814336871367e-07
1.617108447491553268e-07
1.561048851961101637e-07
1.509014560801685935e-07
1.460713684744674076e-07
1.415881845412559486e-07
1.374279463177292789e-07
1.335689356353820708e-07
1.299914614263380137e-07
1.266776711715875029e-07
1.236113836775061790e-07
1.207779407390215478e-07
1.181640755693221370e-07
1.157577961546191390e-07
1.135482819345631274e-07
1.115257924199609887e-07
1.096815865440228413e-07
1.080078517054974332e-07
1.064976416051095642e-07
1.051448221036259006e-07
1.039440244432283087e-07
1.028906052758608708e-07
1.019806130348315342e-07
1.012107602709557897e-07
1.005784016534985990e-07
1.000815174105933224e-07
9.971870205505050964e-08
9.948915831084400782e-08
9.939269622435507695e-08
9.942973751398645783e-08
9.960132528334700712e-08
9.990913929828652966e-08
1.003555171081529886e-07
1.009434813784256049e-07
1.016767738972693745e-07
1.025598968246702648e-07
1.035981618721694183e-07
1.047977482366790005e-07
1.061657702668431968e-07
1.077103560188999758e-07
1.094407380658112138e-07
1.113673581642149480e-07
1.135019876654110958e-07
1.158578658873618841e-07
1.184498590545464435e-07
1.212946428736033652e-07
1.244109123597710370e-07
1.278196231802062575e-07
1.315442695574231972e-07
1.356112047064195832e-07
1.400500108959720459e-07
1.448939275692813149e-07
1.501803475827531093e-07
1.559513935876567028e-07
1.622545889667262801e-07
1.691436406452899355e-07
1.766793546478524652e-07
1.849307096217212634e-07
1.939761188950014229e-07
2.039049182244255273e-07
2.148191245322738225e-07
2.268355210287006426e-07
2.400881366722606052e-07
2.547312035827424433e-07
2.709426956112166967e-07
2.889285758479140198e-07
3.089279117608816431e-07
3.312190556397701100e-07
3.561271372886133914e-07
3.840331783071215129e-07
4.153852164407103156e-07
4.507119289554958831e-07
4.906393715818409070e-07
5.359116114457337308e-07
5.874162373190772153e-07
6.462159888109017284e-07
7.135880694148651530e-07
7.910731085171607309e-07
8.805362243513196033e-07
9.842432162970575222e-07
1.104955567342437715e-06
1.246048618795820045e-06
1.411657877824376461e-06
1.606858704933143310e-06
1.837884167992547985e-06
2.112383860376590630e-06
2.439721626411786345e-06
2.831300248859555854e-06
3.300882946289652863e-06
3.864850534179194446e-06
4.542284388698111237e-06
5.354696242881844603e-06
6.325142721609531767e-06
7.476393955944098999e-06
8.827841003166630201e-06
1.039104790308432206e-05
1.216442320675560893e-05
1.412843412409399929e-05
1.624379881347353213e-05
1.845536218473501494e-05
2.070296557317908667e-05
2.293757646774819846e-05
2.513799679666387006e-05
2.732309283130067987e-05
2.955745459749313820e-05
3.195277818431400670e-05
3.467048490348715353e-05
3.793250551140319273e-05
4.204855329969933936e-05
4.747293577905047578e-05
5.491757461656956638e-05
6.558370735672732204e-05
8.167324554619984382e-05
1.076446879666426263e-04
1.537819083280668659e-04
2.486697573646336548e-04
4.994943763441694363e-04
1.629830724437544972e-03
3.038231461115265680e-02
2.273724569096849911e-03
4.971518331461797970e-04
2.033699875272864093e-04
1.073796427506999707e-04
6.520878720997177243e-05
4.329378421753924853e-05
3.059533044659586192e-05
2.265214287558640528e-05
1.739303373303753333e-05
1.375494523397069921e-05
1.114906098010304667e-05
9.229108305293470897e-06
7.781360380232621088e-06
6.668539577541158838e-06
5.799485814454338853e-06
5.111937145393831026e-06
4.562343200430714914e-06
4.119623355686409699e-06
3.761224874521010288e-06
3.470568552352174405e-06
3.235357509158359054e-06
3.046438571479845023e-06
2.897027671688162247e-06
2.782182680994193146e-06
2.698451134446772250e-06
2.643648512756951193e-06
2.616742121738116457e-06
2.617830567400120764e-06
2.648222629174954801e-06
2.710635137710710002e-06
2.809551376838882767e-06
2.951816246660180138e-06
3.147604342440299183e-06
3.412007006035196240e-06
3.767696875562568514e-06
4.249561727067370157e-06
4.913136880270290303e-06
5.850838843155214908e-06
7.225476438846242641e-06
9.345780404718572793e-06
1.285715447511488354e-05
1.930355066293326270e-05
3.319416828803259883e-05
7.288030570595023950e-05
2.898422461829218747e-04
4.276727515683752534e-01
2.603585222167072990e-04
6.602416622848036550e-05
2.962091312339809943e-05
1.691000336954845439e-05
1.107423551863313265e-05
7.948189306758243083e-06
6.105701598033236640e-06
4.954135021573370593e-06
4.214314872956689184e-06
3.744497951417585739e-06
3.472048530831579711e-06
3.365716992013242975e-06
3.427490436930621800e-06
3.700400661892807809e-06
4.304357252999219538e-06
5.556006271204522271e-06
8.447617395796429415e-06
1.754650762377092012e-05
8.983167394149176640e-05
2.708056336018650322e-04
1.485270609271864962e-05
4.047553765847891735e-06
1.657213690075806583e-06
8.222632246436242858e-07
4.569031148840222293e-07
2.737381488597017213e-07
1.731071067568405120e-07
1.140398938621647439e-07
7.758485845142106480e-08
5.417895432921338742e-08
3.866269966442476717e-08
2.810043854557890508e-08
2.074789796426413207e-08
1.553069150223172453e-08
1.176660067005061784e-08
9.010978333031272470e-09
6.967385767184512779e-09
5.434233651191269210e-09
4.272008183984060593e-09
3.382634787492868057e-09
2.696195243926055352e-09
2.162208396154753758e-09
1.743804620047315993e-09
1.413771114638747348e-09
1.151828036652750887e-09
9.427274235400803130e-10
7.749101850555921848e-10
6.395466943722429036e-10
5.298443111681956131e-10
4.405427713665296117e-10
3.675431950885227180e-10
3.076330629174826519e-10
2.582807505031784568e-10
2.174809109157027967e-10
1.836373251837409563e-10
1.554735698909901709e-10
1.319644829826218260e-10
1.122832838308821689e-10
9.576055020966908386e-11
8.185222961763678460e-11
7.011457328379731953e-11
6.018440328469194819e-11
5.176350920063628341e-11
4.460625792672894866e-11
3.850971521473010446e-11
3.330573934298212561e-11
2.885462979629108984e-11
2.504000703208188576e-11
2.176467067144163054e-11
1.894723820537053972e-11
1.651940856521109957e-11
1.442372766545192795e-11
1.261175852901131255e-11
1.104257853767323047e-11
9.681541990345537960e-12
8.499258469480219536e-12
7.470747252030286820e-12
6.574735723436280351e-12
5.793075898428462905e-12
5.110258058659447843e-12
4.513004446374237154e-12
3.989929109553929642e-12
3.531252536661414730e-12
3.128561773329091896e-12
2.774608377430010161e-12
2.463137920612947412e-12
2.188745845053640848e-12
1.946755382698316145e-12
1.733113979555547929e-12
1.544305270695955523e-12
1.377274147430469874e-12
1.229362866652189353e-12
1.098256489633604549e-12
9.819362166689432222e-13
8.786394153558470671e-13
7.868253325503479376e-13
7.051456400446090939e-13
6.324190974575763068e-13
5.676097273141969843e-13
5.098079905980303748e-13
4.582145292935545901e-13
4.121261081383285907e-13
3.709234430775479210e-13
3.340606504872195932e-13
3.010560905383291489e-13
2.714844112977529008e-13
2.449696282873632280e-13
2.211790980670681423e-13
1.998182646522428791e-13
1.806260747887132015e-13
1.633709727632223869e-13
1.478473979218279965e-13
1.338727187349574130e-13
1.212845463656292204e-13
1.099383785013239056e-13
9.970553089760748455e-14
9.047131981992249980e-14
8.213346349932413930e-14
7.460067495755606837e-14
6.779142220744930526e-14
6.163283498144558679e-14
5.605973985683496629e-14
5.101380799245855059e-14
4.644280172075138935e-14
4.229990799576856061e-14
3.854314822028505990e-14
3.513485529591218353e-14
3.204120988714281825e-14
2.923182888725836377e-14
2.667939994153893235e-14
2.435935663869015217e-14
2.224958964000539697e-14
2.033018959038172585e-14
1.858321815711461127e-14
1.699250398101848489e-14
1.554346070810491256e-14
1.422292460602644485e-14
1.301900956388375570e-14
1.192097753219317565e-14
1.091912268644697613e-14
1.000466779677169613e-14
9.169671461216421442e-15
8.406945014184050377e-15
7.709978057099833600e-15
7.072871677884428667e-15
6.490278531140149041e-15
5.957349043929051738e-15
5.469683094112613918e-15
5.023286580771333450e-15
4.614532370381463977e-15
4.240125159195726151e-15
3.897069842554991164e-15
3.582643026404203592e-15
3.294367355792566193e-15
3.029988370186915912e-15
2.787453626547706148e-15
2.564893858766212716e-15
2.360605966637348898e-15
2.173037649407364236e-15
2.000773518393411526e-15
1.842522540502230412e-15
1.697106679919116402e-15
1.563450619006663667e-15
1.440572451738634851e-15
1.327575253959356225e-15
1.223639444553382061e-15
1.128015860363302684e-15
1.040019475518747222e-15
9.590237028417172636e-16
8.844552212597199017e-16
8.157892787705446210e-16
7.525454255317060615e-16
6.942836361552525288e-16
6.406007843328858255e-16
5.911274365446553955e-16
5.455249348625358956e-16
5.034827417870249974e-16
4.647160226845450476e-16
4.289634437586415215e-16
3.959851656149817467e-16
3.655610143946499165e-16
3.374888141741598138e-16
3.115828658830762428e-16
2.876725593897357552e-16
2.656011066670003693e-16
2.452243850879758077e-16
2.264098809286280134e-16
2.090357240810753535e-16
1.929898058187635326e-16
1.781689722110939735e-16
1.644782864688675603e-16
1.518303541202989307e-16
1.401447054765860129e-16
1.293472303523518500e-16
1.193696604644927564e-16
1.101490953480656118e-16
1.016275680039874363e-16
9.375164683412298478e-17
8.647207072852190831e-17
7.974341444988680398e-17
7.352378171478990005e-17
6.777452360213371919e-17
6.245998012902632328e-17
5.754724302479945157e-17
5.300593790699459887e-17
4.880802422052032375e-17
4.492761144432015218e-17
4.134079020003886442e-17
3.802547701567821805e-17
3.496127160504488128e-17
3.212932562199693186e-17
2.951222193795023580e-17
2.709386357258691799e-17
2.485937148201582609e-17
2.279499047635069430e-17
2.088800260044982026e-17
1.912664736792942676e-17
1.750004828998099374e-17
1.599814518749389539e-17
1.461163181785083052e-17
1.333189838693148396e-17
1.215097855265403721e-17
1.106150055907988531e-17
1.005664217002326987e-17
9.130089098445766889e-18
8.275996652934629327e-18
7.488954345457342167e-18
6.763953225529967366e-18
6.096355725124986782e-18
5.481867816205585223e-18
4.916513298865586713e-18
4.396610052800388531e-18
3.918748098342534568e-18
3.479769325688588205e-18
3.076748762298627371e-18
2.706977258873240982e-18
2.367945483869345695e-18
2.057329125289173045e-18
1.772975206530454094e-18
1.512889430476388208e-18
1.275224472796353301e-18
1.058269151662819549e-18
1.000000000000000072e-18
1.000000000000000072e-18
1.000000000000000072e-18
1.000000000000000072e-18
1.000000000000000072e-18
1.000000000000000072e-18
1.000000000000000072e-18
1.849603334863347294e-04
3.828462828107619511e-04
4.407041718086638325e-03
1.938205475771752101e-04
1.207157487180199546e-03
1.442773132647199924e-04
2.000339884387342235e-04
2.477551215325617291e-03
1.701903314960629895e-04
1.901486579117881554e-04
1.855394092314321074e-04
1.080996571630033593e-04
6.739888517564582640e-04
1.887847165676430046e-04
3.315019628574152684e-04
4.603793885511921723e-03
4.018286780997131695e-04
3.082191946390352337e-04
3.578788475735802596e-03
1.145603007142545048e-03
3.718791840027530111e-04
1.382464612945725449e-04
1.030395432055034467e-03
1.851658630631536253e-04
1.246240841158778286e-04
1.143945916592309701e-04
8.198290386207369258e-04
4.991357736179166324e-03
1.882784570710317414e-04
1.658415951459036013e-04
4.535552938598138434e-03
1.341718072500594928e-03
2.198620735532509228e-04
1.314049233113011718e-04
4.816974794317348783e-04
2.156840380229584075e-03
5.140709431154751909e-04
1.470839663074381687e-03
1.817744087964454774e-04
1.488148784896577322e-03
1.000171529318920457e-04
6.391537510047682995e-05
2.338883238637215608e-04
7.750147104743283256e-04
1.118490154172332215e-03
6.546781110174558439e-05
1.120724945831035372e-04
2.606445297800130245e-04
1.321945920468225663e-04
8.084219078200795847e-05
7.160673783739935142e-05
1.296379538690185947e-04
4.040338239701428608e-04
5.914714057284872544e-04
6.195963129021094234e-04
6.591021719619810377e-05
7.714160115508256730e-05
3.753507443685735506e-04
1.091551705869699455e-04
7.897294291354150023e-03
1.095747813911758354e-04
2.624588717311851483e-04
1.192188319375844785e-04
8.421548107249904325e-03
1.126834434043939631e-04
1.281837685571435748e-04
7.158913560925077963e-05
9.393804030848068197e-05
8.208481817526071256e-03
3.324419290466371448e-04
9.852373031562388543e-05
1.219190053986798092e-03
1.071372937921427279e-03
6.662540439123538095e-04
1.655149538514156084e-03
9.935079762362412057e-05
2.125925998042042103e-03
7.132507122944250003e-03
4.862800425802551660e-03
4.501069525164725737e-04
6.630660112121760687e-04
4.009315533613373381e-03
1.257129825454174040e-03
4.754430730309990027e-02
8.825150148673629319e-04
8.722029917802194554e-04
2.125955727196553093e-03
4.404990844386522109e-02
3.308187373441729556e-02
1.330658161972222281e-03
5.507339645837136576e-04
1.131773639499296380e-03
1.163878774534542020e-02
1.838054648343981140e-03
3.649252834379607124e-02
1.420184279698049777e-03
7.635938726735784932e-04
6.146672706487542239e-04
3.011530610563235497e-03
1.667953148279984008e-03
7.775757023479031114e-04
4.887542385629230950e-04
2.140879885091523036e-02
5.633401155344800078e-03
6.054973322870253489e-04
7.799257015623551909e-04
1.007922831201321602e-03
5.799825348358730089e-04
2.905282036650715105e-02
1.181761594185636380e-03
2.042042634483017764e-03
9.405715416691988462e-03
1.447273441505322542e-03
7.303077671481251077e-04
9.362766869131578570e-04
1.375644951779313868e-03
1.186945096851595551e-03
6.065201104578161117e-04
1.153125097280071221e-03
7.113622228287331747e-03
8.373179505783147694e-03
1.070698552464750819e-01
5.236783636017288811e-04
7.182280595104220981e-04
7.625031904542249259e-03
3.065152503645664477e-03
1.492277345839644219e-03
1.051798770645663225e-02
9.740229735468206723e-03
2.091881533904320356e-03
5.745503924199059842e-04
1.161966464526449595e-03
1.305641892431460725e-03
4.303789596261316285e-04
3.600851885834929073e-02
3.837557064906428443e-03
9.146057817127829781e-03
4.675004971697736995e-03
2.241629733932696059e-03
3.089411666841791471e-01
1.747948203250848046e-03
6.114468599002427810e-04
1.107894248779318002e-03
6.953292400874297105e-04
1.413761754495408782e-03
2.279469084467579745e-03
2.638394837808513173e-03
1.138227782147616801e-02
6.321312181128448116e-03
7.491577720644998668e-04
3.818418476821226065e-02
7.140469081167548360e-03
5.641435255498809809e-04
6.650790900233619594e-03
7.619926344513586018e-04
4.908684981014019982e-03
8.051116700759658072e-04
2.261074127493704899e-01
8.355939360256802850e-04
6.170525452273408016e-04
1.315439501964288746e-06
1.342124488713753297e-06
1.341855898256916656e-06
1.345142343125020385e-06
1.334378402746002128e-06
1.323763299970631458e-06
1.321798190246322465e-06
1.339427403308518860e-06
1.329700073846988162e-06
1.330433984599231164e-06
1.330608875113498309e-06
1.343548880730020637e-06
1.323623858200331189e-06
1.313295424284281315e-06
1.350700417093288578e-06
1.335176854721459722e-06
1.339993314894806851e-06
1.349767219572452996e-06
1.337499159833568431e-06
1.337998149178553591e-06
1.355813446680230212e-06
1.357867951242224795e-06
1.341438129873579081e-06
1.349877271914720847e-06
1.358328687567086827e-06
1.350824590325340163e-06
1.342364724745082998e-06
1.312688606123053250e-06
1.356151008648987308e-06
1.355783731936143529e-06
1.326100236639749697e-06
1.352533483991308688e-06
1.337162864943106234e-06
1.343474804530917295e-06
1.318675707279902293e-06
1.354180184232514778e-06
1.354925172203618230e-06
1.311773900672125155e-06
1.336952317172179568e-06
1.316118029501994770e-06
2.591747281186150033e-03
2.536897541520497651e-02
3.795023663920021884e-02
5.326012162849183551e-03
3.813873981331424717e-02
1.010527454463535854e-02
2.359330117756969908e-02
2.592757908342308276e-03
3.408623500975808268e-02
3.834589274532810427e-02
5.677259643422239571e-03
1.786277837437298330e-02
5.724155087653098190e-03
1.292970107186874017e-02
2.553438954964718649e-02
6.007380385648202273e-03
1.374966563913067319e-02
3.410507358341537554e-03
1.035953830319247780e-02
3.831064927182675165e-03
9.141893309095599704e-03
2.623931438775688185e-02
3.681343968977192349e-02
5.467236855210797462e-03
3.835328920694076882e-02
2.417406324710540122e-03
8.342906966288646947e-03
6.289359339560820876e-03
2.268093106024376623e-02
3.702507597711929971e-02
5.871809332158655151e-03
4.352522755573434710e-03
3.837744235613703425e-02
3.005114829754487477e-03
2.344512300162601356e-02
1.883500489028247515e-02
2.970071324347222600e-03
1.510661072096232752e-02
3.084613710272622340e-03
2.557098660318118596e-03
8.212123508441204756e-02
5.537903244837845363e-04
5.036215699373220497e-04
3.325802977191456866e-04
2.527811525993893874e-02
1.460405673232827509e-02
5.383319833979486506e-04
9.817249751800155230e-04
3.575934425325418779e-04
2.198053788500727718e-02
1.555149151849402958e-02
4.967879549312284593e-03
2.255780375287634500e-03
6.043062701857024625e-04
9.296329325046344128e-01
5.979426524535787560e-04
1.209389745248282090e-03
3.926967282549540146e-03
2.966274804038005961e-03
9.096376399782106492e-03
5.931718493479443827e-04
7.391505082036264754e-04
4.726699995825196180e-04
4.512549308105977264e-02
1.047031812950995283e-03
2.029235181902736256e-03
1.585612478780710523e-03
6.294390912303816227e-03
1.210031203298737087e-03
6.055179985237967109e-04
6.067193794137017669e-04
6.385987297489974365e-04
2.111508561007168459e-03
1.280246665974999615e-03
3.296037758791617311e-02
4.851752755432532150e-04
7.014608159639975369e-04
3.758454532189197815e-04
6.688465556704318304e-01
1.995212054582628514e-01
1.373437797197162893e-05
1.506013995680837491e-05
1.339462682466739287e-05
1.441060158866635656e-05
1.361718117430051071e-05
1.469628843491023641e-05
1.537972451900977561e-05
1.253116023714973515e-05
1.387369820764428608e-05
1.335487397910304196e-05
1.392877963225732540e-05
1.264599428896466566e-05
1.506965536432727424e-05
1.375064289774134544e-05
1.540190465231621033e-05
1.354830255900655690e-05
1.448742860000132049e-05
1.241245895007080064e-05
1.511296699035722501e-05
1.235787014394101008e-05
1.262030975129356681e-05
1.328471943214304377e-05
1.513243365735709105e-05
1.404515373709142536e-05
1.550295452425556027e-05
1.368055490657751346e-05
1.374490052278607314e-05
1.473175675333902437e-05
1.544819124453655616e-05
1.259456872589258090e-05
1.432803028023277441e-05
1.238020274554153841e-05
1.346370484097413631e-05
1.557863243257644756e-05
1.332281099465006943e-05
1.253831183307709516e-05
1.259888542773243908e-05
1.525472182237337762e-05
1.307687275145211998e-05
1.512630784247093485e-05
7.766005324335271964e-02
2.002564609930258116e-02
3.818476787326339356e-02
1.442152392182959389e-02
9.720965045828313181e-03
6.038605691818147748e-03
1.834705269433322544e-02
6.065247093278174420e-03
1.588663178466473425e-02
3.126155340337590793e-01
1.726656328808983537e-02
6.574786215706824866e-01
7.198464012394728551e-02
4.398904639773349584e-02
9.677982925885411647e-03
5.689933470282690711e-03
6.107912851063415638e-02
9.552699184546478359e-03
2.026319188851015418e-02
1.547863088980996719e-02
4.840785188663536409e-02
6.851962327951472906e-03
9.473425423029845083e-02
5.032269252326434725e-03
6.139919134451585908e-03
7.650406841118569980e-03
6.070828734456894943e-03
2.381192879836129678e-02
2.271340033271249115e-02
7.166828811744010430e-01
9.239220017052973688e-02
8.134836733293392477e-03
5.686905195849347935e-03
5.119243894757229997e-03
1.449043774252015832e-02
5.983888031442312003e-03
4.079051886274255578e-02
9.350853472556189261e-02
1.140772332057674032e-02
2.363319233760326557e-02
1.734108589794601226e-03
1.942322321078116800e-03
2.054864067375442895e-03
1.747720067211739562e-03
1.738126122476578569e-03
1.867917126511131620e-03
1.813212368718422358e-03
1.720043107214425365e-03
1.662266387255691841e-03
2.009435187530122027e-03
1.608152907496812134e-03
1.882501390223989806e-03
2.026397552135270758e-03
1.777420386731283757e-03
2.043859077221935744e-03
1.541640239976773850e-03
1.474412298137751064e-03
1.497127977627554438e-03
1.675631148944336374e-03
1.512295229604459449e-03
2.019734816073288832e-03
1.903321846737271146e-03
1.755030997470591238e-03
1.778041707551993294e-03
1.964675419948590587e-03
1.898899671482759920e-03
1.996500129500733498e-03
1.934706408512848778e-03
2.012165937939909988e-03
1.540038422373275328e-03
1.848549488896926527e-03
1.551201176547114050e-03
2.022159408484462770e-03
2.003858587923167470e-03
2.096814243733981578e-03
2.019075913026102155e-03
1.820726382410487116e-03
1.724527916741083224e-03
1.719590861967864714e-03
2.076624764339321874e-03
2.134539468309035615e-03
2.209059296500437246e-03
2.212299889825146762e-03
2.185791996215999747e-03
2.197457025781680492e-03
2.166758253240696173e-03
2.094336227799344086e-03
2.132227127299833862e-03
2.195953375697765487e-03
2.211683961162170132e-03
2.054737305171449365e-03
2.212328311852513815e-03
2.210389265200285447e-03
2.205718587884848182e-03
2.195527278614382502e-03
2.110470859431054242e-03
2.033598532507292778e-03
1.967746917585253257e-03
2.209723574379567155e-03
2.205475506466611849e-03
2.175356244990747558e-03
2.169295325980073134e-03
2.196052906839560462e-03
2.124738806714657896e-03
2.198441767131903337e-03
2.201711451439566578e-03
2.196612112393915919e-03
2.213931072104938051e-03
2.177824332974676990e-03
2.185087839475350398e-03
2.127401427504717508e-03
2.008985667423979389e-03
2.154017141340237515e-03
2.176515912286899630e-03
2.051669609547814889e-03
2.182881349800487418e-03
2.039643441679308417e-03
2.153625653079661254e-03
2.187372470224975204e-03
2.213498590250746658e-03
4.832863291344347695e-03
7.483874650199783506e-03
3.952183826511628667e-02
8.553878059738895256e-01
1.331925826659423609e-06
3.409745474376350838e-02
4.722235464955822359e-01
1.385448479604959927e-05
7.392540774757683231e-01
1.833008383421313265e-03
1.000000000000000072e-18
