1.000000000000000072e-18
5.032227619077517775e-12
1.028375521053134716e-11
1.576295859576051287e-11
2.147853729477626591e-11
2.743952769126740560e-11
3.365531676879544604e-11
4.013565644467273857e-11
4.689067852939910385e-11
5.393091034093887481e-11
6.126729100457157413e-11
6.891118847062617876e-11
7.687441728401627509e-11
8.516925714122906237e-11
9.380847227223873029e-11
1.028053316867170900e-10
1.121736303259534419e-10
1.219277111640104665e-10
1.320824883038981044e-10
1.426534711169302387e-10
1.536567894759145044e-10
1.651092201354985703e-10
1.770282143157705101e-10
1.894319265481702387e-10
2.023392448458987267e-10
2.157698222642836458e-10
2.297441099200745075e-10
2.442833915423084579e-10
2.594098196312774292e-10
2.751464533062714950e-10
2.915172979270963037e-10
3.085473465790242991e-10
3.262626235156728094e-10
3.446902296595014062e-10
3.638583902650861433e-10
3.837965048561257884e-10
4.045351995532550551e-10
4.261063819162962832e-10
4.485432984314232478e-10
4.718805947810498325e-10
4.961543790420120008e-10
5.214022879658037910e-10
5.476635565034048630e-10
5.749790907464324748e-10
6.033915444662209485e-10
6.329453994428439711e-10
6.636870497871744944e-10
6.956648904708449795e-10
7.289294102914932187e-10
7.635332895139235705e-10
7.995315024420042496e-10
8.369814251910577091e-10
8.759429489465955050e-10
9.164785990121397515e-10
9.586536599670428100e-10
1.002536307274432474e-09
1.048197745699985199e-09
1.095712354923986423e-09
1.145157842752526514e-09
1.196615406358416736e-09
1.250169902008895597e-09
1.305910023765432625e-09
1.363928491670951944e-09
1.424322249972055557e-09
1.487192675957993782e-09
1.552645800034747081e-09
1.620792537691848544e-09
1.691748934061048661e-09
1.765636421810963153e-09
1.842582093169316321e-09
1.922718986915516291e-09
2.006186391241125701e-09
2.093130163433957675e-09
2.183703067404482645e-09
2.278065130140082821e-09
2.376384018244551242e-09
2.478835435797493231e-09
2.585603544850444316e-09
2.696881409965601045e-09
2.812871468297687694e-09
2.933786026821770621e-09
3.059847788419311424e-09
3.191290408652350744e-09
3.328359085182475040e-09
3.471311181926918853e-09
3.620416890190616116e-09
3.775959929170385156e-09
3.938238288396729040e-09
4.107565014861412026e-09
4.284269047775401388e-09
4.468696104113630484e-09
4.661209618331761826e-09
4.862191739886128699e-09
5.072044392454797544e-09
5.291190399044231193e-09
5.520074677476894930e-09
5.759165511090443387e-09
6.008955899841527327e-09
6.269964997400304169e-09
6.542739640246030129e-09
6.827855975233995327e-09
7.125921192603069832e-09
7.437575371932747337e-09
7.763493449145086402e-09
8.104387313282873243e-09
8.461008042485460069e-09
8.834148289334952758e-09
9.224644826559488149e-09
9.633381264968975589e-09
1.006129095646258924e-08
1.050936009599924731e-08
1.097863103756731584e-08
1.147020584043791760e-08
1.198525006334919682e-08
1.252499682575463759e-08
1.309075115689306692e-08
1.368389465521299047e-08
1.430589048262423812e-08
1.495828872017558866e-08
1.564273211408315242e-08
1.636096224358367788e-08
1.711482614488476280e-08
1.790628342855127308e-08
1.873741393103980248e-08
1.961042594479652857e-08
2.052766507540962872e-08
2.149162377879287316e-08
2.250495163631810907e-08
2.357046643126581092e-08
2.469116609596921592e-08
2.587024160567337734e-08
2.711109090246441049e-08
2.841733394074186573e-08
2.979282895470100480e-08
3.124169005824258422e-08
3.276830629878651549e-08
3.437736229872586267e-08
3.607386063189002402e-08
3.786314609755365127e-08
3.975093207140649994e-08
4.174332913172456950e-08
4.384687617997796661e-08
4.606857429856449298e-08
4.841592361458587793e-08
5.089696346793166583e-08
5.352031621484075543e-08
5.629523503500895132e-08
5.923165615176923942e-08
6.234025592149291333e-08
6.563251330084358676e-08
6.912077825970547917e-08
7.281834677439941716e-08
7.673954311131469511e-08
8.089981019654519631e-08
8.531580896398236222e-08
9.000552768426377103e-08
9.498840240193695179e-08
1.002854497504573891e-07
1.059194135768202914e-07
1.119149269928064997e-07
1.182986916816339455e-07
1.250996765314193303e-07
1.323493379452734905e-07
1.400818644978965076e-07
1.483344489770458017e-07
1.571475912734274473e-07
1.665654360739270798e-07
1.766361498821467035e-07
1.874123425505135072e-07
1.989515392759186688e-07
2.113167099053804831e-07
2.245768634427080093e-07
2.388077168695104807e-07
2.540924488276731162e-07
2.705225503962306327e-07
2.881987871824310912e-07
3.072322892945297908e-07
3.277457885450880163e-07
3.498750255372502470e-07
3.737703532217304627e-07
3.995985682129929974e-07
4.275450067852882455e-07
4.578159492376474035e-07
4.906413844770155999e-07
5.262781965387335403e-07
5.650138467424413488e-07
6.071706397712554659e-07
6.531106797965537320e-07
7.032416446543750625e-07
7.580235330373261070e-07
8.179765730100446254e-07
8.836905215748855274e-07
9.558356366894296692e-07
1.035175667903478364e-06
1.122583293343715930e-06
1.219058533991112971e-06
1.325750807491751157e-06
1.443985451644783837e-06
1.575295763617052028e-06
1.721461880159000103e-06
1.884558187351439234e-06
2.067011423875006956e-06
2.271672268025863285e-06
2.501904028778969539e-06
2.761693168555060643e-06
3.055787871991136732e-06
3.389872883020633228e-06
3.770791559708599755e-06
4.206829816277278623e-06
4.708081707500477570e-06
5.286923351918576575e-06
5.958631276576273317e-06
6.742193642820892690e-06
7.661378132158678823e-06
8.746136055345665703e-06
1.003442753276695312e-05
1.157450699423846652e-05
1.342746245342606503e-05
1.566874880104884575e-05
1.838263085580871465e-05
2.161513923168263958e-05
2.496500732130316964e-05
2.680275511587909841e-05
4.300538737571183589e-05
5.240445781065662792e-05
6.597670848738930026e-05
8.501725896933671393e-05
1.119674149972547483e-04
1.505095424784864261e-04
2.054408839410497897e-04
2.805583844325441542e-04
3.707416653089523053e-04
4.476888129065407064e-04
4.600323537032710206e-04
4.560308966633847732e-04
3.616852177815047887e-04
2.820164639926621137e-04
2.196303561126652991e-04
1.734634151703295414e-04
1.397144970492194486e-04
1.148415264581964344e-04
9.621232724597175517e-05
8.200012415593295847e-05
7.095780065109890560e-05
6.223037260539516558e-05
5.522412422541578692e-05
4.952004740910849955e-05
4.481733836433918688e-05
4.089638583530092695e-05
3.759426048824625452e-05
3.478825091701662897e-05
3.238463286044427313e-05
3.031088790662956798e-05
2.851022953811533159e-05
2.693769578416698956e-05
2.555732130636872792e-05
2.434006387758832224e-05
2.326226528639544633e-05
2.230449573705925394e-05
2.145067680359953596e-05
2.068740904367410885e-05
2.000345161125395902e-05
1.938931590941477088e-05
1.883694562596655589e-05
1.833946279413751395e-05
1.789096474851606321e-05
1.748636062901998849e-05
1.712123884893519210e-05
1.679175898025883184e-05
1.649456302456927319e-05
1.622670217360355687e-05
1.598557602217489149e-05
1.576888184965509913e-05
1.557457208743358177e-05
1.540081847672749934e-05
1.524598172189153298e-05
1.510858567967406533e-05
1.498729531011430772e-05
1.488089776151833751e-05
1.478828607887911521e-05
1.470844511879756288e-05
1.464043932942594268e-05
1.458340211502988178e-05
1.453652655441317086e-05
1.449905728298007944e-05
1.447028338142259144e-05
1.444953214134105603e-05
1.443616360065607535e-05
1.442956576033224293e-05
1.442915040941192721e-05
1.443434949819713485e-05
1.444461201005242615e-05
1.445940129106839677e-05
1.447819280398733038e-05
1.450047227855651329e-05
1.452573423500209333e-05
1.455348086073960980e-05
1.458322122285871913e-05
1.461447080043501364e-05
1.464675132140709845e-05
1.467959088869625855e-05
1.471252437951078181e-05
1.474509410045705798e-05
1.477685067926067635e-05
1.480735417168524264e-05
1.483617535973318030e-05
1.486289721454226105e-05
1.488711649468154818e-05
1.490844544793692396e-05
1.492651358229445033e-05
1.494096946981855048e-05
1.495148254560751280e-05
1.495774486310743317e-05
1.495947276687893579e-05
1.495640844450546034e-05
1.494832132076217119e-05
1.493500925943299305e-05
1.491629954125305760e-05
1.489204959030368121e-05
1.486214742569724105e-05
1.482651182043875665e-05
1.478509215477362423e-05
1.473786795695548215e-05
1.468484812998956232e-05
1.462606986832845565e-05
1.456159727350873753e-05
1.449151968211792320e-05
1.441594972308903795e-05
1.433502112395559593e-05
1.424888628720876057e-05
1.415771365814349435e-05
1.406168490442284039e-05
1.396099192490340952e-05
1.385583370090529720e-05
1.374641299689511428e-05
1.363293290924436668e-05
1.351559325099043870e-05
1.339458674687532516e-05
1.327009499566386034e-05
1.314228413482812017e-05
1.301130011464602656e-05
1.287726345245765987e-05
1.274026329014996660e-05
1.260035051436625657e-05
1.245752961282164060e-05
1.231174882160231006e-05
1.216288795270001383e-05
1.201074305591315748e-05
1.185500673023290829e-05
1.169524240315577278e-05
1.153085015659120786e-05
1.136102055694583825e-05
1.118467121662770437e-05
1.100035809101059244e-05
1.080614913920108162e-05
1.059944078895839983e-05
1.037668555955478363e-05
1.013297837410061811e-05
9.861412336752972482e-06
9.552048382122733109e-06
9.190221343095002934e-06
8.753681079235983606e-06
8.207673986145092159e-06
7.496511967469879702e-06
6.530232593006610807e-06
5.171451232790281393e-06
3.273782115755502064e-06
1.037188960744962060e-06
1.179827385983396081e-07
2.666935037745145657e-06
6.414740463388146600e-06
8.802494982636462049e-06
9.962013357590702713e-06
1.048025144292297717e-05
1.069390653119974084e-05
1.076156946175252068e-05
1.075748018708883781e-05
1.071771963987923172e-05
1.066060827604684601e-05
1.059582082907222937e-05
1.052862955866247648e-05
1.046197287065615662e-05
1.039750894779264616e-05
1.033617390216272584e-05
1.027848776733206754e-05
1.022472726599602247e-05
1.017502582054539695e-05
1.012943265824254158e-05
1.008794832980791600e-05
1.005054632777231509e-05
1.001718635948180225e-05
9.987822531637643861e-06
9.962408393479131767e-06
9.940900022678056920e-06
9.923257884696829058e-06
9.909447922301948958e-06
9.899442163646049168e-06
9.893219032584082580e-06
9.890763478908378564e-06
9.892067004200989769e-06
9.897127632064602293e-06
9.905949854095038895e-06
9.918544571678132029e-06
9.934929046362708896e-06
9.955126866807793756e-06
9.979167937233420413e-06
1.000708849035019375e-05
1.003893112652296087e-05
1.007474488019216513e-05
1.011458531417076649e-05
1.015851464224307027e-05
1.020660188044531473e-05
1.025892302745834894e-05
1.031556127465682142e-05
1.037660724651883152e-05
1.044215927229099839e-05
1.051232369001818780e-05
1.058721518428015282e-05
1.066695715922831162e-05
1.075168214878221624e-05
1.084153226612959544e-05
1.093665969497722736e-05
1.103722722532491670e-05
1.114340883688410946e-05
1.125539033364081455e-05
1.137337003347237699e-05
1.149755951717533523e-05
1.162818444175175752e-05
1.176548542333861540e-05
1.190971899575910506e-05
1.206115865133012078e-05
1.222009597128709335e-05
1.238684185399492980e-05
1.256172785001288291e-05
1.274510761408377923e-05
1.293735848523877443e-05
1.313888320746382451e-05
1.335011180477909109e-05
1.357150362616428185e-05
1.380354957753737529e-05
1.404677455999673719e-05
1.430174013579350493e-05
1.456904744605153023e-05
1.484934040713770893e-05
1.514330921585461262e-05
1.545169419733680299e-05
1.577529003374863241e-05
1.611495041667892613e-05
1.647159317159687519e-05
1.684620590897742393e-05
1.723985226384287830e-05
1.765367879364206506e-05
1.808892261376800087e-05
1.854691986078457684e-05
1.902911508583542694e-05
1.953707169499505335e-05
2.007248356982649885e-05
2.063718802049432474e-05
2.123318024589482728e-05
2.186262950093002225e-05
2.252789720089090579e-05
2.323155722766876005e-05
2.397641874306133579e-05
2.476555186183297926e-05
2.560231659267297246e-05
2.649039552028057494e-05
2.743383077825380778e-05
2.843706595244191844e-05
2.950499366046361064e-05
3.064300967828383407e-05
3.185707463273287893e-05
3.315378445401996355e-05
3.454045098988139695e-05
3.602519442920916405e-05
3.761704947523147039e-05
3.932608755524709914e-05
4.116355776574009425e-05
4.314204974021849644e-05
4.527568220575897516e-05
4.758032167797216400e-05
5.007383654901743556e-05
5.277639276566289305e-05
5.571079838896654502e-05
5.890290558395097344e-05
6.238208000666009697e-05
6.618174911809517427e-05
7.034004260686700313e-05
7.490053973452243390e-05
7.991313982332397226e-05
8.543507292375589874e-05
9.153206731533888093e-05
9.827968789780145060e-05
1.057648530816154115e-04
1.140875248735630362e-04
1.233625433649536873e-04
1.337215364023918807e-04
1.453147681688123712e-04
1.583126823257277908e-04
1.729067255432130889e-04
1.893087773030945682e-04
2.077481261191181639e-04
2.284643829321407493e-04
2.516939859275552451e-04
2.776470581425421113e-04
3.064704968222498830e-04
3.381927488001822504e-04
3.726466928975179227e-04
4.093710111754004567e-04
4.474995353289916043e-04
4.856640229080300911e-04
5.219575925421246097e-04
5.540262012387849652e-04
5.793523643042030073e-04
5.957080122501495940e-04
6.015640765358361156e-04
5.963348569156604051e-04
5.805871333521027194e-04
5.559902305321660779e-04
5.248919744441300815e-04
4.897974755993916157e-04
4.529668912793913412e-04
4.161966354955854330e-04
3.807626751636538644e-04
3.474689597802439159e-04
3.167438592217590356e-04
2.887445293876752020e-04
2.634480885813156249e-04
2.407222584669843775e-04
2.203757894329593816e-04
2.021921983097793693e-04
1.859510239579423285e-04
1.714403399592930553e-04
1.584634418955886063e-04
1.468418191821294506e-04
1.364158617895246443e-04
1.270442613962039836e-04
1.186027214888719835e-04
1.109823575638941179e-04
1.040880152625880381e-04
9.783663597381895313e-05
9.215573787253877338e-05
8.698204279011971583e-05
8.226025712281048524e-05
7.794200248829696962e-05
7.398488533840339386e-05
7.035169185729652820e-05
6.700969371884874491e-05
6.393005070779478089e-05
6.108729725224954117e-05
5.845890122469882640e-05
5.602488474361917156e-05
5.376749803668645823e-05
5.167093865210494765e-05
4.972110940261261392e-05
4.790540939184379930e-05
4.621255331008840457e-05
4.463241490646368729e-05
4.315589115969720662e-05
4.177478419309842096e-05
4.048169842327804764e-05
3.926995080812612020e-05
3.813349237757136166e-05
3.706683949953990556e-05
3.606501356092268350e-05
3.512348793572639855e-05
3.423814127545789156e-05
3.340521629482023279e-05
3.262128334291228206e-05
3.188320814962558017e-05
3.118812322158327354e-05
3.053340243410191914e-05
2.991663842721812428e-05
2.933562246644869870e-05
2.878832647401661311e-05
2.827288697492968424e-05
2.778759073551257997e-05
2.733086190058336238e-05
2.690125046011853518e-05
2.649742189754972005e-05
2.611814789026581900e-05
2.576229794887721484e-05
2.542883189568016463e-05
2.511679309484314714e-05
2.482530235737241933e-05
2.455355245312150863e-05
2.430080317017000436e-05
2.406637686897190512e-05
2.384965448489684883e-05
2.365007193827256123e-05
2.346711691589061175e-05
2.330032599223583068e-05
2.314928206252978094e-05
2.301361206309202379e-05
2.289298495758693071e-05
2.278710997048120478e-05
2.269573505153204047e-05
2.261864555739952483e-05
2.255566313855838847e-05
2.250664482160723333e-05
2.247148227886365364e-05
2.245010127881653063e-05
2.244246131260342893e-05
2.244855539321585953e-05
2.246841002562385177e-05
2.250208534747826994e-05
2.254967544150652530e-05
2.261130882219258126e-05
2.268714910083382329e-05
2.277739583462436127e-05
2.288228556703986573e-05
2.300209306851989211e-05
2.313713278827799524e-05
2.328776053004812737e-05
2.345437536672231334e-05
2.363742181117984423e-05
2.383739226319186760e-05
2.405482975513791063e-05
2.429033102244719470e-05
2.454454992821933332e-05
2.481820127544695419e-05
2.511206504472937448e-05
2.542699110039633279e-05
2.576390441365485870e-05
2.612381085782606080e-05
2.650780363807422760e-05
2.691707042638553154e-05
2.735290128209600492e-05
2.781669744917755966e-05
2.830998113400311916e-05
2.883440638167645721e-05
2.939177118554799087e-05
2.998403098359795341e-05
3.061331371739007152e-05
3.128193665478486884e-05
3.199242520715411527e-05
3.274753400617431872e-05
3.355027054524555128e-05
3.440392173719460897e-05
3.531208379439502369e-05
3.627869590121349962e-05
3.730807822350743348e-05
3.840497488784681439e-05
3.957460266669824128e-05
4.082270622802582413e-05
4.215562095225321778e-05
4.358034449067360334e-05
4.510461844250665856e-05
4.673702176924560272e-05
4.848707785248552440e-05
5.036537744439060555e-05
5.238372016964919253e-05
5.455527772777803310e-05
5.689478253133488437e-05
5.941874621858898154e-05
6.214571332183072992e-05
6.509655638236588079e-05
6.829482001256176641e-05
7.176712285107542848e-05
7.554362808097568854e-05
7.965859522630269675e-05
8.415102835516545261e-05
8.906543863539523309e-05
9.445274243403216342e-05
1.003713198112533177e-04
1.068882622522212926e-04
1.140808426060723911e-04
1.220382440517788262e-04
1.308635877289653462e-04
1.406762991242037927e-04
1.516148491171457930e-04
1.638398929840439837e-04
1.775378034533631037e-04
1.929245421988012355e-04
2.102497223137454903e-04
2.298005582159407315e-04
2.519051428526532851e-04
2.769340827164999924e-04
3.052988881235888484e-04
3.374445734889513723e-04
3.738325894188033105e-04
4.149084692498498797e-04
4.610466112243360136e-04
5.124630824127791862e-04
5.690877614767241455e-04
6.303924496874268538e-04
6.951860975847462543e-04
7.614160671257644763e-04
8.260538941017319834e-04
8.851793099497227242e-04
9.343709432736811834e-04
9.694241704899300965e-04
9.872459816382247923e-04
9.866128031155944195e-04
9.684635390823245977e-04
9.355945816060063985e-04
8.918976117505694745e-04
8.414037070589506758e-04
7.871419136214112631e-04
7.283412240624329665e-04
6.432482929503071517e-04
3.541102479199095734e-04
2.070197177280350901e-04
3.522942048614547978e-04
3.797170866533349084e-04
3.733302873441702728e-04
3.572540703604325327e-04
3.386069909291408025e-04
3.199184700422723392e-04
3.021714311343194929e-04
2.857386222209915352e-04
2.707276438642036102e-04
2.571256474874119690e-04
2.448657503783236399e-04
2.338593918566441636e-04
2.240126385228959028e-04
2.152344758457077462e-04
2.074409391423560380e-04
2.005570303361420704e-04
1.945174281871153298e-04
1.892664867373095559e-04
1.847576665987284660e-04
1.809521709072316295e-04
1.778159109872177676e-04
1.753124485376913414e-04
1.733857335547115699e-04
1.719157116763538854e-04
1.705973271042543612e-04
1.685872832268844543e-04
1.634017301875480158e-04
1.474958618116626794e-04
1.020484632500467308e-04
2.640628124350795862e-05
4.415995448933802316e-06
3.079603842798252450e-05
5.675229273075195951e-05
7.443701718409134098e-05
8.618247232450799219e-05
9.421317091509238246e-05
9.986732040739440747e-05
1.039043886762088393e-04
1.067538746255567930e-04
1.086569215269566154e-04
1.097446574607471517e-04
1.100834573111060939e-04
1.097031252424382497e-04
1.086160428751341799e-04
1.068311714282664738e-04
1.043645849585811452e-04
1.012470311902405231e-04
9.752846419159530997e-05
9.327938702718304689e-05
8.858905695566593398e-05
8.356099709827335227e-05
7.830665785732240122e-05
7.293832385590681222e-05
6.756237864008025559e-05
6.227382425967699700e-05
5.715259041710069873e-05
5.226177705022994014e-05
4.764765928189882853e-05
4.334110615147076221e-05
3.936004675128836977e-05
3.571278031330738374e-05
3.240239185011387242e-05
2.943388697799737455e-05
2.683082936351851772e-05
2.469667602109336458e-05
2.361849249846386214e-05
1.114157295061896986e-05
1.561442246080980384e-05
1.477338646803577139e-05
1.359389757916508692e-05
1.242035746342922472e-05
1.132144512907587409e-05
1.031279458947177060e-05
9.394749485318302129e-06
8.562455473590311998e-06
7.809304424912105283e-06
7.128290145323413422e-06
6.512582723981600462e-06
5.955773167355129972e-06
5.451967037655966270e-06
4.995805420969847915e-06
4.582450327007143535e-06
4.207553139780938660e-06
3.867215841113743161e-06
3.557950192993045567e-06
3.276637645552321569e-06
3.020491402802713292e-06
2.787021325247734181e-06
2.574001919363354814e-06
2.379443420488801533e-06
2.201565841101893287e-06
2.038775786590570332e-06
1.889645809425798514e-06
1.752896064408535951e-06
1.627378032801815588e-06
1.512060095751756434e-06
1.406014753781975111e-06
1.308407307054896179e-06
1.218485829166457444e-06
1.135572284668555505e-06
1.059054656853128619e-06
9.883799673636013860e-07
9.230480828453303326e-07
8.626062161199741746e-07
8.066440403283355066e-07
7.547893442236972195e-07
7.067041654158000194e-07
6.620813459697792100e-07
6.206414614614407691e-07
5.821300804771391230e-07
5.463153167170648870e-07
5.129856403979396814e-07
4.819479196307712143e-07
4.530256659396529017e-07
4.260574611480510288e-07
4.008955455436639506e-07
3.774045495879040905e-07
3.554603535030125188e-07
3.349490608849121512e-07
3.157660740842507413e-07
2.978152605000536433e-07
2.810082001634425063e-07
2.652635060744289375e-07
2.505062097112871795e-07
2.366672049750592076e-07
2.236827445759224002e-07
2.114939835251362263e-07
2.000465649770690991e-07
1.892902441795801513e-07
1.791785467458195114e-07
1.696684578636610753e-07
1.607201394163988298e-07
1.522966723056949105e-07
1.443638215497535730e-07
1.368898219803265677e-07
1.298451825853846625e-07
1.232025077430060317e-07
1.169363337692601945e-07
1.110229793610347086e-07
1.054404086559272605e-07
1.001681057576179898e-07
9.518695968803258186e-08
9.047915882872474352e-08
8.602809400453401317e-08
8.181826944379404025e-08
7.783522092233175343e-08
7.406544046398708890e-08
7.049630702927116903e-08
6.711602267679143874e-08
6.391355372973674344e-08
6.087857652273714137e-08
5.800142734315309596e-08
5.527305621582618468e-08
5.268498421193337392e-08
5.022926399110248544e-08
4.789844331179899080e-08
4.568553126833675112e-08
4.358396703403497606e-08
4.158759090923481495e-08
3.969061749026316108e-08
3.788761079123815541e-08
3.617346116493484487e-08
3.454336388195904745e-08
3.299279923933212566e-08
3.151751408035822282e-08
3.011350461747088016e-08
2.877700045869198527e-08
2.750444974648781056e-08
2.629250532524984906e-08
2.513801186040580420e-08
2.403799383837419365e-08
2.298964438223476295e-08
2.199031482316654116e-08
2.103750497244995615e-08
2.012885404315739496e-08
1.926213217463895326e-08
1.843523251654515309e-08
1.764616383246697529e-08
1.689304358634021577e-08
1.617409147756631667e-08
1.548762339338885674e-08
1.483204574943357377e-08
1.420585019150043980e-08
1.360760863370556629e-08
1.303596860991109941e-08
1.248964891708569208e-08
1.196743553080036665e-08
1.146817777450739627e-08
1.099078472558235027e-08
1.053422184233265178e-08
1.009750779731164391e-08
9.679711503320998149e-09
9.279949319449282445e-09
8.897382425389532675e-09
8.531214353100433504e-09
8.180688665641813112e-09
7.845086773719611319e-09
7.523725881129004633e-09
7.215957050891895355e-09
6.921163384442689333e-09
6.638758306739641616e-09
6.368183950657900834e-09
6.108909634470407413e-09
5.860430426635956795e-09
5.622265792499285199e-09
5.393958317867189873e-09
5.175072504754985680e-09
4.965193634908629687e-09
4.763926696993893606e-09
4.570895373611249136e-09
4.385741084544851281e-09
4.208122082883648295e-09
4.037712600870007588e-09
3.874202042530711635e-09
3.717294220332435485e-09
3.566706633278929950e-09
3.422169784028465364e-09
3.283426532762859919e-09
3.150231485680300721e-09
3.022350416116065892e-09
2.899559716419405469e-09
2.781645878828852516e-09
2.668405003696856635e-09
2.559642333514660543e-09
2.455171811282203475e-09
2.354815661856501464e-09
2.258403994993188673e-09
2.165774428873776374e-09
2.076771732982711658e-09
1.991247489265703820e-09
1.909059770564597950e-09
1.830072835382272610e-09
1.754156838087540283e-09
1.681187553721250560e-09
1.611046116613849327e-09
1.543618772070558382e-09
1.478796640422787754e-09
1.416475492785122523e-09
1.356555537894761547e-09
1.298941219445717356e-09
1.243541023363767622e-09
1.190267294498965858e-09
1.139036062242434376e-09
1.089766874601512035e-09
1.042382640293363995e-09
9.968094784418481039e-10
9.529765754851088542e-10
9.108160489233111569e-10
8.702628175561589877e-10
8.312544778789572252e-10
7.937311863242943577e-10
7.576355470530879108e-10
7.229125050151051772e-10
6.895092440139139359e-10
6.573750895255560889e-10
6.264614160337237052e-10
5.967215586566896053e-10
5.681107288533898014e-10
5.405859340071607309e-10
5.141059006962843802e-10
4.886310014706364550e-10
4.641231849629923715e-10
4.405459091727116190e-10
4.178640777677928572e-10
3.960439792593079513e-10
3.750532289098551844e-10
3.548607132446110018e-10
3.354365370404783853e-10
3.167519726750702075e-10
2.987794117232850511e-10
2.814923186950451101e-10
2.648651868129626044e-10
2.488734957339778275e-10
2.334936711237111089e-10
2.187030459968647969e-10
2.044798237413902045e-10
1.908030427481133787e-10
1.776525425715159218e-10
1.650089315509363227e-10
1.528535558249771435e-10
1.411684696752264003e-10
1.299364071384544663e-10
1.191407548294986544e-10
1.087655259197610300e-10
9.879533521900233496e-11
8.921537531057101197e-11
8.001139369262355563e-11
7.116967088020104321e-11
6.267699942511606305e-11
5.452066381273079897e-11
4.668842119659179836e-11
3.916848293375245097e-11
3.194949688539975868e-11
2.502053044900129460e-11
1.837105428984630771e-11
1.199092674130320138e-11
5.870378844559749854e-12
1.000000000000000072e-18
2.540435656279507002e-05
2.542022434406074788e-05
2.397903627941951030e-05
2.203834091203219376e-05
2.336865872468990766e-05
2.171824753254365784e-05
2.546359744602929112e-05
2.369954648211521734e-05
2.530944480954881436e-05
2.542822661545547376e-05
2.199326843178984163e-05
2.136859895671349384e-05
2.304284746021232708e-05
2.542234462125853698e-05
2.547335374854625860e-05
2.426444424470053872e-05
2.268591179830890757e-05
2.549485746714814821e-05
2.386442432476729611e-05
2.490024054748444002e-05
2.543185701422953545e-05
2.166887661990214278e-05
2.328676060876491290e-05
2.540538212952882699e-05
2.154557632339500428e-05
2.144012771038325855e-05
2.505817928798898550e-05
2.415503378872449198e-05
2.200848126537304980e-05
2.527174812014880661e-05
2.427590156355057121e-05
2.342102750793154209e-05
2.550542897303807133e-05
2.160914849169724974e-05
2.281950842511680603e-05
2.462566234860660071e-05
2.286511608876362113e-05
2.478840931916920684e-05
2.197184024116059155e-05
2.478329908169859202e-05
1.452902996788217900e-05
1.562736870835077844e-05
1.474441429932558095e-05
1.493059015367211556e-05
1.496951699229473889e-05
1.438404093399973688e-05
1.456325403896824961e-05
1.476602474175323127e-05
1.556626164257086625e-05
1.562296030658924352e-05
1.562834380750656311e-05
1.460440211109754179e-05
1.484271945359486398e-05
1.536049248800018169e-05
1.490340539029826632e-05
1.438657770581309101e-05
1.444363299197036349e-05
1.483094903599671622e-05
1.455548729194567457e-05
1.511627140743032551e-05
1.455662321753978566e-05
1.476737026105651474e-05
1.558077919314632853e-05
1.512431285991869483e-05
1.558833459742766983e-05
1.557066664651162249e-05
1.562834872174613096e-05
1.450936278983431470e-05
1.512070633948760737e-05
1.481060358583857945e-05
1.452436490898102634e-05
1.528976342106087361e-05
1.530104276136262848e-05
1.491253806693888665e-05
1.500474748762255194e-05
1.452696124601664359e-05
1.502451379256201054e-05
1.510702415635259050e-05
1.508050147589000825e-05
1.539247005557069768e-05
4.707807840183722125e-04
4.620957188441782875e-04
4.665691841801976347e-04
4.479926232499906549e-04
4.667070095878041451e-04
4.666932324591257456e-04
3.633052503001027119e-04
4.488778924410269811e-04
4.510015384978303390e-04
4.334821396437191221e-04
4.634555503927190721e-04
4.667097025603275076e-04
4.282687130659615154e-04
3.665232618581835749e-04
4.413245375063660136e-04
4.663209504175302067e-04
4.664362551126101592e-04
4.679160219377413070e-04
3.829019985144652290e-04
4.658767827089037089e-04
4.664828491458100873e-04
4.583658824653364479e-04
4.360888037920740814e-04
4.603570979613759331e-04
4.654673964961334050e-04
4.664902283125517131e-04
4.667729210359675552e-04
4.652019840965027401e-04
4.517743066769706038e-04
4.578434606045482503e-04
4.651683847606860557e-04
4.245818448620426776e-04
4.117293492724307486e-04
4.663051760105850962e-04
4.667561196855507240e-04
4.250880024227192042e-04
4.571353079183091295e-04
4.654772047963575549e-04
4.615306531967514969e-04
4.591456550363804930e-04
9.416535388404975357e-05
9.357871161752807844e-05
9.003464661568041862e-05
9.605468831015263420e-05
9.251329150527281479e-05
9.201253622822325509e-05
9.141514583814538432e-05
9.407895013059325100e-05
9.261291694776913844e-05
9.495843889635771477e-05
9.018946500312404586e-05
9.115002830541620428e-05
9.127783064059513869e-05
8.968104727203102711e-05
9.374715698145642091e-05
9.215830377811845824e-05
9.413075862457978972e-05
9.227329003149549946e-05
9.177963480513349787e-05
9.347586860810538640e-05
9.510581022873347578e-05
9.028926191801550389e-05
9.554225710812888270e-05
9.048539052836269839e-05
9.529710858270731171e-05
9.179306067045740736e-05
9.478596927038137221e-05
9.267022525859383358e-05
9.428597191701947706e-05
9.059325887145254518e-05
9.373573640470060186e-05
9.423165155942520076e-05
9.015953282952295057e-05
9.426292877510918924e-05
9.061725260536693857e-05
9.440956600342526419e-05
9.069355724074316645e-05
9.322791597623157048e-05
9.586371740903594551e-05
9.030362356647301267e-05
1.450773028511733152e-05
1.448046961401988388e-05
1.448069806729838852e-05
1.447795893239386759e-05
1.448740208990527646e-05
1.449815613775437853e-05
1.450032084063553147e-05
1.448280169648755287e-05
1.449195309078890721e-05
1.449122007810246266e-05
1.449104646643727275e-05
1.447927183520997948e-05
1.449830786546284655e-05
1.451037485508493535e-05
1.447359498052215156e-05
1.448665359177702021e-05
1.448230530986777669e-05
1.447430490151746974e-05
1.448452177480933361e-05
1.448407235694025913e-05
1.446986124539461493e-05
1.446843275023999137e-05
1.448105505670385617e-05
1.447422071166398628e-05
1.446811787025873748e-05
1.447350119337357540e-05
1.448026597891679725e-05
1.451113726678032333e-05
1.446962377826640371e-05
1.446988220147782935e-05
1.449565515550148081e-05
1.447222642824220383e-05
1.448482637026147266e-05
1.447933355961510420e-05
1.450388022569927981e-05
1.447102578019489968e-05
1.447049137729396887e-05
1.451229833053850335e-05
1.448501777546030228e-05
1.450690912085578874e-05
3.798106888737605631e-04
3.739312514131466845e-04
3.713985337881940360e-04
3.782492693806667971e-04
3.714855315623686780e-04
3.764948355458644889e-04
3.741501411802827565e-04
3.798102053740977303e-04
3.705853185651463116e-04
3.718315867978027158e-04
3.633189615838612087e-04
3.749389134329465302e-04
3.780557761743340317e-04
3.669704284698994718e-04
3.739111959412076951e-04
3.636128701657138180e-04
3.672006604306152873e-04
3.793390065220383022e-04
3.764266611165283474e-04
3.790808964889975214e-04
3.767702753529050949e-04
3.694934708769774729e-04
3.723905741266690618e-04
3.631186145493729266e-04
3.718202366263601900e-04
3.798860693308400748e-04
3.770223365691843841e-04
3.777998770254070563e-04
3.689741954051078878e-04
3.711227959411154682e-04
3.779868667949535990e-04
3.787724120486308773e-04
3.717292617333907163e-04
3.795854264507753464e-04
3.690904947384478327e-04
3.683273282144964873e-04
3.796060290544521466e-04
3.675455537020432461e-04
3.795380892044975863e-04
3.798269783757421219e-04
1.492921878469469036e-05
1.493794157907364941e-05
1.491644509905029792e-05
1.494037594617422527e-05
1.492991053603529341e-05
1.492635237443990674e-05
1.491686953348738930e-05
1.492004721202834684e-05
1.494000079184155869e-05
1.493002088402279550e-05
1.493032764159395116e-05
1.493178209524866248e-05
1.492301140239432916e-05
1.491756816800901905e-05
1.492843801400437505e-05
1.491750610310455744e-05
1.493505323480456010e-05
1.492436197134957474e-05
1.492372836569142561e-05
1.493091466568151741e-05
1.491745888745318925e-05
1.491868034709078833e-05
1.493864776641619160e-05
1.492726487261232250e-05
1.493551752322691983e-05
1.492270471013418591e-05
1.492191769209934726e-05
1.493141309854609629e-05
1.493505157974673849e-05
1.493756247302053511e-05
1.491759143519928702e-05
1.491788574436245799e-05
1.492282193928293584e-05
1.493487767888315855e-05
1.492705979387827315e-05
1.493852831679717575e-05
1.491840350278874138e-05
1.493974892663299207e-05
1.492856713891044999e-05
1.492889154572932040e-05
5.577204495282613418e-04
5.960188793544318525e-04
5.479262249720426347e-04
5.772346116746749235e-04
5.543414150237043923e-04
5.854907435938845259e-04
6.052798550699176657e-04
5.230404865382957697e-04
5.617382798838899301e-04
5.467804992648792961e-04
5.633270802722894349e-04
5.263509222433695360e-04
5.962944255292844777e-04
5.581894554717652893e-04
6.059231060996560442e-04
5.523557806003756045e-04
5.794540415320372211e-04
5.196178778723425234e-04
5.975487846857583654e-04
5.180435959029625406e-04
5.256105376528163965e-04
5.447586450087383734e-04
5.981126422218124416e-04
5.666845034076940270e-04
6.088545480887289519e-04
5.561685344339533689e-04
5.580238701097601150e-04
5.865163518345353896e-04
6.072656949336112603e-04
5.248684976459578114e-04
5.748498586681394110e-04
5.186876670040017163e-04
5.499172392650615668e-04
6.110509036098807399e-04
5.458564315384779658e-04
5.232466702768060612e-04
5.249929377536625410e-04
6.016558865378676246e-04
5.387688982132256017e-04
5.979352009821036406e-04
3.338108988946294976e-05
3.256719172358445212e-05
3.271724746484973089e-05
3.247210062539034790e-05
3.233732422903495628e-05
3.418609541359640409e-05
3.370536732565842581e-05
3.214118068997755690e-05
3.250162422854401033e-05
3.299611836132203252e-05
3.252601520662050865e-05
3.314616796490469112e-05
3.282763332671876901e-05
3.274466265642860050e-05
3.394653884572509613e-05
3.422097869088771194e-05
3.280193984995713723e-05
3.395236059236762729e-05
3.257034886724145947e-05
3.376171592584625272e-05
3.276224171774314768e-05
3.411570500605447259e-05
3.335167508443014300e-05
3.205138833149712830e-05
3.214680971071006869e-05
3.224291743562999590e-05
3.214160490910459396e-05
3.362809412462845125e-05
3.364133118685484888e-05
3.313452556190931868e-05
3.335523610833440321e-05
3.226809619420880444e-05
3.211104042146719002e-05
3.205994226987331236e-05
3.247358600196616197e-05
3.419135954494973307e-05
3.273025500438882083e-05
3.286496668171417091e-05
3.239492543125863143e-05
3.261001464934678673e-05
5.963080662476651604e-04
6.002250175861387291e-04
6.013819060250127262e-04
5.966255203868697050e-04
5.964026458042177197e-04
5.990611125427327448e-04
5.980349136991523632e-04
5.959711158885531383e-04
5.944909824530491800e-04
6.010167003076189764e-04
5.929610916577462022e-04
5.993108932553493874e-04
6.011713325569807134e-04
5.972888859504294108e-04
6.013082606837558824e-04
5.908809227675000057e-04
5.885393370840402705e-04
5.893586116637549149e-04
5.948472310200700634e-04
5.898894920951491512e-04
6.011130272541315850e-04
5.996495645548234133e-04
5.967925396176863243e-04
5.973023345168633957e-04
6.005182101898321996e-04
5.995794195184841200e-04
6.008855587175565994e-04
6.001188814617648692e-04
6.010429555661812862e-04
5.908279984755812272e-04
5.987137639159708031e-04
5.911939939942440674e-04
6.011346169512741611e-04
6.009615174477101222e-04
6.015562275269362548e-04
6.011070874025018244e-04
5.981840900787747115e-04
5.960795386510396891e-04
5.959601313181812432e-04
6.014952692938969284e-04
6.015191716088084473e-04
5.972435821903474863e-04
5.978587642747696046e-04
6.008711686481151134e-04
5.958702228392271857e-04
6.012417769319431228e-04
6.015513245047643962e-04
6.015285872664785476e-04
5.957249781544919241e-04
5.977165072856751443e-04
6.013811168599986819e-04
5.978658551802814572e-04
5.974643381817456526e-04
5.967780224939815692e-04
5.956845876625601862e-04
6.015686644686087407e-04
6.012306576495548378e-04
6.005562971112481758e-04
5.996756028299857254e-04
6.000453683669438329e-04
6.011023735895035768e-04
6.012045139652306578e-04
5.957344597968380808e-04
6.015517848333147392e-04
6.004373032921983197e-04
6.002764425307585217e-04
5.957880721283459208e-04
5.985775776435794384e-04
5.942013119183380942e-04
5.947735738243386779e-04
6.015447648133535712e-04
6.010123296293702925e-04
6.013894096387487282e-04
5.941020078391205184e-04
6.013615911414475507e-04
5.945955796171490445e-04
6.012773878811550343e-04
6.013930422434922126e-04
6.008282511044144708e-04
5.982406130321893476e-04
2.421814040766759324e-05
1.516364583500324276e-05
4.421237181216462904e-04
9.339562158182021772e-05
1.448975217886767484e-05
3.728488882928058536e-04
1.492865729767367865e-05
5.611841214316611124e-04
3.308278352607570529e-05
5.984223280922023160e-04
1.000000000000000072e-18
