-6.000000000000000000e+00
-5.987987987987987815e+00
-5.975975975975975629e+00
-5.963963963963964332e+00
-5.951951951951952147e+00
-5.939939939939939961e+00
-5.927927927927927776e+00
-5.915915915915915591e+00
-5.903903903903904293e+00
-5.891891891891892108e+00
-5.879879879879879923e+00
-5.867867867867867737e+00
-5.855855855855855552e+00
-5.843843843843844255e+00
-5.831831831831832069e+00
-5.819819819819819884e+00
-5.807807807807807698e+00
-5.795795795795795513e+00
-5.783783783783784216e+00
-5.771771771771772030e+00
-5.759759759759759845e+00
-5.747747747747747660e+00
-5.735735735735735474e+00
-5.723723723723724177e+00
-5.711711711711711992e+00
-5.699699699699699806e+00
-5.687687687687687621e+00
-5.675675675675675436e+00
-5.663663663663664138e+00
-5.651651651651651953e+00
-5.639639639639639768e+00
-5.627627627627627582e+00
-5.615615615615615397e+00
-5.603603603603603212e+00
-5.591591591591591914e+00
-5.579579579579579729e+00
-5.567567567567567544e+00
-5.555555555555555358e+00
-5.543543543543543173e+00
-5.531531531531531876e+00
-5.519519519519519690e+00
-5.507507507507507505e+00
-5.495495495495495319e+00
-5.483483483483483134e+00
-5.471471471471471837e+00
-5.459459459459459651e+00
-5.447447447447447466e+00
-5.435435435435435281e+00
-5.423423423423423095e+00
-5.411411411411411798e+00
-5.399399399399399613e+00
-5.387387387387387427e+00
-5.375375375375375242e+00
-5.363363363363363057e+00
-5.351351351351350871e+00
-5.339339339339339574e+00
-5.327327327327327389e+00
-5.315315315315315203e+00
-5.303303303303303018e+00
-5.291291291291290833e+00
-5.279279279279279535e+00
-5.267267267267267350e+00
-5.255255255255255165e+00
-5.243243243243242979e+00
-5.231231231231230794e+00
-5.219219219219219497e+00
-5.207207207207207311e+00
-5.195195195195195126e+00
-5.183183183183182940e+00
-5.171171171171170755e+00
-5.159159159159159458e+00
-5.147147147147147273e+00
-5.135135135135135087e+00
-5.123123123123122902e+00
-5.111111111111110716e+00
-5.099099099099099419e+00
-5.087087087087087234e+00
-5.075075075075075048e+00
-5.063063063063062863e+00
-5.051051051051050678e+00
-5.039039039039039380e+00
-5.027027027027027195e+00
-5.015015015015015010e+00
-5.003003003003002824e+00
-4.990990990990990639e+00
-4.978978978978979342e+00
-4.966966966966967156e+00
-4.954954954954954971e+00
-4.942942942942942786e+00
-4.930930930930930600e+00
-4.918918918918919303e+00
-4.906906906906907118e+00
-4.894894894894894932e+00
-4.882882882882882747e+00
-4.870870870870870561e+00
-4.858858858858859264e+00
-4.846846846846847079e+00
-4.834834834834834894e+00
-4.822822822822822708e+00
-4.810810810810810523e+00
-4.798798798798799226e+00
-4.786786786786787040e+00
-4.774774774774774855e+00
-4.762762762762762669e+00
-4.750750750750750484e+00
-4.738738738738739187e+00
-4.726726726726727001e+00
-4.714714714714714816e+00
-4.702702702702702631e+00
-4.690690690690690445e+00
-4.678678678678679148e+00
-4.666666666666666963e+00
-4.654654654654654777e+00
-4.642642642642642592e+00
-4.630630630630630407e+00
-4.618618618618619109e+00
-4.606606606606606924e+00
-4.594594594594594739e+00
-4.582582582582582553e+00
-4.570570570570570368e+00
-4.558558558558559071e+00
-4.546546546546546885e+00
-4.534534534534534700e+00
-4.522522522522522515e+00
-4.510510510510510329e+00
-4.498498498498499032e+00
-4.486486486486485958e+00
-4.474474474474474661e+00
-4.462462462462462476e+00
-4.450450450450450290e+00
-4.438438438438438993e+00
-4.426426426426425920e+00
-4.414414414414414622e+00
-4.402402402402402437e+00
-4.390390390390390252e+00
-4.378378378378378066e+00
-4.366366366366365881e+00
-4.354354354354354584e+00
-4.342342342342342398e+00
-4.330330330330330213e+00
-4.318318318318318028e+00
-4.306306306306305842e+00
-4.294294294294294545e+00
-4.282282282282282360e+00
-4.270270270270270174e+00
-4.258258258258257989e+00
-4.246246246246245803e+00
-4.234234234234234506e+00
-4.222222222222222321e+00
-4.210210210210210136e+00
-4.198198198198197950e+00
-4.186186186186185765e+00
-4.174174174174174468e+00
-4.162162162162162282e+00
-4.150150150150150097e+00
-4.138138138138137911e+00
-4.126126126126125726e+00
-4.114114114114114429e+00
-4.102102102102102243e+00
-4.090090090090090058e+00
-4.078078078078077873e+00
-4.066066066066065687e+00
-4.054054054054054390e+00
-4.042042042042042205e+00
-4.030030030030030019e+00
-4.018018018018017834e+00
-4.006006006006005649e+00
-3.993993993993993907e+00
-3.981981981981982166e+00
-3.969969969969969981e+00
-3.957957957957957795e+00
-3.945945945945946054e+00
-3.933933933933933869e+00
-3.921921921921922127e+00
-3.909909909909909942e+00
-3.897897897897897757e+00
-3.885885885885886015e+00
-3.873873873873873830e+00
-3.861861861861862089e+00
-3.849849849849849903e+00
-3.837837837837837718e+00
-3.825825825825825977e+00
-3.813813813813813791e+00
-3.801801801801801606e+00
-3.789789789789789864e+00
-3.777777777777777679e+00
-3.765765765765765938e+00
-3.753753753753753752e+00
-3.741741741741741567e+00
-3.729729729729729826e+00
-3.717717717717717640e+00
-3.705705705705705899e+00
-3.693693693693693714e+00
-3.681681681681681528e+00
-3.669669669669669787e+00
-3.657657657657657602e+00
-3.645645645645645860e+00
-3.633633633633633675e+00
-3.621621621621621490e+00
-3.609609609609609748e+00
-3.597597597597597563e+00
-3.585585585585585822e+00
-3.573573573573573636e+00
-3.561561561561561451e+00
-3.549549549549549710e+00
-3.537537537537537524e+00
-3.525525525525525339e+00
-3.513513513513513598e+00
-3.501501501501501412e+00
-3.489489489489489671e+00
-3.477477477477477485e+00
-3.465465465465465300e+00
-3.453453453453453559e+00
-3.441441441441441373e+00
-3.429429429429429632e+00
-3.417417417417417447e+00
-3.405405405405405261e+00
-3.393393393393393520e+00
-3.381381381381381335e+00
-3.369369369369369593e+00
-3.357357357357357408e+00
-3.345345345345345223e+00
-3.333333333333333481e+00
-3.321321321321321296e+00
-3.309309309309309555e+00
-3.297297297297297369e+00
-3.285285285285285184e+00
-3.273273273273273443e+00
-3.261261261261261257e+00
-3.249249249249249072e+00
-3.237237237237237331e+00
-3.225225225225225145e+00
-3.213213213213213404e+00
-3.201201201201201219e+00
-3.189189189189189033e+00
-3.177177177177177292e+00
-3.165165165165165106e+00
-3.153153153153153365e+00
-3.141141141141141180e+00
-3.129129129129128994e+00
-3.117117117117117253e+00
-3.105105105105105068e+00
-3.093093093093093326e+00
-3.081081081081081141e+00
-3.069069069069068956e+00
-3.057057057057057214e+00
-3.045045045045045029e+00
-3.033033033033032844e+00
-3.021021021021021102e+00
-3.009009009009008917e+00
-2.996996996996997176e+00
-2.984984984984984990e+00
-2.972972972972972805e+00
-2.960960960960961064e+00
-2.948948948948948878e+00
-2.936936936936937137e+00
-2.924924924924924952e+00
-2.912912912912912766e+00
-2.900900900900901025e+00
-2.888888888888888840e+00
-2.876876876876877098e+00
-2.864864864864864913e+00
-2.852852852852852727e+00
-2.840840840840840986e+00
-2.828828828828828801e+00
-2.816816816816817060e+00
-2.804804804804804874e+00
-2.792792792792792689e+00
-2.780780780780780947e+00
-2.768768768768768762e+00
-2.756756756756756577e+00
-2.744744744744744835e+00
-2.732732732732732650e+00
-2.720720720720720909e+00
-2.708708708708708723e+00
-2.696696696696696538e+00
-2.684684684684684797e+00
-2.672672672672672611e+00
-2.660660660660660870e+00
-2.648648648648648685e+00
-2.636636636636636499e+00
-2.624624624624624758e+00
-2.612612612612612573e+00
-2.600600600600600831e+00
-2.588588588588588646e+00
-2.576576576576576461e+00
-2.564564564564564719e+00
-2.552552552552552534e+00
-2.540540540540540349e+00
-2.528528528528528607e+00
-2.516516516516516422e+00
-2.504504504504504681e+00
-2.492492492492492495e+00
-2.480480480480480310e+00
-2.468468468468468568e+00
-2.456456456456456383e+00
-2.444444444444444642e+00
-2.432432432432432456e+00
-2.420420420420420271e+00
-2.408408408408408530e+00
-2.396396396396396344e+00
-2.384384384384384603e+00
-2.372372372372372418e+00
-2.360360360360360232e+00
-2.348348348348348491e+00
-2.336336336336336306e+00
-2.324324324324324564e+00
-2.312312312312312379e+00
-2.300300300300300194e+00
-2.288288288288288452e+00
-2.276276276276276267e+00
-2.264264264264264082e+00
-2.252252252252252340e+00
-2.240240240240240155e+00
-2.228228228228228414e+00
-2.216216216216216228e+00
-2.204204204204204043e+00
-2.192192192192192302e+00
-2.180180180180180116e+00
-2.168168168168168375e+00
-2.156156156156156189e+00
-2.144144144144144004e+00
-2.132132132132132263e+00
-2.120120120120120077e+00
-2.108108108108108336e+00
-2.096096096096096151e+00
-2.084084084084083965e+00
-2.072072072072072224e+00
-2.060060060060060039e+00
-2.048048048048048297e+00
-2.036036036036036112e+00
-2.024024024024023927e+00
-2.012012012012012185e+00
-2.000000000000000000e+00
-1.987987987987987815e+00
-1.975975975975975629e+00
-1.963963963963964332e+00
-1.951951951951952147e+00
-1.939939939939939961e+00
-1.927927927927927776e+00
-1.915915915915915591e+00
-1.903903903903904293e+00
-1.891891891891892108e+00
-1.879879879879879923e+00
-1.867867867867867737e+00
-1.855855855855855552e+00
-1.843843843843844255e+00
-1.831831831831832069e+00
-1.819819819819819884e+00
-1.807807807807807698e+00
-1.795795795795795513e+00
-1.783783783783784216e+00
-1.771771771771772030e+00
-1.759759759759759845e+00
-1.747747747747747660e+00
-1.735735735735735474e+00
-1.723723723723724177e+00
-1.711711711711711992e+00
-1.699699699699699806e+00
-1.687687687687687621e+00
-1.675675675675675436e+00
-1.663663663663664138e+00
-1.651651651651651953e+00
-1.639639639639639768e+00
-1.627627627627627582e+00
-1.615615615615615397e+00
-1.603603603603603212e+00
-1.591591591591591914e+00
-1.579579579579579729e+00
-1.567567567567567544e+00
-1.555555555555555358e+00
-1.543543543543543173e+00
-1.531531531531531876e+00
-1.519519519519519690e+00
-1.507507507507507505e+00
-1.495495495495495319e+00
-1.483483483483483134e+00
-1.471471471471471837e+00
-1.459459459459459651e+00
-1.447447447447447466e+00
-1.435435435435435281e+00
-1.423423423423423095e+00
-1.411411411411411798e+00
-1.399399399399399613e+00
-1.387387387387387427e+00
-1.375375375375375242e+00
-1.363363363363363057e+00
-1.351351351351351759e+00
-1.339339339339339574e+00
-1.327327327327327389e+00
-1.315315315315315203e+00
-1.303303303303303018e+00
-1.291291291291291721e+00
-1.279279279279279535e+00
-1.267267267267267350e+00
-1.255255255255255165e+00
-1.243243243243242979e+00
-1.231231231231231682e+00
-1.219219219219219497e+00
-1.207207207207207311e+00
-1.195195195195195126e+00
-1.183183183183182940e+00
-1.171171171171171643e+00
-1.159159159159159458e+00
-1.147147147147147273e+00
-1.135135135135135087e+00
-1.123123123123122902e+00
-1.111111111111110716e+00
-1.099099099099099419e+00
-1.087087087087087234e+00
-1.075075075075075048e+00
-1.063063063063062863e+00
-1.051051051051050678e+00
-1.039039039039039380e+00
-1.027027027027027195e+00
-1.015015015015015010e+00
-1.003003003003002824e+00
-9.909909909909906389e-01
-9.789789789789793417e-01
-9.669669669669671563e-01
-9.549549549549549710e-01
-9.429429429429427856e-01
-9.309309309309306002e-01
-9.189189189189193030e-01
-9.069069069069071176e-01
-8.948948948948949322e-01
-8.828828828828827469e-01
-8.708708708708705615e-01
-8.588588588588592643e-01
-8.468468468468470789e-01
-8.348348348348348935e-01
-8.228228228228227081e-01
-8.108108108108105228e-01
-7.987987987987992256e-01
-7.867867867867870402e-01
-7.747747747747748548e-01
-7.627627627627626694e-01
-7.507507507507504840e-01
-7.387387387387391868e-01
-7.267267267267270014e-01
-7.147147147147148161e-01
-7.027027027027026307e-01
-6.906906906906904453e-01
-6.786786786786791481e-01
-6.666666666666669627e-01
-6.546546546546547773e-01
-6.426426426426425920e-01
-6.306306306306304066e-01
-6.186186186186191094e-01
-6.066066066066069240e-01
-5.945945945945947386e-01
-5.825825825825825532e-01
-5.705705705705703679e-01
-5.585585585585581825e-01
-5.465465465465468853e-01
-5.345345345345346999e-01
-5.225225225225225145e-01
-5.105105105105103291e-01
-4.984984984984981438e-01
-4.864864864864868466e-01
-4.744744744744746612e-01
-4.624624624624624758e-01
-4.504504504504502904e-01
-4.384384384384381050e-01
-4.264264264264268078e-01
-4.144144144144146225e-01
-4.024024024024024371e-01
-3.903903903903902517e-01
-3.783783783783780663e-01
-3.663663663663667691e-01
-3.543543543543545837e-01
-3.423423423423423984e-01
-3.303303303303302130e-01
-3.183183183183180276e-01
-3.063063063063067304e-01
-2.942942942942945450e-01
-2.822822822822823596e-01
-2.702702702702701743e-01
-2.582582582582579889e-01
-2.462462462462466917e-01
-2.342342342342345063e-01
-2.222222222222223209e-01
-2.102102102102101355e-01
-1.981981981981979501e-01
-1.861861861861866529e-01
-1.741741741741744676e-01
-1.621621621621622822e-01
-1.501501501501500968e-01
-1.381381381381379114e-01
-1.261261261261266142e-01
-1.141141141141144288e-01
-1.021021021021022435e-01
-9.009009009009005808e-02
-7.807807807807787270e-02
-6.606606606606568732e-02
-5.405405405405439012e-02
-4.204204204204220474e-02
-3.003003003003001936e-02
-1.801801801801783398e-02
-6.006006006005648601e-03
6.006006006005648601e-03
1.801801801801783398e-02
3.003003003003001936e-02
4.204204204204220474e-02
5.405405405405439012e-02
6.606606606606568732e-02
7.807807807807787270e-02
9.009009009009005808e-02
1.021021021021022435e-01
1.141141141141144288e-01
1.261261261261257260e-01
1.381381381381379114e-01
1.501501501501500968e-01
1.621621621621622822e-01
1.741741741741744676e-01
1.861861861861857648e-01
1.981981981981979501e-01
2.102102102102101355e-01
2.222222222222223209e-01
2.342342342342345063e-01
2.462462462462458035e-01
2.582582582582579889e-01
2.702702702702701743e-01
2.822822822822823596e-01
2.942942942942945450e-01
3.063063063063058422e-01
3.183183183183180276e-01
3.303303303303302130e-01
3.423423423423423984e-01
3.543543543543545837e-01
3.663663663663658809e-01
3.783783783783780663e-01
3.903903903903902517e-01
4.024024024024024371e-01
4.144144144144146225e-01
4.264264264264268078e-01
4.384384384384381050e-01
4.504504504504502904e-01
4.624624624624624758e-01
4.744744744744746612e-01
4.864864864864868466e-01
4.984984984984981438e-01
5.105105105105103291e-01
5.225225225225225145e-01
5.345345345345346999e-01
5.465465465465468853e-01
5.585585585585581825e-01
5.705705705705703679e-01
5.825825825825825532e-01
5.945945945945947386e-01
6.066066066066069240e-01
6.186186186186182212e-01
6.306306306306304066e-01
6.426426426426425920e-01
6.546546546546547773e-01
6.666666666666669627e-01
6.786786786786782599e-01
6.906906906906904453e-01
7.027027027027026307e-01
7.147147147147148161e-01
7.267267267267270014e-01
7.387387387387382987e-01
7.507507507507504840e-01
7.627627627627626694e-01
7.747747747747748548e-01
7.867867867867870402e-01
7.987987987987983374e-01
8.108108108108105228e-01
8.228228228228227081e-01
8.348348348348348935e-01
8.468468468468470789e-01
8.588588588588583761e-01
8.708708708708705615e-01
8.828828828828827469e-01
8.948948948948949322e-01
9.069069069069071176e-01
9.189189189189193030e-01
9.309309309309306002e-01
9.429429429429427856e-01
9.549549549549549710e-01
9.669669669669671563e-01
9.789789789789793417e-01
9.909909909909906389e-01
1.003003003003002824e+00
1.015015015015015010e+00
1.027027027027027195e+00
1.039039039039039380e+00
1.051051051051050678e+00
1.063063063063062863e+00
1.075075075075075048e+00
1.087087087087087234e+00
1.099099099099099419e+00
1.111111111111110716e+00
1.123123123123122902e+00
1.135135135135135087e+00
1.147147147147147273e+00
1.159159159159159458e+00
1.171171171171170755e+00
1.183183183183182940e+00
1.195195195195195126e+00
1.207207207207207311e+00
1.219219219219219497e+00
1.231231231231230794e+00
1.243243243243242979e+00
1.255255255255255165e+00
1.267267267267267350e+00
1.279279279279279535e+00
1.291291291291290833e+00
1.303303303303303018e+00
1.315315315315315203e+00
1.327327327327327389e+00
1.339339339339339574e+00
1.351351351351350871e+00
1.363363363363363057e+00
1.375375375375375242e+00
1.387387387387387427e+00
1.399399399399399613e+00
1.411411411411410910e+00
1.423423423423423095e+00
1.435435435435435281e+00
1.447447447447447466e+00
1.459459459459459651e+00
1.471471471471471837e+00
1.483483483483483134e+00
1.495495495495495319e+00
1.507507507507507505e+00
1.519519519519519690e+00
1.531531531531531876e+00
1.543543543543543173e+00
1.555555555555555358e+00
1.567567567567567544e+00
1.579579579579579729e+00
1.591591591591591914e+00
1.603603603603603212e+00
1.615615615615615397e+00
1.627627627627627582e+00
1.639639639639639768e+00
1.651651651651651953e+00
1.663663663663663250e+00
1.675675675675675436e+00
1.687687687687687621e+00
1.699699699699699806e+00
1.711711711711711992e+00
1.723723723723723289e+00
1.735735735735735474e+00
1.747747747747747660e+00
1.759759759759759845e+00
1.771771771771772030e+00
1.783783783783783328e+00
1.795795795795795513e+00
1.807807807807807698e+00
1.819819819819819884e+00
1.831831831831832069e+00
1.843843843843843366e+00
1.855855855855855552e+00
1.867867867867867737e+00
1.879879879879879923e+00
1.891891891891892108e+00
1.903903903903903405e+00
1.915915915915915591e+00
1.927927927927927776e+00
1.939939939939939961e+00
1.951951951951952147e+00
1.963963963963964332e+00
1.975975975975975629e+00
1.987987987987987815e+00
2.000000000000000000e+00
2.012012012012011297e+00
2.024024024024024371e+00
2.036036036036035668e+00
2.048048048048048742e+00
2.060060060060060039e+00
2.072072072072071336e+00
2.084084084084084409e+00
2.096096096096095707e+00
2.108108108108108780e+00
2.120120120120120077e+00
2.132132132132131375e+00
2.144144144144144448e+00
2.156156156156155745e+00
2.168168168168168819e+00
2.180180180180180116e+00
2.192192192192191413e+00
2.204204204204204487e+00
2.216216216216215784e+00
2.228228228228228858e+00
2.240240240240240155e+00
2.252252252252251452e+00
2.264264264264264526e+00
2.276276276276275823e+00
2.288288288288288896e+00
2.300300300300300194e+00
2.312312312312311491e+00
2.324324324324324564e+00
2.336336336336335862e+00
2.348348348348348935e+00
2.360360360360360232e+00
2.372372372372371530e+00
2.384384384384384603e+00
2.396396396396395900e+00
2.408408408408408974e+00
2.420420420420420271e+00
2.432432432432431568e+00
2.444444444444444642e+00
2.456456456456455939e+00
2.468468468468469013e+00
2.480480480480480310e+00
2.492492492492491607e+00
2.504504504504504681e+00
2.516516516516515978e+00
2.528528528528529051e+00
2.540540540540540349e+00
2.552552552552551646e+00
2.564564564564564719e+00
2.576576576576576016e+00
2.588588588588589090e+00
2.600600600600600387e+00
2.612612612612611684e+00
2.624624624624624758e+00
2.636636636636636055e+00
2.648648648648649129e+00
2.660660660660660426e+00
2.672672672672671723e+00
2.684684684684684797e+00
2.696696696696696094e+00
2.708708708708709167e+00
2.720720720720720465e+00
2.732732732732733538e+00
2.744744744744744835e+00
2.756756756756756133e+00
2.768768768768769206e+00
2.780780780780780503e+00
2.792792792792793577e+00
2.804804804804804874e+00
2.816816816816816171e+00
2.828828828828829245e+00
2.840840840840840542e+00
2.852852852852853616e+00
2.864864864864864913e+00
2.876876876876876210e+00
2.888888888888889284e+00
2.900900900900900581e+00
2.912912912912913654e+00
2.924924924924924952e+00
2.936936936936936249e+00
2.948948948948949322e+00
2.960960960960960620e+00
2.972972972972973693e+00
2.984984984984984990e+00
2.996996996996996288e+00
3.009009009009009361e+00
3.021021021021020658e+00
3.033033033033033732e+00
3.045045045045045029e+00
3.057057057057056326e+00
3.069069069069069400e+00
3.081081081081080697e+00
3.093093093093093771e+00
3.105105105105105068e+00
3.117117117117116365e+00
3.129129129129129439e+00
3.141141141141140736e+00
3.153153153153153809e+00
3.165165165165165106e+00
3.177177177177176404e+00
3.189189189189189477e+00
3.201201201201200774e+00
3.213213213213213848e+00
3.225225225225225145e+00
3.237237237237236442e+00
3.249249249249249516e+00
3.261261261261260813e+00
3.273273273273273887e+00
3.285285285285285184e+00
3.297297297297296481e+00
3.309309309309309555e+00
3.321321321321320852e+00
3.333333333333333925e+00
3.345345345345345223e+00
3.357357357357356520e+00
3.369369369369369593e+00
3.381381381381380891e+00
3.393393393393393964e+00
3.405405405405405261e+00
3.417417417417416559e+00
3.429429429429429632e+00
3.441441441441440929e+00
3.453453453453454003e+00
3.465465465465465300e+00
3.477477477477476597e+00
3.489489489489489671e+00
3.501501501501500968e+00
3.513513513513514042e+00
3.525525525525525339e+00
3.537537537537536636e+00
3.549549549549549710e+00
3.561561561561561007e+00
3.573573573573574080e+00
3.585585585585585378e+00
3.597597597597596675e+00
3.609609609609609748e+00
3.621621621621621046e+00
3.633633633633634119e+00
3.645645645645645416e+00
3.657657657657656713e+00
3.669669669669669787e+00
3.681681681681681084e+00
3.693693693693694158e+00
3.705705705705705455e+00
3.717717717717716752e+00
3.729729729729729826e+00
3.741741741741741123e+00
3.753753753753754197e+00
3.765765765765765494e+00
3.777777777777778567e+00
3.789789789789789864e+00
3.801801801801801162e+00
3.813813813813814235e+00
3.825825825825825532e+00
3.837837837837838606e+00
3.849849849849849903e+00
3.861861861861861200e+00
3.873873873873874274e+00
3.885885885885885571e+00
3.897897897897898645e+00
3.909909909909909942e+00
3.921921921921921239e+00
3.933933933933934313e+00
3.945945945945945610e+00
3.957957957957958683e+00
3.969969969969969981e+00
3.981981981981981278e+00
3.993993993993994351e+00
4.006006006006005649e+00
4.018018018018018722e+00
4.030030030030030019e+00
4.042042042042041317e+00
4.054054054054054390e+00
4.066066066066065687e+00
4.078078078078078761e+00
4.090090090090090058e+00
4.102102102102101355e+00
4.114114114114114429e+00
4.126126126126125726e+00
4.138138138138138800e+00
4.150150150150150097e+00
4.162162162162161394e+00
4.174174174174174468e+00
4.186186186186185765e+00
4.198198198198198838e+00
4.210210210210210136e+00
4.222222222222221433e+00
4.234234234234234506e+00
4.246246246246245803e+00
4.258258258258258877e+00
4.270270270270270174e+00
4.282282282282281471e+00
4.294294294294294545e+00
4.306306306306305842e+00
4.318318318318318916e+00
4.330330330330330213e+00
4.342342342342341510e+00
4.354354354354354584e+00
4.366366366366365881e+00
4.378378378378378954e+00
4.390390390390390252e+00
4.402402402402401549e+00
4.414414414414414622e+00
4.426426426426425920e+00
4.438438438438438993e+00
4.450450450450450290e+00
4.462462462462461588e+00
4.474474474474474661e+00
4.486486486486485958e+00
4.498498498498499032e+00
4.510510510510510329e+00
4.522522522522521626e+00
4.534534534534534700e+00
4.546546546546545997e+00
4.558558558558559071e+00
4.570570570570570368e+00
4.582582582582581665e+00
4.594594594594594739e+00
4.606606606606606036e+00
4.618618618618619109e+00
4.630630630630630407e+00
4.642642642642641704e+00
4.654654654654654777e+00
4.666666666666666075e+00
4.678678678678679148e+00
4.690690690690690445e+00
4.702702702702701743e+00
4.714714714714714816e+00
4.726726726726726113e+00
4.738738738738739187e+00
4.750750750750750484e+00
4.762762762762761781e+00
4.774774774774774855e+00
4.786786786786786152e+00
4.798798798798799226e+00
4.810810810810810523e+00
4.822822822822823596e+00
4.834834834834834894e+00
4.846846846846846191e+00
4.858858858858859264e+00
4.870870870870870561e+00
4.882882882882883635e+00
4.894894894894894932e+00
4.906906906906906229e+00
4.918918918918919303e+00
4.930930930930930600e+00
4.942942942942943674e+00
4.954954954954954971e+00
4.966966966966966268e+00
4.978978978978979342e+00
4.990990990990990639e+00
5.003003003003003712e+00
5.015015015015015010e+00
5.027027027027026307e+00
5.039039039039039380e+00
5.051051051051050678e+00
5.063063063063063751e+00
5.075075075075075048e+00
5.087087087087086346e+00
5.099099099099099419e+00
5.111111111111110716e+00
5.123123123123123790e+00
5.135135135135135087e+00
5.147147147147146384e+00
5.159159159159159458e+00
5.171171171171170755e+00
5.183183183183183829e+00
5.195195195195195126e+00
5.207207207207206423e+00
5.219219219219219497e+00
5.231231231231230794e+00
5.243243243243243867e+00
5.255255255255255165e+00
5.267267267267266462e+00
5.279279279279279535e+00
5.291291291291290833e+00
5.303303303303303906e+00
5.315315315315315203e+00
5.327327327327326500e+00
5.339339339339339574e+00
5.351351351351350871e+00
5.363363363363363945e+00
5.375375375375375242e+00
5.387387387387386539e+00
5.399399399399399613e+00
5.411411411411410910e+00
5.423423423423423984e+00
5.435435435435435281e+00
5.447447447447446578e+00
5.459459459459459651e+00
5.471471471471470949e+00
5.483483483483484022e+00
5.495495495495495319e+00
5.507507507507506617e+00
5.519519519519519690e+00
5.531531531531530987e+00
5.543543543543544061e+00
5.555555555555555358e+00
5.567567567567566655e+00
5.579579579579579729e+00
5.591591591591591026e+00
5.603603603603604100e+00
5.615615615615615397e+00
5.627627627627626694e+00
5.639639639639639768e+00
5.651651651651651065e+00
5.663663663663664138e+00
5.675675675675675436e+00
5.687687687687686733e+00
5.699699699699699806e+00
5.711711711711711104e+00
5.723723723723724177e+00
5.735735735735735474e+00
5.747747747747746772e+00
5.759759759759759845e+00
5.771771771771771142e+00
5.783783783783784216e+00
5.795795795795795513e+00
5.807807807807808587e+00
5.819819819819819884e+00
5.831831831831831181e+00
5.843843843843844255e+00
5.855855855855855552e+00
5.867867867867868625e+00
5.879879879879879923e+00
5.891891891891891220e+00
5.903903903903904293e+00
5.915915915915915591e+00
5.927927927927928664e+00
5.939939939939939961e+00
5.951951951951951258e+00
5.963963963963964332e+00
5.975975975975975629e+00
5.987987987987988703e+00
6.000000000000000000e+00
2.084270966076603671e+00
2.089136143816639812e+00
2.086961161029636802e+00
2.079812796123959640e+00
2.075375479656028421e+00
2.088853844916684910e+00
2.083019981349061300e+00
2.080025354157987394e+00
2.089479587458929810e+00
2.083154052834968351e+00
2.078318824178269963e+00
2.076464410083638690e+00
2.078847699842982788e+00
2.085688082734651339e+00
2.089450752908674325e+00
2.087029255387041538e+00
2.077573931886650183e+00
2.092264212808212065e+00
2.088161372196955856e+00
2.078409267012694794e+00
2.083334529626677867e+00
2.092560097267733177e+00
2.078095479977155158e+00
2.076490130660036737e+00
2.094208215462546985e+00
2.094074612808399571e+00
2.092542719403419405e+00
2.089927127604592982e+00
2.086089384588724727e+00
2.087047881081282252e+00
2.093052773997856608e+00
2.075143375262049172e+00
2.080266950296803863e+00
2.087943729442481189e+00
2.090409018227254112e+00
2.084637268112176756e+00
2.081726922151444281e+00
2.078484507884099219e+00
2.076220984148864801e+00
2.087577657931866781e+00
-2.080914885206960996e+00
-2.082371119467613330e+00
-2.074099794712036093e+00
-2.092384241538221445e+00
-2.088982108009838079e+00
-2.077648173824924172e+00
-2.089062728740834540e+00
-2.085280802266273437e+00
-2.085253465972235265e+00
-2.075018859606863941e+00
-2.090507503140382362e+00
-2.089445773510019588e+00
-2.077670001141723510e+00
-2.081771872494976527e+00
-2.086315290903843156e+00
-2.083015877343843414e+00
-2.088274511391261523e+00
-2.078985699259186415e+00
-2.084386717774608933e+00
-2.082006315335924729e+00
-2.078232894755880800e+00
-2.084763368663090422e+00
-2.092948667964245946e+00
-2.076907040948118066e+00
-2.092753889426588465e+00
-2.077538395418188966e+00
-2.082881943763849719e+00
-2.087095228289795212e+00
-2.085768171949191174e+00
-2.086386586813058663e+00
-2.085211774098326032e+00
-2.085613857163960638e+00
-2.090456482329737575e+00
-2.080913604814708773e+00
-2.080386940943121044e+00
-2.079954608786068970e+00
-2.092213208815681291e+00
-2.084106021160009981e+00
-2.090322950289257964e+00
-2.079675693080990762e+00
-1.919075905673641502e+00
-1.924737494744129584e+00
-1.917699985462001600e+00
-1.931578671881782450e+00
-1.924095808640776673e+00
-1.914864498625290512e+00
-1.931468945239875667e+00
-1.920330363926633588e+00
-1.923926683409771909e+00
-1.927993115166202642e+00
-1.929406362181877777e+00
-1.924766835661807729e+00
-1.928274767653699540e+00
-1.917152794096100177e+00
-1.927270837199073883e+00
-1.927542890744486925e+00
-1.919607051632057582e+00
-1.933579245304999139e+00
-1.918934199946744856e+00
-1.926202115547033467e+00
-1.916239468787187761e+00
-1.926095315039167755e+00
-1.915039371200135898e+00
-1.920897502735479101e+00
-1.926490135838089257e+00
-1.920957752606216706e+00
-1.925400039158214005e+00
-1.924284650892183368e+00
-1.927440592655083273e+00
-1.929377072175330499e+00
-1.914355106374257653e+00
-1.916019811419138685e+00
-1.921637260801903890e+00
-1.923198129222014385e+00
-1.914289604475651663e+00
-1.930524456938413236e+00
-1.921840404656709023e+00
-1.932579246673526763e+00
-1.922591431047913968e+00
-1.919747161950076997e+00
1.895210878209322658e+00
1.900325176748945522e+00
1.902065239205918745e+00
1.906206055491248552e+00
1.897016861370935503e+00
1.891603319361845337e+00
1.901717859623663021e+00
1.898301482367825699e+00
1.893790159111124138e+00
1.902177288438120062e+00
1.899147484234344763e+00
1.904036890804205573e+00
1.904407093839455722e+00
1.909954772229902176e+00
1.893581756332939570e+00
1.898883670895325615e+00
1.895300422667223206e+00
1.901112833035484062e+00
1.891380087907785112e+00
1.908732085802488099e+00
1.903896601420679513e+00
1.910522449160146907e+00
1.907252387635669066e+00
1.899321123891592134e+00
1.894898593666179298e+00
1.894196712669675708e+00
1.900380165055812753e+00
1.908248863057173228e+00
1.910758968641213640e+00
1.908840823229377648e+00
1.908196675109896878e+00
1.895674943729747985e+00
1.899817430203234236e+00
1.892893256684885728e+00
1.893166648394011053e+00
1.899915786716946720e+00
1.895203444397985493e+00
1.897756299883251563e+00
1.908406819183306791e+00
1.904749132078947582e+00
1.579632854687915477e+00
1.572348831962362858e+00
1.588848924132615359e+00
1.585183601643428197e+00
1.587370789522658310e+00
1.571298129855813963e+00
1.583999874573937650e+00
1.582277853976460591e+00
1.586816899034867667e+00
1.577202266236030326e+00
1.580842921906842502e+00
1.573082461081747319e+00
1.569500002232545155e+00
1.569740817569234004e+00
1.573623604130887310e+00
1.582488439511767986e+00
1.578942725100265898e+00
1.574085434588208043e+00
1.582845663939878689e+00
1.574182042136803794e+00
1.584386059184965001e+00
1.584808538318498883e+00
1.585494232828652983e+00
1.582211899399647903e+00
1.570241329799157315e+00
1.573663135236111232e+00
1.579073285322300624e+00
1.570357404706261173e+00
1.585999963431798720e+00
1.581362943162810231e+00
1.575683438847655049e+00
1.586209380804243896e+00
1.571610039827458394e+00
1.578362721229531695e+00
1.586790067341063093e+00
1.582410917680699081e+00
1.586061866671667486e+00
1.572406399988072634e+00
1.582471112923657275e+00
1.573207336397056677e+00
-1.586495520797429171e+00
-1.582514009805299438e+00
-1.578849078665712113e+00
-1.584104676271852696e+00
-1.579474607375131345e+00
-1.572266066522350458e+00
-1.579255467704121729e+00
-1.571899901368517982e+00
-1.570422551797127531e+00
-1.579149919251020773e+00
-1.581866279869746927e+00
-1.581271431216120682e+00
-1.573921653772020424e+00
-1.572014114032914467e+00
-1.569064549660017294e+00
-1.578571124519209334e+00
-1.576893322777377371e+00
-1.576408013508648231e+00
-1.576982884016839837e+00
-1.579012898689222677e+00
-1.568132635997675939e+00
-1.573934765122001700e+00
-1.582115322615084807e+00
-1.567494318217307780e+00
-1.583148093069015161e+00
-1.580799638987063993e+00
-1.579710951204833291e+00
-1.567230791213865215e+00
-1.570070010239104974e+00
-1.580699937893434770e+00
-1.571196070116814836e+00
-1.580551415539285243e+00
-1.569518247415692569e+00
-1.579900250418569962e+00
-1.569054794985946799e+00
-1.585481646599191219e+00
-1.584110268611826022e+00
-1.567639776116307448e+00
-1.586375573526395355e+00
-1.577046214323162943e+00
1.353603604517507497e+00
1.359655889392145545e+00
1.367011119881746728e+00
1.368657098832363861e+00
1.370048345470582962e+00
1.354817021272519684e+00
1.360098948417528320e+00
1.363934894283531429e+00
1.353064698782578290e+00
1.369014062949411858e+00
1.371251169416118021e+00
1.366637467956303587e+00
1.372154959724269263e+00
1.367360495009883659e+00
1.361856905405659957e+00
1.364092261641519421e+00
1.367591224922276361e+00
1.359093124516850937e+00
1.358967784982351823e+00
1.362598963822453602e+00
1.353215652222768961e+00
1.369819066139111197e+00
1.354933443973488139e+00
1.363357799472497689e+00
1.359064090468316666e+00
1.354310343437515662e+00
1.367327536537674693e+00
1.356947924510932824e+00
1.361586432296354898e+00
1.355007567838009575e+00
1.353419663208059287e+00
1.361470237364245106e+00
1.366481584385494719e+00
1.361956522390599167e+00
1.354889372723176333e+00
1.371557693517190035e+00
1.364182125846464810e+00
1.372285996321891854e+00
1.366600306223281658e+00
1.354742946441454432e+00
-1.351882030561236681e+00
-1.344045941881561790e+00
-1.339780723031259946e+00
-1.356341763258316790e+00
-1.350328610825765496e+00
-1.356364754993129917e+00
-1.355384348051785537e+00
-1.355061318394239267e+00
-1.354087196397267379e+00
-1.341068724206262885e+00
-1.346946756853968141e+00
-1.346438357962504995e+00
-1.346592371459572890e+00
-1.354553352263988542e+00
-1.342488825505977035e+00
-1.354238662139880978e+00
-1.354860163960741604e+00
-1.348272587680560353e+00
-1.342972231600739974e+00
-1.357128155854746554e+00
-1.352026133342218994e+00
-1.343525646845276755e+00
-1.351733617301821511e+00
-1.339718517786892882e+00
-1.353587783680935575e+00
-1.337522618624566784e+00
-1.337608644040925165e+00
-1.339389814898489295e+00
-1.353569677229991663e+00
-1.342378244726962544e+00
-1.341941902971218070e+00
-1.351427493217817410e+00
-1.350489860471365988e+00
-1.339897834915752428e+00
-1.357024160634999754e+00
-1.356798408614477536e+00
-1.341070095484629521e+00
-1.339309813811917715e+00
-1.347928651959155788e+00
-1.339469642452961295e+00
-4.011768122307680651e-01
-4.044064574035025617e-01
-4.072050840837425634e-01
-4.023487164127547144e-01
-3.979431438641506946e-01
-3.963624601562709127e-01
-3.939242026735862989e-01
-4.015639422762880550e-01
-4.004298803054919254e-01
-3.972329861063437217e-01
-3.900530852964780859e-01
-3.951925783550645499e-01
-3.957982745854045636e-01
-3.921138898119753691e-01
-4.080278305354291257e-01
-3.910776728115140655e-01
-3.998125213354477570e-01
-3.910018199568534025e-01
-3.983386748364118879e-01
-4.038365583770511802e-01
-4.049497966671403160e-01
-3.954927669481584362e-01
-3.904979594625697659e-01
-3.969543795326737623e-01
-3.947127674066099878e-01
-3.908275160534131487e-01
-4.004294169953043769e-01
-4.076433757739998387e-01
-3.950115220422265594e-01
-3.975641265964967030e-01
-4.004252922578234730e-01
-4.008575653827063934e-01
-3.941231396068640147e-01
-3.993405503042110616e-01
-3.915797466285864115e-01
-4.052589694396634967e-01
-3.931761160113323994e-01
-3.969153952696994891e-01
-4.050965730553093835e-01
-4.058929114419337347e-01
2.746135071605298461e-01
2.791827948166628603e-01
2.816793538131471264e-01
2.844209530013441234e-01
2.751634652358780353e-01
2.731039499775340662e-01
2.809416712349583345e-01
2.884677516394497099e-01
2.752425447109119738e-01
2.701797330456121027e-01
2.889278723905911450e-01
2.807356580864452389e-01
2.704004378642237416e-01
2.696176908112662973e-01
2.755617731218859556e-01
2.844648072204808975e-01
2.711969017622118949e-01
2.861281518130330270e-01
2.866176966702713713e-01
2.758745771370707534e-01
2.792657614117463605e-01
2.871487590031815418e-01
2.698432986195480887e-01
2.889471199403947921e-01
2.726899927633718024e-01
2.763478326493268855e-01
2.846731285123652588e-01
2.719884304632166350e-01
2.737740258186201481e-01
2.829642291184739089e-01
2.785313640318712314e-01
2.750804215473965364e-01
2.807210537753970780e-01
2.790315411489133202e-01
2.755110419732598181e-01
2.834058995768806155e-01
2.721051467149297465e-01
2.877865260092428712e-01
2.736774484726767209e-01
2.759176113158834376e-01
-4.371065721266088888e-02
-4.885045886834851747e-02
-4.629209972577115473e-02
-3.984697406255267166e-02
-3.187317488202226490e-02
-3.490032495633764442e-02
-4.293331820324225445e-02
-4.197575079708058821e-02
-4.051759892848620648e-02
-3.072395460702297132e-02
-5.012454109912223288e-02
-4.659276123784447665e-02
-4.625664752123664902e-02
-3.604115971333531065e-02
-3.362223504293924276e-02
-3.982239772455329480e-02
-4.094383633078130247e-02
-3.190558103851465210e-02
-4.598752059601339537e-02
-3.661139601651614700e-02
-4.843465828518830896e-02
-4.564338914733535174e-02
-4.546170752166977386e-02
-3.359567962977217520e-02
-3.993339840486562209e-02
-4.739429320541166391e-02
-3.182993494339338147e-02
-4.196684335735464955e-02
-4.414355717613306640e-02
-4.905189430710230059e-02
-4.936126414151323361e-02
-4.032011359768204739e-02
-3.780763028338884890e-02
-4.554568909144202093e-02
-4.581807281511313806e-02
-3.549281212454895307e-02
-4.817023174586708423e-02
-4.087674029168022333e-02
-4.574319344583022140e-02
-4.694019984151390212e-02
2.084343162665059257e+00
-2.083095583219774838e+00
-1.923681779240501433e+00
1.900760505182197635e+00
1.579038225712922738e+00
-1.577185400620496836e+00
1.362734396140053095e+00
-1.347165820622135302e+00
-3.992319845117733301e-01
2.791137950305047077e-01
-4.049772933733662011e-02
