1.000000000000000072e-18
1.000000000000000072e-18
1.000000000000000072e-18
1.000000000000000072e-18
1.000000000000000072e-18
1.000000000000000072e-18
1.000000000000000072e-18
1.000000000000000072e-18
1.000000000000000072e-18
1.000000000000000072e-18
1.000000000000000072e-18
1.000000000000000072e-18
1.000000000000000072e-18
1.000000000000000072e-18
1.000000000000000072e-18
1.000000000000000072e-18
1.000000000000000072e-18
1.000000000000000072e-18
1.000000000000000072e-18
1.000000000000000072e-18
1.000000000000000072e-18
1.000000000000000072e-18
1.000000000000000072e-18
1.000000000000000072e-18
1.000000000000000072e-18
1.000000000000000072e-18
1.000000000000000072e-18
1.000000000000000072e-18
1.000000000000000072e-18
1.000000000000000072e-18
1.000000000000000072e-18
1.000000000000000072e-18
4.713875023414507148e-02
2.192116043674934289e-01
3.970545830816201716e-01
2.476239768616240455e-01
2.020647798297524648e-07
8.055403966283677386e-01
7.711081233063064033e-01
1.854604364359521469e-16
1.000000000000000072e-18
1.000000000000000072e-18
1.000000000000000072e-18
1.000000000000000072e-18
1.000000000000000072e-18
1.000000000000000072e-18
1.000000000000000072e-18
4.016364441012879732e-02
2.156729744026001372e-01
4.082059951431366018e-01
3.624639905537999085e-01
5.078580346457491901e-01
3.441847783735276778e-01
1.000000000000000072e-18
1.000000000000000072e-18
1.000000000000000072e-18
1.000000000000000072e-18
1.000000000000000072e-18
1.000000000000000072e-18
1.000000000000000072e-18
6.259786513798990732e-18
2.906409185856006702e-02
5.596535177770214919e-02
3.984970888977954595e-08
7.819538808722620304e-02
5.984100609613269423e-02
3.994221737374266390e-02
8.039375830259770303e-03
1.000000000000000072e-18
1.000000000000000072e-18
1.000000000000000072e-18
1.000000000000000072e-18
1.000000000000000072e-18
1.000000000000000072e-18
1.000000000000000072e-18
1.000000000000000072e-18
1.000000000000000072e-18
1.000000000000000072e-18
1.000000000000000072e-18
1.000000000000000072e-18
1.000000000000000072e-18
1.000000000000000072e-18
1.000000000000000072e-18
1.000000000000000072e-18
1.000000000000000072e-18
1.000000000000000072e-18
1.000000000000000072e-18
1.000000000000000072e-18
1.000000000000000072e-18
1.000000000000000072e-18
1.000000000000000072e-18
1.000000000000000072e-18
1.000000000000000072e-18
1.000000000000000072e-18
1.000000000000000072e-18
1.000000000000000072e-18
1.000000000000000072e-18
1.000000000000000072e-18
1.000000000000000072e-18
1.000000000000000072e-18
3.259262600231516149e-03
2.166941148098682213e-01
3.590778052302473035e-09
3.177686580739219757e-16
7.476651238079930957e-11
4.729583778502249522e-03
8.329226639606576374e-03
6.544991208652606264e-04
1.000000000000000072e-18
6.560711651904203032e-04
1.144689322761202437e-02
1.074833437367685346e-08
4.280919418896486450e-17
2.476497225202739950e-03
3.611956445617011541e-03
8.413071715127801165e-02
1.302997369537230805e-08
1.977306131112560401e-09
7.726031452915527523e-03
2.988054046886051167e-09
4.242166997575427118e-03
5.441462424014638713e-03
2.057527976772666027e-17
2.060357859922319197e-16
3.243537963611691733e-12
1.077829445035094092e-12
2.916367015860616557e-02
1.600927284133752589e-16
1.883143081091435533e-03
1.679223607752460684e-02
1.827423498340931783e-03
2.671578072692189185e-11
1.842739665724576203e-01
1.655764145957180911e-02
2.546595694118280975e-13
1.606070028550972417e-02
5.956294643067843765e-03
2.481976431453549424e-03
7.755226039228468004e-13
6.050364675366112777e-03
3.644848409846307979e-01
2.200647228355823160e-02
7.620598986629913314e-03
3.302275636388006530e-02
8.603068676585527985e-01
1.400672515463496481e-03
2.681289391885491953e-09
1.212050051370460726e-03
2.702560461161568339e-02
7.597730438200801795e-02
1.913797775124677081e-01
1.519143599810274074e-02
3.348055109148370123e-01
5.311097240252438253e-04
1.360366580248136177e-02
4.347775938524577402e-03
2.033075981798614096e-02
4.627705180392170936e-01
1.104366084067055429e-02
5.188413968201839310e-01
3.331762313517459655e-03
2.717441384505017710e-01
2.278003895768240805e-02
1.418920022167975865e-02
5.077204522758636124e-02
2.026916097128600436e-02
5.284460462663154862e-02
1.127458781224615833e-02
5.397705111680539680e-02
3.008263559178544783e-03
3.661510969580350668e-03
2.565513732741037285e-03
3.608107006092653446e-01
5.322474869618346038e-02
6.163105994115892355e-02
4.312545372661102938e-01
1.161917778858974626e-01
3.345459874730785047e-03
4.211809940320252604e-02
4.853733710026405558e-03
4.062605854015962498e-02
4.575813770779925405e-02
6.255071038272870532e-02
8.827357014625134002e-02
3.512093029187304816e-02
5.466408614329603538e-03
2.425272215822774427e-02
1.124232648058419784e-02
4.704972311313784100e-02
5.209784715111802356e-02
4.302892088505825413e-02
9.289899168401993812e-02
1.272829255441399084e-02
1.805233453030877233e-01
9.128685762458671818e-03
5.202195627846343227e-03
8.481169278605242834e-01
5.840083674754015242e-02
5.571710370441893684e-02
4.469385211103162059e-02
2.633621015031517021e-01
1.844492940035019277e-02
1.497940940794580469e-02
1.383203712273071637e-02
1.026673131073547324e-01
2.268939169650415755e-01
5.335650107718815927e-02
6.595296541609135810e-02
7.193970451859415388e-03
6.513252631287788294e-03
4.419747523363427577e-01
3.040032889504206554e-02
2.903988865659843932e-01
2.432375179435637413e-01
9.608727453685297348e-01
6.044600979863354318e-02
1.153099643863511950e-02
1.284069539986906240e-02
5.897572996636102349e-01
3.555861567784965871e-01
1.135280421054496863e-01
9.220710893401979913e-01
7.531652243787528844e-02
1.079902763090461737e-01
1.404583434342750181e-02
1.535449635906454419e-02
2.728970434942798104e-02
7.481402131895081853e-02
1.343613283423527871e-01
1.311315520429766901e-01
6.824298414088912634e-02
2.396182950635348252e-01
1.015526832534223954e-02
2.010078118891671373e-02
9.035048712038811977e-03
5.459551163918997807e-02
1.365367373649934712e-01
1.031654053036906993e-01
5.811505142831530080e-02
2.264396700885553948e-01
3.157425935806380812e-02
1.916536723585922364e-02
8.664789345676560117e-02
9.930329213726395848e-03
4.053017212639918876e-01
1.368009959028360437e-02
1.975691300996210154e-02
3.435217598103114389e-02
2.281558962697418091e-01
8.216912335209761165e-02
2.451348885221516227e-01
1.733445282685101563e-01
7.065065499479844524e-02
4.171961022601494151e-01
4.553136264757484675e-02
4.269852048531036504e-02
9.700254629302478282e-01
7.394574904043156316e-01
6.661116679673697583e-01
7.980830378231722477e-01
2.701448592279687699e-01
9.287030613489220821e-02
8.251120158250681014e-01
1.132264296157043382e-01
1.241589344124351679e-01
5.102558702916187849e-02
2.046006159848797953e-02
3.021176884747949973e-02
6.023028332763618042e-01
1.069685032372942046e-01
2.221812627618034997e-01
1.319713335661940046e-01
2.379891386621134017e-02
2.794451556230353462e-01
1.626385773053946604e-01
5.418779976912076884e-02
8.054919469054970804e-01
7.691123105782272651e-01
1.345566759232896814e-01
1.308560919736065364e-01
2.070043536169509368e-02
2.818717713139949968e-02
7.376213385934270172e-02
4.717333210200304328e-02
2.645061555976345735e-01
7.725294483978555338e-01
9.481421704179393561e-01
4.912404688357576155e-01
2.205793374638259641e-02
8.067697369605356106e-02
2.355431217975689218e-01
2.392258296350124880e-02
2.185101634709444851e-01
8.541521845254027578e-01
1.834715539130331585e-01
7.701056583380291309e-01
3.844262898847956161e-02
2.889044665866992156e-01
1.171057830626530127e-01
2.482650707402148452e-02
1.541932162964053665e-01
2.142405889041765210e-01
5.039030896831030448e-01
1.812873819735421610e-01
3.085064738866109824e-02
2.556778026327635039e-02
2.600326659310248784e-02
3.596285113111654663e-01
1.539652895669706978e-01
6.653492892585508578e-01
2.020360498960871443e-01
8.473178578710915954e-01
3.317431428096171975e-01
9.722584316565943685e-02
5.583155237932195536e-02
7.034412973808154557e-02
1.678350562262304890e-01
1.271484731523317598e-02
3.467508937479468201e-01
7.510306620344423534e-01
3.715358949136451233e-02
3.709812768924708459e-01
1.590941858876613046e-01
2.343967940907979441e-01
1.685950363060355339e-02
1.698435922447476820e-01
1.795115114570455250e-01
2.030898820603092014e-01
3.210348318800383405e-01
3.224805066063747561e-02
2.706770400561727200e-02
2.432585680068283240e-02
6.941689959562089528e-03
2.019070631804086025e-01
2.021742652690147191e-01
3.476699855985259102e-01
3.570429745173524932e-02
1.613552967744870544e-04
3.650044956164490216e-04
9.379543781279600645e-02
3.092277252835482493e-01
1.755337281277292161e-01
2.250686374157955250e-01
5.163457301641340980e-01
1.887878390461705802e-01
2.945886817966535953e-01
1.098589873017733198e-01
3.482767009545111037e-02
3.998992630209595722e-01
2.767384614561651524e-01
6.093345907230838243e-01
2.467170105930370227e-01
3.358564646078457394e-02
3.647516129582181743e-02
6.085758445608887429e-02
6.933646118165649463e-01
2.650609849277704155e-01
4.482968777301801211e-01
2.333671812347670738e-01
2.790901723577073890e-01
4.571400822118999036e-02
6.343530358732216157e-02
4.279967576807344742e-02
3.509978956703647957e-02
2.827867434915002365e-01
4.233205683438008293e-01
3.344286542058425016e-01
4.460485329022790824e-01
2.879222316043212881e-01
4.993095188900247006e-02
6.075741234793090306e-02
3.391653470957866068e-01
2.625618528153051412e-01
3.694020968393010862e-01
8.964219543736837714e-01
3.450864191065774467e-01
4.712736619085218515e-02
6.685116737095819772e-02
5.807482802847421799e-02
2.361700859773569472e-01
2.943465627208480817e-01
4.904959713713128999e-01
4.221775131378325274e-01
3.327225519526409991e-01
6.543869183175246573e-02
4.111075643832653309e-02
4.933864244250944081e-02
1.090511566450748787e-01
2.890453216271969272e-01
2.696773445365845956e-01
3.917693921192056949e-01
3.406513944274224270e-01
8.906991510519175759e-02
5.554897611416236003e-02
4.066202924999770540e-02
3.838521230595058620e-02
3.126348034595604619e-01
3.975777058704036970e-01
8.920730601423907391e-01
6.939043896431473790e-01
1.753800436583321520e-01
3.900381767102209518e-02
1.242275543209677702e-01
5.158954535554087506e-02
9.303832110226172292e-01
7.558374635797413532e-01
7.702451418226863300e-01
3.179840465126495541e-01
4.251206267736928196e-02
5.411936352804852524e-02
1.385366869053543948e-01
3.682009271074024315e-02
3.099616006051915673e-01
2.778851375229586251e-01
2.979492075148371666e-01
2.586836217861099296e-01
4.444477703292153137e-02
6.518963499411242757e-02
4.473271720859299527e-02
4.009029275818259963e-02
2.833024500957515013e-01
4.014234383273366236e-01
7.791839940291757083e-01
3.001844074397647111e-01
1.601271731076709670e-01
5.016344374553079188e-02
5.596760016379370012e-02
4.951162759856568285e-01
2.535118888445770935e-01
2.302949804013824098e-01
3.056327151763345573e-01
2.477378929600406177e-01
6.762173779034758025e-02
1.736114731498862862e-01
3.688360549272386851e-02
3.481667431304352744e-02
3.870055389122509792e-01
2.269480601870599856e-01
3.962563793412723356e-01
5.203265507238270526e-01
6.459495771994284707e-01
3.203672750508626543e-02
4.178795633641118473e-02
7.488130795718264676e-02
2.373137611632979982e-01
2.048511743498816207e-01
1.939409302470465613e-01
7.360439149401014625e-01
4.436079736954395836e-02
2.901359781338905958e-02
3.797130738611113887e-02
3.090784657991973300e-02
3.079203363746095823e-01
2.096130566343345214e-01
1.305141062483899661e-01
2.131219928483492065e-01
1.885753637489915799e-02
2.546959137423440364e-02
1.620097343589283617e-02
7.515512896557965949e-02
8.717368707734322042e-01
2.492051192561086093e-01
4.630927779801157634e-02
1.252669143056354684e-01
6.577659953180373413e-05
2.567205188167723251e-01
3.715638203718232835e-02
2.483118385143850623e-02
1.044153201472050735e-01
5.633413202660392331e-05
5.960500617738294198e-06
1.076560476052643850e-01
1.044905104257456974e-01
2.572355235817659624e-02
9.861389738949274952e-03
7.487150335612154962e-06
9.041928195371849199e-04
3.109393485107052324e-02
7.924137680613282735e-05
2.710763261040984685e-05
1.914089703408510153e-03
2.189171556962378388e-06
1.733399624687309635e-04
4.002697387094762921e-05
1.735763778951394682e-03
6.623060830164633206e-01
8.078169068941573050e-01
7.187349318222899797e-01
5.507600047758247526e-03
2.461933508185544239e-01
1.243959139871130826e-01
4.433465254737758271e-04
1.831886805991926881e-01
7.897609562431295860e-01
5.202983672039291907e-01
3.233460423867206002e-01
8.379310763628637637e-02
1.197214710583242997e-01
2.340896478712402584e-01
1.686802582139351470e-01
5.148654592772740068e-01
7.506166382921370950e-01
7.826155053164179920e-01
6.780919853446687462e-01
1.721312419851142306e-01
6.528499500554034440e-02
7.518565506663450748e-02
1.140699249448929864e-01
6.864338758784644945e-01
5.905548918540691750e-01
6.546498565781203594e-01
7.459952765137467523e-01
6.692410068464031692e-02
2.893781660794660371e-01
6.140462263803827397e-02
8.645723964023770136e-02
6.611068370515966741e-01
7.369202849645478670e-01
8.219308236476858820e-01
8.264129904353265665e-01
1.085343810164467460e-01
1.120132704409579488e-01
3.392122107366193906e-01
6.081843937704524417e-02
8.520328003879309442e-01
8.601972824191915779e-01
7.251517481904193874e-01
7.986011510968455962e-01
5.907136526615805461e-02
2.035410446160391129e-01
2.636325519614095003e-01
5.820244898212181134e-02
8.868163170645768645e-01
7.366764417615057070e-01
8.496701536053574699e-01
8.398109391231525223e-01
5.988961791339225682e-02
5.271990551778649864e-02
1.870164728385872999e-01
3.302058695128570198e-01
8.719212110876608524e-01
8.928322121615381857e-01
8.871167957051527830e-01
8.289388992547274126e-01
9.332520364005328362e-02
9.057201950597559836e-02
2.415969120734947628e-01
5.560307998054255657e-02
9.029173272332486899e-01
9.017870385479093143e-01
9.149277191702801515e-01
8.867536486404946627e-01
5.034312379206510313e-01
6.619742028946203061e-02
4.010399596643707265e-01
5.302589662012327509e-02
8.375544246069023258e-01
9.455387392687312209e-01
8.788000644355481450e-01
8.457944067006912814e-01
8.113554094865976785e-02
7.006331530075696201e-02
8.024458652187435592e-02
5.603442382185906678e-02
8.991922872856733528e-01
9.763554188011219770e-01
8.800523760300551501e-01
7.980036614977034093e-01
5.736006716996863708e-02
8.529114319835605362e-02
3.319476592908052193e-02
7.412150552037788387e-02
8.664222753517203390e-01
8.244053781276953208e-01
8.025462208828237909e-01
8.248375325552135262e-01
5.504466728075076143e-02
3.709563833550697659e-02
3.666582921804326795e-02
3.477881359787553250e-02
9.314723235125544898e-01
9.302870717187462501e-01
8.816091000344902229e-01
8.346122225992840260e-01
3.593874645793129763e-02
3.787415557373166597e-02
3.413096422921507028e-02
1.145965305486080776e-01
9.334739246952671321e-01
8.882953586107976696e-01
8.377417485963160049e-01
9.361260660242256559e-01
3.498934409642678878e-02
1.429764662865497526e-01
3.637254204455867002e-02
1.060062785721096468e-01
8.574831403662703799e-01
9.466354381462087630e-01
7.891167832766120549e-01
9.440714997805152997e-01
3.211401338116461057e-02
4.064597001534375059e-02
7.423883698503872530e-01
3.099129664438539378e-02
8.987814475773650003e-01
8.320025036109859329e-01
9.486738078551004705e-01
9.555545164300476291e-01
2.639083028868807745e-02
2.598558794523548807e-02
2.919526958416761298e-02
8.583693156885538467e-02
7.647930807766107897e-01
7.833687152567624379e-01
7.564257814540722435e-01
7.723573301813664305e-01
2.167471241008604721e-02
2.737068978311037182e-02
2.602583447259054078e-02
2.227471671983106624e-02
9.095330400341310462e-01
7.195009826655308638e-01
7.409196854715021097e-01
8.969428806697975487e-01
3.420034009878811232e-02
2.185261385791327157e-02
4.697771229479208444e-02
2.218142898758226553e-02
9.425081929462092445e-01
8.791430198890083370e-01
8.322982053453955587e-01
6.897027380542988251e-01
3.018237371109667999e-02
3.567804674810196724e-02
2.165517969667512393e-02
1.996875129701113777e-02
9.762236807536813776e-01
6.418937068341801222e-01
9.137774099412691031e-01
9.573399893017564555e-01
2.130524557389240278e-02
1.966033129184168171e-01
1.490400357014302207e-02
1.520039795757940383e-02
8.594022740288270734e-01
5.241834977127929340e-01
5.798244938068959353e-01
6.966925269838608603e-01
3.446522929369491561e-02
5.316629553859333335e-01
6.173691402396644934e-01
1.211946794307811048e-02
4.294880535024380164e-01
7.577876108090758622e-01
8.994334808306487794e-01
4.846949347336291236e-01
2.606304937251657794e-02
1.249695098532341286e-02
4.056045861517641737e-02
8.147354464026428100e-02
9.628029552120240808e-01
8.592944868214485998e-01
3.666403825550316187e-01
6.666495422497696888e-01
5.541881156634886896e-02
7.985824379613907023e-03
8.488864943072631231e-02
7.207442193381354001e-03
6.810654217218381490e-01
3.417648132934602012e-01
5.158746398844332726e-01
4.217522994006552839e-01
4.914015930796137091e-03
7.190164655563493004e-03
6.841881449113374272e-03
2.055080775215057526e-02
1.915319320165694283e-01
7.530077505315085906e-01
1.015291978453020938e-01
2.963759139946204879e-01
6.267352483270188790e-01
7.702594261894391003e-02
8.920714478681488271e-03
1.030099807145299223e-01
2.686511868037120276e-01
1.463335793322615153e-01
2.898234835262208375e-01
1.549442364070767741e-01
3.058061666238366569e-06
4.552824262602350042e-03
5.310132559102745181e-04
4.716357416404413569e-03
1.773502219606579082e-06
9.987391611722110651e-01
3.040826962840135813e-07
8.648076021469019922e-07
3.950513319751387706e-08
1.573904063135148686e-03
2.948459678439709422e-03
6.615696319990740926e-02
2.511680332052863858e-08
8.032873269449027909e-01
8.258810001819989477e-01
6.885250401566144794e-10
5.661007229437347966e-09
7.034652910378806807e-03
7.460292131675811950e-10
5.360623015021736388e-12
1.250641529630497996e-06
4.778817070876907012e-10
3.828231873164191779e-01
6.274626521485924258e-01
1.000000000000000072e-18
1.000000000000000072e-18
1.000000000000000072e-18
1.000000000000000072e-18
1.735846244004999803e-02
4.309931157568135107e-03
7.723023222547120660e-10
3.400545096043682824e-01
1.126800951199932774e-09
1.442948970431879991e-05
3.630296376432124057e-03
4.802828911112047504e-09
9.755759537669142598e-08
1.270365832734182623e-06
1.825321573113202756e-01
6.620655254054111518e-06
1.783376626896028723e-03
1.011507384541732491e-06
1.395962859201293472e-06
1.884329777973319658e-02
1.461841023090283409e-01
1.982203682873602824e-01
1.037231894436751872e-01
3.145264226070249580e-01
6.978198126535984924e-01
1.867254919012751105e-02
4.128917693712655379e-01
8.322447533203599507e-03
7.954860460662752097e-02
9.088064701347939311e-02
3.693536352801295164e-02
2.340361062019834515e-01
6.558910035083323486e-02
4.669558125259016569e-03
2.383653073358437194e-02
5.411332600199746275e-03
1.062701651835624983e-01
1.239933444608290747e-01
3.936777676182746655e-01
1.414422451347484011e-01
5.171426228801663527e-02
8.888490682469070148e-01
2.211061285988297209e-02
4.147427350919520583e-02
2.184379331162362159e-01
3.166235247913605777e-01
2.784263175682945013e-01
4.056633029964301085e-01
4.059372162328250822e-01
2.514764670569955562e-01
3.396236781636866042e-02
3.390713129610091470e-02
3.776287360191488141e-01
2.907343676323452808e-01
4.105586415047041138e-01
3.548793349593789559e-01
4.686853615030422970e-02
2.083774345052951393e-01
9.842565740043354716e-02
3.820360121722438107e-01
4.152972768632028355e-01
3.086087620880681448e-01
3.038819506427174466e-01
3.536107864475149798e-01
5.886684600553985236e-01
7.838048900353112858e-01
2.737671015932959806e-01
9.395943661762112820e-01
3.709693521941715977e-01
4.214696501997454714e-01
3.868228351909307472e-01
4.174015907846624907e-01
9.807562101964290013e-02
6.948426486359382537e-02
5.399620760850418755e-01
6.779768207113255618e-02
3.938524770998997337e-01
3.754754897975154937e-01
4.361924350968292008e-01
3.504764421081801307e-01
5.632971279401662867e-01
1.028972884976836338e-01
7.520272923577453472e-02
7.749435124253889473e-02
3.538354950141628374e-01
4.397951590908807940e-01
3.891238728625895371e-01
3.502806293436728780e-01
9.369624377258504999e-02
2.340201267014904718e-01
6.044480574816623042e-01
1.744656051015927023e-01
5.008663015788349382e-01
3.490549747823120108e-01
3.801164874361678270e-01
3.491485007979195365e-01
6.521297385441977568e-01
3.334303145324368778e-01
8.650997901016042879e-02
1.365745933787926025e-01
4.200879690538608657e-01
3.385022079901079395e-01
5.613949760202278094e-01
5.603465039497754763e-01
9.951054137005446720e-02
1.516879893248714029e-01
3.757604591965262864e-01
1.060110501857245563e-01
4.895757102108007075e-01
4.841323794628750177e-01
5.846710860402747345e-01
4.492017809700236675e-01
1.307727200318392624e-01
1.791111033460435764e-01
1.243527934861721057e-01
1.789651361891189396e-01
4.393736438600780447e-01
4.696075260515495398e-01
3.297474000457852883e-01
4.050775159836733086e-01
5.004530227796634145e-01
2.152180742982604811e-01
1.517448044016615205e-01
1.372693013312031862e-01
5.050893627610151260e-01
4.869152286547468456e-01
5.295112060290918521e-01
6.001056715967900690e-01
1.519545119010369538e-01
2.016262100654728495e-01
6.403552993424571627e-01
8.661279497048943732e-01
5.056831026651722460e-01
4.846822194171791498e-01
3.091431513593639324e-01
2.959323576978572512e-01
2.594952432612820936e-01
1.808607531287474424e-01
4.644614452031364804e-01
2.015465266142714706e-01
3.887657787777135665e-01
1.001384576995019149e-01
7.971518194809631974e-02
3.888179109359907182e-01
2.820822058173995117e-01
3.515389522152117530e-01
1.521253762803485288e-01
4.041815357869674163e-01
6.914388499529746657e-01
5.417865344400822902e-01
3.370992442746727491e-01
3.947994251659124321e-01
1.283737663278108343e-01
7.483500910809913753e-01
2.444081591174002838e-02
3.814129510782240245e-02
3.384821758661115676e-01
2.944547162452952893e-01
8.962662714659126451e-01
9.426035643266450492e-01
1.719598877174160212e-01
1.890118313257301008e-01
1.156468090383121344e-01
9.535978144660335332e-01
5.585258773373804608e-01
2.413492868851644380e-01
9.084479703339984891e-01
2.833559393704346285e-01
9.383643946737336705e-01
4.011503280836962171e-01
8.144056300131556902e-01
8.151218283146400845e-01
5.685577938159878109e-01
4.446069736942910300e-01
2.520737410255823319e-01
4.150260106087394485e-01
3.725176161748138814e-01
4.464721673594470586e-01
2.179997806610524669e-01
2.949537867746514497e-01
8.905063662953285331e-01
2.354086484740226526e-01
2.190251793731939345e-01
3.375292982548790399e-01
8.646577213778924298e-01
2.269450277912411218e-01
6.747492206171488149e-01
3.226309004802351277e-01
6.994695445418301905e-01
4.382341166265472099e-01
2.076191799494292445e-01
2.237637931935506641e-01
9.779852659230718892e-01
8.993444087530704234e-01
9.779231593629673647e-01
8.990204452320117445e-01
9.778183607161343716e-01
8.984725613566686420e-01
9.776688723080830812e-01
8.976874121341101853e-01
9.774737090170733111e-01
8.966470137890469871e-01
9.772297756292167570e-01
8.953159407947317572e-01
9.769747800622992084e-01
8.937258859066994354e-01
9.766233702829429930e-01
8.915575953287581124e-01
9.763317044439676629e-01
8.888204695215913276e-01
9.763705728904199521e-01
8.846923426912054467e-01
9.814371075265249100e-01
8.666975775629230938e-01
9.689696352347152430e-01
8.876626959584474896e-01
9.694237986419896869e-01
8.797816484732641218e-01
9.677622954257152355e-01
8.732896955713711495e-01
9.647341851875476104e-01
8.655094409748825823e-01
9.591440490558514886e-01
8.544374450562330914e-01
9.446110429091212346e-01
8.332685309889645842e-01
7.927960639444473490e-01
5.971362937563098328e-01
9.099909369667102954e-01
9.840936382593212794e-01
8.657915454801354826e-01
9.724631047856913124e-01
9.637328011231871550e-01
8.436373818589859575e-01
9.543862252624458753e-01
8.227016980183291528e-01
9.422885270649556944e-01
7.980707358382549410e-01
9.244571462148422070e-01
7.661568714691123771e-01
8.957282604036671536e-01
7.211362237340352976e-01
8.445088542626302264e-01
6.524216601460087750e-01
7.420845352416416407e-01
5.379227686856797863e-01
5.158359722427979799e-01
3.345106873746170884e-01
1.073533392941730669e-01
3.874325981424895510e-02
1.008730559050504960e-01
1.956332312300608778e-01
5.173821688369044658e-01
7.582404503457624845e-01
7.447253852474217117e-01
9.403650858077993169e-01
8.459075536609022006e-01
9.805901619382096923e-01
8.953428290308294013e-01
9.826662260050251785e-01
9.221472029726609509e-01
9.732315793164558748e-01
9.389880615866901259e-01
9.605532284916333818e-01
9.424543532450498917e-01
9.402997666095607165e-01
9.486937773892475390e-01
9.227253851761436643e-01
9.505327548315465336e-01
9.015494764977628472e-01
9.495510011249923554e-01
8.764156783452576871e-01
9.447327144334650706e-01
8.481350728968960473e-01
9.382301336110376866e-01
8.101985774350562997e-01
9.271886296166219621e-01
7.643131938140176329e-01
9.113587642657230425e-01
7.078817953372138483e-01
8.905727536436467418e-01
6.414257928355004967e-01
8.668247309918066801e-01
5.716249195163434216e-01
8.462153705833338480e-01
5.148597540920090143e-01
1.994036896149583085e-02
2.634946052199282213e-02
1.538483555871776320e-01
2.005238596702337006e-01
3.315575998031857763e-01
4.234989360391949731e-01
4.847841965046365553e-01
6.067888313194381711e-01
5.970851847584374150e-01
7.343052549689041975e-01
6.750690940240740012e-01
8.183635686544199483e-01
7.286783498650195590e-01
8.734576329640283410e-01
7.659406417586664961e-01
9.097320262817309988e-01
7.914364313599733247e-01
9.341830467682763484e-01
8.087384436372413443e-01
9.502886433590491677e-01
8.193489703238804323e-01
9.580415618204309869e-01
8.280856239348234338e-01
9.895954654631097247e-01
8.308651159953086562e-01
9.841860307896013182e-01
8.287433712426732768e-01
9.869893968966472197e-01
8.229147531849668740e-01
9.895918426988118410e-01
8.127944847788428628e-01
9.916087816495671170e-01
7.976849907292081765e-01
9.931082757470457434e-01
7.766568961747855049e-01
9.942213039959535426e-01
7.322279916087401919e-01
9.910517966946295054e-01
7.106758379668342007e-01
9.947815035474019130e-01
6.630576137239068135e-01
9.951787355928148893e-01
6.033852533364398862e-01
9.953221250989903179e-01
5.311483306764570589e-01
9.953379465115137492e-01
4.459424838024281801e-01
9.952741075679887306e-01
3.526191277432363935e-01
9.951694578975653904e-01
2.562724712078621736e-01
9.950489249937235492e-01
1.651709973624361227e-01
9.949338548026286366e-01
8.811623208010917196e-02
9.948400819363194536e-01
3.261023790720851689e-02
9.947791858367259765e-01
3.670728682875808255e-03
1.000000000000000072e-18
1.996635279433015865e-03
9.093021787939554734e-01
1.770223200495756391e-02
9.090236769781845361e-01
4.774506853400891510e-02
9.085533778175045594e-01
8.964772200459690532e-02
9.078812917656621240e-01
1.402611135181551227e-01
9.069938437207929471e-01
1.962592808376354414e-01
9.058676924297632826e-01
2.547758779848477428e-01
9.043607739933180456e-01
3.118205258980419892e-01
9.027306459431775343e-01
3.674342839546688722e-01
9.005589303588433792e-01
4.194518933893239265e-01
8.975909768384076060e-01
4.696699125751029325e-01
8.891936507356876795e-01
4.903928942193258589e-01
8.954838974234916593e-01
5.325174131815035850e-01
8.896280958519414694e-01
5.592365513198124249e-01
8.833390174313643373e-01
5.743420450895745377e-01
8.743450973544513172e-01
5.707032899791841807e-01
8.581692651515024917e-01
5.207672364888839001e-01
8.132725787597292477e-01
2.618370891660317668e-01
4.751177513452300993e-01
7.185716326077330462e-01
9.154977521131070217e-01
9.130340472942083396e-01
9.040530667162555156e-01
8.858584170383937417e-01
8.946501769724778397e-01
8.760740269365717703e-01
8.873334510412013154e-01
8.745674129171956412e-01
8.814636572496983291e-01
1.000000000000000072e-18
