1.000000000000000072e-18
1.000000000000000072e-18
1.000000000000000072e-18
1.000000000000000072e-18
1.000000000000000072e-18
1.000000000000000072e-18
1.000000000000000072e-18
1.000000000000000072e-18
1.000000000000000072e-18
1.000000000000000072e-18
1.000000000000000072e-18
1.000000000000000072e-18
1.000000000000000072e-18
1.000000000000000072e-18
1.000000000000000072e-18
1.000000000000000072e-18
1.000000000000000072e-18
1.000000000000000072e-18
1.000000000000000072e-18
1.000000000000000072e-18
1.000000000000000072e-18
1.000000000000000072e-18
1.000000000000000072e-18
1.000000000000000072e-18
1.000000000000000072e-18
1.000000000000000072e-18
1.000000000000000072e-18
1.000000000000000072e-18
1.000000000000000072e-18
1.000000000000000072e-18
1.000000000000000072e-18
1.000000000000000072e-18
1.815985950859101000e-02
9.139902141801592439e-02
1.392776763616982438e-01
1.200390907481169028e-01
3.519060723399779900e-05
2.178722075948490433e-01
2.222352444489020251e-01
2.910897514129002226e-11
1.000000000000000072e-18
1.000000000000000072e-18
1.000000000000000072e-18
1.000000000000000072e-18
1.000000000000000072e-18
1.000000000000000072e-18
1.589876773030860474e-18
7.169691737826790201e-02
1.364549490662238240e-01
2.218402505088388488e-01
2.754640632747413775e-01
4.010307025515438273e-01
2.040115105121158567e-01
2.128393436619772788e-17
1.000000000000000072e-18
1.000000000000000072e-18
1.000000000000000072e-18
1.000000000000000072e-18
1.000000000000000072e-18
1.000000000000000072e-18
3.452973710278363339e-11
4.657580657360109455e-02
5.445238017026121646e-02
2.671566950893544435e-05
1.128416273342445625e-01
1.429479178708162046e-01
4.908477459214095895e-02
1.461226482895479351e-02
1.000000000000000072e-18
1.000000000000000072e-18
1.000000000000000072e-18
1.000000000000000072e-18
1.000000000000000072e-18
1.000000000000000072e-18
1.000000000000000072e-18
1.000000000000000072e-18
1.000000000000000072e-18
1.000000000000000072e-18
1.000000000000000072e-18
1.000000000000000072e-18
1.000000000000000072e-18
1.000000000000000072e-18
1.000000000000000072e-18
1.000000000000000072e-18
1.000000000000000072e-18
1.000000000000000072e-18
1.000000000000000072e-18
1.000000000000000072e-18
1.000000000000000072e-18
1.000000000000000072e-18
1.000000000000000072e-18
1.000000000000000072e-18
1.000000000000000072e-18
1.000000000000000072e-18
1.000000000000000072e-18
1.000000000000000072e-18
1.000000000000000072e-18
1.000000000000000072e-18
1.000000000000000072e-18
1.000000000000000072e-18
1.855770244995228954e-02
4.666013364107580839e-11
5.325398011437480194e-06
2.187905628729928605e-09
6.358637348364623056e-03
2.770877133493103992e-10
2.975258945477296889e-11
4.489584048139755879e-12
5.319698661959628186e-12
7.734522396848641373e-03
2.321924510697433036e-07
3.667449108135672369e-09
2.236468606167980226e-07
1.550685111223698143e-07
1.162091982520360549e-02
5.147619642226953536e-07
1.954970174615890547e-05
3.994926945678986568e-08
3.873180491431842991e-09
2.653623708397727550e-03
7.190134554178000299e-03
6.088690596460956048e-03
7.833971045493130217e-04
5.003457137066366286e-03
7.247682886067372335e-03
2.819866792383918071e-11
4.390378496890266248e-03
1.149259790721205397e-02
6.687411231276095373e-03
6.348997062021628605e-03
6.219320181109043097e-03
7.182099102316065717e-11
1.516867633392177672e-01
1.208216960459456736e-02
4.718774287137374873e-02
1.436091466732485923e-02
1.182543366406983189e-02
5.867843229478637845e-02
4.490606080943259650e-05
4.123026190684191822e-02
2.428652553389635659e-03
5.042756359061048924e-03
1.431309306093084960e-02
6.713941134265613564e-02
1.801265597241662186e-03
1.950947647031624210e-02
2.172487925551984389e-01
6.726784918068894753e-03
5.693348902454903326e-03
7.559209344836904584e-03
1.815201400761564873e-02
1.395170049422143725e-02
2.950003992188862667e-02
6.520592068131082775e-04
7.481290033874361464e-03
9.652180361760817270e-03
1.814952004123794246e-02
1.617191071597565491e-02
1.556271781987162914e-02
1.545262578763011499e-02
8.766594132998217423e-03
6.393376802931798400e-03
6.388577001895072091e-03
1.011191429970178246e-01
2.205859446894252451e-02
8.270843502083074714e-03
1.959042736263499548e-02
2.106683383899923476e-02
1.233910978819031251e-02
6.021872557242040000e-03
1.452616093002494918e-02
5.218217488634420073e-03
2.910037366283523691e-02
1.922391063175710527e-02
2.111323688045687458e-02
1.822706042733509765e-02
5.710910360386019236e-02
1.450414880906343747e-02
2.620962764080073115e-02
9.362234407658832566e-03
3.950374510695312674e-02
3.480642979859499553e-02
1.616736021196052420e-02
1.882237425251020307e-02
1.512866815000126104e-02
1.553407390895996006e-02
1.970462450805621907e-02
2.682058344500634628e-02
2.081072613698627116e-02
8.129864154161454970e-02
3.051682447659568795e-02
1.629144133811737949e-01
1.801592207166886547e-02
1.451245319633105713e-02
1.461856489354788034e-02
1.545984178741469442e-02
9.064187048791584600e-02
3.189050142775890634e-02
3.184013670868049428e-02
9.004857801197543865e-02
1.331299000128544248e-02
2.725326844701428039e-02
3.410574385470950542e-02
4.293551262202686958e-02
7.166729811373896697e-02
8.343914867840193650e-02
9.164275833174681529e-02
5.554718992114662801e-02
1.941853618280702659e-02
1.394567541366682241e-02
1.505459256101396130e-02
7.902039564428676999e-03
7.510447223825239549e-02
5.837814537444509927e-02
6.933686606039539402e-02
9.243749903721072692e-02
4.504052582460512516e-02
5.876376848182684326e-02
4.045420267759668870e-02
2.906005442265041649e-02
4.212079010093377346e-02
5.837620022157522653e-02
6.174628718718740139e-02
3.908142572918918423e-02
2.559940301127074797e-02
2.502011690679814895e-02
7.663618185836651442e-02
2.619173177875849107e-02
9.619461399779609401e-02
6.022827616529091016e-02
2.652146184780896157e-02
3.081556509188156101e-02
3.091923909114407606e-02
4.533914752059536174e-02
2.015627280940201008e-02
2.084524966790535574e-02
5.166731717081125830e-02
5.842492300051403686e-02
7.503460797685758410e-02
3.938153557562001916e-02
7.745270951181238983e-01
7.895778901982338643e-03
2.876541840841114958e-02
2.691500997162113093e-02
7.784785365375150590e-02
4.047756938974424873e-02
3.789100307595673345e-02
5.392451968758148195e-02
2.244507889333088591e-01
3.371518305412425642e-02
2.559403188737915252e-02
4.190605538580135375e-02
7.401425703396674605e-02
3.245595817597202171e-02
1.161915137268041409e-01
4.077007152243464910e-02
7.971590098995007256e-02
6.024122591894820467e-02
1.444269128508415267e-01
1.636634397285317566e-01
5.541309875865742945e-02
2.043101979844599569e-01
6.197124141245643342e-02
6.624690415777989561e-02
9.725571414818677540e-02
7.346158009734143901e-02
9.591871500856137545e-02
4.258629026184779232e-02
1.330795790562155911e-01
7.264150168948799169e-02
5.289864635603903908e-02
5.701386283647039144e-02
1.849495751189196915e-02
2.308919675904871904e-02
1.698931536008572302e-02
9.718098484250967117e-02
3.547341268375658330e-01
1.132467238083176286e-01
6.949141876348348401e-02
7.268357675667908024e-02
5.058301047722038590e-02
8.377128608414224908e-02
3.267343581443520051e-02
4.834547074024272972e-02
1.472870883722542379e-01
7.022536078181919328e-02
9.485282845340488322e-02
6.995643776929111324e-02
4.472347829586743873e-02
3.650325157956507693e-02
5.127953923549848081e-02
7.098731591898226057e-02
9.969194383539170534e-02
1.424980022706028859e-01
1.578986696841207238e-01
9.130575719478287167e-02
2.614879780066190623e-02
5.944943308810644866e-02
8.935164168534648343e-02
6.789031022987138120e-02
1.338987359941975208e-01
1.157667983969266762e-01
1.618967288602419230e-01
9.199070257945222984e-02
4.832797107184506891e-02
6.031931252135549343e-02
1.599794106609781635e-02
4.926012385594503995e-02
9.615838048006060401e-02
1.299011305969383356e-01
2.673304742512741528e-01
5.713914990267077165e-01
6.009176205511854163e-02
5.494931369742749733e-02
2.396931679401869131e-01
5.057970346948531537e-02
5.167711840278192970e-01
2.662830355301172292e-01
1.210581317485747294e-01
3.683174005804537021e-01
6.478599143399833837e-02
8.557236094543944904e-03
8.797146913685993663e-02
8.593513676892922462e-03
3.087197665094375699e-03
3.456542174339596526e-03
1.858863676326928949e-01
1.130176223383977038e-02
1.792263363668731430e-02
3.141963637909656742e-02
2.752572588656825112e-03
3.708208870452203969e-03
2.421394352093342653e-02
2.850838621181117291e-02
6.556978032222438892e-03
9.752453051157782341e-03
2.755609481215398702e-03
3.296486354546603829e-03
1.460328089395637741e-01
6.919708324102695485e-02
1.987090892054127755e-01
2.836230029100899122e-02
2.296525000063638286e-02
9.535928778154879881e-02
7.867244644052158453e-02
6.775271116445638619e-02
1.068669814394713896e-01
1.096075670033976462e-01
4.209482602371308890e-02
1.541150424604731117e-01
2.440459895863682505e-01
2.032582349446724890e-01
6.713169416405403989e-02
4.600120702754449675e-02
7.394462468275861400e-02
1.251628660740393695e-01
1.546097450493561509e-01
1.662268643758338382e-01
1.217701180732968097e-01
1.536103470717039565e-01
7.671603909402711918e-02
3.711917756899481280e-02
6.217368857223262713e-02
1.484504472355895055e-01
1.116658872775564276e-01
1.120955672857024965e-01
9.114366685142961944e-02
1.020280486535087849e-01
6.891233399568166829e-02
7.776718885320765828e-02
6.589919324924324584e-02
7.126725918233131618e-02
5.651655871033512968e-01
3.412675693265202481e-01
2.724379840991624779e-01
3.600546232265586788e-01
1.586007744646743267e-01
1.333224681217223817e-01
1.181723513190844899e-01
4.671791296933277549e-01
1.106510915478262913e-01
1.198686022786635136e-01
1.199940497523667438e-01
3.426791809276157341e-01
1.175391070147015216e-01
7.015185066708892747e-02
1.260051324772137327e-01
1.168272410279096729e-01
1.032298505116669984e-01
1.066029444583431463e-01
1.550116702099063326e-01
1.655344954022898718e-01
5.970414616079858239e-02
1.507585263487197513e-01
7.397796002777295987e-02
4.656338630302682413e-02
3.491898424434387582e-01
3.344928863227646376e-01
1.487552226827914548e-01
4.428340324401770500e-01
3.399618596716049573e-02
3.672557385599393709e-01
6.180724585637437096e-02
2.469414042758076022e-01
1.223425033227292374e-01
2.123191680087263833e-01
1.171781623130136590e-01
1.258873263565385980e-01
6.876459826747241544e-02
5.993175963404787088e-02
8.328554369690352455e-02
6.678712581289483752e-02
1.318684616984234781e-01
1.673126802666395907e-01
1.857838371949295797e-01
1.308113248594175437e-01
6.963054286083475430e-02
6.888244535970200477e-02
7.776608209160168483e-02
5.743421460247879473e-01
1.582753782676856735e-01
1.383254377287256309e-01
1.434403598613968600e-01
2.342745044144943778e-01
1.030407412723064603e-01
1.428071279683941763e-01
1.838880625238090982e-01
1.846109634508128206e-01
1.269082177030315395e-01
1.382544950153831165e-01
1.382757800162266459e-01
1.424812202735053490e-01
9.892083170272725212e-02
2.994948618335034618e-02
1.402844744601337568e-01
6.182538809659045287e-02
2.264202658309862337e-01
1.632708008917173326e-01
5.978708021722616284e-01
1.505957719589394728e-01
7.132834643136841402e-02
9.195578957461300607e-02
6.727620458366158351e-02
8.969075273515558777e-02
8.007405237241210783e-02
1.930611489691372307e-01
3.486918866762214742e-01
1.959000413082924164e-01
9.376317821708318734e-02
6.481692340651716566e-02
9.284332679867060567e-02
9.102573466884561482e-02
1.865535741350038690e-01
1.481208355941904808e-01
8.446558459938252605e-02
9.926683709577106829e-02
3.250088517182825321e-02
2.271629780042683233e-02
2.600353714526786042e-02
1.176166028646205286e-01
7.813915622220544976e-02
5.417942923493799384e-02
2.010128243013523386e-01
1.097073357238066704e-01
1.613877519687622469e-02
3.918401096448149296e-02
1.042786235722279603e-02
8.023474803312289141e-03
6.817525075364128107e-02
1.174107183939773324e-03
1.383195215479656511e-03
8.889549396780525164e-03
1.493157720965587569e-02
5.630318913140355472e-03
1.541597689717665379e-02
3.247480069105824867e-04
8.804610894404923949e-02
4.317988061244095593e-02
7.070762186785453651e-02
2.836252632794100692e-04
5.475048622231091025e-03
2.283897434145193764e-02
1.355820977465362065e-01
3.077651662995733225e-03
5.768753107693663090e-02
5.851114873197710287e-02
5.646562608533082367e-02
4.299296998438162203e-03
8.623670628527925486e-02
1.172073679086026721e-01
4.697010190205530740e-03
1.162269229402466131e-01
4.745546930459122043e-02
8.337132168846864144e-02
1.871702267862758728e-01
2.133006971939098995e-01
9.291253891668702081e-02
1.480935052459114720e-01
9.541675011100884951e-02
8.953892195733502424e-02
1.532308875208497900e-01
1.100525879768532583e-01
1.458745893184196785e-01
1.032515650188032125e-01
7.346276344359223276e-02
7.818222699730545400e-02
1.551001974698555108e-01
1.425642876904698875e-01
3.493481492788856335e-01
9.922997078067849475e-02
3.006182203404907383e-01
1.058940931634822225e-01
1.487893104307830006e-01
1.348551739213997291e-01
1.898492905589710678e-01
6.883642447596298453e-02
3.514249365646810452e-01
1.752863278173970862e-01
3.518405283379604231e-01
2.977776520712633324e-01
1.366985457293832251e-01
1.751854141617829597e-01
2.218726785496006326e-01
6.773135675705005410e-02
2.023252565381558621e-01
1.662409348818035815e-01
2.734048264658291982e-01
2.681576810498726426e-01
1.371447531203537906e-01
1.768099844232221829e-01
1.402430961447324043e-01
1.295787577380820288e-01
2.118439513510715633e-01
3.372164761152779411e-01
1.659864689813048966e-01
3.429099960481211129e-01
1.613431358375177760e-01
6.371145860797712557e-02
1.815086740222132955e-01
1.804340065467229248e-01
2.513045394687368206e-01
3.432288126737791933e-01
1.797264785333031745e-01
1.903879455103862917e-01
8.497582176387465103e-02
5.703168208837732650e-02
2.489533423150044333e-01
5.747174406679271541e-02
2.329121276830076748e-01
2.827680517453192155e-01
3.072319627432331113e-01
3.122046338685906530e-01
2.960089457137177194e-01
4.637638013890287014e-02
5.085380864114788513e-02
1.179978643388800430e-01
2.801501795035222786e-01
3.383620159728258359e-01
2.172514812495307535e-01
2.503616966876078820e-01
6.555558861131091652e-02
2.232469601194032593e-01
1.078595273178066249e-01
7.152566012584070376e-02
3.032584663791647595e-01
3.424055955360663095e-01
2.973641874922089978e-01
2.821137351635110146e-01
1.657567221524395562e-01
9.197167608741374512e-02
7.132099761341620381e-02
2.923759817080210377e-01
2.619002032741470365e-01
3.089880476559063172e-01
3.152735945655539829e-01
3.560612197989583283e-01
7.099054978969687735e-02
1.362557158697607629e-01
3.391710755046080383e-02
1.270883811966083687e-01
1.896816192261717438e-01
2.184773721151931636e-01
3.258481359030828139e-01
2.000998618442136334e-01
6.608358775032327492e-02
4.065457184703587940e-02
4.285538578878357596e-02
2.067475397972257101e-01
2.348044400704678847e-01
2.648550592633872602e-01
1.934376138316693527e-01
2.773006519841824113e-01
1.122440973526667857e-01
8.629484353312151523e-02
7.797063127374372071e-02
4.184845834858498537e-02
3.504190291202203267e-01
3.235043160782595795e-01
1.963842406899266591e-01
3.587110013938529240e-01
1.376320396795313594e-01
1.821660891412519023e-01
7.955745043140649564e-02
7.649712192012739220e-02
1.790945712106366827e-01
1.976102090089894570e-01
2.930320607461235349e-01
3.573166027605673700e-01
1.272889677725689006e-01
1.128358002914563035e-01
4.370566666110404369e-02
1.504683030427051427e-01
1.686560221746154498e-01
1.975844956544230979e-01
2.211522854993544229e-01
1.821081569739000372e-01
1.639827440363274547e-01
2.799492035193720807e-02
1.124179259071038939e-01
1.097978558420148465e-01
2.730031513440229762e-01
1.929308262257715123e-01
3.355737300879380047e-01
2.869256900913539354e-01
2.574993149733442732e-02
5.088466547488899872e-02
6.098081344254169256e-02
7.135410218379609204e-02
2.931280334424538059e-01
1.577132013262542709e-01
3.455951564979931057e-01
1.969157578944638887e-01
5.754994082798341182e-02
7.232967593621973668e-02
1.041664030383290945e-01
9.293743667367310168e-02
1.350141546828137751e-01
1.363397795101832788e-01
1.507057468355915975e-01
1.555240095360418129e-01
1.599954541105562400e-01
1.324343563670261625e-01
1.220824097117118590e-01
7.459902841611168456e-02
1.599239135523026767e-01
1.343365170676594500e-01
1.901153888216532417e-01
1.378190721955040443e-01
1.741719019059444901e-02
9.857271817004129022e-02
7.548895376551076342e-02
2.153789840556475377e-01
1.333394499520673404e-01
1.960253275899542236e-01
8.047434381558429828e-02
1.054217595119916334e-01
6.917993258361433695e-02
1.343432536463335693e-02
8.282208703034986408e-02
6.733463188677979439e-02
8.643342807730225452e-02
1.308833867549709651e-01
9.290573024341094999e-02
8.679418805950257776e-02
7.171650954045716286e-02
7.087265130350567377e-02
9.681324348801520485e-02
4.072681300146031858e-02
1.533802760448845226e-01
7.682191786197117844e-02
8.111512812187836319e-02
1.214926648993915476e-01
4.812446859068234689e-02
3.416617685919025316e-02
7.044558661510515185e-02
1.136346207385151574e-01
2.794633911206989563e-02
1.043593517616256683e-01
3.361753630635205131e-02
3.017040879036092180e-02
1.391010584991960418e-02
3.747228409525334147e-02
2.485803859704911051e-02
6.120445539401658114e-02
3.044991327905764364e-02
3.902392101122069412e-02
9.796927400116131612e-02
6.046096558668610224e-04
2.242863394544251338e-05
5.399381286878552483e-02
4.508197387908578768e-03
1.746061971852060773e-02
4.046996141524696087e-06
1.992384502486318001e-02
3.050123143440296863e-02
3.210585566674901276e-02
9.511355436206699146e-07
1.194968122458152371e-03
2.252012848267725335e-04
1.927162509526058666e-04
1.301202466613897566e-05
1.196709268226527623e-01
3.402473468496243492e-02
5.800851840330518592e-04
3.470252365860980893e-04
5.508520764804265287e-05
2.032860745218986395e-02
9.444005157168058190e-03
1.922268628782985682e-07
3.163431303313084253e-02
2.466154278791780809e-03
2.019783747804805269e-07
1.000000000000000072e-18
1.000000000000000072e-18
1.000000000000000072e-18
1.000000000000000072e-18
8.020635783270432860e-05
2.211801772441444418e-07
2.091825258300648377e-07
1.849950120307065557e-02
6.731677985430692401e-02
1.541779419422847349e-05
3.093429954705922683e-06
2.762810313328543830e-06
1.384442731903184030e-02
8.948405060710605638e-05
1.003182411235041715e-06
1.064197453284165124e-02
1.277496937321705855e-02
5.296656895047316405e-02
5.119345665450036409e-04
6.351571991678761631e-02
1.714688713206979354e-01
8.979158505310051719e-03
2.030895010558431135e-02
9.831573333361323165e-05
1.180164493605585091e-02
2.217739180351701450e-02
1.137921348048149617e-03
2.516666067345083024e-02
2.338961647815466366e-02
9.902944642510184275e-03
1.296923082283702178e-01
2.460712366593832690e-02
2.605376216258730934e-02
2.098704324043763197e-02
2.806959888514129475e-02
1.303445261319595601e-02
1.580078159139540750e-01
5.802657575856288302e-02
4.099421136217579198e-02
1.061184248421747633e-01
2.086338639796003203e-01
2.470936032150084991e-02
2.736650799503809184e-02
1.958752912737805885e-02
6.257868449434034197e-02
7.534557551890859461e-02
2.255972940496329682e-01
1.246386069486068865e-01
8.061806778985303179e-02
5.486615346166942575e-02
6.770119049393223676e-02
8.161178931502702238e-02
2.134542467066867233e-01
2.153362149358487021e-01
8.613147690135443402e-02
4.233054259683147191e-02
5.948180141572902840e-02
8.857045731018223234e-02
8.279470406925129589e-02
5.492635292813709963e-02
8.218831713126377447e-02
1.026439754350876310e-01
1.069709472904735587e-01
3.003324471046549538e-01
1.508448535789769229e-01
8.936483467800339364e-02
9.022410015001627870e-02
4.613063140466225343e-02
8.142798859674127421e-02
3.123559736821193145e-01
8.177461848413429546e-02
2.059929018736148532e-01
1.040092399438402454e-01
1.602922332416341633e-01
7.173017525475133827e-02
3.991847256326224586e-02
1.528630047461106978e-01
2.569735678228295406e-01
1.124845839259555891e-01
1.322758262712004640e-01
9.513074492876516519e-02
1.050868073572880090e-01
9.554811715965445817e-02
1.353043772293519575e-01
2.817820161155441538e-01
1.595538447257112691e-01
1.208101897060488428e-01
9.923554761986991268e-02
9.942074877200673955e-02
9.138438123693039261e-02
1.382250293300840982e-01
1.821726477391787391e-01
3.155307401061111516e-01
1.148201338982407782e-01
3.495749301192739300e-01
1.095094219773176669e-01
1.098451258851534662e-01
1.551230800757877337e-01
1.753784697470575082e-01
1.693800588584710165e-01
2.710913044584809528e-01
2.898475770513885275e-01
1.084502315730828947e-01
2.707236661335404859e-01
1.636367851587768318e-01
1.192127867120181539e-01
1.482090394375501774e-01
1.415131741132570897e-01
2.848096949431598301e-01
2.188097443441018308e-01
1.245655438654749286e-01
1.756048938635107470e-01
7.487289529185411352e-01
1.581146445437579262e-01
2.344822165661670232e-01
1.245573798380915503e-01
2.669444129266019816e-01
2.674201048547996118e-01
2.615858636644541324e-01
1.516572741387666456e-01
1.722983382190613755e-01
1.399808310601271533e-01
1.788831366131959921e-01
1.571766023615036589e-01
1.896575411839050707e-01
2.446417302054231524e-01
2.633722960375317057e-01
1.529018401197803634e-01
2.494593449464131696e-01
1.153660441594293040e-01
1.150750104680399732e-01
2.412720542153830028e-01
1.661704531938654195e-01
2.465636546698468656e-01
1.030242350227641435e-01
1.056347696908649936e-01
1.690388666672966445e-01
3.439556446546551127e-01
1.606252580722206669e-01
1.176547791283266559e-01
1.431778518518080356e-01
1.067916781097961176e-01
1.229843629360704987e-01
1.175934737395843560e-01
1.026149514658416390e-01
9.926647062996024617e-02
4.694360240012950686e-02
7.620191866843430140e-02
1.360240649758105713e-01
1.832837954110762280e-01
1.799297309594564132e-01
1.219273128730666844e-01
7.305242354724664211e-02
1.751267224064280981e-01
5.776152779153982675e-02
5.750975734848731702e-02
2.197025974345291344e-01
1.866045632145138244e-01
2.693485825728925698e-01
3.005277546357673080e-01
2.158395271459214726e-01
2.698937488376207949e-01
1.684305350461281214e-01
2.311159530570995324e-01
2.562237650298849756e-01
1.791296784874838455e-01
2.564116966134811770e-01
4.879691414713118736e-01
2.183496363317933842e-01
2.163219737973496870e-01
1.935630703406418796e-01
1.866959650089581035e-01
2.424170038443833608e-01
2.434002504411568457e-01
1.983771395604481680e-01
2.346623833499516532e-01
2.403467496283254734e-01
2.509681497233668956e-01
2.734146493521621424e-01
2.299972166143185170e-01
3.053850160039642825e-01
2.284349741371990428e-01
5.314569954724112089e-01
2.602583588737414910e-01
2.053863565314411610e-01
1.767115769121382907e-01
1.760188848364541425e-01
1.799394140867388581e-01
1.692086045516369430e-01
1.581917043989974903e-01
2.703086983627958628e-01
1.631368145427573579e-01
1.629676478667571224e-04
1.070415637843875228e-04
1.037029492735375364e-03
7.023152094976278098e-04
1.047141461431498090e-02
6.225506613320170267e-03
2.202808250239289035e-03
1.443617687665173623e-03
1.663990746543170945e-02
1.262319382434724281e-02
1.187867216943401701e-02
7.067754094305068839e-03
7.285291952011357930e-03
4.877909348795679556e-03
3.396549847725005566e-01
5.170031700465415048e-01
1.472869357448947092e-02
8.788694169167407186e-03
2.062455353848011499e-02
1.471910822295138810e-02
2.428434399790065368e-01
1.032863249471934058e-01
2.066570187666766714e-02
1.251599955114438868e-02
7.007841006094235603e-02
6.250501855953298491e-02
8.644899557269342116e-02
3.820714553480463599e-02
3.173823697449909553e-02
1.963503614356514049e-02
2.999134756512835120e-01
6.209573246577209105e-01
7.050548585290709880e-02
2.425241011695743534e-02
4.428352321925581314e-02
3.795915644330839778e-02
7.752251700962061731e-01
3.222300027970094183e-01
3.478579592467368614e-02
5.273298891194828919e-02
1.404470863703603523e-01
9.611903208702957113e-02
2.115380684931311706e-01
1.079145231417500961e-01
7.113624532709741932e-02
3.769210938367406616e-02
4.008757714822168139e-01
4.000457553496353791e-01
1.456118455224045261e-01
5.158308818876134599e-02
1.106192809672417315e-01
4.735178057082568837e-02
6.003831590584380873e-01
3.475525336886224892e-01
1.359498879040329788e-01
1.728211376601597113e-02
6.442190364624211796e-02
8.359859712758018271e-03
2.064021403452403342e-02
2.013804383021733369e-01
3.397769079002792986e-02
1.466755563344139812e-01
2.415117590330332908e-01
5.708351259490960228e-01
1.268507531309820413e-01
2.013091140684895031e-01
9.490613878109516177e-02
1.515122986163594254e-01
5.748374419753905507e-01
8.801191751371334471e-01
1.181971692818983427e-01
1.291945184015459158e-01
1.684348426252980369e-01
2.505765366783879178e-01
4.455017905732353567e-01
3.575997990171653207e-01
1.166191438265589270e-01
1.182251325733871955e-01
3.293660675915107139e-01
5.747336378589757988e-01
2.304907452405725032e-01
1.616005947638324836e-01
1.264359479214306747e-01
1.359645457534733592e-01
6.381741451104921969e-01
6.393714043702051208e-01
1.156663190023498877e-01
8.216179784459906599e-02
1.439974198517389170e-01
1.764019906797775761e-01
1.707693001228581808e-01
7.921063064698291578e-02
1.663902252145814387e-02
1.180967739894128732e-02
5.007064621056044572e-03
6.577117458124021737e-03
5.925032477047143670e-02
1.482140939960071291e-01
6.012367715045595362e-02
6.757516480899339317e-02
1.763481927303198193e-01
4.126323574419489271e-01
1.775742674322726422e-01
1.877593943684193467e-01
1.491730166200282981e-01
1.820085730687761028e-01
2.837709972885025245e-01
7.489626620374904009e-01
1.965465384332996668e-01
1.762432622638271384e-01
2.146622317255342249e-01
3.999819622599086744e-01
3.025466700013579313e-01
4.088641948528346504e-01
2.135682892365469154e-01
2.127036046467176700e-01
2.641843013089663628e-01
8.871886566794701112e-01
2.799942070111131054e-01
2.086991163735350263e-01
1.912523561888839763e-01
2.591765607900846091e-01
2.721820626542186816e-01
6.892194579397639131e-01
2.441439367417986561e-01
1.782815301869778435e-01
1.932801279808105954e-01
5.333926367766510523e-01
2.345587489772269219e-01
3.021492110064685210e-01
1.988304700438148498e-01
1.830054211165949851e-01
1.709952814409595734e-01
9.596493427583271396e-01
1.919462283438714556e-01
1.583714325446679005e-01
1.455434423132613841e-01
2.946862144388592286e-01
1.212441328459457623e-01
3.086396281717684320e-01
1.276868126625201882e-01
1.063056453468076562e-01
7.814179230926400488e-02
9.244163056546943480e-01
5.973087731766116987e-02
6.728140169455566755e-02
4.928518713902767245e-02
8.521331202256035575e-02
2.126835654355875571e-02
5.661232587723073750e-02
8.565818532096532850e-03
5.097106174859970806e-03
9.982620143426193006e-04
1.000000000000000072e-18
6.349331461426075242e-04
1.759183535760909045e-03
2.163465687669052784e-02
9.053868925375600438e-03
9.870804194763991776e-03
2.015221052741292262e-01
4.963576430451113741e-02
2.215195198373913835e-02
6.998908816062170135e-02
7.537921578014679380e-02
4.035968188775041626e-02
1.863399709664224080e-01
2.206083663966216246e-01
5.487995633855713429e-02
8.510112707760598971e-02
2.742257446204211524e-01
1.036250760173464680e-01
1.692205631616371941e-01
3.058174153504422677e-01
9.681614318649708895e-02
1.022392639997946606e-01
6.500242406832599240e-01
2.401528169339523511e-01
1.530517772826958112e-01
2.379770006736451893e-01
1.526834578300430845e-01
1.292275335142386572e-01
7.180216475779459540e-01
4.547186699156157141e-01
1.472354483947614090e-01
1.611734454196573907e-01
2.307620516964953294e-01
1.797340470023587877e-01
4.799480492074216786e-01
1.732299657185703556e-01
7.342771918209442528e-02
1.889581719956271444e-01
7.759071762696848618e-01
2.769257747661620916e-01
2.554489072379749759e-01
4.880376998122920029e-01
2.091440809617010621e-01
1.840802778800584294e-01
7.417430386337600101e-01
5.244847192145325465e-01
2.051601812627662502e-01
1.000000000000000072e-18
