5.088316618582644502e-01
5.088331198890071461e-01
5.088348760297015660e-01
5.088369912167129971e-01
5.088395388354098881e-01
5.088426072603094985e-01
5.088463029120907644e-01
5.088507539360703769e-01
5.088561146274812597e-01
5.088625707538773080e-01
5.088703459545618202e-01
5.088797094321624304e-01
5.088909851931255890e-01
5.089045631431174943e-01
5.089209124009242968e-01
5.089405972619064356e-01
5.089642963198410808e-01
5.089928253454437668e-01
5.090271646206655509e-01
5.090684915400214283e-01
5.091182194112979786e-01
5.091780435140981220e-01
5.092499955977716208e-01
5.093365081074863188e-01
5.094404894969268849e-01
5.095654119853790798e-01
5.097154129948184842e-01
5.098954111827627145e-01
5.101112373564072877e-01
5.103697794489385764e-01
5.106791389233431566e-01
5.110487931081125756e-01
5.114897535949650687e-01
5.120147042989805497e-01
5.126380932346147334e-01
5.133761383720676363e-01
5.142466886981694740e-01
5.152688551521009686e-01
5.164622906734905872e-01
5.178459526946439517e-01
5.194361245840896091e-01
5.212434068514060215e-01
5.232683213637002728e-01
5.254951182763278883e-01
5.278833661506612263e-01
5.303569923666919816e-01
5.327907021509921126e-01
5.349942456931924273e-01
5.366959378604707620e-01
5.375282333803875767e-01
5.370199403296632701e-01
5.346014229986851829e-01
5.296300405890679297e-01
5.214417730991334210e-01
5.094301605955366963e-01
4.931449865899796836e-01
4.723925122048900360e-01
4.473111829088703972e-01
4.183972440724233466e-01
3.864664065627372858e-01
3.525571859718034107e-01
3.177999787265982645e-01
2.832845258978587966e-01
2.499541581723564998e-01
2.185421852993300329e-01
1.895513471783930037e-01
1.632671278368753309e-01
1.397917889888457832e-01
1.190869075483568379e-01
1.010155634083409470e-01
8.537907262142120646e-02
7.194618068117131227e-02
6.047460039883598842e-02
5.072582371582157884e-02
4.247453381069511702e-02
3.551395950022746134e-02
2.965834433539790357e-02
2.474347019543246540e-02
2.062594531320845193e-02
1.718176874640026108e-02
1.430452582853839957e-02
1.190345027928677198e-02
9.901502436142534808e-03
8.233552560066366433e-03
6.844716986021980032e-03
5.688867751678598067e-03
4.727319126706121949e-03
3.927684101635571350e-03
3.262888142644757364e-03
2.710324790117134112e-03
2.251136871020437569e-03
1.869607455166141232e-03
1.552645709434327540e-03
1.289354162352148586e-03
1.070665374061942603e-03
8.890374849741529244e-04
7.381995156746020163e-04
6.129385717756957383e-04
5.089222538087152326e-04
4.225505813733883937e-04
