9.999944444753082751e-01
9.999939028218117754e-01
9.999933083584437998e-01
9.999926559364441525e-01
9.999919399050850588e-01
9.999911540627329787e-01
9.999902916031430111e-01
9.999893450565197073e-01
9.999883062248318133e-01
9.999871661108219456e-01
9.999859148400944697e-01
9.999845415756207778e-01
9.999830344238974655e-01
9.999813803319710370e-01
9.999795649744217529e-01
9.999775726293397282e-01
9.999753860422088136e-01
9.999729862765384114e-01
9.999703525499350487e-01
9.999674620542076120e-01
9.999642897579489320e-01
9.999608081898877510e-01
9.999569872011423444e-01
9.999527937043224401e-01
9.999481913872219074e-01
9.999431403986484002e-01
9.999375970036558092e-01
9.999315132052377653e-01
9.999248363291921571e-01
9.999175085686059505e-01
9.999094664840249003e-01
9.999006404550192517e-01
9.998909540784186589e-01
9.998803235080643281e-01
9.998686567303962658e-01
9.998558527696751463e-01
9.998418008160288029e-01
9.998263792688548701e-01
9.998094546874186639e-01
9.997908806396765824e-01
9.997704964395245364e-01
9.997481257617192307e-01
9.997235751227109279e-01
9.996966322145142136e-01
9.996670640775126015e-01
9.996346150967831967e-01
9.995990048050741317e-01
9.995599254739899742e-01
9.995170394732328933e-01
9.994699763758727595e-01
9.994183297856055193e-01
9.993616538597460686e-01
9.992994594993259705e-01
9.992312101750874254e-01
9.991563173553609234e-01
9.990741354988178502e-01
9.989839565718352521e-01
9.988850040467235347e-01
9.987764263333344106e-01
9.986572895925629467e-01
9.985265698760026343e-01
9.983831445314782504e-01
9.982257828094196483e-01
9.980531355999856524e-01
9.978637242255949946e-01
9.976559282080745827e-01
9.974279719239913522e-01
9.971779100560274056e-01
9.969036117424928678e-01
9.966027433214170728e-01
9.962727495601394478e-01
9.959108332562370824e-01
9.955139330910510731e-01
9.950786996133290652e-01
9.946014692278882796e-01
9.940782360630868730e-01
9.935046215917302526e-01
9.928758418834119359e-01
9.921866723728398618e-01
9.914314100392147555e-01
9.906038329071740201e-01
9.896971568012796761e-01
9.887039893147818725e-01
9.876162809909552198e-01
9.864252737633778523e-01
9.851214467620479365e-01
9.836944596673964369e-01
9.821330938865515670e-01
9.804251919381901104e-01
9.785575955669776338e-01
9.765160832688387638e-01
9.742853080972454505e-01
9.718487368412647154e-01
9.691885919210007083e-01
9.662857976373994129e-01
9.631199327424387890e-01
9.596691916624108254e-01
9.559103571093612306e-01
9.518187872493013568e-01
9.473684210526314153e-01
9.473684210526314153e-01
9.471380959433226554e-01
9.469068193785256105e-01
9.466745879230317184e-01
9.464413981335828563e-01
9.462072465588928782e-01
9.459721297396693762e-01
9.457360442086362173e-01
9.454989864905586350e-01
9.452609531022636569e-01
9.450219405526679717e-01
9.447819453427985792e-01
9.445409639658217671e-01
9.442989929070656485e-01
9.440560286440471405e-01
9.438120676465014958e-01
9.435671063764041744e-01
9.433211412880029290e-01
9.430741688278451162e-01
9.428261854348053417e-01
9.425771875401142141e-01
9.423271715673913196e-01
9.420761339326724215e-01
9.418240710444421016e-01
9.415709793036648456e-01
9.413168551038164633e-01
9.410616948309180607e-01
9.408054948635675707e-01
9.405482515729759463e-01
9.402899613229981357e-01
9.400306204701701640e-01
9.397702253637456593e-01
9.395087723457274942e-01
9.392462577509117505e-01
9.389826779069158080e-01
9.387180291342253069e-01
9.384523077462244567e-01
9.381855100492428878e-01
9.379176323425878481e-01
9.376486709185900548e-01
9.373786220626413312e-01
9.371074820532395711e-01
9.368352471620255972e-01
9.365619136538307909e-01
9.362874777867186138e-01
9.360119358120290167e-01
9.357352839744216277e-01
9.354575185119232694e-01
9.351786356559734781e-01
9.348986316314698009e-01
9.346175026568165345e-01
9.343352449439723539e-01
9.340518546984991621e-01
9.337673281196093855e-01
9.334816614002197088e-01
9.331948507269990367e-01
9.329068922804200081e-01
9.326177822348120650e-01
9.323275167584140766e-01
9.320360920134278526e-01
9.317435041560707676e-01
9.314497493366317160e-01
9.311548236995288441e-01
9.308587233833619523e-01
9.305614445209720031e-01
9.302629832394981868e-01
9.299633356604367629e-01
9.296624978996982369e-01
9.293604660676729745e-01
9.290572362692832709e-01
9.287528046040522955e-01
9.284471671661636005e-01
9.281403200445217383e-01
9.278322593228206516e-01
9.275229810796040697e-01
9.272124813883332317e-01
9.269007563174508357e-01
9.265878019304500945e-01
9.262736142859406829e-01
9.259581894377172384e-01
9.256415234348291943e-01
9.253236123216500575e-01
9.250044521379483520e-01
9.246840389189593390e-01
9.243623686954577368e-01
9.240394374938293298e-01
9.237152413361460201e-01
9.233897762402408782e-01
9.230630382197829720e-01
9.227350232843541944e-01
9.224057274395262018e-01
9.220751466869401280e-01
9.217432770243811913e-01
9.214101144458639592e-01
9.210756549417101757e-01
9.207398944986279199e-01
9.204028290997988693e-01
9.200644547249583471e-01
9.197247673504792553e-01
9.193837629494582275e-01
9.190414374918005613e-01
9.186977869443071487e-01
9.183528072707615175e-01
9.180064944320195375e-01
9.176588443860971278e-01
9.173098530882610735e-01
9.169595164911196195e-01
9.166078305447158403e-01
9.162547911966181235e-01
9.159003943920173141e-01
9.155446360738168643e-01
9.151875121827331983e-01
9.148290186573876381e-01
9.144691514344085448e-01
9.141079064485239103e-01
9.137452796326668292e-01
9.133812669180706445e-01
9.130158642343723097e-01
9.126490675097153060e-01
9.122808726708494520e-01
9.119112756432390388e-01
9.115402723511627503e-01
9.111678587178243527e-01
9.107940306654566109e-01
9.104187841154289806e-01
9.100421149883570759e-01
9.096640192042126927e-01
9.092844926824331653e-01
9.089035313420334994e-01
9.085211311017196145e-01
9.081372878800004766e-01
9.077519975953032283e-01
9.073652561660879856e-01
9.069770595109674094e-01
9.065874035488186156e-01
9.061962841989052997e-01
9.058036973809988623e-01
9.054096390154924290e-01
9.050141050235283036e-01
9.046170913271168734e-01
9.042185938492633968e-01
9.038186085140873516e-01
9.034171312469524429e-01
9.030141579745897262e-01
9.026096846252270600e-01
9.022037071287174470e-01
9.017962214166665991e-01
9.013872234225640545e-01
9.009767090819168489e-01
9.005646743323795222e-01
9.001511151138859024e-01
8.997360273687893262e-01
8.993194070419924246e-01
8.989012500810866779e-01
8.984815524364889727e-01
8.980603100615799361e-01
8.976375189128456000e-01
8.972131749500152909e-01
8.967872741362038491e-01
8.963598124380558474e-01
8.959307858258888091e-01
8.955001902738366493e-01
8.950680217599968902e-01
8.946342762665772108e-01
8.941989497800431064e-01
8.937620382912663253e-01
8.933235377956765255e-01
8.928834442934102666e-01
8.924417537894649977e-01
8.919984622938492702e-01
8.915535658217410564e-01
8.911070603936381840e-01
8.906589420355200959e-01
8.902092067789982854e-01
8.897578506614812754e-01
8.893048697263296054e-01
8.888502600230180350e-01
8.883940176072961936e-01
8.879361385413520047e-01
8.874766188939737788e-01
8.870154547407174128e-01
8.865526421640684829e-01
8.860881772536103318e-01
8.856220561061936003e-01
8.851542748261034266e-01
8.846848295252273120e-01
8.842137163232295372e-01
8.837409313477214701e-01
8.832664707344324295e-01
8.827903306273868766e-01
8.823125071790773877e-01
8.818329965506410684e-01
8.813517949120377448e-01
8.808688984422246016e-01
8.803843033293395903e-01
8.798980057708780667e-01
8.794100019738759766e-01
8.789202881550910451e-01
8.784288605411856299e-01
8.779357153689117954e-01
8.774408488852960541e-01
8.769442573478254399e-01
8.764459370246342473e-01
8.759458841946932139e-01
8.754440951479983690e-01
8.749405661857602157e-01
8.744352936205961324e-01
8.739282737767231080e-01
8.734195029901481444e-01
8.729089776088654329e-01
8.723966939930496434e-01
8.718826485152536554e-01
8.713668375606027361e-01
8.708492575269962677e-01
8.703299048253031467e-01
8.698087758795657320e-01
8.692858671271963544e-01
8.687611750191827076e-01
8.682346960202886876e-01
8.677064266092592293e-01
8.671763632790243648e-01
8.666445025369053923e-01
8.661108409048209333e-01
8.655753749194938784e-01
8.650381011326617742e-01
8.644990161112838800e-01
8.639581164377534428e-01
8.634153987101059746e-01
8.628708595422347472e-01
8.623244955641011789e-01
8.617763034219487750e-01
8.612262797785191770e-01
8.606744213132661026e-01
8.601207247225737262e-01
8.595651867199711749e-01
8.590078040363513523e-01
8.584485734201939833e-01
8.578874916377775550e-01
8.573245554734063578e-01
8.567597617296296431e-01
8.561931072274637788e-01
8.556245888066138505e-01
8.550542033257008123e-01
8.544819476624826438e-01
8.539078187140816123e-01
8.533318133972095376e-01
8.527539286483951653e-01
8.521741614242112073e-01
8.515925087015030481e-01
8.510089674776172286e-01
8.504235347706329273e-01
8.498362076195903336e-01
8.492469830847225731e-01
8.486558582476880774e-01
8.480628302118021766e-01
8.474678961022721335e-01
8.468710530664289582e-01
8.462722982739623312e-01
8.456716289171581913e-01
8.450690422111302169e-01
8.444645353940607446e-01
8.438581057274341379e-01
8.432497504962763735e-01
8.426394670093939610e-01
8.420272525996098656e-01
8.414131046240049816e-01
8.407970204641588285e-01
8.401789975263871391e-01
8.395590332419857749e-01
8.389371250674690916e-01
8.383132704848140770e-01
8.376874670017034896e-01
8.370597121517660000e-01
8.364300034948218832e-01
8.357983386171248252e-01
8.351647151316079487e-01
8.345291306781283946e-01
8.338915829237102395e-01
8.332520695627918528e-01
8.326105883174723665e-01
8.319671369377545922e-01
8.313217132017955979e-01
8.306743149161499584e-01
8.300249399160190000e-01
8.293735860654974923e-01
8.287202512578220048e-01
8.280649334156182650e-01
8.274076304911488489e-01
8.267483404665634250e-01
8.260870613541453356e-01
8.254237911965623953e-01
8.247585280671144714e-01
8.240912700699840610e-01
8.234220153404842035e-01
8.227507620453092807e-01
8.220775083827842611e-01
8.214022525831141675e-01
8.207249929086343210e-01
8.200457276540601415e-01
8.193644551467369475e-01
8.186811737468902006e-01
8.179958818478756388e-01
8.173085778764288545e-01
8.166192602929148725e-01
8.159279275915800600e-01
8.152345783007990399e-01
8.145392109833270444e-01
8.138418242365484945e-01
8.131424166927272434e-01
8.124409870192541572e-01
8.117375339188983574e-01
8.110320561300565778e-01
8.103245524269997446e-01
8.096150216201244421e-01
8.089034625561992708e-01
8.081898741186137602e-01
8.074742552276266139e-01
8.067566048406129564e-01
8.060369219523116913e-01
8.053152055950725252e-01
8.045914548391024379e-01
8.038656687927121514e-01
8.031378466025611562e-01
8.024079874539044033e-01
8.016760905708354423e-01
8.009421552165332248e-01
8.002061806935035770e-01
7.994681663438241159e-01
7.987281115493874983e-01
7.979860157321414516e-01
7.972418783543339105e-01
7.964956989187511605e-01
7.957474769689605321e-01
7.949972120895480998e-01
7.942449039063601557e-01
7.934905520867402418e-01
7.927341563397679591e-01
7.919757164164937802e-01
7.912152321101779684e-01
7.904527032565247247e-01
7.896881297339175543e-01
7.889215114636507487e-01
7.881528484101671950e-01
7.873821405812835295e-01
7.866093880284275031e-01
7.858345908468653551e-01
7.850577491759305193e-01
7.842788631992532178e-01
7.834979331449877238e-01
7.827149592860368488e-01
7.819299419402782059e-01
7.811428814707894741e-01
7.803537782860689997e-01
7.795626328402579519e-01
7.787694456333625892e-01
7.779742172114727516e-01
7.771769481669782431e-01
7.763776391387895437e-01
7.755762908125497512e-01
7.747729039208510748e-01
7.739674792434485529e-01
7.731600176074672204e-01
7.723505198876203792e-01
7.715389870064104372e-01
7.707254199343417378e-01
7.699098196901236202e-01
7.690921873408774756e-01
7.682725240023382529e-01
7.674508308390557421e-01
7.666271090645948583e-01
7.658013599417361483e-01
7.649735847826693025e-01
7.641437849491895529e-01
7.633119618528924066e-01
7.624781169553639382e-01
7.616422517683714144e-01
7.608043678540514776e-01
7.599644668250979951e-01
7.591225503449428036e-01
7.582786201279451133e-01
7.574326779395665898e-01
7.565847255965538753e-01
7.557347649671151135e-01
7.548827979710945879e-01
7.540288265801474710e-01
7.531728528179104654e-01
7.523148787601714460e-01
7.514549065350358825e-01
7.505929383230944829e-01
7.497289763575838428e-01
7.488630229245485381e-01
7.479950803630019962e-01
7.471251510650787075e-01
7.462532374761938758e-01
7.453793420951925208e-01
7.445034674745009129e-01
7.436256162202734554e-01
7.427457909925396784e-01
7.418639945053462359e-01
7.409802295268972383e-01
7.400944988796952506e-01
7.392068054406737421e-01
7.383171521413337546e-01
7.374255419678732437e-01
7.365319779613166418e-01
7.356364632176404239e-01
7.347390008878971202e-01
7.338395941783362186e-01
7.329382463505220713e-01
7.320349607214506893e-01
7.311297406636618756e-01
7.302225896053509135e-01
7.293135110304749258e-01
7.284025084788596782e-01
7.274895855463003880e-01
7.265747458846619766e-01
7.256579932019764367e-01
7.247393312625352024e-01
7.238187638869819640e-01
7.228962949524002646e-01
7.219719283923986541e-01
7.210456681971937343e-01
7.201175184136887619e-01
7.191874831455511430e-01
7.182555665532861511e-01
7.173217728543062055e-01
7.163861063229999271e-01
7.154485712907953099e-01
7.145091721462228929e-01
7.135679133349721592e-01
7.126247993599476027e-01
7.116798347813213521e-01
7.107330242165816880e-01
7.097843723405774519e-01
7.088338838855631208e-01
7.078815636412355561e-01
7.069274164547724171e-01
7.059714472308629141e-01
7.050136609317381176e-01
7.040540625771978256e-01
7.030926572446316580e-01
7.021294500690404838e-01
7.011644462430515201e-01
7.001976510169307666e-01
6.992290696985935528e-01
6.982587076536093118e-01
6.972865703052046893e-01
6.963126631342620998e-01
6.953369916793157302e-01
6.943595615365432128e-01
6.933803783597539683e-01
6.923994478603752167e-01
6.914167758074324377e-01
6.904323680275274988e-01
6.894462304048125656e-01
6.884583688809621238e-01
6.874687894551386735e-01
6.864774981839568690e-01
6.854845011814431066e-01
6.844898046189913376e-01
6.834934147253171055e-01
6.824953377864050319e-01
6.814955801454536388e-01
6.804941482028179500e-01
6.794910484159466524e-01
6.784862872993158156e-01
6.774798714243590592e-01
6.764718074193949438e-01
6.754621019695488116e-01
6.744507618166719620e-01
6.734377937592564978e-01
6.724232046523472839e-01
6.714070014074492443e-01
6.703891909924305503e-01
6.693697804314231448e-01
6.683487768047184918e-01
6.673261872486597746e-01
6.663020189555306505e-01
6.652762791734390113e-01
6.642489752061981889e-01
6.632201144132033876e-01
6.621897042093052299e-01
6.611577520646773065e-01
6.601242655046830610e-01
6.590892521097357903e-01
6.580527195151567588e-01
6.570146754110264276e-01
6.559751275420379057e-01
6.549340837073399646e-01
6.538915517603771654e-01
6.528475396087320970e-01
6.518020552139550672e-01
6.507551065913957933e-01
6.497067018100302072e-01
6.486568489922807101e-01
6.476055563138354287e-01
6.465528320034628074e-01
6.454986843428212051e-01
6.444431216662658279e-01
6.433861523606503319e-01
6.423277848651269828e-01
6.412680276709401550e-01
6.402068893212173872e-01
6.391443784107568860e-01
6.380805035858091445e-01
6.370152735438578961e-01
6.359486970333938505e-01
6.348807828536862097e-01
6.338115398545514090e-01
6.327409769361153069e-01
6.316691030485725999e-01
6.305959271919447939e-01
6.295214584158306259e-01
6.284457058191537104e-01
6.273686785499086316e-01
6.262903858048997074e-01
6.252108368294801988e-01
6.241300409172818586e-01
6.230480074099471466e-01
6.219647456968531163e-01
6.208802652148327494e-01
6.197945754478935143e-01
6.187076859269320384e-01
6.176196062294427858e-01
6.165303459792262908e-01
6.154399148460912850e-01
6.143483225455542707e-01
6.132555788385354312e-01
6.121616935310500995e-01
6.110666764738970080e-01
6.099705375623436510e-01
6.088732867358078726e-01
6.077749339775331272e-01
6.066754893142650706e-01
6.055749628159203812e-01
6.044733645952540257e-01
6.033707048075235280e-01
6.022669936501467980e-01
6.011622413623612937e-01
6.000564582248751888e-01
5.989496545595165422e-01
5.978418407288812464e-01
5.967330271359740923e-01
5.956232242238496122e-01
5.945124424752472603e-01
5.934006924122240401e-01
5.922879845957850220e-01
5.911743296255083102e-01
5.900597381391695651e-01
5.889442208123598643e-01
5.878277883581042307e-01
5.867104515264740527e-01
5.855922211041968417e-01
5.844731079142650998e-01
5.833531228155394155e-01
5.822322767023488943e-01
5.811105805040913674e-01
5.799880451848259399e-01
5.788646817428675373e-01
5.777405012103735693e-01
5.766155146529331477e-01
5.754897331691475326e-01
5.743631678902139104e-01
5.732358299794995116e-01
5.721077306321203926e-01
5.709788810745113352e-01
5.698492925639961904e-01
5.687189763883545579e-01
5.675879438653865794e-01
5.664562063424738447e-01
5.653237751961399660e-01
5.641906618316051558e-01
5.630568776823415833e-01
5.619224342096250657e-01
5.607873429020838740e-01
5.596516152752457618e-01
5.585152628710808864e-01
5.573782972575476169e-01
5.562407300281286826e-01
5.551025728013703198e-01
5.539638372204176431e-01
5.528245349525484631e-01
5.516846776887031067e-01
5.505442771430137938e-01
5.494033450523327922e-01
5.482618931757570202e-01
5.471199332941487636e-01
5.459774772096605000e-01
5.448345367452507304e-01
5.436911237442043632e-01
5.425472500696455480e-01
5.414029276040531746e-01
5.402581682487719306e-01
5.391129839235241361e-01
5.379673865659166943e-01
5.368213881309499280e-01
5.356750005905208667e-01
5.345282359329307509e-01
5.333811061623846550e-01
5.322336232984936633e-01
5.310857993757760465e-01
5.299376464431534428e-01
5.287891765634498142e-01
5.276404018128864060e-01
5.264913342805770391e-01
5.253419860680221820e-01
5.241923692886005792e-01
5.230424960670605472e-01
5.218923785390110481e-01
5.207420288504114314e-01
5.195914591570586216e-01
5.184406816240760829e-01
5.172897084254002298e-01
5.161385517432652836e-01
5.149872237676905717e-01
5.138357366959626082e-01
5.126841027321227262e-01
5.115323340864449397e-01
5.103804429749239091e-01
5.092284416187540241e-01
5.080763422438118182e-01
5.069241570801379382e-01
5.057718983614174491e-01
5.046195783244602495e-01
5.034672092086823758e-01
5.023148032555850850e-01
5.011623727082344937e-01
5.000099298107432144e-01
4.988574868077477742e-01
4.977050559438890853e-01
4.965526494632930277e-01
4.954002796090484217e-01
4.942479586226879995e-01
4.930956987436674321e-01
4.919435122088465784e-01
4.907914112519687899e-01
4.896394081031415491e-01
4.884875149883178835e-01
4.873357441287770042e-01
4.861841077406069411e-01
4.850326180341867355e-01
4.838812872136673549e-01
4.827301274764569383e-01
4.815791510127038766e-01
4.804283700047820016e-01
4.792777966267746104e-01
4.781274430439607093e-01
4.769773214123029792e-01
4.758274438779341864e-01
4.746778225766465908e-01
4.735284696333798005e-01
4.723793971617125109e-01
4.712306172633541346e-01
4.700821420276362073e-01
4.689339835310071258e-01
4.677861538365253313e-01
4.666386649933566000e-01
4.654915290362714453e-01
4.643447579851417428e-01
4.631983638444433504e-01
4.620523586027545093e-01
4.609067542322601851e-01
4.597615626882555206e-01
4.586167959086516754e-01
4.574724658134828870e-01
4.563285843044148637e-01
4.551851632642560652e-01
4.540422145564680934e-01
4.528997500246812469e-01
4.517577814922094648e-01
4.506163207615665467e-01
4.494753796139874247e-01
4.483349698089470481e-01
4.471951030836844310e-01
4.460557911527285313e-01
4.449170457074232976e-01
4.437788784154573785e-01
4.426413009203960525e-01
4.415043248412138244e-01
4.403679617718294637e-01
4.392322232806437077e-01
4.380971209100797403e-01
4.369626661761245590e-01
4.358288705678736719e-01
4.346957455470781828e-01
4.335633025476928193e-01
4.324315529754294563e-01
4.313005082073086416e-01
4.301701795912187265e-01
4.290405784454729976e-01
4.279117160583724155e-01
4.267836036877692418e-01
4.256562525606342184e-01
4.245296738726260233e-01
4.234038787876640009e-01
4.222788784375018922e-01
4.211546839213073934e-01
4.200313063052408813e-01
4.189087566220404679e-01
4.177870458706071100e-01
4.166661850155941593e-01
4.155461849869995783e-01
4.144270566797605415e-01
4.133088109533525900e-01
4.121914586313888407e-01
4.110750105012259681e-01
4.099594773135699644e-01
4.088448697820871169e-01
4.077311985830177621e-01
4.066184743547918146e-01
4.055067076976489049e-01
4.043959091732618472e-01
4.032860893043621608e-01
4.021772585743700335e-01
4.010694274270270032e-01
3.999626062660309733e-01
3.988568054546769992e-01
3.977520353154989641e-01
3.966483061299170276e-01
3.955456281378852967e-01
3.944440115375460465e-01
3.933434664848856066e-01
3.922440030933944666e-01
3.911456314337307116e-01
3.900483615333861231e-01
3.889522033763574971e-01
3.878571669028200164e-01
3.867632620088040096e-01
3.856704985458785373e-01
3.845788863208325914e-01
3.834884350953663423e-01
3.823991545857810537e-01
3.813110544626758802e-01
3.802241443506467200e-01
3.791384338279885635e-01
3.780539324264030610e-01
3.769706496307083099e-01
3.758885948785531950e-01
3.748077775601346140e-01
3.737282070179194227e-01
3.726498925463698764e-01
3.715728433916726248e-01
3.704970687514712591e-01
3.694225777746035777e-01
3.683493795608417942e-01
3.672774831606359092e-01
3.662068975748634658e-01
3.651376317545809713e-01
3.640696946007789814e-01
3.630030949641421811e-01
3.619378416448132407e-01
3.608739433921598350e-01
3.598114089045466590e-01
3.587502468291089985e-01
3.576904657615334049e-01
3.566320742458397586e-01
3.555750807741683284e-01
3.545194937865706608e-01
3.534653216708035228e-01
3.524125727621286175e-01
3.513612553431138541e-01
3.503113776434405580e-01
3.492629478397132337e-01
3.482159740552742133e-01
3.471704643600214135e-01
3.461264267702300890e-01
3.450838692483798043e-01
3.440427997029835705e-01
3.430032259884214785e-01
3.419651559047786615e-01
3.409285971976871998e-01
3.398935575581710222e-01
3.388600446224960816e-01
3.378280659720232504e-01
3.367976291330651573e-01
3.357687415767482420e-01
3.347414107188772525e-01
3.337156439198042390e-01
3.326914484843015440e-01
3.316688316614378462e-01
3.306478006444597550e-01
3.296283625706754594e-01
3.286105245213434278e-01
3.275942935215641616e-01
3.265796765401761670e-01
3.255666804896567013e-01
3.245553122260240730e-01
3.235455785487457714e-01
3.225374862006502030e-01
3.215310418678407611e-01
3.205262521796152786e-01
3.195231237083885345e-01
3.185216629696190349e-01
3.175218764217385692e-01
3.165237704660863738e-01
3.155273514468465157e-01
3.145326256509902718e-01
3.135395993082198962e-01
3.125482785909179939e-01
3.115586696141002254e-01
3.105707784353704537e-01
3.095846110548818864e-01
3.086001734152994391e-01
3.076174714017674283e-01
3.066365108418797059e-01
3.056572975056536801e-01
3.046798371055091659e-01
3.037041352962491780e-01
3.027301976750444434e-01
3.017580297814224100e-01
3.007876370972591973e-01
2.998190250467750451e-01
2.988521989965329251e-01
2.978871642554412058e-01
2.969239260747601472e-01
2.959624896481093947e-01
2.950028601114828009e-01
2.940450425432631354e-01
2.930890419642421807e-01
2.921348633376424919e-01
2.911825115691452082e-01
2.902319915069183631e-01
2.892833079416493036e-01
2.883364656065816045e-01
2.873914691775538710e-01
2.864483232730418161e-01
2.855070324542049454e-01
2.845676012249344078e-01
2.836300340319051205e-01
2.826943352646318908e-01
2.817605092555265367e-01
2.808285602799597269e-01
2.798984925563259285e-01
2.789703102461097428e-01
2.780440174539575149e-01
2.771196182277500530e-01
2.761971165586805110e-01
2.752765163813321037e-01
2.743578215737614845e-01
2.734410359575842331e-01
2.725261632980624515e-01
2.716132073041966910e-01
2.707021716288188773e-01
2.697930598686897885e-01
2.688858755645983645e-01
2.679806222014642914e-01
2.670773032084421961e-01
2.661759219590305037e-01
2.652764817711811829e-01
2.643789859074133219e-01
2.634834375749281477e-01
2.625898399257283744e-01
2.616981960567387189e-01
2.608085090099296344e-01
2.599207817724423775e-01
2.590350172767195147e-01
2.581512184006344857e-01
2.572693879676256623e-01
2.563895287468322959e-01
2.555116434532333503e-01
2.546357347477871680e-01
2.537618052375758548e-01
2.528898574759503859e-01
2.520198939626777657e-01
2.511519171440920184e-01
2.502859294132461776e-01
2.494219331100659964e-01
2.485599305215083488e-01
2.476999238817186033e-01
2.468419153721926329e-01
2.459859071219395454e-01
2.451319012076474124e-01
2.442798996538498857e-01
2.434299044330964223e-01
2.425819174661230371e-01
2.417359406220258855e-01
2.408919757184371790e-01
2.400500245217012663e-01
2.392100887470547943e-01
2.383721700588075088e-01
2.375362700705253571e-01
2.367023903452145361e-01
2.358705323955088973e-01
2.350406976838577688e-01
2.342128876227158041e-01
2.333871035747355493e-01
2.325633468529601788e-01
2.317416187210188938e-01
2.309219203933236542e-01
2.301042530352674365e-01
2.292886177634246292e-01
2.284750156457520942e-01
2.276634477017924207e-01
2.268539149028780399e-01
2.260464181723383925e-01
2.252409583857060693e-01
2.244375363709268656e-01
2.236361529085691136e-01
2.228368087320359570e-01
2.220395045277782087e-01
2.212442409355090955e-01
2.204510185484192530e-01
2.196598379133939682e-01
2.188706995312315329e-01
2.180836038568619850e-01
2.172985512995688762e-01
2.165155422232096227e-01
2.157345769464393270e-01
2.149556557429342929e-01
2.141787788416175953e-01
2.134039464268846498e-01
2.126311586388308084e-01
2.118604155734795935e-01
2.110917172830115152e-01
2.103250637759944974e-01
2.095604550176152492e-01
2.087978909299105790e-01
2.080373713920012080e-01
2.072788962403245561e-01
2.065224652688701090e-01
2.057680782294148969e-01
2.050157348317589723e-01
2.042654347439631091e-01
2.035171775925865012e-01
2.027709629629245724e-01
2.020267903992495062e-01
2.012846594050482218e-01
2.005445694432648474e-01
1.998065199365403055e-01
1.990705102674547589e-01
1.983365397787701101e-01
1.976046077736722806e-01
1.968747135160154316e-01
1.961468562305648533e-01
1.954210351032427129e-01
1.946972492813715538e-01
1.939754978739207381e-01
1.932557799517518327e-01
1.925380945478648853e-01
1.918224406576447549e-01
1.911088172391083584e-01
1.903972232131518894e-01
1.896876574637983148e-01
1.889801188384453989e-01
1.882746061481136435e-01
1.875711181676952832e-01
1.868696536362024485e-01
1.861702112570161605e-01
1.854727896981355206e-01
1.847773875924270948e-01
1.840840035378742967e-01
1.833926360978266890e-01
1.827032838012500604e-01
1.820159451429756992e-01
1.813306185839512474e-01
1.806473025514895858e-01
1.799659954395192718e-01
1.792866956088346453e-01
1.786094013873455733e-01
1.779341110703275275e-01
1.772608229206719122e-01
1.765895351691353088e-01
1.759202460145899427e-01
1.752529536242727615e-01
1.745876561340362620e-01
1.739243516485966257e-01
1.732630382417839898e-01
1.726037139567918322e-01
1.719463768064252718e-01
1.712910247733506475e-01
1.706376558103440688e-01
1.699862678405397454e-01
1.693368587576781770e-01
1.686894264263543164e-01
1.680439686822655654e-01
1.674004833324584107e-01
1.667589681555764203e-01
1.661194209021062407e-01
1.654818392946249828e-01
1.648462210280458029e-01
1.642125637698637064e-01
1.635808651604014341e-01
1.629511228130537392e-01
1.623233343145326080e-01
1.616974972251114806e-01
1.610736090788687513e-01
1.604516673839312124e-01
1.598316696227171652e-01
1.592136132521783654e-01
1.585974957040426625e-01
1.579833143850547239e-01
1.573710666772173139e-01
1.567607499380318792e-01
1.561523615007381627e-01
1.555458986745536232e-01
1.549413587449121055e-01
1.543387389737023718e-01
1.537380365995051901e-01
1.531392488378309213e-01
1.525423728813559976e-01
