9.999944444744257588e-01
9.999939028207498470e-01
9.999933083571640458e-01
9.999926559349027189e-01
9.999919399032287659e-01
9.999911540604974336e-01
9.999902916004504982e-01
9.999893450532763017e-01
9.999883062209242723e-01
9.999871661061154882e-01
9.999859148344263371e-01
9.999845415687934613e-01
9.999830344156735995e-01
9.999813803220660713e-01
9.999795649624910743e-01
9.999775726149684463e-01
9.999753860248988824e-01
9.999729862556889781e-01
9.999703525248223590e-01
9.999674620239593636e-01
9.999642897215147430e-01
9.999608081460037434e-01
9.999569871482849592e-01
9.999527936406558126e-01
9.999481913105361386e-01
9.999431403062816193e-01
9.999375968924020253e-01
9.999315130712338462e-01
9.999248361677878227e-01
9.999175083741979053e-01
9.999094662498655417e-01
9.999006401729811921e-01
9.998909537387126178e-01
9.998803230988990709e-01
9.998686562375727060e-01
9.998558521760910756e-01
9.998418001010850320e-01
9.998263784077420224e-01
9.998094536502587504e-01
9.997908793904827229e-01
9.997704949349585091e-01
9.997481239495866756e-01
9.997235729401516835e-01
9.996966295858257245e-01
9.996670609115294592e-01
9.996346112837158904e-01
9.995990002127119745e-01
9.995599199431224324e-01
9.995170328121398828e-01
9.994699683536967250e-01
9.994183201243641568e-01
9.993616422247262321e-01
9.992994454875200327e-01
9.992311933012756331e-01
9.991562970353646822e-01
9.990741110293489546e-01
9.989839271062539439e-01
9.988849685658739430e-01
9.987763836104597281e-01
9.986572381511218399e-01
9.985265079389336051e-01
9.983830699602043168e-01
9.982256930305233311e-01
9.980530275170875765e-01
9.978635941134710308e-01
9.976557715854507125e-01
9.974277834007814203e-01
9.971776831499077343e-01
9.969033386587603518e-01
9.966024146888399216e-01
9.962723541141416117e-01
9.959103574590770780e-01
9.955133606766614074e-01
9.950780110421605373e-01
9.946006410343213311e-01
9.940772400747157622e-01
9.935034239960016667e-01
9.928744021125845975e-01
9.921849417730044252e-01
9.914293302829558785e-01
9.906013341024010321e-01
9.896941552405021936e-01
9.887003847996926886e-01
9.876119536564087475e-01
9.864200803125992012e-01
9.851152160111396050e-01
9.836869872818443383e-01
9.821241361754775578e-01
9.804144585536811451e-01
9.785447409361354154e-01
9.765006965656362059e-01
9.742669015404675781e-01
9.718267320846236679e-01
9.691623042832483437e-01
9.662544179056441473e-01
9.630825062731639408e-01
9.596245945049176607e-01
9.558572688892221780e-01
9.517556605795619573e-01
9.472934472934467776e-01
9.472934472934467776e-01
9.470624829914927600e-01
9.468305620284309665e-01
9.465976809298466410e-01
9.463638362130193382e-01
9.461290243869479033e-01
9.458932419523643498e-01
9.456564854017653898e-01
9.454187512194274223e-01
9.451800358814304026e-01
9.449403358556847099e-01
9.446996476019481337e-01
9.444579675718540734e-01
9.442152922089354083e-01
9.439716179486519199e-01
9.437269412184099426e-01
9.434812584375973366e-01
9.432345660175984747e-01
9.429868603618316580e-01
9.427381378657743172e-01
9.424883949169862163e-01
9.422376278951465345e-01
9.419858331720741829e-01
9.417330071117672174e-01
9.414791460704249326e-01
9.412242463964847206e-01
9.409683044306491606e-01
9.407113165059228788e-01
9.404532789476416355e-01
9.401941880735057433e-01
9.399340401936181477e-01
9.396728316105138479e-01
9.394105586191983104e-01
9.391472175071802209e-01
9.388828045545116741e-01
9.386173160338220356e-01
9.383507482103571329e-01
9.380830973420143382e-01
9.378143596793859782e-01
9.375445314657958606e-01
9.372736089373393531e-01
9.370015883229247944e-01
9.367284658443155720e-01
9.364542377161678699e-01
9.361789001460788517e-01
9.359024493346266294e-01
9.356248814754140053e-01
9.353461927551165456e-01
9.350663793535184398e-01
9.347854374435742297e-01
9.345033631914383410e-01
9.342201527565237029e-01
9.339358022915447144e-01
9.336503079425670926e-01
9.333636658490572779e-01
9.330758721439318393e-01
9.327869229536088769e-01
9.324968143980582047e-01
9.322055425908558624e-01
9.319131036392327427e-01
9.316194936441334340e-01
9.313247087002637370e-01
9.310287448961529488e-01
9.307315983142061544e-01
9.304332650307565178e-01
9.301337411161306745e-01
9.298330226347000238e-01
9.295311056449432341e-01
9.292279861995027535e-01
9.289236603452478702e-01
9.286181241233329997e-01
9.283113735692616331e-01
9.280034047129457342e-01
9.276942135787733523e-01
9.273837961856681300e-01
9.270721485471584700e-01
9.267592666714398186e-01
9.264451465614409464e-01
9.261297842148950021e-01
9.258131756244014632e-01
9.254953167775027412e-01
9.251762036567440228e-01
9.248558322397535392e-01
9.245341984993072915e-01
9.242112984034038803e-01
9.238871279153366700e-01
9.235616829937658423e-01
9.232349595927987762e-01
9.229069536620577718e-01
9.225776611467614297e-01
9.222470779877992575e-01
9.219152001218132719e-01
9.215820234812704959e-01
9.212475439945514433e-01
9.209117575860213956e-01
9.205746601761187753e-01
9.202362476814335279e-01
9.198965160147917208e-01
9.195554610853419186e-01
9.192130787986362295e-01
9.188693650567166804e-01
9.185243157582059226e-01
9.181779267983903869e-01
9.178301940693120997e-01
9.174811134598559459e-01
9.171306808558411516e-01
9.167788921401117674e-01
9.164257431926317032e-01
9.160712298905754336e-01
9.157153481084217006e-01
9.153580937180495480e-01
9.149994625888344668e-01
9.146394505877463166e-01
9.142780535794452490e-01
9.139152674263812948e-01
9.135510879888945057e-01
9.131855111253156521e-01
9.128185326920698062e-01
9.124501485437738202e-01
9.120803545333439066e-01
9.117091465121035521e-01
9.113365203298814388e-01
9.109624718351235773e-01
9.105869968749993326e-01
9.102100912955076728e-01
9.098317509415939641e-01
9.094519716572506685e-01
9.090707492856379135e-01
9.086880796691897411e-01
9.083039586497305695e-01
9.079183820685918782e-01
9.075313457667198991e-01
9.071428455848037364e-01
9.067528773633831696e-01
9.063614369429718876e-01
9.059685201641776153e-01
9.055741228678203525e-01
9.051782408950563852e-01
9.047808700874997445e-01
9.043820062873449972e-01
9.039816453374993621e-01
9.035797830816951759e-01
9.031764153646313353e-01
9.027715380320892047e-01
9.023651469310711715e-01
9.019572379099263237e-01
9.015478068184796800e-01
9.011368495081684138e-01
9.007243618321746359e-01
9.003103396455551799e-01
8.998947788053872632e-01
8.994776751708909446e-01
8.990590246035787825e-01
8.986388229673889505e-01
8.982170661288245705e-01
8.977937499570983748e-01
8.973688703242704845e-01
8.969424231053929608e-01
8.965144041786528017e-01
8.960848094255223772e-01
8.956536347308972079e-01
8.952208759832496199e-01
8.947865290747749611e-01
8.943505899015415928e-01
8.939130543636419901e-01
8.934739183653395145e-01
8.930331778152298394e-01
8.925908286263902758e-01
8.921468667165314281e-01
8.917012880081593984e-01
8.912540884287301068e-01
8.908052639108068327e-01
8.903548103922209744e-01
8.899027238162319220e-01
8.894490001316887051e-01
8.889936352931927521e-01
8.885366252612632021e-01
8.880779660024971101e-01
8.876176534897419756e-01
8.871556837022572806e-01
8.866920526258850188e-01
8.862267562532210041e-01
8.857597905837802932e-01
8.852911516241741552e-01
8.848208353882778265e-01
8.843488378974090347e-01
8.838751551804987505e-01
8.833997832742673806e-01
8.829227182234062887e-01
8.824439560807509908e-01
8.819634929074612328e-01
8.814813247732028456e-01
8.809974477563301543e-01
8.805118579440648352e-01
8.800245514326815455e-01
8.795355243276935520e-01
8.790447727440372505e-01
8.785522928062591275e-01
8.780580806487022771e-01
8.775621324157019121e-01
8.770644442617644421e-01
8.765650123517685355e-01
8.760638328611527470e-01
8.755609019761123601e-01
8.750562158937853496e-01
8.745497708224596600e-01
8.740415629817612775e-01
8.735315886028554022e-01
8.730198439286429579e-01
8.725063252139624304e-01
8.719910287257897075e-01
8.714739507434400290e-01
8.709550875587716012e-01
8.704344354763886571e-01
8.699119908138451818e-01
8.693877499018515254e-01
8.688617090844870106e-01
8.683338647193991067e-01
8.678042131780182578e-01
8.672727508457642731e-01
8.667394741222631538e-01
8.662043794215520398e-01
8.656674631722987012e-01
8.651287218180101490e-01
8.645881518172540137e-01
8.640457496438673779e-01
8.635015117871801538e-01
8.629554347522289115e-01
8.624075150599798123e-01
8.618577492475445467e-01
8.613061338684030455e-01
8.607526654926256349e-01
8.601973407070971911e-01
8.596401561157381854e-01
8.590811083397301706e-01
8.585201940177419333e-01
8.579574098061586440e-01
8.573927523793026806e-01
8.568262184296692174e-01
8.562578046681506017e-01
8.556875078242687227e-01
8.551153246464054947e-01
8.545412519020340048e-01
8.539652863779543246e-01
8.533874248805224383e-01
8.528076642358871640e-01
8.522260012902265203e-01
8.516424329099825385e-01
8.510569559820987395e-01
8.504695674142557227e-01
8.498802641351130838e-01
8.492890430945472247e-01
8.486959012638892741e-01
8.481008356361710021e-01
8.475038432263634069e-01
8.469049210716150800e-01
8.463040662315051144e-01
8.457012757882778065e-01
8.450965468470909014e-01
8.444898765362640614e-01
8.438812620075164528e-01
8.432707004362222092e-01
8.426581890216541249e-01
8.420437249872292362e-01
8.414273055807608426e-01
8.408089280747068628e-01
8.401885897664209679e-01
8.395662879783976074e-01
8.389420200585325782e-01
8.383157833803647208e-01
8.376875753433350447e-01
8.370573933730380833e-01
8.364252349214728044e-01
8.357910974672981830e-01
8.351549785160879980e-01
8.345168756005865163e-01
8.338767862809589593e-01
8.332347081450564019e-01
8.325906388086633525e-01
8.319445759157578779e-01
8.312965171387709518e-01
8.306464601788394742e-01
8.299944027660693946e-01
8.293403426597892869e-01
8.286842776488135831e-01
8.280262055516980357e-01
8.273661242170007313e-01
8.267040315235422154e-01
8.260399253806660624e-01
8.253738037284958917e-01
8.247056645382019324e-01
8.240355058122526000e-01
8.233633255846884991e-01
8.226891219213725570e-01
8.220128929202554779e-01
8.213346367116390878e-01
8.206543514584364596e-01
8.199720353564343700e-01
8.192876866345547571e-01
8.186013035551162886e-01
8.179128844141020371e-01
8.172224275414128325e-01
8.165299313011390447e-01
8.158353940918160463e-01
8.151388143466897773e-01
8.144401905339793135e-01
8.137395211571392117e-01
8.130368047551204125e-01
8.123320399026355831e-01
8.116252252104183551e-01
8.109163593254872238e-01
8.102054409314052297e-01
8.094924687485456349e-01
8.087774415343522705e-01
8.080603580835977739e-01
8.073412172286495991e-01
8.066200178397275877e-01
8.058967588251665370e-01
8.051714391316766584e-01
8.044440577446030360e-01
8.037146136881853087e-01
8.029831060258174613e-01
8.022495338603079507e-01
8.015138963341386091e-01
8.007761926297189969e-01
8.000364219696500800e-01
7.992945836169762508e-01
7.985506768754482287e-01
7.978047010897731939e-01
7.970566556458734686e-01
7.963065399711442005e-01
7.955543535347038286e-01
7.948000958476497679e-01
7.940437664633135384e-01
7.932853649775121196e-01
7.925248910287978621e-01
7.917623442987163918e-01
7.909977245120474176e-01
7.902310314370661892e-01
7.894622648857823055e-01
7.886914247141942891e-01
7.879185108225341683e-01
7.871435231555169443e-01
7.863664617025820647e-01
7.855873264981422244e-01
7.848061176218251722e-01
7.840228351987160726e-01
7.832374793996000895e-01
7.824500504412041924e-01
7.816605485864362990e-01
7.808689741446236399e-01
7.800753274717502350e-01
7.792796089706934826e-01
7.784818190914586378e-01
7.776819583314158457e-01
7.768800272355307346e-01
7.760760263965951200e-01
7.752699564554598188e-01
7.744618181012625779e-01
7.736516120716553369e-01
7.728393391530317125e-01
7.720250001807507090e-01
7.712085960393618711e-01
7.703901276628264405e-01
7.695695960347382902e-01
7.687470021885428606e-01
7.679223472077547630e-01
7.670956322261760496e-01
7.662668584281057127e-01
7.654360270485589535e-01
7.646031393734723514e-01
7.637681967399191363e-01
7.629312005363116933e-01
7.620921522026126160e-01
7.612510532305371003e-01
7.604079051637515629e-01
7.595627095980833632e-01
7.587154681817104285e-01
7.578661826153652026e-01
7.570148546525252709e-01
7.561614860996107579e-01
7.553060788161712891e-01
7.544486347150777261e-01
7.535891557627111270e-01
7.527276439791430462e-01
7.518641014383222743e-01
7.509985302682571362e-01
7.501309326511904629e-01
7.492613108237782260e-01
7.483896670772648418e-01
7.475160037576540351e-01
7.466403232658811451e-01
7.457626280579768840e-01
7.448829206452373120e-01
7.440012035943822655e-01
7.431174795277214473e-01
7.422317511233087473e-01
7.413440211150993386e-01
7.404542922931018900e-01
7.395625675035329971e-01
7.386688496489617339e-01
7.377731416884574234e-01
7.368754466377316348e-01
7.359757675692824019e-01
7.350741076125268947e-01
7.341704699539405299e-01
7.332648578371905312e-01
7.323572745632613845e-01
7.314477234905870651e-01
7.305362080351722742e-01
7.296227316707141197e-01
7.287072979287246843e-01
7.277899103986422702e-01
7.268705727279463069e-01
7.259492886222698171e-01
7.250260618455020012e-01
7.241008962198968169e-01
7.231737956261714562e-01
7.222447640036063765e-01
7.213138053501387814e-01
7.203809237224557682e-01
7.194461232360862546e-01
7.185094080654806925e-01
7.175707824440968885e-01
7.166302506644808279e-01
7.156878170783431692e-01
7.147434860966292991e-01
7.137972621895914971e-01
7.128491498868545495e-01
7.118991537774806977e-01
7.109472785100271475e-01
7.099935287926060212e-01
7.090379093929330967e-01
7.080804251383805425e-01
7.071210809160235478e-01
7.061598816726828431e-01
7.051968324149630041e-01
7.042319382092881996e-01
7.032652041819384969e-01
7.022966355190725096e-01
7.013262374667589283e-01
7.003540153309935068e-01
6.993799744777204896e-01
6.984041203328452685e-01
6.974264583822454844e-01
6.964469941717778001e-01
6.954657333072846725e-01
6.944826814545895788e-01
6.934978443394949066e-01
6.925112277477751821e-01
6.915228375251645243e-01
6.905326795773411019e-01
6.895407598699091478e-01
6.885470844283765324e-01
6.875516593381253427e-01
6.865544907443849043e-01
6.855555848521925899e-01
6.845549479263605130e-01
6.835525862914308970e-01
6.825485063316283352e-01
6.815427144908132728e-01
6.805352172724251636e-01
6.795260212394225174e-01
6.785151330142273896e-01
6.775025592786534379e-01
6.764883067738372002e-01
6.754723823001644867e-01
6.744547927171928858e-01
6.734355449435680541e-01
6.724146459569398937e-01
6.713921027938666297e-01
6.703679225497282124e-01
6.693421123786217342e-01
6.683146794932597334e-01
6.672856311648664995e-01
6.662549747230637198e-01
6.652227175557567929e-01
6.641888671090150353e-01
6.631534308869493355e-01
6.621164164515840334e-01
6.610778314227236940e-01
6.600376834778219903e-01
6.589959803518337100e-01
6.579527298370787536e-01
6.569079397830872580e-01
6.558616180964520481e-01
6.548137727406668773e-01
6.537644117359699969e-01
6.527135431591739589e-01
6.516611751434996380e-01
6.506073158784028143e-01
6.495519736093940955e-01
6.484951566378558407e-01
6.474368733208601956e-01
6.463771320709721380e-01
6.453159413560626279e-01
6.442533096991007735e-01
6.431892456779555456e-01
6.421237579251886096e-01
6.410568551278416072e-01
6.399885460272167759e-01
6.389188394186633424e-01
6.378477441513485946e-01
6.367752691280281763e-01
6.357014233048173812e-01
6.346262156909516783e-01
6.335496553485456817e-01
6.324717513923475698e-01
6.313925129894915056e-01
6.303119493592389544e-01
6.292300697727277736e-01
6.281468835527044270e-01
6.270624000732593073e-01
6.259766287595589507e-01
6.248895790875675926e-01
6.238012605837716107e-01
6.227116828248946412e-01
6.216208554376132511e-01
6.205287880982639503e-01
6.194354905325485383e-01
6.183409725152361203e-01
6.172452438698591282e-01
6.161483144684080093e-01
6.150501942310171444e-01
6.139508931256520974e-01
6.128504211677909819e-01
6.117487884200983883e-01
6.106460049921026423e-01
6.095420810398619604e-01
6.084370267656304954e-01
6.073308524175193845e-01
6.062235682891559119e-01
6.051151847193340094e-01
6.040057120916668687e-01
6.028951608342320023e-01
6.017835414192126420e-01
6.006708643625383592e-01
5.995571402235158054e-01
5.984423796044642252e-01
5.973265931503396464e-01
5.962097915483589583e-01
5.950919855276226578e-01
5.939731858587260493e-01
5.928534033533767733e-01
5.917326488640011206e-01
5.906109332833510139e-01
5.894882675441062148e-01
5.883646626184717565e-01
5.872401295177729352e-01
5.861146792920499671e-01
5.849883230296434311e-01
5.838610718567792679e-01
5.827329369371537782e-01
5.816039294715058539e-01
5.804740606971987571e-01
5.793433418877882435e-01
5.782117843525903522e-01
5.770793994362490853e-01
5.759461985182989796e-01
5.748121930127226831e-01
5.736773943675048670e-01
5.725418140641921338e-01
5.714054636174359381e-01
5.702683545745439453e-01
5.691304985150232865e-01
5.679919070501190381e-01
5.668525918223581428e-01
5.657125645050785634e-01
5.645718368019683187e-01
5.634304204465897525e-01
5.622883272019111311e-01
5.611455688598303571e-01
5.600021572406943537e-01
5.588581041928217807e-01
5.577134215920189764e-01
5.565681213410927919e-01
5.554222153693658681e-01
5.542757156321823642e-01
5.531286341104172388e-01
5.519809828099798699e-01
5.508327737613184505e-01
5.496840190189180575e-01
5.485347306608003848e-01
5.473849207880184808e-01
5.462346015241492658e-01
5.450837850147900454e-01
5.439324834270420350e-01
5.427807089490011005e-01
5.416284737892452794e-01
5.404757901763130867e-01
5.393226703581923687e-01
5.381691266017936126e-01
5.370151711924339155e-01
5.358608164333107382e-01
5.347060746449774360e-01
5.335509581648166799e-01
5.323954793465132118e-01
5.312396505595219365e-01
5.300834841885397886e-01
5.289269926329704941e-01
5.277701883063923294e-01
5.266130836360226608e-01
5.254556910621803745e-01
5.242980230377485285e-01
5.231400920276364497e-01
5.219819105082380561e-01
5.208234909668927326e-01
5.196648459013409882e-01
5.185059878191827787e-01
5.173469292373328310e-01
5.161876826814757457e-01
5.150282606855209888e-01
5.138686757910549963e-01
5.127089405467952776e-01
5.115490675080409666e-01
5.103890692361274795e-01
5.092289582978724027e-01
5.080687472650299297e-01
5.069084487137400785e-01
5.057480752239764676e-01
5.045876393789974212e-01
5.034271537647936334e-01
5.022666309695367204e-01
5.011060835830284388e-01
4.999455241961487939e-01
4.987849654003037037e-01
4.976244197868718855e-01
4.964638999466560731e-01
4.953034184693279052e-01
4.941429879428788086e-01
4.929826209530660530e-01
4.918223300828623579e-01
4.906621279119061096e-01
4.895020270159476938e-01
4.883420399663013223e-01
4.871821793292954172e-01
4.860224576657191098e-01
4.848628875302786190e-01
4.837034814710444719e-01
4.825442520289068282e-01
4.813852117370253647e-01
4.802263731202848218e-01
4.790677486947484409e-01
4.779093509671141771e-01
4.767511924341692464e-01
4.755932855822476713e-01
4.744356428866883801e-01
4.732782768112958061e-01
4.721211998077948224e-01
4.709644243152988352e-01
4.698079627597667729e-01
4.686518275534684586e-01
4.674960310944505926e-01
4.663405857660000708e-01
4.651855039361166844e-01
4.640307979569752161e-01
4.628764801644017490e-01
4.617225628773425350e-01
4.605690583973381935e-01
4.594159790080001304e-01
4.582633369744859575e-01
4.571111445429780207e-01
4.559594139401639823e-01
4.548081573727205118e-01
4.536573870267943120e-01
4.525071150674903064e-01
4.513573536383591600e-01
4.502081148608856331e-01
4.490594108339818202e-01
4.479112536334821648e-01
4.467636553116350884e-01
4.456166278966067207e-01
4.444701833919779688e-01
4.433243337762471370e-01
4.421790910023385424e-01
4.410344669971035247e-01
4.398904736608371668e-01
4.387471228667838563e-01
4.376044264606582246e-01
4.364623962601570373e-01
4.353210440544821314e-01
4.341803816038607433e-01
4.330404206390724431e-01
4.319011728609739587e-01
4.307626499400323827e-01
4.296248635158559925e-01
4.284878251967313423e-01
4.273515465591617435e-01
4.262160391474074661e-01
4.250813144730338222e-01
4.239473840144524219e-01
4.228142592164779723e-01
4.216819514898765275e-01
4.205504722109257854e-01
4.194198327209713306e-01
4.182900443259923717e-01
4.171611182961640907e-01
4.160330658654285418e-01
4.149058982310676602e-01
4.137796265532758810e-01
4.126542619547411972e-01
4.115298155202263830e-01
4.104062982961536044e-01
4.092837212901935251e-01
4.081620954708582438e-01
4.070414317670958404e-01
4.059217410678891969e-01
4.048030342218589817e-01
4.036853220368693540e-01
4.025686152796371098e-01
4.014529246753469338e-01
4.003382609072639875e-01
3.992246346163580428e-01
3.981120564009257290e-01
3.970005368162183301e-01
3.958900863740730802e-01
3.947807155425482328e-01
3.936724347455619610e-01
3.925652543625347546e-01
3.914591847280358139e-01
3.903542361314336073e-01
3.892504188165492041e-01
3.881477429813139368e-01
3.870462187774326157e-01
3.859458563100472972e-01
3.848466656374073258e-01
3.837486567705435392e-01
3.826518396729443605e-01
3.815562242602394405e-01
3.804618203998817449e-01
3.793686379108395235e-01
3.782766865632875564e-01
3.771859760783072835e-01
3.760965161275848789e-01
3.750083163331195957e-01
3.739213862669317767e-01
3.728357354507755850e-01
3.717513733558598377e-01
3.706683094025663427e-01
3.695865529601767285e-01
3.685061133466054906e-01
3.674269998281293192e-01
3.663492216191286399e-01
3.652727878818298191e-01
3.641977077260508677e-01
3.631239902089515859e-01
3.620516443347917002e-01
3.609806790546858934e-01
3.599111032663708798e-01
3.588429258139702593e-01
3.577761554877678662e-01
3.567108010239828930e-01
3.556468711045513986e-01
3.545843743569082607e-01
3.535233193537777874e-01
3.524637146129675491e-01
3.514055685971612109e-01
3.503488897137252978e-01
3.492936863145096882e-01
3.482399666956610407e-01
3.471877390974349442e-01
3.461370117040146743e-01
3.450877926433333354e-01
3.440400899868998330e-01
3.429939117496321743e-01
3.419492658896891579e-01
3.409061603083131664e-01
3.398646028496703497e-01
3.388246013007002455e-01
3.377861633909675088e-01
3.367492967925181935e-01
3.357140091197388099e-01
3.346803079292221539e-01
3.336482007196360233e-01
3.326176949315942100e-01
3.315887979475361513e-01
3.305615170916053058e-01
3.295358596295381859e-01
3.285118327685488393e-01
3.274894436572272083e-01
3.264686993854332697e-01
3.254496069842012229e-01
3.244321734256443435e-01
3.234164056228651107e-01
3.224023104298690545e-01
3.213898946414832092e-01
3.203791649932795638e-01
3.193701281614975129e-01
3.183627907629786313e-01
3.173571593550985614e-01
3.163532404357057848e-01
3.153510404430633352e-01
3.143505657557955635e-01
3.133518226928387884e-01
3.123548175133955551e-01
3.113595564168908369e-01
3.103660455429361198e-01
3.093742909712944855e-01
3.083842987218509135e-01
3.073960747545839700e-01
3.064096249695457130e-01
3.054249552068425411e-01
3.044420712466187062e-01
3.034609788090467108e-01
3.024816835543194804e-01
3.015041910826462002e-01
3.005285069342542581e-01
2.995546365893902996e-01
2.985825854683304414e-01
2.976123589313898754e-01
2.966439622789384112e-01
2.956774007514181846e-01
2.947126795293675272e-01
2.937498037334440593e-01
2.927887784244556091e-01
2.918296086033927983e-01
2.908722992114655126e-01
2.899168551301418706e-01
2.889632811811919666e-01
2.880115821267347775e-01
2.870617626692879010e-01
2.861138274518213453e-01
2.851677810578143735e-01
2.842236280113160096e-01
2.832813727770074896e-01
2.823410197602715943e-01
2.814025733072593738e-01
2.804660377049674747e-01
2.795314171813107484e-01
2.785987159052061846e-01
2.776679379866521802e-01
2.767390874768174136e-01
2.758121683681295511e-01
2.748871845943665071e-01
2.739641400307532004e-01
2.730430384940593092e-01
2.721238837427021329e-01
2.712066794768488442e-01
2.702914293385262345e-01
2.693781369117300706e-01
2.684668057225386706e-01
2.675574392392285894e-01
2.666500408723950777e-01
2.657446139750733183e-01
2.648411618428617720e-01
2.639396877140520736e-01
2.630401947697579845e-01
2.621426861340480086e-01
2.612471648740820052e-01
2.603536340002485794e-01
2.594620964663073570e-01
2.585725551695305935e-01
2.576850129508510001e-01
2.567994725950097923e-01
2.559159368307070137e-01
2.550344083307566345e-01
2.541548897122424266e-01
2.532773835366751713e-01
2.524018923101549738e-01
2.515284184835349102e-01
2.506569644525841190e-01
2.497875325581591366e-01
2.489201250863728176e-01
2.480547442687644488e-01
2.471913922824797993e-01
2.463300712504422618e-01
2.454707832415355395e-01
2.446135302707844461e-01
2.437583142995370655e-01
2.429051372356510197e-01
2.420540009336806242e-01
2.412049071950666534e-01
2.403578577683279649e-01
2.395128543492536788e-01
2.386698985811002705e-01
2.378289920547881353e-01
2.369901363090998747e-01
2.361533328308828006e-01
2.353185830552502744e-01
2.344858883657877646e-01
2.336552500947574329e-01
2.328266695233084937e-01
2.320001478816837714e-01
2.311756863494351666e-01
2.303532860556322948e-01
2.295329480790815058e-01
2.287146734485384636e-01
2.278984631429284702e-01
2.270843180915644854e-01
2.262722391743685613e-01
2.254622272220936363e-01
2.246542830165476623e-01
2.238484072908192568e-01
2.230446007295024125e-01
2.222428639689269236e-01
2.214431975973852329e-01
2.206456021553645508e-01
2.198500781357777545e-01
2.190566259841968955e-01
2.182652460990871790e-01
2.174759388320426645e-01
2.166887044880219659e-01
2.159035433255874492e-01
2.151204555571422650e-01
2.143394413491723771e-01
2.135605008224850110e-01
2.127836340524528747e-01
2.120088410692553549e-01
2.112361218581242372e-01
2.104654763595862899e-01
2.096969044697117590e-01
2.089304060403582020e-01
2.081659808794208699e-01
2.074036287510777621e-01
2.066433493760426177e-01
2.058851424318114964e-01
2.051290075529164647e-01
2.043749443311741465e-01
2.036229523159399923e-01
2.028730310143602722e-01
2.021251798916259279e-01
2.013793983712270363e-01
2.006356858352061623e-01
1.998940416244161522e-01
1.991544650387729321e-01
1.984169553375146333e-01
1.976815117394575549e-01
1.969481334232529024e-01
1.962168195276462745e-01
1.954875691517344583e-01
1.947603813552251928e-01
1.940352551586963514e-01
1.933121895438542626e-01
1.925911834537953893e-01
1.918722357932655664e-01
1.911553454289203757e-01
1.904405111895856317e-01
1.897277318665201995e-01
1.890170062136752316e-01
1.883083329479571522e-01
1.876017107494880598e-01
1.868971382618685728e-01
1.861946140924400084e-01
1.854941368125454237e-01
1.847957049577930444e-01
1.840993170283182212e-01
1.834049714890456650e-01
1.827126667699513762e-01
1.820224012663271551e-01
1.813341733390408106e-01
1.806479813147996438e-01
1.799638234864126551e-01
1.792816981130544995e-01
1.786016034205243630e-01
1.779235376015124714e-01
1.772474988158583842e-01
1.765734851908152547e-01
1.759014948213116769e-01
1.752315257702120044e-01
1.745635760685792792e-01
1.738976437159362176e-01
1.732337266805248077e-01
1.725718228995694326e-01
1.719119302795359405e-01
1.712540466963935470e-01
1.705981699958726006e-01
1.699442979937259290e-01
1.692924284759883824e-01
1.686425591992345707e-01
1.679946878908392671e-01
1.673488122492347296e-01
1.667049299441687171e-01
1.660630386169623662e-01
1.654231358807674024e-01
1.647852193208229898e-01
1.641492864947109720e-01
1.635153349326131378e-01
1.628833621375659346e-01
1.622533655857147372e-01
1.616253427265699483e-01
1.609992909832586028e-01
1.603752077527793585e-01
1.597530904062544332e-01
1.591329362891818200e-01
1.585147427216878624e-01
1.578985069987767775e-01
1.572842263905825377e-01
1.566718981426175328e-01
1.560615194760228142e-01
1.554530875878156748e-01
1.548465996511386722e-01
1.542420528155057369e-01
1.536394442070494748e-01
1.530387709287671649e-01
1.524400300607657854e-01
1.518432186605058742e-01
1.512483337630466385e-01
1.506553723812879275e-01
1.500643315062129834e-01
1.494752081071298588e-01
