9.999944444725021864e-01
9.999939028184323675e-01
9.999933083543727230e-01
9.999926559315405195e-01
9.999919398991793384e-01
9.999911540556185585e-01
9.999902915945739768e-01
9.999893450462002953e-01
9.999883062124002020e-01
9.999871660958482567e-01
9.999859148220593408e-01
9.999845415538978211e-01
9.999830343977311742e-01
9.999813803004538038e-01
9.999795649364596750e-01
9.999775725836136386e-01
9.999753859871324257e-01
9.999729862101998101e-01
9.999703524700304103e-01
9.999674619579637103e-01
9.999642896420235516e-01
9.999608080502565555e-01
9.999569870329594323e-01
9.999527935017463731e-01
9.999481911432220871e-01
9.999431401047543799e-01
9.999375966496663048e-01
9.999315127788628299e-01
9.999248358156326288e-01
9.999175079500345342e-01
9.999094657389723251e-01
9.999006395576240935e-01
9.998909529975357202e-01
9.998803222061770635e-01
9.998686551623239271e-01
9.998558508809999301e-01
9.998417985412080267e-01
9.998263765289523430e-01
9.998094513873638789e-01
9.997908766649696855e-01
9.997704916522704988e-01
9.997481199958406783e-01
9.997235681782022931e-01
9.996966238505059499e-01
9.996670540039281905e-01
9.996346029642970699e-01
9.995989901930132371e-01
9.995599078757753109e-01
9.995170182788490898e-01
9.994699508507687291e-01
9.994182990452937787e-01
9.993616168392309707e-01
9.992994149163093587e-01
9.992311564856883876e-01
9.991562527008313044e-01
9.990740576414237628e-01
9.989838628177221125e-01
9.988848911531189589e-01
9.987762903969283901e-01
9.986571259152718927e-01
9.985263728035401742e-01
9.983829072592812492e-01
9.982254971493487172e-01
9.980527916999372140e-01
9.978633102325915605e-01
9.976554298635357254e-01
9.974273720776599683e-01
9.971771880823686596e-01
9.969027428402276181e-01
9.966016976730587285e-01
9.962714913239636427e-01
9.959093193577619463e-01
9.955121117748260140e-01
9.950765087083751625e-01
9.945988340713258768e-01
9.940750670161060398e-01
9.935008110698874129e-01
9.928712608089125258e-01
9.921811659397720140e-01
9.914247926632232533e-01
9.905958822084741655e-01
9.896876064438191456e-01
9.886925204943606271e-01
9.876025123308438403e-01
9.864087493370828907e-01
9.851016219190990020e-01
9.836706842892298797e-01
9.821045926457532271e-01
9.803910410759297811e-01
9.785166956410757955e-01
9.764671272598568486e-01
9.742267441942142892e-01
9.717787251651507363e-01
9.691049543867634730e-01
9.661859601102144035e-01
9.630008586176737051e-01
9.595273060019290368e-01
9.557414605106938632e-01
9.516179587242333815e-01
9.471299093655587420e-01
9.471299093655587420e-01
9.468975511768006337e-01
9.466642249814198884e-01
9.464299272196601276e-01
9.461946543229078355e-01
9.459584027137172280e-01
9.457211688058232424e-01
9.454829490041620765e-01
9.452437397048950585e-01
9.450035372954221913e-01
9.447623381544079102e-01
9.445201386518020659e-01
9.442769351488567997e-01
9.440327239981551877e-01
9.437875015436310022e-01
9.435412641205905837e-01
9.432940080557415952e-01
9.430457296672106748e-01
9.427964252645757437e-01
9.425460911488845461e-01
9.422947236126860693e-01
9.420423189400555231e-01
9.417888734066195422e-01
9.415343832795860513e-01
9.412788448177717981e-01
9.410222542716345506e-01
9.407646078832953007e-01
9.405059018865756792e-01
9.402461325070241571e-01
9.399852959619486859e-01
9.397233884604501153e-01
9.394604062034522807e-01
9.391963453837361975e-01
9.389312021859725910e-01
9.386649727867594217e-01
9.383976533546523058e-01
9.381292400502031503e-01
9.378597290259971242e-01
9.375891164266854094e-01
9.373173983890262795e-01
9.370445710419242902e-01
9.367706305064624761e-01
9.364955728959506454e-01
9.362193943159600185e-01
9.359420908643627524e-01
9.356636586313796800e-01
9.353840936996148381e-01
9.351033921441037622e-01
9.348215500323554528e-01
9.345385634243975614e-01
9.342544283728158039e-01
9.339691409228074725e-01
9.336826971122242913e-01
9.333950929716164913e-01
9.331063245242858795e-01
9.328163877863303588e-01
9.325252787666946652e-01
9.322329934672198837e-01
9.319395278826956286e-01
9.316448780009087827e-01
9.313490398026980088e-01
9.310520092620047095e-01
9.307537823459280935e-01
9.304543550147799102e-01
9.301537232221375184e-01
9.298518829149028386e-01
9.295488300333552001e-01
9.292445605112149565e-01
9.289390702756974427e-01
9.286323552475665988e-01
9.283244113412096876e-01
9.280152344646860341e-01
9.277048205197897524e-01
9.273931654021168036e-01
9.270802650011268353e-01
9.267661152002020231e-01
9.264507118767221217e-01
9.261340509021166456e-01
9.258161281419464705e-01
9.254969394559566798e-01
9.251764806981570555e-01
9.248547477168822528e-01
9.245317363548661849e-01
9.242074424493139650e-01
9.238818618319694087e-01
9.235549903291891960e-01
9.232268237620195883e-01
9.228973579462660393e-01
9.225665886925700221e-01
9.222345118064880776e-01
9.219011230885640895e-01
9.215664183344121074e-01
9.212303933347890661e-01
9.208930438756823822e-01
9.205543657383825629e-01
9.202143546995724677e-01
9.198730065314038029e-01
9.195303170015827199e-01
9.191862818734569673e-01
9.188408969060979370e-01
9.184941578543875940e-01
9.181460604691056293e-01
9.177966004970194991e-01
9.174457736809744635e-01
9.170935757599789628e-01
9.167400024692995419e-01
9.163850495405529983e-01
9.160287127018014175e-01
9.156709876776393253e-01
9.153118701892954956e-01
9.149513559547300945e-01
9.145894406887241646e-01
9.142261201029875384e-01
9.138613899062490997e-01
9.134952458043639201e-01
9.131276835004114023e-01
9.127586986947980874e-01
9.123882870853604610e-01
9.120164443674706467e-01
9.116431662341418773e-01
9.112684483761331888e-01
9.108922864820592213e-01
9.105146762384972448e-01
9.101356133300982920e-01
9.097550934396960720e-01
9.093731122484213225e-01
9.089896654358123884e-01
9.086047486799303519e-01
9.082183576574752726e-01
9.078304880438999858e-01
9.074411355135298951e-01
9.070502957396775479e-01
9.066579643947678679e-01
9.062641371504532861e-01
9.058688096777388621e-01
9.054719776471060744e-01
9.050736367286307260e-01
9.046737825921165044e-01
9.042724109072139971e-01
9.038695173435525865e-01
9.034650975708666820e-01
9.030591472591260604e-01
9.026516620786682044e-01
9.022426377003275322e-01
9.018320697955701792e-01
9.014199540366282237e-01
9.010062860966322473e-01
9.005910616497549981e-01
9.001742763713425077e-01
8.997559259380522034e-01
8.993360060280017887e-01
8.989145123209004717e-01
8.984914404981966252e-01
8.980667862432212267e-01
8.976405452413318553e-01
8.972127131800573530e-01
8.967832857492490373e-01
8.963522586412246973e-01
8.959196275509219154e-01
8.954853881760453937e-01
8.950495362172202762e-01
8.946120673781483568e-01
8.941729773657574043e-01
8.937322618903619231e-01
8.932899166658155865e-01
8.928459374096713308e-01
8.924003198433405615e-01
8.919530596922560228e-01
8.915041526860276733e-01
8.910535945586114392e-01
8.906013810484705306e-01
8.901475078987413081e-01
8.896919708574009267e-01
8.892347656774326481e-01
8.887758881170002567e-01
8.883153339396100412e-01
8.878530989142908725e-01
8.873891788157621807e-01
8.869235694246109247e-01
8.864562665274621223e-01
8.859872659171602605e-01
8.855165633929453772e-01
8.850441547606331394e-01
8.845700358327909241e-01
8.840942024289254464e-01
8.836166503756616164e-01
8.831373755069260589e-01
8.826563736641370728e-01
8.821736406963835986e-01
8.816891724606207292e-01
8.812029648218526745e-01
8.807150136533273832e-01
8.802253148367251701e-01
8.797338642623523386e-01
8.792406578293338049e-01
8.787456914458132706e-01
8.782489610291422943e-01
8.777504625060843502e-01
8.772501918130083398e-01
8.767481448960948720e-01
8.762443177115327719e-01
8.757387062257204757e-01
8.752313064154777500e-01
8.747221142682424233e-01
8.742111257822815507e-01
8.736983369668958055e-01
8.731837438426309772e-01
8.726673424414861380e-01
8.721491288071274717e-01
8.716290989950966628e-01
8.711072490730259466e-01
8.705835751208576001e-01
8.700580732310539966e-01
8.695307395088155422e-01
8.690015700723012770e-01
8.684705610528526964e-01
8.679377085952016957e-01
8.674030088577080466e-01
8.668664580125720054e-01
8.663280522460634625e-01
8.657877877587455417e-01
8.652456607657034171e-01
8.647016674967691330e-01
8.641558041967554171e-01
8.636080671256832764e-01
8.630584525590089262e-01
8.625069567878678178e-01
8.619535761192960166e-01
8.613983068764751172e-01
8.608411453989588402e-01
8.602820880429218331e-01
8.597211311813850454e-01
8.591582712044654180e-01
8.585935045196111393e-01
8.580268275518460053e-01
8.574582367440077846e-01
8.568877285569973523e-01
8.563152994700211629e-01
8.557409459808367203e-01
8.551646646060001578e-01
8.545864518811170374e-01
8.540063043610832683e-01
8.534242186203465641e-01
8.528401912531492490e-01
8.522542188737839419e-01
8.516662981168453550e-01
8.510764256374883097e-01
8.504845981116759823e-01
8.498908122364450257e-01
8.492950647301542588e-01
8.486973523327487889e-01
8.480976718060175834e-01
8.474960199338528177e-01
8.468923935225114441e-01
8.462867894008776481e-01
8.456792044207248615e-01
8.450696354569811053e-01
8.444580794079925568e-01
8.438445331957897810e-01
8.432289937663524082e-01
8.426114580898811379e-01
8.419919231610603072e-01
8.413703859993318934e-01
8.407468436491599695e-01
8.401212931803078154e-01
8.394937316881058154e-01
8.388641562937226848e-01
8.382325641444418052e-01
8.375989524139322295e-01
8.369633183025257939e-01
8.363256590374903432e-01
8.356859718733052889e-01
8.350442540919422729e-01
8.344005030031385051e-01
8.337547159446774270e-01
8.331068902826649358e-01
8.324570234118126022e-01
8.318051127557127833e-01
8.311511557671256156e-01
8.304951499282536842e-01
8.298370927510284600e-01
8.291769817773912976e-01
8.285148145795759866e-01
8.278505887603927471e-01
8.271843019535134456e-01
8.265159518237520375e-01
8.258455360673547796e-01
8.251730524122828925e-01
8.244984986184984432e-01
8.238218724782518931e-01
8.231431718163674249e-01
8.224623944905304906e-01
8.217795383915766916e-01
8.210946014437783269e-01
8.204075816051301651e-01
8.197184768676453182e-01
8.190272852576343521e-01
8.183340048360033814e-01
8.176386336985366210e-01
8.169411699761892631e-01
8.162416118353759131e-01
8.155399574782618011e-01
8.148362051430531050e-01
8.141303531042827224e-01
8.134223996731073658e-01
8.127123431975941115e-01
8.120001820630103895e-01
8.112859146921164166e-01
8.105695395454549645e-01
8.098510551216426823e-01
8.091304599576596424e-01
8.084077526291396643e-01
8.076829317506626360e-01
8.069559959760429502e-01
8.062269439986211594e-01
8.054957745515542999e-01
8.047624864081033280e-01
8.040270783819266631e-01
8.032895493273666254e-01
8.025498981397404252e-01
8.018081237556300422e-01
8.010642251531678859e-01
8.003182013523307825e-01
7.995700514152206395e-01
7.988197744463583216e-01
7.980673695929687561e-01
7.973128360452705898e-01
7.965561730367547444e-01
7.957973798444815117e-01
7.950364557893579986e-01
7.942734002364262302e-01
7.935082125951469223e-01
7.927408923196845869e-01
7.919714389091893070e-01
7.911998519080775116e-01
7.904261309063209673e-01
7.896502755397192264e-01
7.888722854901863979e-01
7.880921604860270380e-01
7.873099003022170361e-01
7.865255047606831695e-01
7.857389737305778832e-01
7.849503071285546252e-01
7.841595049190477340e-01
7.833665671145420006e-01
7.825714937758515566e-01
7.817742850123866605e-01
7.809749409824296995e-01
7.801734618934041965e-01
7.793698480021425956e-01
7.785640996151579341e-01
7.777562170889069648e-01
7.769462008300589417e-01
7.761340512957592974e-01
7.753197689938939874e-01
7.745033544833485051e-01
7.736848083742731141e-01
7.728641313283381997e-01
7.720413240589956150e-01
7.712163873317322560e-01
7.703893219643284107e-01
7.695601288271085583e-01
7.687288088431953881e-01
7.678953629887590449e-01
7.670597922932683721e-01
7.662220978397359383e-01
7.653822807649629523e-01
7.645403422597867316e-01
7.636962835693228424e-01
7.628501059932007999e-01
7.620018108858090944e-01
7.611513996565262286e-01
7.602988737699624133e-01
7.594442347461837217e-01
7.585874841609541175e-01
7.577286236459565005e-01
7.568676548890234113e-01
7.560045796343619617e-01
7.551393996827762134e-01
7.542721168918883334e-01
7.534027331763599733e-01
7.525312505081053205e-01
7.516576709165070369e-01
7.507819964886301989e-01
7.499042293694314631e-01
7.490243717619637920e-01
7.481424259275860633e-01
7.472583941861665746e-01
7.463722789162754445e-01
7.454840825553954442e-01
7.445938076001065165e-01
7.437014566062840615e-01
7.428070321892898953e-01
7.419105370241571018e-01
7.410119738457782157e-01
7.401113454490865218e-01
7.392086546892364662e-01
7.383039044817782948e-01
7.373970978028385748e-01
7.364882376892857296e-01
7.355773272389010131e-01
7.346643696105443766e-01
7.337493680243193372e-01
7.328323257617288533e-01
7.319132461658359734e-01
7.309921326414176024e-01
7.300689886551123831e-01
7.291438177355721306e-01
7.282166234736048294e-01
7.272874095223176294e-01
7.263561795972545143e-01
7.254229374765291949e-01
7.244876870009610004e-01
7.235504320742029982e-01
7.226111766628643407e-01
7.216699247966358310e-01
7.207266805684051647e-01
7.197814481343770554e-01
7.188342317141777071e-01
7.178850355909716097e-01
7.169338641115600153e-01
7.159807216864836343e-01
7.150256127901225556e-01
7.140685419607860629e-01
7.131095138008095580e-01
7.121485329766330530e-01
7.111856042188927640e-01
7.102207323224917213e-01
7.092539221466815924e-01
7.082851786151334039e-01
7.073145067160027111e-01
7.063419115019964334e-01
7.053673980904316965e-01
7.043909716632930085e-01
7.034126374672811099e-01
7.024324008138669306e-01
7.014502670793320016e-01
7.004662417048099776e-01
6.994803301963218312e-01
6.984925381248099363e-01
6.975028711261630487e-01
6.965113349012441724e-01
6.955179352159062134e-01
6.945226779010106322e-01
6.935255688524378792e-01
6.925266140310921692e-01
6.915258194629091415e-01
6.905231912388491988e-01
6.895187355148945096e-01
6.885124585120391272e-01
6.875043665162728912e-01
6.864944658785635534e-01
6.854827630148324635e-01
6.844692644059300335e-01
6.834539765975982117e-01
6.824369062004389530e-01
6.814180598898693653e-01
6.803974444060770788e-01
6.793750665539735056e-01
6.783509332031321115e-01
6.773250512877356799e-01
6.762974278065082556e-01
6.752680698226490863e-01
6.742369844637575715e-01
6.732041789217563243e-01
6.721696604528080154e-01
6.711334363772303302e-01
6.700955140794018217e-01
6.690559010076659874e-01
6.680146046742295729e-01
6.669716326550577667e-01
6.659269925897617348e-01
6.648806921814861548e-01
6.638327391967828728e-01
6.627831414654936637e-01
6.617319068806137849e-01
6.606790433981600819e-01
6.596245590370319878e-01
6.585684618788660849e-01
6.575107600678851139e-01
6.564514618107478716e-01
6.553905753763877851e-01
6.543281090958483759e-01
6.532640713621158390e-01
6.521984706299475132e-01
6.511313154156876948e-01
6.500626142970902244e-01
6.489923759131265291e-01
6.479206089637946642e-01
6.468473222099214714e-01
6.457725244729553005e-01
6.446962246347647252e-01
6.436184316374204961e-01
6.425391544829810453e-01
6.414584022332683322e-01
6.403761840096404701e-01
6.392925089927610216e-01
6.382073864223579696e-01
6.371208255969864620e-01
6.360328358737776799e-01
6.349434266681892591e-01
6.338526074537464972e-01
6.327603877617840045e-01
6.316667771811739218e-01
6.305717853580595778e-01
6.294754219955740471e-01
6.283776968535648155e-01
6.272786197483037895e-01
6.261782005521948635e-01
6.250764491934839295e-01
6.239733756559524558e-01
6.228689899786158390e-01
6.217633022554120981e-01
6.206563226348852380e-01
6.195480613198693920e-01
6.184385285671609722e-01
6.173277346871902660e-01
6.162156900436883689e-01
6.151024050533491216e-01
6.139878901854836091e-01
6.128721559616723269e-01
6.117552129554172380e-01
6.106370717917755098e-01
6.095177431470081286e-01
6.083972377482034233e-01
6.072755663729150211e-01
6.061527398487795981e-01
6.050287690531382934e-01
6.039036649126555689e-01
6.027774384029250809e-01
6.016501005480793252e-01
6.005216624203910669e-01
5.993921351398681097e-01
5.982615298738525045e-01
5.971298578366019960e-01
5.959971302888806832e-01
5.948633585375358024e-01
5.937285539350743990e-01
5.925927278792356701e-01
5.914558918125569775e-01
5.903180572219399735e-01
5.891792356382064000e-01
5.880394386356548875e-01
5.868986778316114261e-01
5.857569648859775047e-01
5.846143115007714774e-01
5.834707294196679328e-01
5.823262304275327317e-01
5.811808263499547156e-01
5.800345290527716413e-01
5.788873504415965598e-01
5.777393024613306505e-01
5.765903970956884894e-01
5.754406463667023353e-01
5.742900623342351851e-01
5.731386570954832838e-01
5.719864427844774113e-01
5.708334315715833940e-01
5.696796356629921787e-01
5.685250673002133492e-01
5.673697387595624253e-01
5.662136623516427214e-01
5.650568504208286491e-01
5.638993153447403595e-01
5.627410695337207169e-01
5.615821254303046128e-01
5.604224955086849480e-01
5.592621922741818352e-01
5.581012282627000332e-01
5.569396160401898221e-01
5.557773682021011075e-01
5.546144973728389660e-01
5.534510162052097559e-01
5.522869373798712234e-01
5.511222736047756143e-01
5.499570376146122319e-01
5.487912421702455523e-01
5.476249000581513426e-01
5.464580240898521124e-01
5.452906271013474582e-01
5.441227219525432979e-01
5.429543215266779965e-01
5.417854387297494911e-01
5.406160864899313134e-01
5.394462777569987155e-01
5.382760255017429163e-01
5.371053427153877902e-01
5.359342424090025592e-01
5.347627376129144849e-01
5.335908413761174529e-01
5.324185667656801124e-01
5.312459268661520184e-01
5.300729347789675527e-01
5.288996036218486241e-01
5.277259465282042594e-01
5.265519766465326379e-01
5.253777071398156862e-01
5.242031511849174485e-01
5.230283219719782384e-01
5.218532327038081231e-01
5.206778965952794103e-01
5.195023268727181343e-01
5.183265367732923234e-01
5.171505395444028208e-01
5.159743484430695526e-01
5.147979767353190184e-01
5.136214376955707817e-01
5.124447446060212963e-01
5.112679107560279546e-01
5.100909494414941348e-01
5.089138739642515841e-01
5.077366976314402480e-01
5.065594337548940951e-01
5.053820956505195028e-01
5.042046966376770856e-01
5.030272500385619683e-01
5.018497691775833935e-01
5.006722673807459945e-01
4.994947579750276256e-01
4.983172542877631894e-01
4.971397696460172488e-01
4.959623173759712400e-01
4.947849108022994158e-01
4.936075632475477870e-01
4.924302880315151731e-01
4.912530984706385273e-01
4.900760078773648831e-01
4.888990295595384561e-01
4.877221768197823049e-01
4.865454629548767729e-01
4.853689012551466453e-01
4.841925050038415335e-01
4.830162874765209224e-01
4.818402619404383858e-01
4.806644416539307407e-01
4.794888398657995987e-01
4.783134698147020192e-01
4.771383447285384438e-01
4.759634778238430730e-01
4.747888823051746310e-01
4.736145713645067978e-01
4.724405581806241372e-01
4.712668559185144712e-01
4.700934777287666955e-01
4.689204367469669843e-01
4.677477460930996589e-01
4.665754188709453354e-01
4.654034681674838470e-01
4.642319070523008850e-01
4.630607485769901444e-01
4.618900057745620735e-01
4.607196916588542357e-01
4.595498192239407809e-01
4.583804014435464147e-01
4.572114512704633649e-01
4.560429816359656829e-01
4.548750054492305406e-01
4.537075355967603585e-01
4.525405849418054904e-01
4.513741663237907931e-01
4.502082925577468586e-01
4.490429764337358076e-01
4.478782307162895160e-01
4.467140681438442895e-01
4.455505014281789800e-01
4.443875432538566539e-01
4.432252062776687596e-01
4.420635031280819582e-01
4.409024464046864544e-01
4.397420486776502102e-01
4.385823224871739923e-01
4.374232803429469740e-01
4.362649347236120523e-01
4.351072980762266118e-01
4.339503828157307286e-01
4.327942013244195918e-01
4.316387659514151487e-01
4.304840890121426900e-01
4.293301827878125421e-01
4.281770595249028144e-01
4.270247314346456990e-01
4.258732106925184890e-01
4.247225094377379273e-01
4.235726397727554993e-01
4.224236137627585541e-01
4.212754434351770327e-01
4.201281407791886968e-01
4.189817177452321850e-01
4.178361862445211239e-01
4.166915581485651221e-01
4.155478452886905982e-01
4.144050594555690470e-01
4.132632123987448058e-01
4.121223158261756447e-01
4.109823814037625866e-01
4.098434207548994346e-01
4.087054454600163034e-01
4.075684670561282585e-01
4.064324970363935030e-01
4.052975468496701206e-01
4.041636279000773158e-01
4.030307515465644252e-01
4.018989291024814836e-01
4.007681718351548961e-01
3.996384909654652762e-01
3.985098976674325555e-01
3.973824030678058117e-01
3.962560182456525970e-01
3.951307542319582589e-01
3.940066220092255933e-01
3.928836325110832695e-01
3.917617966218918113e-01
3.906411251763624581e-01
3.895216289591743597e-01
3.884033187045994318e-01
3.872862050961281000e-01
3.861702987661046471e-01
3.850556102953651694e-01
3.839421502128760877e-01
3.828299289953850382e-01
3.817189570670695975e-01
3.806092447991935579e-01
3.795008025097695858e-01
3.783936404632211592e-01
3.772877688700566612e-01
3.761831978865409765e-01
3.750799376143772457e-01
3.739779981003893972e-01
3.728773893362137271e-01
3.717781212579904238e-01
3.706802037460639188e-01
3.695836466246859020e-01
3.684884596617229446e-01
3.673946525683728925e-01
3.663022349988780402e-01
3.652112165502523489e-01
3.641216067620066665e-01
3.630334151158837175e-01
3.619466510355920930e-01
3.608613238865531203e-01
3.597774429756448455e-01
3.586950175509557859e-01
3.576140568015412913e-01
3.565345698571859012e-01
3.554565657881718632e-01
3.543800536050462080e-01
3.533050422584038675e-01
3.522315406386650194e-01
3.511595575758622023e-01
3.500891018394332033e-01
3.490201821380152780e-01
3.479528071192501404e-01
3.468869853695846217e-01
3.458227254140875950e-01
3.447600357162613482e-01
3.436989246778651141e-01
3.426394006387398217e-01
3.415814718766385649e-01
3.405251466070627897e-01
3.394704329831018663e-01
3.384173390952799343e-01
3.373658729714021920e-01
3.363160425764152861e-01
3.352678558122623165e-01
3.342213205177498869e-01
3.331764444684162663e-01
3.321332353764070433e-01
3.310917008903528913e-01
3.300518485952536052e-01
3.290136860123668572e-01
3.279772205991007272e-01
3.269424597489132278e-01
3.259094107912136606e-01
3.248780809912709677e-01
3.238484775501250246e-01
3.228206076045046502e-01
3.217944782267476711e-01
3.207700964247285902e-01
3.197474691417886428e-01
3.187266032566709040e-01
3.177075055834602813e-01
3.166901828715295020e-01
3.156746418054866554e-01
3.146608890051286744e-01
3.136489310254015894e-01
3.126387743563613375e-01
3.116304254231406778e-01
3.106238905859235455e-01
3.096191761399176290e-01
3.086162883153362735e-01
3.076152332773857134e-01
3.066160171262488632e-01
3.056186458970851505e-01
3.046231255600235222e-01
3.036294620201676064e-01
3.026376611175999876e-01
3.016477286273953062e-01
3.006596702596333048e-01
2.996734916594182563e-01
2.986891984069023342e-01
2.977067960173146455e-01
2.967262899409903176e-01
2.957476855634073032e-01
2.947709882052265695e-01
2.937962031223346204e-01
2.928233355058922349e-01
2.918523904823863147e-01
2.908833731136841738e-01
2.899162883970947679e-01
2.889511412654311995e-01
2.879879365870784969e-01
2.870266791660642802e-01
2.860673737421341456e-01
2.851100249908309348e-01
2.841546375235760591e-01
2.832012158877561525e-01
2.822497645668136101e-01
2.813002879803387923e-01
2.803527904841691676e-01
2.794072763704870122e-01
2.784637498679272682e-01
2.775222151416825156e-01
2.765826762936154926e-01
2.756451373623736711e-01
2.747096023235074957e-01
2.737760750895915640e-01
2.728445595103497490e-01
2.719150593727847065e-01
2.709875784013060507e-01
2.700621202578686875e-01
2.691386885421096498e-01
2.682172867914880965e-01
2.672979184814305853e-01
2.663805870254796204e-01
2.654652957754426446e-01
2.645520480215455272e-01
2.636408469925912157e-01
2.627316958561166094e-01
2.618245977185574835e-01
2.609195556254122472e-01
2.600165725614118628e-01
2.591156514506899877e-01
2.582167951569571684e-01
2.573200064836773104e-01
2.564252881742487555e-01
2.555326429121845822e-01
2.546420733212985676e-01
2.537535819658928160e-01
2.528671713509475505e-01
2.519828439223140704e-01
2.511006020669093730e-01
2.502204481129152169e-01
2.493423843299766851e-01
2.484664129294065771e-01
2.475925360643886908e-01
2.467207558301872938e-01
2.458510742643536529e-01
2.449834933469419440e-01
2.441180150007205285e-01
2.432546410913897228e-01
2.423933734277991525e-01
2.415342137621710461e-01
2.406771637903205030e-01
2.398222251518820347e-01
2.389693994305351066e-01
2.381186881542352307e-01
2.372700927954433103e-01
2.364236147713588143e-01
2.355792554441549780e-01
2.347370161212152806e-01
2.338968980553722821e-01
2.330589024451474311e-01
2.322230304349927055e-01
2.313892831155362761e-01
2.305576615238255078e-01
2.297281666435763425e-01
2.289007994054206852e-01
2.280755606871575358e-01
2.272524513140039559e-01
2.264314720588497809e-01
2.256126236425118337e-01
2.247959067339901085e-01
2.239813219507265085e-01
2.231688698588636388e-01
2.223585509735043486e-01
2.215503657589757980e-01
2.207443146290910541e-01
2.199403979474135462e-01
2.191386160275238248e-01
2.183389691332854876e-01
2.175414574791143529e-01
2.167460812302462458e-01
2.159528405030080866e-01
2.151617353650898123e-01
2.143727658358152433e-01
2.135859318864174461e-01
2.128012334403115435e-01
2.120186703733709099e-01
2.112382425142031450e-01
2.104599496444273243e-01
2.096837914989520546e-01
2.089097677662545283e-01
2.081378780886587732e-01
2.073681220626183985e-01
2.066004992389960382e-01
2.058350091233452916e-01
2.050716511761944139e-01
2.043104248133272849e-01
2.035513294060697365e-01
2.027943642815726033e-01
2.020395287230960235e-01
2.012868219702966810e-01
2.005362432195121891e-01
1.997877916240484719e-01
1.990414662944659518e-01
1.982972662988678469e-01
1.975551906631868859e-01
1.968152383714746878e-01
1.960774083661883105e-01
1.953416995484807683e-01
1.946081107784896069e-01
1.938766408756262549e-01
1.931472886188644322e-01
1.924200527470323330e-01
1.916949319590992851e-01
1.909719249144702924e-01
1.902510302332712511e-01
1.895322464966443521e-01
1.888155722470341302e-01
1.881010059884814789e-01
1.873885461869113089e-01
1.866781912704259805e-01
1.859699396295941554e-01
1.852637896177413701e-01
1.845597395512413308e-01
1.838577877098057367e-01
1.831579323367753809e-01
1.824601716394097239e-01
1.817645037891773008e-01
1.810709269220451556e-01
1.803794391387693041e-01
1.796900385051847238e-01
1.790027230524929847e-01
1.783174907775520457e-01
1.776343396431667998e-01
1.769532675783749287e-01
1.762742724787370319e-01
1.755973522066237580e-01
1.749225045915025478e-01
1.742497274302270138e-01
1.735790184873222397e-01
1.729103754952706629e-01
1.722437961547991780e-01
1.715792781351644924e-01
1.709168190744379257e-01
1.702564165797895990e-01
1.695980682277735130e-01
1.689417715646107654e-01
1.682875241064717697e-01
1.676353233397600562e-01
1.669851667213934632e-01
1.663370516790858844e-01
1.656909756116276833e-01
1.650469358891658023e-01
1.644049298534840386e-01
1.637649548182811554e-01
1.631270080694491864e-01
1.624910868653513529e-01
1.618571884370988978e-01
1.612253099888268926e-01
1.605954486979703777e-01
1.599676017155378105e-01
1.593417661663865947e-01
1.587179391494949465e-01
1.580961177382354810e-01
1.574762989806457458e-01
1.568584798996997542e-01
1.562426574935782408e-01
1.556288287359369193e-01
1.550169905761760725e-01
1.544071399397067001e-01
1.537992737282182776e-01
1.531933888199443761e-01
1.525894820699266186e-01
1.519875503102805780e-01
1.513875903504561526e-01
1.507895989775026035e-01
1.501935729563278199e-01
1.495995090299590824e-01
1.490074039198029665e-01
1.484172543259032473e-01
1.478290569271980825e-01
1.472428083817769739e-01
1.466585053271365624e-01
1.460761443804329540e-01
1.454957221387386257e-01
1.449172351792910041e-01
1.443406800597474282e-01
1.437660533184327016e-01
1.431933514745899472e-01
