9.999468118403722627e-01
9.999416263609125499e-01
9.999359353650459914e-01
9.999296895781069061e-01
9.999228349237857527e-01
9.999153120564886477e-01
9.999070558482271442e-01
9.998979948256033756e-01
9.998880505520578721e-01
9.998771369500747408e-01
9.998651595575250850e-01
9.998520147117910817e-01
9.998375886546462255e-01
9.998217565502812709e-01
9.998043814080543878e-01
9.997853129007747697e-01
9.997643860684733985e-01
9.997414198966141363e-01
9.997162157566841234e-01
9.996885556959465013e-01
9.996582005618908084e-01
9.996248879455742475e-01
9.995883299265284627e-01
9.995482106003278355e-01
9.995041833681593824e-01
9.994558679657641331e-01
9.994028472071382341e-01
9.993446634160516595e-01
9.992808145160271271e-01
9.992107497467975774e-01
9.991338649723729981e-01
9.990494975427907098e-01
9.989569206682916702e-01
9.988553372611094217e-01
9.987438731962308136e-01
9.986215699384323186e-01
9.984873764784980565e-01
9.983401405169758380e-01
9.981785988289304523e-01
9.980013667380008835e-01
9.978069266228122292e-01
9.975936153731650435e-01
9.973596107077937756e-01
9.971029162596979356e-01
9.968213453292376069e-01
9.965125031995365479e-01
9.961737679032429682e-01
9.958022693246680879e-01
9.953948665168598220e-01
9.949481231096187761e-01
9.944582806821232746e-01
9.939212299730517675e-01
9.933324798024807389e-01
9.926871235837737562e-01
9.919798033111452140e-01
9.912046709200855732e-01
9.903553469346275673e-01
9.894248763385082857e-01
9.884056816380358823e-01
9.872895131244627809e-01
9.860673963946475773e-01
9.847295772528089630e-01
9.832654641955207442e-01
9.816635687792288900e-01
9.799114442873145814e-01
9.779956232549947837e-01
9.759015545781799528e-01
9.736135411300069764e-01
9.711146790389896255e-01
9.683868000483316640e-01
9.654104186789980169e-01
9.621646862605972572e-01
9.586273542737805409e-01
9.547747498632654928e-01
9.505817668264969766e-01
9.460218758508933679e-01
9.410671582489968934e-01
9.356883679071325011e-01
9.298550265936283976e-01
9.235355581341286868e-01
9.166974672123640033e-01
9.093075686441571825e-01
9.013322728408521556e-01
8.927379327584951119e-01
8.834912568479806882e-01
8.735597913045707319e-01
8.629124731922379610e-01
8.515202537309985997e-01
8.393567881474999215e-01
8.263991849989000826e-01
8.126288038328970398e-01
7.980320855488067799e-01
7.826013950540179342e-01
7.663358510239141053e-01
7.492421131075421847e-01
7.313350931808625388e-01
7.126385546859193010e-01
6.931855631702562581e-01
6.730187522811692524e-01
6.521903730032562185e-01
6.521903730032562185e-01
6.511421906367272916e-01
6.500925416919137723e-01
6.490414343164018218e-01
6.479888767117590875e-01
6.469348771333418568e-01
6.458794438901137580e-01
6.448225853444478073e-01
6.437643099119305656e-01
6.427046260611598560e-01
6.416435423135405935e-01
6.405810672430748420e-01
6.395172094761473192e-01
6.384519776913095690e-01
6.373853806190602489e-01
6.363174270416148692e-01
6.352481257926807512e-01
6.341774857572239910e-01
6.331055158712286524e-01
6.320322251214600673e-01
6.309576225452162568e-01
6.298817172300815725e-01
6.288045183136720118e-01
6.277260349833795328e-01
6.266462764761101534e-01
6.255652520780203840e-01
6.244829711242491088e-01
6.233994429986438046e-01
6.223146771334853167e-01
6.212286830092075274e-01
6.201414701541132501e-01
6.190530481440863486e-01
6.179634266023016353e-01
6.168726151989271100e-01
6.157806236508258646e-01
6.146874617212543246e-01
6.135931392195540512e-01
6.124976660008423224e-01
6.114010519656961629e-01
6.103033070598371523e-01
6.092044412738080172e-01
6.081044646426484457e-01
6.070033872455657953e-01
6.059012192056012491e-01
6.047979706892966378e-01
6.036936519063520468e-01
6.025882731092839784e-01
6.014818445930794066e-01
6.003743766948420602e-01
5.992658797934411474e-01
5.981563643091548643e-01
5.970458407033063519e-01
5.959343194779023190e-01
5.948218111752647808e-01
5.937083263776588016e-01
5.925938757069180163e-01
5.914784698240685978e-01
5.903621194289467855e-01
5.892448352598151917e-01
5.881266280929737800e-01
5.870075087423700655e-01
5.858874880592062073e-01
5.847665769315379958e-01
5.836447862838785028e-01
5.825221270767917403e-01
5.813986103064874289e-01
5.802742470044105483e-01
5.791490482368283343e-01
5.780230251044147227e-01
5.768961887418323498e-01
5.757685503173106678e-01
5.746401210322191755e-01
5.735109121206428684e-01
5.723809348489505844e-01
5.712502005153604623e-01
5.701187204495070660e-01
5.689865060120007367e-01
5.678535685939849476e-01
5.667199196166955444e-01
5.655855705310122161e-01
5.644505328170071889e-01
5.633148179834965852e-01
5.621784375675862311e-01
5.610414031342098040e-01
5.599037262756771938e-01
5.587654186112056554e-01
5.576264917864576232e-01
5.564869574730774149e-01
5.553468273682184986e-01
5.542061131940748675e-01
5.530648266974053096e-01
5.519229796490610074e-01
5.507805838435049228e-01
5.496376510983337349e-01
5.484941932537960030e-01
5.473502221723072214e-01
5.462057497379655402e-01
5.450607878560620456e-01
5.439153484525927063e-01
5.427694434737670992e-01
5.416230848855138058e-01
5.404762846729853631e-01
5.393290548400613282e-01
5.381814074088524524e-01
5.370333544191954189e-01
5.358849079281564620e-01
5.347360800095237732e-01
5.335868827533063463e-01
5.324373282652226091e-01
5.312874286661997125e-01
5.301371960918580539e-01
5.289866426920030174e-01
5.278357806301153810e-01
5.266846220828360625e-01
5.255331792394508650e-01
5.243814643013793297e-01
5.232294894816537090e-01
5.220772670044048214e-01
5.209248091043418016e-01
5.197721280262331822e-01
5.186192360243874200e-01
5.174661453621300922e-01
5.163128683112829798e-01
5.151594171516409304e-01
5.140058041704487213e-01
5.128520416618755906e-01
5.116981419264914344e-01
5.105441172707426700e-01
5.093899800064232153e-01
5.082357424501496856e-01
5.070814169228360369e-01
5.059270157491640996e-01
5.047725512570555573e-01
5.036180357771458116e-01
5.024634816422557382e-01
5.013089011868615552e-01
5.001543067465687997e-01
4.989997106575801977e-01
4.978451252561720275e-01
4.966905628781598248e-01
4.955360358583736913e-01
4.943815565301288295e-01
4.932271372246962438e-01
4.920727902707753287e-01
4.909185279939657365e-01
4.897643627162390767e-01
4.886103067554126156e-01
4.874563724246208096e-01
4.863025720317918354e-01
4.851489178791167367e-01
4.839954222625275637e-01
4.828420974711715719e-01
4.816889557868857530e-01
4.805360094836743645e-01
4.793832708271845711e-01
4.782307520741866380e-01
4.770784654720497953e-01
4.759264232582235410e-01
4.747746376597158924e-01
4.736231208925776870e-01
4.724718851613814441e-01
4.713209426587079420e-01
4.701703055646283547e-01
4.690199860461908288e-01
4.678699962569053405e-01
4.667203483362363792e-01
4.655710544090857494e-01
4.644221265852883640e-01
4.632735769591015407e-01
4.621254176086987409e-01
4.609776605956642515e-01
4.598303179644902539e-01
4.586834017420736154e-01
4.575369239372171215e-01
4.563908965401266560e-01
4.552453315219185948e-01
4.541002408341204832e-01
4.529556364081797071e-01
4.518115301549698870e-01
4.506679339643017146e-01
4.495248597044340100e-01
4.483823192215872777e-01
4.472403243394607042e-01
4.460988868587474898e-01
4.449580185566567869e-01
4.438177311864343055e-01
4.426780364768857501e-01
4.415389461319042530e-01
4.404004718299980303e-01
4.392626252238206463e-01
4.381254179397035542e-01
4.369888615771935214e-01
4.358529677085868914e-01
4.347177478784719495e-01
4.335832136032713446e-01
4.324493763707856209e-01
4.313162476397406353e-01
4.301838388393396939e-01
4.290521613688128566e-01
4.279212265969761786e-01
4.267910458617857339e-01
4.256616304698998543e-01
4.245329916962434780e-01
4.234051407835728309e-01
4.222780889420441053e-01
4.211518473487867453e-01
4.200264271474755118e-01
4.189018394479112617e-01
4.177780953255993968e-01
4.166552058213324194e-01
4.155331819407778182e-01
4.144120346540688393e-01
4.132917748953925940e-01
4.121724135625903229e-01
4.110539615167529970e-01
4.099364295818244130e-01
4.088198285442069535e-01
4.077041691523677347e-01
4.065894621164515832e-01
4.054757181078958439e-01
4.043629477590472421e-01
4.032511616627843520e-01
4.021403703721415090e-01
4.010305843999374398e-01
3.999218142184055580e-01
3.988140702588303665e-01
3.977073629111849140e-01
3.966017025237713600e-01
3.954970994028675357e-01
3.943935638123774456e-01
3.932911059734781611e-01
3.921897360642807584e-01
3.910894642194879256e-01
3.899903005300553449e-01
3.888922550428607905e-01
3.877953377603728935e-01
3.866995586403239038e-01
3.856049275953906674e-01
3.845114544928713851e-01
3.834191491543736952e-01
3.823280213555024232e-01
3.812380808255505515e-01
3.801493372471977938e-01
3.790618002562083921e-01
3.779754794411346319e-01
3.768903843430265743e-01
3.758065244551406781e-01
3.747239092226560264e-01
3.736425480423937184e-01
3.725624502625382028e-01
3.714836251823647184e-01
3.704060820519707864e-01
3.693298300720079252e-01
3.682548783934218584e-01
3.671812361171954975e-01
3.661089122940923701e-01
3.650379159244077076e-01
3.639682559577251952e-01
3.628999412926681711e-01
3.618329807766695883e-01
3.607673832057312069e-01
3.597031573241966651e-01
3.586403118245237165e-01
3.575788553470633513e-01
3.565187964798399722e-01
3.554601437583371215e-01
3.544029056652882037e-01
3.533470906304691517e-01
3.522927070304959218e-01
3.512397631886267080e-01
3.501882673745667640e-01
3.491382278042781118e-01
3.480896526397932456e-01
3.470425499890330556e-01
3.459969279056278602e-01
3.449527943887433223e-01
3.439101573829089764e-01
3.428690247778526934e-01
3.418294044083384220e-01
3.407913040540074268e-01
3.397547314392231899e-01
3.387196942329215865e-01
3.376862000484638360e-01
3.366542564434951146e-01
3.356238709198050008e-01
3.345950509231914727e-01
3.335678038433345094e-01
3.325421370136640853e-01
3.315180577112422089e-01
3.304955731566409094e-01
3.294746905138288828e-01
3.284554168900599147e-01
3.274377593357666871e-01
3.264217248444569730e-01
3.254073203526150482e-01
3.243945527396057127e-01
3.233834288275834190e-01
3.223739553814047865e-01
3.213661391085455010e-01
3.203599866590184919e-01
3.193555046253007124e-01
3.183526995422595318e-01
3.173515778870839021e-01
3.163521460792220741e-01
3.153544104803182035e-01
3.143583773941579507e-01
3.133640530666138568e-01
3.123714436855963283e-01
3.113805553810083393e-01
3.103913942247029656e-01
3.094039662304466365e-01
3.084182773538828859e-01
3.074343334925020432e-01
3.064521404856155318e-01
3.054717041143311107e-01
3.044930301015324470e-01
3.035161241118651265e-01
3.025409917517221658e-01
3.015676385692354078e-01
3.005960700542702480e-01
2.996262916384246910e-01
2.986583086950294064e-01
2.976921265391538896e-01
2.967277504276142341e-01
2.957651855589870094e-01
2.948044370736227493e-01
2.938455100536666031e-01
2.928884095230797624e-01
2.919331404476658287e-01
2.909797077351000683e-01
2.900281162349616082e-01
2.890783707387697410e-01
2.881304759800228377e-01
2.871844366342405364e-01
2.862402573190113708e-01
2.852979425940388447e-01
2.843574969611956105e-01
2.834189248645796466e-01
2.824822306905705460e-01
2.815474187678932427e-01
2.806144933676825159e-01
2.796834587035501030e-01
2.787543189316572523e-01
2.778270781507882203e-01
2.769017404024265994e-01
2.759783096708382510e-01
2.750567898831514091e-01
2.741371849094449420e-01
2.732194985628370598e-01
2.723037345995766856e-01
2.713898967191399336e-01
2.704779885643261439e-01
2.695680137213604111e-01
2.686599757199953364e-01
2.677538780336193858e-01
2.668497240793633596e-01
2.659475172182148572e-01
2.650472607551315196e-01
2.641489579391581022e-01
2.632526119635469897e-01
2.623582259658798765e-01
2.614658030281939993e-01
2.605753461771098678e-01
2.596868583839602729e-01
2.588003425649246791e-01
2.579158015811630622e-01
2.570332382389556858e-01
2.561526552898411024e-01
2.552740554307614262e-01
2.543974413042046079e-01
2.535228154983545368e-01
2.526501805472390894e-01
2.517795389308832288e-01
2.509108930754635480e-01
2.500442453534635900e-01
2.491795980838349134e-01
2.483169535321568255e-01
2.474563139108000853e-01
2.465976813790922706e-01
2.457410580434856717e-01
2.448864459577274055e-01
2.440338471230300288e-01
2.431832634882462318e-01
2.423346969500454473e-01
2.414881493530897094e-01
2.406436224902157028e-01
2.398011181026145078e-01
2.389606378800173681e-01
2.381221834608791277e-01
2.372857564325672741e-01
2.364513583315504541e-01
2.356189906435895987e-01
2.347886548039309629e-01
2.339603521974998879e-01
2.331340841590986424e-01
2.323098519736022383e-01
2.314876568761601583e-01
2.306675000523970009e-01
2.298493826386137084e-01
2.290333057219944568e-01
2.282192703408112422e-01
2.274072774846315204e-01
2.265973280945278723e-01
2.257894230632875865e-01
2.249835632356254889e-01
2.241797494083965780e-01
2.233779823308115198e-01
2.225782627046518081e-01
2.217805911844883959e-01
2.209849683778992713e-01
2.201913948456903358e-01
2.193998711021164782e-01
2.186103976151043127e-01
2.178229748064752225e-01
2.170376030521712352e-01
2.162542826824803976e-01
2.154730139822648993e-01
2.146937971911876686e-01
2.139166325039439376e-01
2.131415200704897817e-01
2.123684599962753494e-01
2.115974523424754561e-01
2.108284971262245899e-01
2.100615943208503922e-01
2.092967438561097460e-01
2.085339456184236995e-01
2.077731994511164137e-01
2.070145051546514736e-01
2.062578624868712240e-01
2.055032711632364395e-01
2.047507308570672147e-01
2.040002411997824672e-01
2.032518017811436595e-01
2.025054121494957726e-01
2.017610718120116109e-01
2.010187802349346631e-01
2.002785368438246560e-01
1.995403410238021924e-01
1.988041921197941930e-01
1.980700894367801168e-01
1.973380322400394293e-01
1.966080197553981279e-01
1.958800511694773205e-01
1.951541256299405558e-01
1.944302422457438728e-01
1.937084000873828260e-01
1.929885981871447831e-01
1.922708355393564772e-01
1.915551111006358609e-01
1.908414237901418231e-01
1.901297724898252106e-01
1.894201560446812371e-01
1.887125732629993669e-01
1.880070229166162510e-01
1.873035037411667492e-01
1.866020144363377264e-01
1.859025536661186029e-01
1.852051200590555946e-01
1.845097122085029295e-01
1.838163286728769774e-01
1.831249679759092142e-01
1.824356286068980482e-01
1.817483090209631724e-01
1.810630076392984178e-01
1.803797228494251892e-01
1.796984530054447082e-01
1.790191964282932258e-01
1.783419514059928490e-01
1.776667161939073369e-01
1.769934890149928164e-01
1.763222680600526893e-01
1.756530514879887650e-01
1.749858374260562788e-01
1.743206239701151627e-01
1.736574091848826495e-01
1.729961911041863476e-01
1.723369677312158732e-01
1.716797370387752042e-01
1.710244969695346173e-01
1.703712454362817097e-01
1.697199803221733638e-01
1.690706994809863251e-01
1.684234007373684727e-01
1.677780818870887591e-01
1.671347406972880367e-01
1.664933749067281921e-01
1.658539822260422791e-01
1.652165603379834868e-01
1.645811068976736347e-01
1.639476195328518349e-01
1.633160958441227661e-01
1.626865334052035317e-01
1.620589297631713777e-01
1.614332824387103571e-01
1.608095889263575495e-01
1.601878466947482538e-01
1.595680531868622631e-01
1.589502058202680590e-01
1.583343019873673096e-01
1.577203390556384532e-01
1.571083143678795035e-01
1.564982252424524101e-01
1.558900689735224221e-01
1.552838428313025598e-01
1.546795440622923956e-01
1.540771698895194997e-01
1.534767175127789152e-01
1.528781841088717175e-01
1.522815668318447391e-01
1.516868628132272134e-01
1.510940691622686682e-01
1.505031829661749310e-01
1.499142012903446619e-01
1.493271211786036667e-01
1.487419396534400973e-01
1.481586537162378481e-01
1.475772603475096756e-01
1.469977565071292347e-01
1.464201391345630598e-01
1.458444051491014082e-01
1.452705514500876038e-01
1.446985749171484092e-01
1.441284724104217041e-01
1.435602407707844419e-01
1.429938768200800792e-01
1.424293773613437286e-01
1.418667391790287835e-01
1.413059590392299059e-01
1.407470336899084851e-01
1.401899598611140718e-01
1.396347342652067558e-01
1.390813535970792103e-01
1.385298145343755449e-01
1.379801137377117126e-01
1.374322478508941403e-01
1.368862135011371106e-01
1.363420072992795051e-01
1.357996258400009926e-01
1.352590657020371900e-01
1.347203234483929646e-01
1.341833956265570948e-01
1.336482787687130191e-01
1.331149693919513877e-01
1.325834639984797836e-01
1.320537590758325830e-01
1.315258510970796491e-01
1.309997365210336384e-01
1.304754117924569468e-01
1.299528733422672389e-01
1.294321175877425067e-01
1.289131409327240740e-01
1.283959397678211545e-01
1.278805104706103035e-01
1.273668494058387557e-01
1.268549529256224329e-01
1.263448173696457844e-01
1.258364390653597675e-01
1.253298143281781629e-01
1.248249394616740282e-01
1.243218107577745563e-01
1.238204244969547396e-01
1.233207769484306604e-01
1.228228643703510592e-01
1.223266830099881963e-01
1.218322291039279776e-01
1.213394988782588862e-01
1.208484885487592642e-01
1.203591943210845089e-01
1.198716123909530640e-01
1.193857389443302441e-01
1.189015701576132678e-01
1.184191021978125147e-01
1.179383312227341857e-01
1.174592533811605055e-01
1.169818648130289407e-01
1.165061616496114727e-01
1.160321400136912484e-01
1.155597960197393692e-01
1.150891257740904172e-01
1.146201253751159554e-01
1.141527909133990687e-01
1.136871184719053102e-01
1.132231041261545779e-01
1.127607439443910897e-01
1.123000339877518461e-01
1.118409703104357167e-01
1.113835489598692385e-01
1.109277659768730107e-01
1.104736173958267564e-01
1.100210992448323183e-01
1.095702075458769575e-01
1.091209383149950446e-01
1.086732875624280420e-01
1.082272512927843350e-01
1.077828255051978823e-01
1.073400061934855210e-01
1.068987893463028416e-01
1.064591709473002162e-01
1.060211469752763702e-01
1.055847134043316760e-01
1.051498662040210585e-01
1.047166013395035289e-01
1.042849147716935349e-01
1.038548024574094397e-01
1.034262603495208072e-01
1.029992843970965327e-01
1.025738705455494504e-01
1.021500147367815220e-01
1.017277129093276111e-01
1.013069609984979941e-01
1.008877549365201215e-01
1.004700906526787563e-01
1.000539640734560420e-01
9.963937112266932350e-02
9.922630772160928592e-02
9.881476978917590193e-02
9.840475324201373997e-02
9.799625399464637066e-02
9.758926795960984335e-02
9.718379104758474718e-02
9.677981916752743941e-02
9.637734822680024682e-02
9.597637413130069572e-02
9.557689278558971491e-02
9.517890009301846477e-02
9.478239195585491661e-02
9.438736427540860008e-02
9.399381295215469834e-02
9.360173388585736609e-02
9.321112297569168759e-02
9.282197612036455214e-02
9.243428921823487743e-02
9.204805816743283353e-02
9.166327886597745722e-02
9.127994721189430782e-02
9.089805910333102756e-02
9.051761043867265211e-02
9.013859711665565821e-02
8.976101503648126201e-02
8.938486009792724618e-02
8.901012820145937088e-02
8.863681524834175762e-02
8.826491714074512218e-02
8.789442978185642297e-02
8.752534907598524816e-02
8.715767092867014731e-02
8.679139124678451889e-02
8.642650593864065200e-02
8.606301091409300497e-02
8.570090208464122006e-02
8.534017536353143141e-02
8.498082666585680955e-02
8.462285190865737050e-02
8.426624701101878556e-02
8.391100789417015038e-02
8.355713048158093514e-02
8.320461069905660256e-02
8.285344447483433683e-02
8.250362773967691299e-02
8.215515642696546994e-02
8.180802647279253326e-02
8.146223381605301184e-02
8.111777439853484761e-02
8.077464416500874933e-02
8.043283906331658017e-02
8.009235504445967602e-02
7.975318806268545668e-02
7.941533407557357926e-02
7.907878904412128651e-02
7.874354893282743684e-02
7.840960970977634004e-02
7.807696734672010808e-02
7.774561781916021486e-02
7.741555710642895882e-02
7.708678119176878840e-02
7.675928606241214092e-02
7.643306770965908881e-02
7.610812212895526341e-02
7.578444531996865463e-02
7.546203328666491184e-02
7.514088203738272798e-02
7.482098758490779433e-02
7.450234594654628340e-02
7.418495314419751296e-02
7.386880520442506981e-02
7.355389815852859947e-02
7.324022804261290376e-02
7.292779089765837053e-02
7.261658276958848912e-02
7.230659970933804581e-02
7.199783777292022291e-02
7.169029302149210192e-02
7.138396152142090223e-02
7.107883934434786055e-02
7.077492256725238795e-02
7.047220727251513051e-02
7.017068954798022506e-02
6.987036548701680561e-02
6.957123118857996835e-02
6.927328275727048790e-02
6.897651630339468598e-02
6.868092794302227411e-02
6.838651379804476516e-02
6.809326999623242782e-02
6.780119267129047778e-02
6.751027796291486638e-02
6.722052201684740325e-02
6.693192098492949105e-02
6.664447102515620724e-02
6.635816830172870662e-02
6.607300898510647114e-02
6.578898925205882431e-02
6.550610528571540470e-02
6.522435327561655616e-02
6.494372941776228869e-02
6.466422991466121151e-02
6.438585097537841140e-02
6.410858881558291478e-02
6.383243965759428928e-02
6.355739973042853763e-02
6.328346526984351961e-02
6.301063251838372181e-02
6.273889772542430576e-02
6.246825714721428863e-02
6.219870704691966845e-02
6.193024369466515466e-02
6.166286336757592634e-02
6.139656234981846067e-02
6.113133693264071605e-02
6.086718341441184343e-02
6.060409810066112735e-02
6.034207730411634413e-02
6.008111734474162052e-02
5.982121454977482045e-02
5.956236525376382845e-02
5.930456579860274302e-02
5.904781253356709836e-02
5.879210181534912788e-02
5.853743000809145947e-02
5.828379348342110217e-02
5.803118862048284310e-02
5.777961180597095125e-02
5.752905943416210255e-02
5.727952790694613994e-02
5.703101363385718742e-02
5.678351303210384116e-02
5.653702252659918021e-02
5.629153854998971557e-02
5.604705754268416579e-02
5.580357595288153866e-02
5.556109023659887985e-02
5.531959685769825136e-02
5.507909228791350170e-02
5.483957300687590519e-02
5.460103550214000234e-02
5.436347626920861459e-02
5.412689181155718593e-02
5.389127864065795803e-02
5.365663327600343757e-02
5.342295224512938479e-02
5.319023208363730937e-02
5.295846933521652922e-02
5.272766055166593080e-02
5.249780229291459849e-02
5.226889112704286022e-02
5.204092363030216745e-02
5.181389638713484319e-02
5.158780599019332364e-02
5.136264904035879597e-02
5.113842214675945463e-02
5.091512192678852161e-02
5.069274500612140633e-02
5.047128801873285164e-02
5.025074760691327497e-02
5.003112042128481790e-02
4.981240312081711835e-02
4.959459237284236793e-02
4.937768485307020283e-02
4.916167724560187996e-02
4.894656624294436292e-02
4.873234854602377653e-02
4.851902086419845189e-02
4.830657991527172873e-02
4.809502242550427187e-02
4.788434512962568695e-02
4.767454477084639985e-02
4.746561810086832173e-02
4.725756187989610391e-02
4.705037287664678991e-02
4.684404786836037643e-02
4.663858364080902125e-02
4.643397698830618175e-02
4.623022471371569797e-02
4.602732362846003594e-02
4.582527055252837156e-02
4.562406231448434130e-02
4.542369575147326560e-02
4.522416770922949719e-02
4.502547504208262441e-02
4.482761461296398686e-02
4.463058329341258734e-02
4.443437796358082337e-02
4.423899551223946236e-02
4.404443283678281806e-02
4.385068684323330940e-02
4.365775444624551971e-02
4.346563256911044337e-02
4.327431814375897606e-02
4.308380811076503031e-02
4.289409941934874126e-02
4.270518902737909656e-02
4.251707390137624692e-02
4.232975101651356015e-02
4.214321735661925167e-02
4.195746991417801525e-02
4.177250569033212624e-02
4.158832169488217018e-02
4.140491494628764646e-02
4.122228247166733611e-02
4.104042130679907280e-02
4.085932849611956241e-02
4.067900109272398063e-02
4.049943615836471694e-02
4.032063076345046571e-02
4.014258198704479669e-02
3.996528691686448281e-02
3.978874264927746707e-02
3.961294628930074613e-02
3.943789495059787931e-02
3.926358575547623381e-02
3.909001583488396631e-02
3.891718232840685882e-02
3.874508238426482148e-02
3.857371315930809008e-02
3.840307181901336797e-02
3.823315553747944767e-02
3.806396149742290180e-02
3.789548689017330912e-02
3.772772891566836956e-02
3.756068478244877634e-02
3.739435170765254696e-02
3.722872691700998549e-02
3.706380764483723639e-02
3.689959113403062929e-02
3.673607463606021889e-02
3.657325541096337340e-02
3.641113072733808548e-02
3.624969786233595004e-02
3.608895410165519069e-02
3.592889673953319346e-02
3.576952307873913078e-02
3.561083043056612052e-02
3.545281611482329481e-02
3.529547745982773016e-02
3.513881180239609991e-02
3.498281648783618109e-02
3.482748886993818072e-02
3.467282631096579165e-02
3.451882618164712341e-02
3.436548586116553589e-02
3.421280273715018166e-02
3.406077420566628461e-02
3.390939767120550175e-02
3.375867054667591738e-02
3.360859025339188455e-02
3.345915422106381792e-02
3.331035988778763279e-02
3.316220470003411469e-02
3.301468611263830982e-02
3.286780158878833263e-02
3.272154860001436072e-02
3.257592462617746321e-02
3.243092715545813770e-02
3.228655368434458356e-02
3.214280171762121802e-02
3.199966876835672047e-02
3.185715235789197963e-02
3.171525001582796432e-02
3.157395928001346941e-02
3.143327769653263964e-02
3.129320281969244499e-02
3.115373221200991305e-02
3.101486344419930596e-02
3.087659409515918982e-02
3.073892175195925766e-02
3.060184400982715255e-02
3.046535847213514836e-02
3.032946275038656339e-02
3.019415446420221222e-02
3.005943124130667360e-02
2.992529071751448902e-02
2.979173053671616694e-02
2.965874835086398931e-02
2.952634181995808516e-02
2.939450861203188325e-02
2.926324640313784226e-02
2.913255287733282003e-02
2.900242572666355059e-02
2.887286265115189196e-02
2.874386135877984513e-02
2.861541956547491300e-02
2.848753499509476539e-02
2.836020537941225453e-02
2.823342845810011478e-02
2.810720197871570750e-02
2.798152369668559930e-02
2.785639137528994266e-02
2.773180278564695012e-02
2.760775570669718806e-02
2.748424792518782550e-02
2.736127723565673353e-02
2.723884144041649122e-02
2.711693834953847124e-02
2.699556578083660979e-02
2.687472155985120778e-02
2.675440351983282908e-02
2.663460950172566455e-02
2.651533735415142687e-02
2.639658493339257575e-02
2.627835010337589705e-02
2.616063073565584943e-02
2.604342470939770976e-02
2.592672991136103777e-02
2.581054423588261676e-02
2.569486558485959207e-02
2.557969186773254369e-02
2.546502100146838532e-02
2.535085091054330164e-02
2.523717952692552946e-02
2.512400479005820128e-02
2.501132464684195297e-02
2.489913705161773613e-02
2.478743996614925574e-02
2.467623135960571312e-02
2.456550920854404935e-02
2.445527149689166041e-02
2.434551621592856777e-02
2.423624136426991149e-02
2.412744494784820060e-02
2.401912497989552170e-02
2.391127948092578934e-02
2.380390647871690954e-02
2.369700400829283238e-02
2.359057011190571207e-02
2.348460283901787626e-02
2.337910024628385430e-02
2.327406039753225631e-02
2.316948136374782224e-02
2.306536122305312062e-02
2.296169806069055935e-02
2.285848996900409491e-02
2.275573504742099337e-02
2.265343140243366790e-02
2.255157714758121781e-02
2.245017040343129031e-02
2.234920929756163688e-02
2.224869196454169751e-02
2.214861654591421258e-02
2.204898119017686259e-02
2.194978405276369268e-02
2.185102329602667953e-02
2.175269708921726344e-02
2.165480360846768274e-02
2.155734103677254751e-02
2.146030756397020178e-02
2.136370138672413418e-02
2.126752070850436091e-02
2.117176373956876009e-02
2.107642869694445822e-02
2.098151380440914371e-02
2.088701729247239777e-02
2.079293739835690741e-02
2.069927236597987955e-02
2.060602044593418461e-02
2.051317989546971865e-02
2.042074897847458159e-02
2.032872596545632835e-02
2.023710913352317828e-02
2.014589676636525592e-02
2.005508715423581084e-02
1.996467859393234734e-02
1.987466938877787900e-02
1.978505784860208616e-02
1.969584228972248371e-02
1.960702103492563408e-02
1.951859241344830118e-02
1.943055476095855230e-02
1.934290641953701970e-02
1.925564573765800244e-02
1.916877107017064819e-02
1.908228077828011404e-02
1.899617322952866505e-02
1.891044679777693915e-02
1.882509986318504913e-02
1.874013081219372961e-02
1.865553803750554310e-02
1.857131993806598533e-02
1.848747491904476070e-02
1.840400139181685643e-02
1.832089777394381794e-02
