9.999055639499233594e-01
9.998963574497794493e-01
9.998862535108942184e-01
9.998751646716511621e-01
9.998629949507127357e-01
9.998496390179256732e-01
9.998349812847141527e-01
9.998188949061741493e-01
9.998012406863346913e-01
9.997818658772487099e-01
9.997606028616694562e-01
9.997372677080962333e-01
9.997116585859272542e-01
9.996835540272669407e-01
9.996527110206709921e-01
9.996188629207567455e-01
9.995817171560494874e-01
9.995409527158254370e-01
9.994962173949080153e-01
9.994471247734215691e-01
9.993932509064017422e-01
9.993341306958355430e-01
9.992692539152571163e-01
9.991980608542690989e-01
9.991199375474849598e-01
9.990342105492154845e-01
9.989401412118243950e-01
9.988369194220371172e-01
9.987236567455577418e-01
9.985993789261732312e-01
9.984630176810357360e-01
9.983134017290846707e-01
9.981492469845392179e-01
9.979691458421088290e-01
9.977715554750127280e-01
9.975547850611959921e-01
9.973169818471410153e-01
9.970561159526749595e-01
9.967699638140564700e-01
9.964560901566201778e-01
9.961118283823927610e-01
9.957342592526585712e-01
9.953201877405034592e-01
9.948661179243196706e-01
9.943682257903092570e-01
9.938223298106589887e-01
9.932238591647090109e-01
9.925678194737129756e-01
9.918487559263593489e-01
9.910607136829867603e-01
9.901971954622885708e-01
9.892511162365492661e-01
9.882147549913381512e-01
9.870797035448498624e-01
9.858368124724321557e-01
9.844761342455226050e-01
9.829868637735555970e-01
9.813572766351057464e-01
9.795746654035950574e-01
9.776252746165150498e-01
9.754942351087644292e-01
9.731654986338720281e-01
9.706217739351818974e-01
9.678444657057858613e-01
9.648136181939270806e-01
9.615078655718302114e-01
9.579043915909608575e-01
9.539789014944168866e-01
9.497056096432676675e-01
9.450572468306841500e-01
9.400050917929472227e-01
9.345190319614713470e-01
9.285676590089008142e-01
9.221184051903283940e-01
9.151377268231029039e-01
9.075913414295773141e-01
8.994445250193110475e-01
8.906624756324009740e-01
8.812107485166262855e-01
8.710557670754004445e-01
8.601654119097672524e-01
8.485096878042155399e-01
8.360614653136894114e-01
8.227972896758088961e-01
8.086982451310463782e-01
7.937508574910550063e-01
7.779480121492704514e-01
7.612898589797721938e-01
7.437846701297547991e-01
7.254496120861977371e-01
7.063113901694522134e-01
6.864067223826321174e-01
6.657826008931926332e-01
6.444963037876132450e-01
6.226151273572405609e-01
6.002158199875140543e-01
5.773837123284116801e-01
5.542115540482757119e-01
5.307980840100392506e-01
5.072463768115944571e-01
5.072463768115944571e-01
5.060776758566931655e-01
5.049089075687819284e-01
5.037400848934410202e-01
5.025712207787030872e-01
5.014023281744773852e-01
5.002334200319578095e-01
4.990645093030405821e-01
4.978956089397398310e-01
4.967267318935996157e-01
4.955578911151127253e-01
4.943890995531307619e-01
4.932203701542844376e-01
4.920517158623949894e-01
4.908831496178913678e-01
4.897146843572256492e-01
4.885463330122902237e-01
4.873781085098337629e-01
4.862100237708786854e-01
4.850420917101387897e-01
4.838743252354384961e-01
4.827067372471309792e-01
4.815393406375187979e-01
4.803721482902727491e-01
4.792051730798573828e-01
4.780384278709483015e-01
4.768719255178596184e-01
4.757056788639653089e-01
4.745397007411262247e-01
4.733740039691176626e-01
4.722086013550534367e-01
4.710435056928184983e-01
4.698787297624972270e-01
4.687142863298062734e-01
4.675501881455255138e-01
4.663864479449353340e-01
4.652230784472475289e-01
4.640600923550499690e-01
4.628975023537392763e-01
4.617353211109648248e-01
4.605735612760702979e-01
4.594122354795386887e-01
4.582513563324360772e-01
4.570909364258621821e-01
4.559309883303995781e-01
4.547715245955625818e-01
4.536125577492575722e-01
4.524541002972309878e-01
4.512961647225333106e-01
4.501387634849765007e-01
4.489819090205973695e-01
4.478256137411225080e-01
4.466698900334332700e-01
4.455147502590384168e-01
4.443602067535442623e-01
4.432062718261275958e-01
4.420529577590147641e-01
4.409002768069611999e-01
4.397482411967311156e-01
4.385968631265830808e-01
4.374461547657609861e-01
4.362961282539754571e-01
4.351467957009073073e-01
4.339981691856954482e-01
4.328502607564386206e-01
4.317030824296971270e-01
4.305566461899961173e-01
4.294109639893333163e-01
4.282660477466909699e-01
4.271219093475473461e-01
4.259785606433951211e-01
4.248360134512601527e-01
4.236942795532261385e-01
4.225533706959591074e-01
4.214132985902393491e-01
4.202740749104912354e-01
4.191357112943229768e-01
4.179982193420646031e-01
4.168616106163114399e-01
4.157258966414708601e-01
4.145910889033128655e-01
4.134571988485229999e-01
4.123242378842600919e-01
4.111922173777181611e-01
4.100611486556888785e-01
4.089310430041318556e-01
4.078019116677465972e-01
4.066737658495453989e-01
4.055466167104371245e-01
4.044204753688067644e-01
4.032953529001053194e-01
4.021712603364385741e-01
4.010482086661643075e-01
3.999262088334891718e-01
3.988052717380721757e-01
3.976854082346316099e-01
3.965666291325560255e-01
3.954489451955174317e-01
3.943323671410930986e-01
3.932169056403850282e-01
3.921025713176500282e-01
3.909893747499288419e-01
3.898773264666821059e-01
3.887664369494300831e-01
3.876567166313950041e-01
3.865481758971517356e-01
3.854408250822760618e-01
3.843346744730051778e-01
3.832297343058949091e-01
3.821260147674850893e-01
3.810235259939712682e-01
3.799222780708759739e-01
3.788222810327267487e-01
3.777235448627388470e-01
3.766260794925027078e-01
3.755298948016728700e-01
3.744350006176648815e-01
3.733414067153553173e-01
3.722491228167846833e-01
3.711581585908674263e-01
3.700685236531042199e-01
3.689802275652994679e-01
3.678932798352841926e-01
3.668076899166420324e-01
3.657234672084400673e-01
3.646406210549643090e-01
3.635591607454610186e-01
3.624790955138791348e-01
3.614004345386211403e-01
3.603231869422953704e-01
3.592473617914749839e-01
3.581729680964604867e-01
3.571000148110471395e-01
3.560285108322950864e-01
3.549584650003080322e-01
3.538898860980130845e-01
3.528227828509455377e-01
3.517571639270388739e-01
3.506930379364210371e-01
3.496304134312111511e-01
3.485692989053243429e-01
3.475097027942801731e-01
3.464516334750147863e-01
3.453950992656982244e-01
3.443401084255560129e-01
3.432866691546960780e-01
3.422347895939401030e-01
3.411844778246574394e-01
3.401357418686066780e-01
3.390885896877781081e-01
3.380430291842457802e-01
3.369990682000179039e-01
3.359567145168971813e-01
3.349159758563416966e-01
3.338768598793332432e-01
3.328393741862479827e-01
3.318035263167329330e-01
3.307693237495861194e-01
3.297367739026412781e-01
3.287058841326579439e-01
3.276766617352137034e-01
3.266491139446057179e-01
3.256232479337485275e-01
3.245990708140846781e-01
3.235765896354950710e-01
3.225558113862145304e-01
3.215367429927519782e-01
3.205193913198151057e-01
3.195037631702384306e-01
3.184898652849177392e-01
3.174777043427456924e-01
3.164672869605553718e-01
3.154586196930645459e-01
3.144517090328272646e-01
3.134465614101868969e-01
3.124431831932354964e-01
3.114415806877764981e-01
3.104417601372924662e-01
3.094437277229141747e-01
3.084474895633984026e-01
3.074530517151050635e-01
3.064604201719817178e-01
3.054696008655519157e-01
3.044805996649050384e-01
3.034934223766934114e-01
3.025080747451309171e-01
3.015245624519974355e-01
3.005428911166460049e-01
2.995630662960139245e-01
2.985850934846393523e-01
2.976089781146797897e-01
2.966347255559360629e-01
2.956623411158777470e-01
2.946918300396762502e-01
2.937231975102378434e-01
2.927564486482432948e-01
2.917915885121895037e-01
2.908286220984346304e-01
2.898675543412498889e-01
2.889083901128712273e-01
2.879511342235562266e-01
2.869957914216457739e-01
2.860423663936273453e-01
2.850908637642033949e-01
2.841412880963617438e-01
2.831936438914515741e-01
2.822479355892606456e-01
2.813041675680978404e-01
2.803623441448777620e-01
2.794224695752096088e-01
2.784845480534888784e-01
2.775485837129935129e-01
2.766145806259807660e-01
2.756825428037906756e-01
2.747524741969510353e-01
2.738243786952841985e-01
2.728982601280210973e-01
2.719741222639136535e-01
2.710519688113546266e-01
2.701318034184965744e-01
2.692136296733772527e-01
2.682974511040465693e-01
2.673832711786966465e-01
2.664710933057938269e-01
2.655609208342164518e-01
2.646527570533925289e-01
2.637466051934422850e-01
2.628424684253215515e-01
2.619403498609719771e-01
2.610402525534683549e-01
2.601421794971737755e-01
2.592461336278937267e-01
2.583521178230369086e-01
2.574601349017739960e-01
2.565701876252032276e-01
2.556822786965159966e-01
2.547964107611658813e-01
2.539125864070407301e-01
2.530308081646365781e-01
2.521510785072329508e-01
2.512733998510743305e-01
2.503977745555485690e-01
2.495242049233739601e-01
2.486526932007821211e-01
2.477832415777091735e-01
2.469158521879844803e-01
2.460505271095248248e-01
2.451872683645293927e-01
2.443260779196769206e-01
2.434669576863250362e-01
2.426099095207133183e-01
2.417549352241649685e-01
2.409020365432944510e-01
2.400512151702145769e-01
2.392024727427464470e-01
2.383558108446312551e-01
2.375112310057446718e-01
2.366687347023111176e-01
2.358283233571228932e-01
2.349899983397586434e-01
2.341537609668048470e-01
2.333196125020784717e-01
2.324875541568519610e-01
2.316575870900801914e-01
2.308297124086269025e-01
2.300039311674961784e-01
2.291802443700631797e-01
2.283586529683073740e-01
2.275391578630457934e-01
2.267217599041702614e-01
2.259064598908855359e-01
2.250932585719466195e-01
2.242821566458997329e-01
2.234731547613246216e-01
2.226662535170781942e-01
2.218614534625371060e-01
2.210587550978459492e-01
2.202581588741620577e-01
2.194596651939060561e-01
2.186632744110100224e-01
2.178689868311684263e-01
2.170768027120905386e-01
2.162867222637534781e-01
2.154987456486557318e-01
2.147128729820730608e-01
2.139291043323141017e-01
2.131474397209787708e-01
2.123678791232153917e-01
2.115904224679800993e-01
2.108150696382975475e-01
2.100418204715219228e-01
2.092706747595984851e-01
2.085016322493261354e-01
2.077346926426217877e-01
2.069698555967839082e-01
2.062071207247585525e-01
2.054464875954038483e-01
2.046879557337586419e-01
2.039315246213072585e-01
2.031771936962497582e-01
2.024249623537687781e-01
2.016748299462992611e-01
2.009267957837984064e-01
2.001808591340154542e-01
1.994370192227626626e-01
1.986952752341864248e-01
1.979556263110395231e-01
1.972180715549522456e-01
1.964826100267060838e-01
1.957492407465060147e-01
1.950179626942536992e-01
1.942887748098223732e-01
1.935616759933289632e-01
1.928366651054104208e-01
1.921137409674960883e-01
1.913929023620847825e-01
1.906741480330184368e-01
1.899574766857570762e-01
1.892428869876556230e-01
1.885303775682381500e-01
1.878199470194745757e-01
1.871115938960548342e-01
1.864053167156675406e-01
1.857011139592730786e-01
1.849989840713812395e-01
1.842989254603270566e-01
1.836009364985461412e-01
1.829050155228515995e-01
1.822111608347091183e-01
1.815193707005136048e-01
1.808296433518643831e-01
1.801419769858411402e-01
1.794563697652796219e-01
1.787728198190465800e-01
1.780913252423158011e-01
1.774118840968424982e-01
1.767344944112381189e-01
1.760591541812455418e-01
1.753858613700133573e-01
1.747146139083689542e-01
1.740454096950944107e-01
1.733782465971977493e-01
1.727131224501878282e-01
1.720500350583463178e-01
1.713889821950009273e-01
1.707299616027969091e-01
1.700729709939692580e-01
1.694180080506137165e-01
1.687650704249581135e-01
1.681141557396327868e-01
1.674652615879403672e-01
1.668183855341258126e-01
1.661735251136448599e-01
1.655306778334330042e-01
1.648898411721740342e-01
1.642510125805663190e-01
1.636141894815910380e-01
1.629793692707779129e-01
1.623465493164714946e-01
1.617157269600955072e-01
1.610868995164188300e-01
1.604600642738181204e-01
1.598352184945424359e-01
1.592123594149749688e-01
1.585914842458955309e-01
1.579725901727421222e-01
1.573556743558711390e-01
1.567407339308179715e-01
1.561277660085553798e-01
1.555167676757533701e-01
1.549077359950352673e-01
1.543006680052362578e-01
1.536955607216591302e-01
1.530924111363295426e-01
1.524912162182510966e-01
1.518919729136589125e-01
1.512946781462732593e-01
1.506993288175512979e-01
1.501059218069386303e-01
1.495144539721203758e-01
1.489249221492700004e-01
1.483373231532995884e-01
1.477516537781063399e-01
1.471679107968207334e-01
1.465860909620524677e-01
1.460061910061358215e-01
1.454282076413737634e-01
1.448521375602821459e-01
1.442779774358315392e-01
1.437057239216895654e-01
1.431353736524608733e-01
1.425669232439278067e-01
1.420003692932879091e-01
1.414357083793928438e-01
1.408729370629851763e-01
1.403120518869331035e-01
1.397530493764667647e-01
1.391959260394111109e-01
1.386406783664189124e-01
1.380873028312029904e-01
1.375357958907666434e-01
1.369861539856332966e-01
1.364383735400758468e-01
1.358924509623437860e-01
1.353483826448901861e-01
1.348061649645968807e-01
1.342657942829997286e-01
1.337272669465113251e-01
1.331905792866441840e-01
1.326557276202311730e-01
1.321227082496464755e-01
1.315915174630248319e-01
1.310621515344788379e-01
1.305346067243168540e-01
1.300088792792583325e-01
1.294849654326487853e-01
1.289628614046734456e-01
1.284425634025697649e-01
1.279240676208391603e-01
1.274073702414569020e-01
1.268924674340820014e-01
1.263793553562644334e-01
1.258680301536526658e-01
1.253584879601993829e-01
1.248507248983664608e-01
1.243447370793278189e-01
1.238405206031725769e-01
1.233380715591057136e-01
1.228373860256488370e-01
1.223384600708386782e-01
1.218412897524250027e-01
1.213458711180674665e-01
1.208522002055308908e-01
1.203602730428800921e-01
1.198700856486722421e-01
1.193816340321499081e-01
1.188949141934313863e-01
1.184099221237001620e-01
1.179266538053943270e-01
1.174451052123932082e-01
1.169652723102039271e-01
1.164871510561462792e-01
1.160107373995370450e-01
1.155360272818719697e-01
1.150630166370083113e-01
1.145917013913442944e-01
1.141220774639988139e-01
1.136541407669894033e-01
1.131878872054094126e-01
1.127233126776028549e-01
1.122604130753398349e-01
1.117991842839896610e-01
1.113396221826925825e-01
1.108817226445318743e-01
1.104254815367024106e-01
1.099708947206800430e-01
1.095179580523892998e-01
1.090666673823694754e-01
1.086170185559394985e-01
1.081690074133627721e-01
1.077226297900092944e-01
1.072778815165176536e-01
1.068347584189555943e-01
1.063932563189792790e-01
1.059533710339914531e-01
1.055150983772989715e-01
1.050784341582679804e-01
1.046433741824792790e-01
1.042099142518813637e-01
1.037780501649434722e-01
1.033477777168064771e-01
1.029190926994330846e-01
1.024919909017568687e-01
1.020664681098303606e-01
1.016425201069711126e-01
1.012201426739082755e-01
1.007993315889260388e-01
1.003800826280075026e-01
9.996239156497688239e-02
9.954625417164018886e-02
9.913166621792542099e-02
9.871862347202133015e-02
9.830712170051512933e-02
9.789715666852871756e-02
9.748872413985476548e-02
9.708181987709020577e-02
9.667643964177044524e-02
9.627257919450039891e-02
9.587023429508617633e-02
9.546940070266499156e-02
9.507007417583368536e-02
9.467225047277658123e-02
9.427592535139178720e-02
9.388109456941751141e-02
9.348775388455554669e-02
9.309589905459539350e-02
9.270552583753607911e-02
9.231662999170761608e-02
9.192920727589093399e-02
9.154325344943727016e-02
9.115876427238558954e-02
9.077573550558047655e-02
9.039416291078701537e-02
9.001404225080641974e-02
8.963536928958915073e-02
8.925813979234828444e-02
8.888234952567070080e-02
8.850799425762827244e-02
8.813506975788688858e-02
8.776357179781558993e-02
8.739349615059392729e-02
8.702483859131844579e-02
8.665759489710844754e-02
8.629176084721024154e-02
8.592733222310083852e-02
8.556430480859041066e-02
8.520267438992415454e-02
8.484243675588208633e-02
8.448358769787907285e-02
8.412612301006343329e-02
8.377003848941404207e-02
8.341532993583759825e-02
8.306199315226352187e-02
8.271002394473918329e-02
8.235941812252292604e-02
8.201017149817728391e-02
8.166227988766092127e-02
8.131573911041861669e-02
8.097054498947185708e-02
8.062669335150750294e-02
8.028418002696552369e-02
7.994300085012659429e-02
7.960315165919759628e-02
7.926462829639721597e-02
7.892742660803991894e-02
7.859154244461949435e-02
7.825697166089168322e-02
7.792371011595503050e-02
7.759175367333237539e-02
7.726109820104984371e-02
7.693173957171614563e-02
7.660367366260033284e-02
7.627689635570905624e-02
7.595140353786249132e-02
7.562719110076983331e-02
7.530425494110373763e-02
7.498259096057388606e-02
7.466219506599983124e-02
7.434306316938243953e-02
7.402519118797561137e-02
7.370857504435604501e-02
7.339321066649251435e-02
7.307909398781441135e-02
7.276622094727963619e-02
7.245458748944161309e-02
7.214418956451461307e-02
7.183502312843964566e-02
7.152708414294851880e-02
7.122036857562774603e-02
7.091487239998088554e-02
7.061059159549121222e-02
7.030752214768233588e-02
7.000566004817890264e-02
6.970500129476599194e-02
6.940554189144847175e-02
6.910727784850885513e-02
6.881020518256444896e-02
6.851431991662408627e-02
6.821961808014401218e-02
6.792609570908277050e-02
6.763374884595596548e-02
6.734257353988910844e-02
6.705256584667110276e-02
6.676372182880604966e-02
6.647603755556447114e-02
6.618950910303460222e-02
6.590413255417150451e-02
6.561990399884687353e-02
6.533681953389725017e-02
6.505487526317196845e-02
6.477406729758025672e-02
6.449439175513768663e-02
6.421584476101170613e-02
6.393842244756690885e-02
6.366212095440922092e-02
6.338693642842981035e-02
6.311286502384771957e-02
6.283990290225276165e-02
6.256804623264654308e-02
6.229729119148415262e-02
6.202763396271407381e-02
6.175907073781815998e-02
6.149159771585047812e-02
6.122521110347610429e-02
6.095990711500871850e-02
6.069568197244785968e-02
6.043253190551527848e-02
6.017045315169131103e-02
5.990944195624991336e-02
5.964949457229326568e-02
5.939060726078637664e-02
5.913277629058990431e-02
5.887599793849382368e-02
5.862026848924922762e-02
5.836558423560017639e-02
5.811194147831492268e-02
5.785933652621659540e-02
5.760776569621298832e-02
5.735722531332598795e-02
5.710771171072075852e-02
5.685922122973367798e-02
5.661175021990030171e-02
5.636529503898247973e-02
5.611985205299518248e-02
5.587541763623229962e-02
5.563198817129250129e-02
5.538956004910411401e-02
5.514812966894976076e-02
5.490769343849016826e-02
5.466824777378780087e-02
5.442978909932980058e-02
5.419231384805017065e-02
5.395581846135211190e-02
5.372029938912906838e-02
5.348575308978582854e-02
5.325217603025905744e-02
5.301956468603688521e-02
5.278791554117873153e-02
5.255722508833395729e-02
5.232748982876082172e-02
5.209870627234373941e-02
5.187087093761152956e-02
5.164398035175412488e-02
5.141803105063921797e-02
5.119301957882864407e-02
5.096894248959360496e-02
5.074579634493044805e-02
5.052357771557505761e-02
5.030228318101739177e-02
5.008190932951549906e-02
4.986245275810874400e-02
4.964391007263115052e-02
4.942627788772348957e-02
4.920955282684631726e-02
4.899373152229107020e-02
4.877881061519166728e-02
4.856478675553542457e-02
4.835165660217372735e-02
4.813941682283194579e-02
4.792806409411947549e-02
4.771759510153874423e-02
4.750800653949441982e-02
4.729929511130183395e-02
4.709145752919524641e-02
4.688449051433568604e-02
4.667839079681808390e-02
4.647315511567862850e-02
4.626878021890139941e-02
4.606526286342443183e-02
4.586259981514599626e-02
4.566078784892987213e-02
4.545982374861071845e-02
4.525970430699896574e-02
4.506042632588528468e-02
4.486198661604473559e-02
4.466438199724068886e-02
4.446760929822825281e-02
4.427166535675734760e-02
4.407654701957566118e-02
4.388225114243119590e-02
4.368877459007411423e-02
4.349611423625898698e-02
4.330426696374607698e-02
4.311322966430249093e-02
4.292299923870336598e-02
4.273357259673214725e-02
4.254494665718094176e-02
4.235711834785071961e-02
4.217008460555064092e-02
4.198384237609763953e-02
4.179838861431558333e-02
4.161372028403378942e-02
4.142983435808581666e-02
4.124672781830752283e-02
4.106439765553501764e-02
4.088284086960247005e-02
4.070205446933925636e-02
4.052203547256728877e-02
4.034278090609770551e-02
4.016428780572756096e-02
3.998655321623611342e-02
3.980957419138084902e-02
3.963334779389331847e-02
3.945787109547455734e-02
3.928314117679064521e-02
3.910915512746742512e-02
3.893591004608554923e-02
3.876340304017489996e-02
3.859163122620898334e-02
3.842059172959897545e-02
3.825028168468741496e-02
3.808069823474212467e-02
3.791183853194920322e-02
3.774369973740665518e-02
3.757627902111684848e-02
3.740957356197942979e-02
3.724358054778385135e-02
3.707829717520158552e-02
3.691372064977822831e-02
3.674984818592518659e-02
3.658667700691155267e-02
3.642420434485536124e-02
3.626242744071480478e-02
3.610134354427951831e-02
3.594094991416111468e-02
3.578124381778382407e-02
3.562222253137520972e-02
3.546388333995610653e-02
3.530622353733087193e-02
3.514924042607731752e-02
3.499293131753607178e-02
3.483729353180043536e-02
3.468232439770557035e-02
3.452802125281766166e-02
3.437438144342293278e-02
3.422140232451625907e-02
3.406908125979014185e-02
3.391741562162295387e-02
3.376640279106732367e-02
3.361604015783817984e-02
3.346632512030076750e-02
3.331725508545854003e-02
3.316882746894085632e-02
3.302103969499034508e-02
3.287388919645038710e-02
3.272737341475213946e-02
3.258148979990187905e-02
3.243623581046769372e-02
3.229160891356645108e-02
3.214760658485006639e-02
3.200422630849245748e-02
3.186146557717552119e-02
3.171932189207558178e-02
3.157779276284942982e-02
3.143687570762009054e-02
3.129656825296289052e-02
3.115686793389106299e-02
3.101777229384124548e-02
3.087927888465897761e-02
3.074138526658404952e-02
3.060408900823572559e-02
3.046738768659762800e-02
3.033127888700300548e-02
3.019576020311939835e-02
3.006082923693337641e-02
2.992648359873524913e-02
2.979272090710340104e-02
2.965953878888908171e-02
2.952693487920027282e-02
2.939490682138616931e-02
2.926345226702117830e-02
2.913256887588894922e-02
2.900225431596622008e-02
2.887250626340677820e-02
2.874332240252490400e-02
2.861470042577920342e-02
2.848663803375605513e-02
2.835913293515308214e-02
2.823218284676239781e-02
2.810578549345398025e-02
2.797993860815866859e-02
2.785463993185148535e-02
2.772988721353444180e-02
2.760567821021957594e-02
2.748201068691175086e-02
2.735888241659138395e-02
2.723629118019711692e-02
2.711423476660862475e-02
2.699271097262885902e-02
2.687171760296675968e-02
2.675125247021948108e-02
2.663131339485485735e-02
2.651189820519353826e-02
2.639300473739130196e-02
2.627463083542100342e-02
2.615677435105487336e-02
2.603943314384632446e-02
2.592260508111198652e-02
2.580628803791353704e-02
2.569047989703958021e-02
2.557517854898736995e-02
2.546038189194452933e-02
2.534608783177069030e-02
2.523229428197912294e-02
2.511899916371830230e-02
2.500620040575335032e-02
2.489389594444747431e-02
2.478208372374350252e-02
2.467076169514510059e-02
2.455992781769807121e-02
2.444958005797174053e-02
2.433971639004012255e-02
2.423033479546305574e-02
2.412143326326736045e-02
2.401300978992802759e-02
2.390506237934909503e-02
2.379758904284484666e-02
2.369058779912072352e-02
2.358405667425431465e-02
2.347799370167614683e-02
2.337239692215068582e-02
2.326726438375724751e-02
2.316259414187060023e-02
2.305838425914202849e-02
2.295463280547980697e-02
2.285133785803013934e-02
2.274849750115788549e-02
2.264610982642698347e-02
2.254417293258145771e-02
2.244268492552570216e-02
2.234164391830536014e-02
2.224104803108781225e-02
2.214089539114268840e-02
2.204118413282250485e-02
2.194191239754310352e-02
2.184307833376419872e-02
2.174468009696990667e-02
2.164671584964915352e-02
2.154918376127617358e-02
2.145208200829095899e-02
2.135540877407958796e-02
2.125916224895485832e-02
2.116334063013640063e-02
2.106794212173137074e-02
2.097296493471461146e-02
2.087840728690906061e-02
2.078426740296631520e-02
2.069054351434663000e-02
2.059723385929966913e-02
2.050433668284446648e-02
2.041185023675005580e-02
2.031977277951567754e-02
2.022810257635110701e-02
2.013683789915695840e-02
2.004597702650509974e-02
1.995551824361892559e-02
1.986545984235360204e-02
1.977580012117653024e-02
1.968653738514752546e-02
1.959766994589925287e-02
1.950919612161746211e-02
1.942111423702133285e-02
1.933342262334392450e-02
1.924611961831228582e-02
1.915920356612799136e-02
1.907267281744730661e-02
1.898652572936177993e-02
1.890076066537831057e-02
1.881537599539971975e-02
1.873037009570504424e-02
1.864574134892986110e-02
1.856148814404683101e-02
1.847760887634590163e-02
1.839410194741483706e-02
1.831096576511963281e-02
1.822819874358487524e-02
1.814579930317422596e-02
1.806376587047087146e-02
1.798209687825799707e-02
1.790079076549924708e-02
1.781984597731918127e-02
1.773926096498395014e-02
1.765903418588155721e-02
1.757916410350257932e-02
1.749964918742066486e-02
1.742048791327319851e-02
1.734167876274174055e-02
1.726322022353262917e-02
1.718511078935778744e-02
1.710734895991527713e-02
1.702993324086979343e-02
1.695286214383363160e-02
1.687613418634719906e-02
1.679974789185978423e-02
1.672370178971032198e-02
1.664799441510814507e-02
1.657262430911376344e-02
1.649759001861970248e-02
1.642289009633126490e-02
1.634852310074751819e-02
1.627448759614203572e-02
1.620078215254385293e-02
1.612740534571842008e-02
1.605435575714855498e-02
1.598163197401537838e-02
1.590923258917935346e-02
1.583715620116129402e-02
1.576540141412346302e-02
1.569396683785057034e-02
1.562285108773094761e-02
1.555205278473774724e-02
1.548157055540999930e-02
1.541140303183380529e-02
1.534154885162362057e-02
1.527200665790351929e-02
1.520277509928841427e-02
1.513385282986538100e-02
1.506523850917505618e-02
1.499693080219291139e-02
1.492892837931078520e-02
1.486122991631812565e-02
1.479383409438366631e-02
1.472673960003679020e-02
1.465994512514905146e-02
1.459344936691580816e-02
1.452725102783777172e-02
1.446134881570261543e-02
1.439574144356669042e-02
1.433042762973659769e-02
1.426540609775107417e-02
1.420067557636260636e-02
1.413623479951931113e-02
1.407208250634670553e-02
1.400821744112958935e-02
1.394463835329396752e-02
1.388134399738892057e-02
1.381833313306862245e-02
1.375560452507430462e-02
1.369315694321630861e-02
1.363098916235615243e-02
1.356909996238865254e-02
1.350748812822405096e-02
1.344615244977019272e-02
1.338509172191475367e-02
1.332430474450752717e-02
1.326379032234261020e-02
1.320354726514088098e-02
1.314357438753223188e-02
1.308387050903807129e-02
1.302443445405370749e-02
1.296526505183082448e-02
1.290636113646006708e-02
1.284772154685353586e-02
1.278934512672738090e-02
1.273123072458448753e-02
1.267337719369710652e-02
1.261578339208957802e-02
1.255844818252109182e-02
1.250137043246846505e-02
1.244454901410900136e-02
1.238798280430331196e-02
1.233167068457828239e-02
1.227561154110999239e-02
1.221980426470668790e-02
1.216424775079190043e-02
1.210894089938739301e-02
1.205388261509636287e-02
1.199907180708655041e-02
1.194450738907350609e-02
1.189018827930369074e-02
1.183611340053789159e-02
1.178228168003447700e-02
1.172869204953272404e-02
1.167534344523627962e-02
1.162223480779657134e-02
1.156936508229628249e-02
1.151673321823293121e-02
1.146433816950234892e-02
1.141217889438233754e-02
1.136025435551636133e-02
1.130856351989718324e-02
1.125710535885058108e-02
1.120587884801918510e-02
1.115488296734627911e-02
1.110411670105963464e-02
1.105357903765544735e-02
1.100326896988226485e-02
1.095318549472501166e-02
1.090332761338894986e-02
1.085369433128380648e-02
1.080428465800792673e-02
1.075509760733236314e-02
1.070613219718507050e-02
1.065738744963528641e-02
1.060886239087762035e-02
1.056055605121656790e-02
1.051246746505079405e-02
1.046459567085753287e-02
1.041693971117713460e-02
1.036949863259750172e-02
1.032227148573867416e-02
1.027525732523740590e-02
1.022845520973179878e-02
1.018186420184600746e-02
1.013548336817489577e-02
1.008931177926892381e-02
1.004334850961885288e-02
9.997592637640597898e-03
9.952043245660199475e-03
9.906699419898747430e-03
