2.906420963430174087e-01
2.906448757784063086e-01
2.906482236131704422e-01
2.906522560847329406e-01
2.906571132004718838e-01
2.906629635982964643e-01
2.906700104010123131e-01
2.906784982676650086e-01
2.906887218864271372e-01
2.907010362037117379e-01
2.907158687442425449e-01
2.907337344493058362e-01
2.907552535475301791e-01
2.907811730775429759e-01
2.908123928079804354e-01
2.908499964523982850e-01
2.908952892591584738e-01
2.909498432762132047e-01
2.910155518547499209e-01
2.910946952728961090e-01
2.911900197419500236e-01
2.913048325147757911e-01
2.914431163646378220e-01
2.916096673599522515e-01
2.918102606470331373e-01
2.920518498932318519e-01
2.923428071647890536e-01
2.926932113499514099e-01
2.931151948252846973e-01
2.936233599431212205e-01
2.942352791362270459e-01
2.949720950406070630e-01
2.958592400778938258e-01
2.969272984612699173e-01
2.982130376293055107e-01
2.997606406874923080e-01
3.016231765278995502e-01
3.038643498248194130e-01
3.065605788940166110e-01
3.098034551328857078e-01
3.137026428829202684e-01
3.183892821951597174e-01
3.240199577700857425e-01
3.307812932234591163e-01
3.388952177503750107e-01
3.486249278026211096e-01
3.602815232780853805e-01
3.742312271994950312e-01
3.909029880362448472e-01
4.107960989794328110e-01
4.344872286235057501e-01
4.626359185668820762e-01
4.959871388665343384e-01
5.353688773468403550e-01
5.816819596462083908e-01
6.358783674566312882e-01
6.989233125413597536e-01
7.717354031629699573e-01
8.550987360075976706e-01
9.495412164650210984e-01
1.055175687124344508e+00
1.171505613114105504e+00
1.297206256273181424e+00
1.429906086415670963e+00
1.566010755619644979e+00
1.700629616420714640e+00
1.827674957142034318e+00
1.940196034331690633e+00
2.030973358022072350e+00
2.093331473928195408e+00
2.122045090453933192e+00
2.114146287741451413e+00
2.069428154834216382e+00
1.990503294577933957e+00
1.882397838353881081e+00
1.751792745934831474e+00
1.606108514824281963e+00
1.452638400408831298e+00
1.297879629724206563e+00
1.147128046976008564e+00
1.004325949707162380e+00
8.721061382518467964e-01
7.519595825499594266e-01
6.444606469587089714e-01
5.495009556657435290e-01
4.665017941809854185e-01
3.945905474285331671e-01
3.327374928327230807e-01
2.798556355864376677e-01
2.348692961946563518e-01
1.967580162145481926e-01
1.645819889213665510e-01
1.374943039599897665e-01
1.147442188421282927e-01
9.567464940902972725e-02
7.971620063181045213e-02
6.637936385002336792e-02
5.524597685403738467e-02
4.596065424794862353e-02
3.822261878136434810e-02
