1.214914904326974636e-08
1.214928038775800670e-08
1.214943859282843440e-08
1.214962915164200944e-08
1.214985868076422180e-08
1.215013514992235471e-08
1.215046815875308043e-08
1.215086927015840436e-08
1.215135241184701035e-08
1.215193436001483447e-08
1.215263532197098173e-08
1.215347963795621842e-08
1.215449662655325403e-08
1.215572160307955906e-08
1.215719710638307906e-08
1.215897437672121023e-08
1.216111513615995477e-08
1.216369373349007360e-08
1.216679972839467988e-08
1.217054100496901905e-08
1.217504752324462233e-08
1.218047583976680887e-08
1.218701455533328079e-08
1.219489088070875115e-08
1.220437855069686694e-08
1.221580736484601989e-08
1.222957469110896092e-08
1.224615933919945273e-08
1.226613829592795846e-08
1.229020691890082982e-08
1.231920331184979203e-08
1.235413775986021397e-08
1.239622829256730800e-08
1.244694367641456194e-08
1.250805542403765654e-08
1.258170076335115616e-08
1.267045894841501625e-08
1.277744384086574648e-08
1.290641637312048834e-08
1.306192135888879221e-08
1.324945418843348808e-08
1.347566429200988516e-08
1.374860394261042820e-08
1.407803307474394519e-08
1.447579339478617013e-08
1.495626820147333227e-08
1.553694799644599738e-08
1.623912593147277586e-08
1.708875078820789682e-08
1.811746704467060785e-08
1.936386847072141943e-08
2.087497709329190037e-08
2.270792036102961058e-08
2.493169102421244204e-08
2.762869008715238715e-08
3.089538963999169925e-08
3.484076908125382907e-08
3.957996774045476242e-08
4.521863893574647302e-08
5.182083244175014557e-08
5.935105645674350938e-08
6.758370578237785712e-08
7.598984538332433782e-08
8.365405949299562644e-08
8.933324411624587025e-08
9.177157187015037067e-08
9.022028778660633682e-08
8.484024829608792085e-08
7.664323320178446849e-08
6.701274500200149323e-08
5.718691609079679103e-08
4.799584938290693145e-08
3.985743669827871926e-08
3.289423654414464494e-08
2.705990598722773768e-08
2.223090883787083618e-08
1.826068098982337039e-08
1.500699423366822437e-08
1.234345266858879773e-08
1.016268803934815080e-08
8.375690433293735702e-09
6.909624182157263854e-09
5.705272799807034221e-09
4.714616133358853656e-09
3.898723982597147672e-09
3.226002206818125642e-09
2.670765115996101363e-09
2.212086953896339376e-09
1.832882800291776842e-09
1.519174144152462054e-09
1.259501526918637277e-09
1.044453772112384250e-09
8.662895543614340378e-10
7.186322069284496187e-10
5.962227799394575258e-10
4.947195930856473045e-10
4.105350436568068160e-10
3.407023847336604546e-10
2.827667053022264642e-10
2.346955244425846434e-10
