3.744917890998274725e-06
1.178547509022670426e-05
2.003165165973800379e-05
2.848870585768346924e-05
3.716203041047398534e-05
4.605715595150618104e-05
5.517975454782727694e-05
6.453564331698584140e-05
7.413078813637617270e-05
8.397130744744029512e-05
9.406347615715446038e-05
1.044137296392867926e-04
1.150286678379792239e-04
1.259150594762684637e-04
1.370798463722310825e-04
1.485301478655041453e-04
1.602732653570044380e-04
1.723166869647404587e-04
1.846680922986878182e-04
1.973353573577691972e-04
2.103265595520660233e-04
2.236499828534600494e-04
2.373141230779931621e-04
2.513276933033094847e-04
2.656996294246382153e-04
2.804390958528588020e-04
2.955554913582786347e-04
3.110584550638561879e-04
3.269578725916842460e-04
3.432638823666573974e-04
3.599868820813423948e-04
3.771375353261709152e-04
3.947267783891876070e-04
4.127658272296838918e-04
4.312661846301686034e-04
4.502396475312348597e-04
4.696983145539972712e-04
4.896545937149018521e-04
5.101212103378231040e-04
5.311112151684951269e-04
5.526379926964536046e-04
5.747152696897900878e-04
5.973571239481651743e-04
6.205779932796609728e-04
6.443926847071946218e-04
6.688163839103683679e-04
6.938646649087708198e-04
7.195534999929087839e-04
7.458992699091008833e-04
7.729187743048271126e-04
8.006292424411917642e-04
8.290483441793409332e-04
8.581942012478245606e-04
8.880853987981030939e-04
9.187409972555571347e-04
9.501805444735607602e-04
9.824240881983691519e-04
1.015492188852765675e-03
1.049405932646627678e-03
1.084186945022758836e-03
1.119857404446572297e-03
1.156440056548416022e-03
1.193958228627553259e-03
1.232435844527054233e-03
1.271897439889071914e-03
1.312368177800248871e-03
1.353873864837213357e-03
1.396440967522399748e-03
1.440096629200702909e-03
1.484868687347702925e-03
1.530785691320513424e-03
1.577876920562571025e-03
1.626172403273967552e-03
1.675702935559239938e-03
1.726500101064811204e-03
1.778596291118632582e-03
1.832024725384836638e-03
1.886819473046592865e-03
1.943015474530668859e-03
2.000648563787553805e-03
2.059755491141328481e-03
2.120373946723892906e-03
2.182542584508456816e-03
2.246301046957638325e-03
2.311689990301880882e-03
2.378751110464316643e-03
2.447527169648586968e-03
2.518062023606602948e-03
2.590400649603604496e-03
2.664589175098372627e-03
2.740674907156875027e-03
2.818706362618086415e-03
2.898733299031256046e-03
2.980806746384302361e-03
3.064979039643611104e-03
3.151303852125954263e-03
3.239836229723821841e-03
3.330632626005997077e-03
3.423750938215750460e-03
3.519250544189596840e-03
