5.985732146808258811e-05
1.227521131996830127e-02
2.473983710202682165e-02
3.745882141519804587e-02
5.043735480940150784e-02
6.368073375515764800e-02
7.719436280504929360e-02
9.098375679929091020e-02
1.050545431163055765e-01
1.194124639692280693e-01
1.340633787492718221e-01
1.490132664169151466e-01
1.642682279418831159e-01
1.798344887929213265e-01
1.957184014783761583e-01
2.119264481386198828e-01
2.284652431913777038e-01
2.453415360310365056e-01
2.625622137830367908e-01
2.801343041144720991e-01
2.980649781020422440e-01
3.163615531585320939e-01
3.350314960190086122e-01
3.540824257879556236e-01
3.735221170485903408e-01
3.933585030356288037e-01
4.135996788727974161e-01
4.342539048764097465e-01
4.553296099263572927e-01
4.768353949058913299e-01
4.987800362115971664e-01
5.211724893349951593e-01
5.440218925172288778e-01
5.673375704783333306e-01
5.911290382226030982e-01
6.154060049216154571e-01
6.401783778764917887e-01
6.654562665610139760e-01
6.912499867472470250e-01
7.175700647153515632e-01
7.444272415493022876e-01
7.718324775202671795e-01
7.997969565594357233e-01
8.283320908221230017e-01
8.574495253450081789e-01
8.871611427984125164e-01
9.174790683355549259e-01
9.484156745407613665e-01
9.799835864786514694e-01
1.012195686846359965e+00
1.045065121230896565e+00
1.078605303473792354e+00
1.112829921145213508e+00
1.147752941129789539e+00
1.183388615326422588e+00
1.219751486464411672e+00
1.256856394038265323e+00
1.294718480363617807e+00
1.333353196756728698e+00
1.372776309840084252e+00
1.413003907976669637e+00
1.454052407835546790e+00
1.495938561091409102e+00
1.538679461260848758e+00
1.582292550678134901e+00
1.626795627613332407e+00
1.672206853535684434e+00
1.718544760525209769e+00
1.765828258835547615e+00
1.814076644611132050e+00
1.863309607761842512e+00
1.913547239998356408e+00
1.964810043031466114e+00
2.017118936938719465e+00
2.070495268701790792e+00
2.124960820918073701e+00
2.180537820690039652e+00
2.237248948696003659e+00
2.295117348445985250e+00
2.354166635726457457e+00
2.414420908237816299e+00
2.475904755428529391e+00
2.538643268529960473e+00
2.602662050795960358e+00
2.667987227951427620e+00
2.734645458854074285e+00
2.802663946373759707e+00
2.872070448493844186e+00
2.942893289639073373e+00
3.015161372234619108e+00
3.088904188501014225e+00
3.164151832489765059e+00
3.240935012364578149e+00
3.319285062933192254e+00
3.399233958434955127e+00
3.480814325589336899e+00
3.564059456910716239e+00
3.649003324294888273e+00
3.735680592882807183e+00
3.824126635207248270e+00
