3.728010057498392683e-04
5.123045768805890854e-02
1.033886858459464042e-01
1.568807447027708579e-01
2.117407440125683715e-01
2.680036658104835712e-01
3.257053867194187324e-01
3.848827008271269445e-01
4.455733431483350215e-01
5.078160136868586916e-01
5.716504021130529578e-01
6.371172130723321558e-01
7.042581921409007961e-01
7.731161524452441203e-01
8.437350019623517383e-01
9.161597715180846979e-01
9.904366435015389269e-01
1.066612981313714181e+00
1.144737359569266699e+00
1.224859595070606266e+00
1.307030778574083341e+00
1.391303307368529918e+00
1.477730918686923633e+00
1.566368723972476396e+00
1.657273244021006953e+00
1.750502445022000586e+00
1.846115775521336655e+00
1.944174204329257361e+00
2.044740259397747728e+00
2.147878067692120752e+00
2.253653396082223814e+00
2.362133693279353519e+00
2.473388132845609100e+00
2.587487657303117583e+00
2.704505023371249095e+00
2.824514848360684560e+00
2.947593657753891705e+00
3.073819934002383292e+00
3.203274166571842940e+00
3.336038903267050770e+00
3.472198802869333356e+00
3.611840689120087156e+00
3.755053606084823414e+00
3.901928874933018321e+00
4.052560152169981222e+00
4.207043489357879196e+00
4.365477394363988850e+00
4.527962894175233899e+00
4.694603599319075116e+00
4.865505769931806057e+00
5.040778383516414607e+00
5.220533204433190022e+00
5.404884855167397362e+00
5.593950889419478933e+00
5.787851867064352618e+00
5.986711431027641694e+00
6.190656386127852073e+00
6.399816779934730526e+00
6.614325985695435506e+00
6.834320787381335194e+00
7.059941466909689822e+00
7.291331893595845770e+00
7.528639615892963377e+00
7.772015955477776572e+00
8.021616103742411852e+00
8.277599220753739218e+00
8.540128536743409882e+00
8.809371456193261452e+00
9.085499664582505019e+00
9.368689237864691322e+00
9.659120754744328963e+00
9.956979411824745441e+00
1.026245514170056694e+01
1.057574273407017174e+01
1.089704195994529989e+01
1.122655769903708745e+01
1.156450007039969208e+01
1.191108456641480906e+01
1.226653219020261965e+01
1.263106959654664330e+01
1.300492923642245557e+01
1.338834950522244505e+01
1.378157489477101727e+01
1.418485614922729354e+01
1.459845042497469692e+01
1.502262145459930132e+01
1.545763971506157830e+01
1.590378260016881562e+01
1.636133459745806817e+01
1.683058746960251995e+01
1.731184044045691195e+01
1.780540038586069329e+01
1.831158202932049051e+01
1.883070814269673221e+01
1.936310975202243156e+01
1.990912634858528563e+01
2.046910610540772169e+01
2.104340609926298100e+01
2.163239253836873743e+01
2.223644099590346102e+01
