2.413588358861171596e-06
1.914284568628437167e-05
3.629991656838172504e-05
5.389574138546910059e-05
7.194154029376027403e-05
9.044882038001363577e-05
1.094293829991426262e-04
1.288953312994695120e-04
1.488590779404205485e-04
1.693333530075845079e-04
1.903312121301806267e-04
2.118660448061132000e-04
2.339515829399205476e-04
2.566019095990635691e-04
2.798314679941363617e-04
3.036550706887262540e-04
3.280879090447945900e-04
3.531455629096037167e-04
3.788440105503641103e-04
4.051996388429385319e-04
4.322292537211001309e-04
4.599500908930060522e-04
4.883798268317219530e-04
5.175365900468043576e-04
5.474389726441285676e-04
5.781060421813338356e-04
6.095573538264444265e-04
6.418129628274220257e-04
6.748934373005963192e-04
7.088198713461348575e-04
7.436138984989091281e-04
7.792977055233367770e-04
8.158940465609996898e-04
8.534262576400492798e-04
8.919182715556652234e-04
9.313946331310433546e-04
9.718805148686512387e-04
1.013401733001730639e-03
1.055984763956279359e-03
1.099656761234012962e-03
1.144445572727072809e-03
1.190379758475513606e-03
1.237488608878905324e-03
1.285802163373653099e-03
1.335351229587947424e-03
1.386167402986561653e-03
1.438283087018022832e-03
1.491731513776993652e-03
1.546546765195061599e-03
1.602763794773424261e-03
1.660418449871343179e-03
1.719547494564581218e-03
1.780188633088381888e-03
1.842380533879963474e-03
1.906162854235836021e-03
1.971576265599680328e-03
2.038662479496908004e-03
2.107464274132436668e-03
2.178025521668646748e-03
2.250391216200912665e-03
2.324607502448543077e-03
2.400721705179425895e-03
2.478782359387156006e-03
2.558839241239852999e-03
2.640943399820454285e-03
2.725147189678668418e-03
2.811504304215393588e-03
2.900069809920851650e-03
2.990900181488301713e-03
3.084053337825699501e-03
3.179588678988270675e-03
3.277567124055566061e-03
3.378051149977127909e-03
3.481104831411552074e-03
3.586793881584337228e-03
3.695185694190601406e-03
3.806349386369348078e-03
3.920355842776709898e-03
4.037277760786269626e-03
4.157189696845290175e-03
4.280168114016363184e-03
4.406291430734886674e-03
4.535640070813353950e-03
4.668296514724423404e-03
4.804345352195424530e-03
4.943873336147867892e-03
5.086969438016298792e-03
5.233724904481868237e-03
5.384233315656678301e-03
5.538590644756106497e-03
5.696895319297089200e-03
5.859248283861438755e-03
6.025753064464171860e-03
6.196515834567914438e-03
6.371645482785504716e-03
6.551253682313922314e-03
6.735454962143809163e-03
6.924366780090077111e-03
7.118109597690052900e-03
7.316806957017005057e-03
