4.567481099482847279e-05
9.366739827474070829e-03
1.887801451790998425e-02
2.858338038296845407e-02
3.848679813089214002e-02
4.859230929384505265e-02
5.890403787724002999e-02
6.942619204272351685e-02
8.016306582550401794e-02
9.111904088672456714e-02
1.022985883015974651e-01
1.137062703840220346e-01
1.253467425484451336e-01
1.372247552097087264e-01
1.493451557216695091e-01
1.617128903553780583e-01
1.743330063176259381e-01
1.872106538106839690e-01
2.003510881340723748e-01
2.137596718292206210e-01
2.274418768678914959e-01
2.414032868852664659e-01
2.556495994585918363e-01
2.701866284323357625e-01
2.850203062907839535e-01
3.001566865790559202e-01
3.156019463735245667e-01
3.313623888026481223e-01
3.474444456192431474e-01
3.638546798252491055e-01
3.805997883500544798e-01
3.976866047834776707e-01
4.151221021645193909e-01
4.329133958270222071e-01
4.510677463034005186e-01
4.695925622876271910e-01
4.884954036586774406e-01
5.077839845656806350e-01
5.274661765760203513e-01
5.475500118876802658e-01
5.680436866071416624e-01
5.889555640941701586e-01
6.102941783748585536e-01
6.320682376243186296e-01
6.542866277204397729e-01
6.769584158701685839e-01
7.000928543097895140e-01
7.236993840807113276e-01
7.477876388823072595e-01
7.723674490033753948e-01
7.974488453338280936e-01
8.230420634582450434e-01
8.491575478329622673e-01
8.758059560483938411e-01
9.029981631783442486e-01
9.307452662180653036e-01
9.590585886128814019e-01
9.879496848792270747e-01
1.017430345319983775e+00
1.047512600836040697e+00
1.078208727836039937e+00
1.109531253246315519e+00
1.141492959623064074e+00
1.174106890368838085e+00
1.207386355055490634e+00
1.241344934855738824e+00
1.275996488085570979e+00
1.311355155859747823e+00
1.347435367862720224e+00
1.384251848237304960e+00
1.421819621593528149e+00
1.460154019140093906e+00
1.499270684940958276e+00
1.539185582299601007e+00
1.579915000273557801e+00
1.621475560321898879e+00
1.663884223088361036e+00
1.707158295322891872e+00
1.751315436944446358e+00
1.796373668247903899e+00
1.842351377258055312e+00
1.889267327233658200e+00
1.937140664324623618e+00
1.985990925385455963e+00
2.035838045948142661e+00
2.086702368357737924e+00
2.138604650073961722e+00
2.191566072142216992e+00
2.245608247837453497e+00
2.300753231484433670e+00
2.357023527457989154e+00
2.414442099366928662e+00
2.473032379425371907e+00
2.532818278015306568e+00
2.593824193444293602e+00
2.656075021902281730e+00
2.719596167621611826e+00
2.784413553244351025e+00
2.850553630401183369e+00
2.918043390506180224e+00
