3.761511997746550678e-04
5.110049227076296496e-02
1.031219955670290567e-01
1.564738331279363626e-01
2.111900252939889755e-01
2.673054624002472179e-01
3.248559270245036656e-01
3.838781168044066439e-01
4.444096678380817234e-01
5.064891786831711151e-01
5.701562349695954435e-01
6.354514346417330373e-01
7.024164138461099771e-01
7.710938734811121353e-01
8.415276064256462796e-01
9.137625254641129624e-01
9.878446919254995073e-01
1.063821345054854151e+00
1.141740932135869357e+00
1.221653139383784392e+00
1.303608923628303051e+00
1.387660544806735174e+00
1.473861599288075475e+00
1.562267054049269577e+00
1.652933281725467829e+00
1.745918096556606347e+00
1.841280791253244065e+00
1.939082174805160541e+00
2.039384611256825686e+00
2.142252059474466286e+00
2.247750113930084837e+00
2.355946046528439641e+00
2.466908849503658629e+00
2.580709279412838342e+00
2.697419902254675428e+00
2.817115139741920071e+00
2.939871316757127762e+00
3.065766710022002073e+00
3.194881598011335200e+00
3.327298312143393666e+00
3.463101289279384876e+00
3.602377125565474181e+00
3.745214631651697879e+00
3.891704889322977756e+00
4.041941309578340302e+00
4.196019692195390505e+00
4.354038286818015635e+00
4.516097855606261646e+00
4.682301737488346660e+00
4.852755914055784991e+00
5.027569077143610343e+00
5.206852698138846769e+00
5.390721099061346777e+00
5.579291525462406476e+00
5.772684221187570408e+00
5.971022505051339024e+00
6.174432849472673013e+00
6.383044961121397520e+00
6.596991863626987751e+00
6.816409982402440448e+00
7.041439231637303564e+00
7.272223103515396581e+00
7.508908759714053360e+00
7.751647125243250613e+00
8.000592984684484321e+00
8.255905080890716619e+00
8.517746216210376531e+00
8.786283356299918523e+00
9.061687736591176545e+00
9.344134971481373952e+00
9.633805166315413615e+00
9.930883032231900387e+00
1.023555800394604631e+01
1.054802436054466597e+01
1.086848134937017818e+01
1.119713331307272242e+01
1.153418981991131176e+01
1.187986579738714354e+01
1.223438166929432924e+01
1.259796349627535506e+01
1.297084311997092243e+01
1.335325831085614823e+01
1.374545291985731765e+01
1.414767703384588415e+01
1.456018713510891160e+01
1.498324626489762146e+01
1.541712419115827615e+01
1.586209758055248642e+01
1.631845017487651006e+01
1.678647297199204402e+01
1.726646441138402466e+01
1.775873056446355491e+01
1.826358532973746307e+01
1.878135063296883800e+01
1.931235663245629652e+01
1.985694192956277959e+01
2.041545378462807392e+01
2.098824833840297899e+01
2.157569083914603425e+01
2.217815587552774304e+01
