4.754678265044606084e-05
9.750633511558281716e-03
1.965172561429581743e-02
2.975486367394366422e-02
4.006417072746373126e-02
5.058385394828900788e-02
6.131820636324860491e-02
7.227160860452910840e-02
8.344853069738744633e-02
9.485353388434400457e-02
1.064912724866031446e-01
1.183664958034536252e-01
1.304840500504357292e-01
1.428488803370546179e-01
1.554660326848531782e-01
1.683406560866669011e-01
1.814780046079004228e-01
1.948834395306837386e-01
2.085624315417828889e-01
2.225205629651580974e-01
2.367635300400804388e-01
2.512971452457385402e-01
2.661273396732761753e-01
2.812601654462436596e-01
2.967017981904349622e-01
3.124585395541283894e-01
3.285368197797555179e-01
3.449432003280490378e-01
3.616843765557400392e-01
3.787671804478975890e-01
3.961985834060256506e-01
4.139856990930544378e-01
4.321357863363891050e-01
4.506562520901983837e-01
4.695546544581528092e-01
4.888387057778487144e-01
5.085162757681680468e-01
5.285953947408733589e-01
5.490842568777323240e-01
5.699912235745214772e-01
5.913248268532668162e-01
6.130937728441161472e-01
6.353069453382651499e-01
6.579734094133855571e-01
6.811024151330344889e-01
7.047034013215569548e-01
7.287859994160190702e-01
7.533600373967475061e-01
7.784355437980747805e-01
8.040227518009319674e-01
8.301321034089544915e-01
8.567742537098087530e-01
8.839600752234784142e-01
9.117006623392778231e-01
9.400073358434175574e-01
9.688916475389547367e-01
9.983653849600245822e-01
1.028440576182267918e+00
1.059129494731426480e+00
1.090444664592103985e+00
1.122398865318735783e+00
1.155005137250858960e+00
1.188276786834805421e+00
1.222227392053989670e+00
1.256870807970015935e+00
1.292221172376851523e+00
1.328292911570386980e+00
1.365100746235729634e+00
1.402659697454638588e+00
1.440985092835547876e+00
1.480092572768680448e+00
1.519998096808813814e+00
1.560717950188278191e+00
1.602268750462886526e+00
1.644667454293460951e+00
1.687931364365762743e+00
1.732078136451622674e+00
1.777125786614165426e+00
1.823092698560075720e+00
1.869997631141887551e+00
1.917859726013369848e+00
1.966698515441138717e+00
2.016533930275669739e+00
2.067386308084969038e+00
2.119276401454231351e+00
2.172225386454858853e+00
2.226254871286298620e+00
2.281386905094241691e+00
2.337643986968757748e+00
2.395049075126050475e+00
2.453625596277593690e+00
2.513397455190442109e+00
2.574389044442633612e+00
2.636625254377680694e+00
2.700131483262184773e+00
2.764933647650732240e+00
2.831058192962299103e+00
2.898532104272496746e+00
2.967382917326026437e+00
3.037638729773874502e+00
