1.965255141811644188e-06
8.067159480975400962e-05
1.613906740924746274e-04
2.441739643298183990e-04
3.290742531266860620e-04
4.161456780135890468e-04
5.054437609679931056e-04
5.970254438184722590e-04
6.909491245542418673e-04
7.872746945632301974e-04
8.860635768224289907e-04
9.873787650648778967e-04
1.091284863948256776e-03
1.197848130250703507e-03
1.307136515120117543e-03
1.419219707403902809e-03
1.534169178086761641e-03
1.652058225864901520e-03
1.772962023885686286e-03
1.896957667682559094e-03
2.024124224335790371e-03
2.154542782890405024e-03
2.288296506063429436e-03
2.425470683273453325e-03
2.566152785026279588e-03
2.710432518691387183e-03
2.858401885704744353e-03
3.010155240234458664e-03
3.165789349346665327e-03
3.325403454710030259e-03
3.489099335878214844e-03
3.656981375190626084e-03
3.829156624332891168e-03
4.005734872599430590e-03
4.186828716901738572e-03
4.372553633566930199e-03
4.563028051972395360e-03
4.758373430063500206e-03
4.958714331802468664e-03
5.164178506597859319e-03
5.374896970765280328e-03
5.591004091071258286e-03
5.812637670413584728e-03
6.039939035692718991e-03
6.273053127930325844e-03
6.512128594692389791e-03
6.757317884875846739e-03
7.008777345919157790e-03
7.266667323498853664e-03
7.531152263775570121e-03
7.802400818254813866e-03
8.080585951329322114e-03
8.365885050571533060e-03
8.658480039846594423e-03
8.958557495317959196e-03
9.266308764419547636e-03
9.581930087870414725e-03
9.905622724809607510e-03
1.023759308113110500e-02
1.057805284110063804e-02
1.092721910233830467e-02
1.128531451425305449e-02
1.165256742001738455e-02
1.202921200217262065e-02
1.241548843195784332e-02
1.281164302245749523e-02
1.321792838566541312e-02
1.363460359356542459e-02
1.406193434333124700e-02
1.450019312675098274e-02
1.494965940398423551e-02
1.541061978176277297e-02
1.588336819614817597e-02
1.636820609996318329e-02
1.686544265501608436e-02
1.737539492924095388e-02
1.789838809887920462e-02
1.843475565583149386e-02
1.898483962031226324e-02
1.954899075894235908e-02
2.012756880841894830e-02
2.072094270490527218e-02
2.132949081928652707e-02
2.195360119844190494e-02
2.259367181268659083e-02
2.325011080954166726e-02
2.392333677399337971e-02
2.461377899540820313e-02
2.532187774127354907e-02
2.604808453793875517e-02
2.679286245853546716e-02
2.755668641826096096e-02
2.834004347721256339e-02
2.914343315096647874e-02
2.996736772909901203e-02
3.081237260185318294e-02
3.167898659515910875e-02
3.256776231422192636e-02
3.347926649589599846e-02
3.441408037007048087e-02
