3.835157109457120947e-04
5.137526183503734328e-02
1.036710084740012777e-01
1.573041025412507121e-01
2.123087437233546204e-01
2.687200062878147833e-01
3.265738614485285130e-01
3.859072003031978060e-01
4.467578573573125489e-01
5.091646346497061826e-01
5.731673264950702951e-01
6.388067448592018582e-01
7.061247453831687171e-01
7.751642540729827280e-01
8.459692946718033735e-01
9.185850167321243376e-01
9.930577244058429454e-01
1.069434905970574112e+00
1.147765264111030525e+00
1.228098746974785049e+00
1.310486580022212078e+00
1.394981298690923799e+00
1.481636781895524946e+00
1.570508286384047381e+00
1.661652481972978102e+00
1.755127487683342480e+00
1.850992908800885628e+00
1.949309874883991434e+00
2.050141078743560996e+00
2.153550816419722569e+00
2.259605028180854625e+00
2.368371340571064021e+00
2.479919109532939814e+00
2.594319464633073391e+00
2.711645354418547704e+00
2.831971592933320458e+00
2.955374907424154429e+00
3.081933987266531449e+00
3.211729534141722020e+00
3.344844313497036925e+00
3.481363207322055509e+00
3.621373268274483248e+00
3.764963775190164341e+00
3.912226290012638330e+00
4.063254716178540171e+00
4.218145358496079744e+00
4.376996984554780923e+00
4.539910887705636000e+00
4.706990951651841115e+00
4.878343716691288634e+00
5.054078447653072459e+00
5.234307203571315625e+00
5.419144909140748645e+00
5.608709427999608366e+00
5.803121637886578199e+00
6.002505507719710920e+00
6.206988176646464517e+00
6.416700035115269429e+00
6.631774808020313827e+00
6.852349639972598716e+00
7.078565182751566098e+00
7.310565684993148849e+00
7.548499084171374385e+00
7.792517100932190743e+00
8.042775335839683848e+00
8.299433368596346838e+00
8.562654859800705509e+00
8.832607655307146644e+00
9.109463893254545752e+00
9.393400113831892995e+00
9.684597371850916403e+00
9.983241352197552487e+00
1.028952248823577520e+01
1.060363608323937257e+01
1.092578243492904200e+01
1.125616696319429622e+01
1.159500034108151567e+01
1.194249862913175519e+01
1.229888341315394840e+01
1.266438194552135243e+01
1.303922729008130510e+01
1.342365847077077667e+01
1.381792062403240706e+01
1.422226515512821265e+01
1.463694989845074979e+01
1.506223928193380779e+01
1.549840449566754685e+01
1.594572366482563908e+01
1.640448202701460545e+01
1.687497211415843168e+01
1.735749393903457616e+01
1.785235518658011600e+01
1.835987141009019297e+01
1.888036623243373668e+01
1.941417155241493475e+01
1.996162775641182208e+01
2.052308393542710263e+01
2.109889810768961027e+01
2.168943744694824716e+01
2.229507851660402196e+01
