1.000000000000000021e-02
2.030101010101009962e+00
4.050202020202020137e+00
6.070303030303030312e+00
8.090404040404040487e+00
1.011050505050505066e+01
1.213060606060606084e+01
1.415070707070707101e+01
1.617080808080808296e+01
1.819090909090909136e+01
2.021101010101010331e+01
2.223111111111111526e+01
2.425121212121212366e+01
2.627131313131313206e+01
2.829141414141414401e+01
3.031151515151515596e+01
3.233161616161616081e+01
3.435171717171716921e+01
3.637181818181817761e+01
3.839191919191919311e+01
4.041202020202020151e+01
4.243212121212120991e+01
4.445222222222222541e+01
4.647232323232323381e+01
4.849242424242424221e+01
5.051252525252525061e+01
5.253262626262625901e+01
5.455272727272727451e+01
5.657282828282828291e+01
5.859292929292929131e+01
6.061303030303030681e+01
6.263313131313131521e+01
6.465323232323233071e+01
6.667333333333334622e+01
6.869343434343434751e+01
7.071353535353536301e+01
7.273363636363636431e+01
7.475373737373737981e+01
7.677383838383839532e+01
7.879393939393939661e+01
8.081404040404041211e+01
8.283414141414142762e+01
8.485424242424242891e+01
8.687434343434344441e+01
8.889444444444445992e+01
9.091454545454546121e+01
9.293464646464647672e+01
9.495474747474747801e+01
9.697484848484849351e+01
9.899494949494950902e+01
1.010150505050505103e+02
1.030351515151515258e+02
1.050552525252525271e+02
1.070753535353535426e+02
1.090954545454545581e+02
1.111155555555555594e+02
1.131356565656565749e+02
1.151557575757575904e+02
1.171758585858585917e+02
1.191959595959596072e+02
1.212160606060606227e+02
1.232361616161616240e+02
1.252562626262626395e+02
1.272763636363636408e+02
1.292964646464646421e+02
1.313165656565656434e+02
1.333366666666666731e+02
1.353567676767676744e+02
1.373768686868686757e+02
1.393969696969697054e+02
1.414170707070707067e+02
1.434371717171717080e+02
1.454572727272727093e+02
1.474773737373737390e+02
1.494974747474747403e+02
1.515175757575757416e+02
1.535376767676767713e+02
1.555577777777777726e+02
1.575778787878787739e+02
1.595979797979798036e+02
1.616180808080808049e+02
1.636381818181818062e+02
1.656582828282828359e+02
1.676783838383838372e+02
1.696984848484848385e+02
1.717185858585858682e+02
1.737386868686868695e+02
1.757587878787878708e+02
1.777788888888889005e+02
1.797989898989899018e+02
1.818190909090909031e+02
1.838391919191919044e+02
1.858592929292929341e+02
1.878793939393939354e+02
1.898994949494949367e+02
1.919195959595959664e+02
1.939396969696969677e+02
1.959597979797979690e+02
1.979798989898989987e+02
2.000000000000000000e+02
