1.939366861068209935e-01
1.939380197370044190e-01
1.939396259779357645e-01
1.939415605247765961e-01
1.939438904378879835e-01
1.939466964559406759e-01
1.939500757770547812e-01
1.939541454014266086e-01
1.939590461469983540e-01
1.939649474710597454e-01
1.939720532557157040e-01
1.939806087443491367e-01
1.939909088499984502e-01
1.940033080952231481e-01
1.940182324866953911e-01
1.940361936761164918e-01
1.940578058111687154e-01
1.940838055341699009e-01
1.941150756382657994e-01
1.941526729353874603e-01
1.941978609170683656e-01
1.942521477831622712e-01
1.943173303511182004e-01
1.943955442040891102e-01
1.944893201368756985e-01
1.946016464363848897e-01
1.947360356740760468e-01
1.948965933275467188e-01
1.950880834524831853e-01
1.953159834645742110e-01
1.955865154052943145e-01
1.959066342325696819e-01
1.962839438720449525e-01
1.967264979372353451e-01
1.972424229245056393e-01
1.978392759812876434e-01
1.985230159717597809e-01
1.992964254995760465e-01
2.001567753433386720e-01
2.010924793587534065e-01
2.020784653808988529e-01
2.030700213886846017e-01
2.039950277562689318e-01
2.047448503245823670e-01
2.051648657180683566e-01
2.050467213493397389e-01
2.041259616444418001e-01
2.020901882156321272e-01
1.986034691095157623e-01
1.933506629532549259e-01
1.860992003243765458e-01
1.767661026033648386e-01
1.654688213621937631e-01
1.525370678816540815e-01
1.384741342170486833e-01
1.238765867367510320e-01
1.093386166818226812e-01
9.537084256648221958e-02
8.235248271247336271e-02
7.051957835513071593e-02
5.998002985507293328e-02
5.074231035626771552e-02
4.274686931157935244e-02
3.589365322577761641e-02
3.006314675408448475e-02
2.513086979643962618e-02
2.097644880553158411e-02
1.748868385828623168e-02
1.456789823829567412e-02
1.212657132048407423e-02
1.008896517522228989e-02
8.390217445775744604e-03
6.975198400068684072e-03
5.797310315614804220e-03
4.817329195674687793e-03
4.002339796408910765e-03
3.324785347150654383e-03
2.761636226173608526e-03
2.293672518279607671e-03
1.904870768702646155e-03
1.581883419002836624e-03
1.313599159387138834e-03
1.090773024289903382e-03
9.057160563827978310e-04
7.520355140789442006e-04
6.244177565394682739e-04
5.184470329774272176e-04
4.304543942814238982e-04
3.573918222323258800e-04
2.967274352449741155e-04
2.463582867151592796e-04
2.045378328730478696e-04
1.698156227442299351e-04
1.409871644757404788e-04
1.170522602421384707e-04
9.718038554487863038e-05
8.068192620216645800e-05
6.698428486691021988e-05
5.561203467621574488e-05
4.617043589275815409e-05
