1.000000000000000072e-18
9.519426047419489167e-01
8.256779846042877624e-01
9.518885513417965072e-01
8.250230788756240941e-01
9.517980313675804549e-01
8.240907320435520989e-01
9.516702514266225377e-01
8.228665093076893422e-01
9.515061918184033463e-01
8.213176426709090094e-01
9.513032447120520763e-01
8.195752509808389430e-01
9.511643810688007461e-01
8.171017709248684646e-01
9.508423137986812268e-01
8.141512764322170748e-01
9.506355750034731766e-01
8.099383798536358148e-01
9.507369535805904048e-01
7.909431539600578764e-01
9.566902915889451409e-01
9.456904052780332748e-01
8.105383656241758050e-01
9.460010391526592066e-01
8.034735437220235088e-01
9.451433147639245469e-01
7.974591739733513096e-01
9.436769633249449951e-01
7.906907855523885864e-01
9.412651051750287046e-01
7.821563576874788204e-01
9.357549244051622805e-01
7.688991501359367930e-01
8.509567688902969218e-01
6.073763542099634982e-01
7.912057439235130607e-01
9.460161718351428606e-01
7.656442681595844180e-01
9.403159377491983051e-01
7.485857573858275549e-01
9.353994743828807357e-01
7.306467394874998078e-01
9.295046621790514774e-01
9.215150186457180537e-01
7.091482877652287575e-01
9.094066820734915124e-01
6.819845154864033754e-01
8.894011299748092458e-01
6.454634453797540861e-01
8.521969306081246254e-01
5.932245258076508376e-01
7.716327024126360401e-01
5.130524968408793907e-01
5.670913825493780758e-01
3.858207284155962813e-01
1.268197818416288702e-01
1.067917206575395503e-03
3.425523258299533191e-01
8.533345276105748223e-01
9.255325509122741545e-01
9.034599739378544880e-01
9.693351591570830150e-01
9.309999073969499328e-01
9.345920438223581650e-01
9.440863870600445518e-01
8.947543922209351130e-01
9.501886591683124106e-01
8.576408124874140837e-01
9.527316043138571722e-01
8.248544024389038443e-01
9.540891096663460802e-01
7.830648512831145380e-01
9.509927161974965903e-01
7.460345625051482132e-01
9.476559516207428979e-01
7.040563124302513520e-01
9.417429264196213179e-01
6.549446665295991510e-01
9.324959524656980525e-01
6.006678015677284765e-01
9.152913021283324291e-01
5.294413681547436301e-01
8.900690997674574056e-01
4.431742456118075713e-01
8.486535066187053111e-01
3.383519741666496938e-01
7.825313110031020258e-01
2.177347198579751009e-01
6.847848463302967925e-01
9.839572713846586605e-02
5.707142590399031379e-01
1.808238511016730873e-02
1.693127683499560213e-06
3.165644998753648631e-02
1.012046573085426983e-02
2.366148877168250397e-01
8.029422603250024881e-02
4.868984698049145798e-01
1.805764385666093208e-01
6.798334779620448520e-01
2.756126498957778281e-01
8.041518783894067157e-01
3.516398323758079814e-01
8.788471230418766211e-01
4.076332165706147426e-01
9.223672695111210240e-01
4.464250578418823556e-01
9.468364463250210639e-01
4.712132823791152503e-01
9.600106069361418193e-01
4.828815124396373393e-01
9.661870028127373944e-01
4.784724234399105325e-01
9.669455224179992481e-01
4.195600389371688110e-01
9.144493929664143650e-01
6.707281317730775516e-01
9.564916204900724139e-01
5.513150034861796778e-01
9.538500164345687926e-01
5.203801773757091853e-01
9.487843216241717004e-01
4.950764616151051012e-01
9.425409945551644908e-01
4.678201837047809564e-01
9.350617389989779316e-01
4.351733480311521518e-01
9.232692169041276653e-01
3.811145361065005344e-01
9.443058676653470762e-01
4.048095484694874124e-01
9.244464825237473926e-01
3.471394926594115193e-01
9.162015963260686791e-01
3.001585441136584986e-01
9.094370257446543482e-01
2.527389500390723187e-01
9.034191993752533900e-01
2.042533793529866248e-01
8.980325038512184666e-01
1.566931180535187651e-01
8.933115236283716287e-01
1.114315614502377760e-01
8.893137242524625785e-01
7.091575638480394905e-02
8.861135999554621279e-01
3.763893271845222821e-02
8.837740554655324487e-01
1.392168859171196219e-02
8.823478897603523885e-01
1.568282534121908647e-03
1.000000000000000072e-18
1.295591328858323402e-03
9.413438517138708050e-01
1.155084624574759591e-02
9.408096761499346039e-01
3.149279589905734644e-02
9.399166802907730212e-01
6.005436701271873318e-02
9.386602775516462716e-01
9.579620447715112008e-02
9.370359119638737022e-01
1.370686713803785928e-01
9.350366488792504205e-01
1.822985082549797020e-01
9.324147678715720700e-01
2.288019876507144390e-01
9.297473259872037765e-01
2.767415531845450749e-01
9.264210640092981341e-01
3.240019055437764472e-01
9.223573528768419516e-01
3.706360438968897553e-01
9.121110590709141652e-01
3.985740939939464433e-01
9.160514581370861054e-01
4.448168285804696143e-01
9.101131860655212735e-01
4.782012001053135286e-01
9.039376645957803991e-01
5.034265826046024905e-01
8.967783935374519233e-01
5.154123336551528212e-01
8.874899137155922713e-01
4.954105343864416700e-01
8.698470102496473899e-01
3.173154249558605700e-01
6.361877503403121636e-01
6.813065696272243565e-01
8.825753653065370186e-01
8.523827258493937853e-01
8.709557589436378588e-01
8.203133244478317820e-01
8.605053496768456656e-01
8.166947866053158034e-01
8.502774469907431465e-01
8.219237833577928143e-01
8.401834619547489114e-01
1.000000000000000072e-18
