5.740843954437458985e-01
5.740824111711855249e-01
5.740800210587508889e-01
5.740771420886133791e-01
5.740736742555364591e-01
5.740694970883867265e-01
5.740644654582707229e-01
5.740584045264963686e-01
5.740511036550975943e-01
5.740423090658975935e-01
5.740317149893907622e-01
5.740189529905792565e-01
5.740035790931866666e-01
5.739850582435750415e-01
5.739627455581942650e-01
5.739358636792603052e-01
5.739034754174362485e-01
5.738644506811539925e-01
5.738174264715957262e-01
5.737607584495084678e-01
5.736924622416416097e-01
5.736101422328282462e-01
5.735109050621602922e-01
5.733912543785600890e-01
5.732469625743991104e-01
5.730729141558711381e-01
5.728629140625272065e-01
5.726094525346016040e-01
5.723034159456753533e-01
5.719337302488294306e-01
5.714869201888896910e-01
5.709465630691249460e-01
5.702926105099010989e-01
5.695005452665357071e-01
5.685403329497250580e-01
5.673751209781673355e-01
5.659596305866743116e-01
5.642381847712072407e-01
5.621423202745896575e-01
5.595879527946233667e-01
5.564721135245811467e-01
5.526693691650428342e-01
5.480281988765285384e-01
5.423678539006866473e-01
5.354765839140362971e-01
5.271125651040526883e-01
5.170093336915968507e-01
5.048878391682921629e-01
4.904770815855960531e-01
4.735442947963995897e-01
4.539334604946838048e-01
4.316076417423849176e-01
4.066869922354673372e-01
3.794719301111892928e-01
3.504417493687435048e-01
3.202238643159937004e-01
2.895368734193718430e-01
2.591185542498296579e-01
2.296541701359614274e-01
2.017192614784794058e-01
1.757454316182025522e-01
1.520104793286547740e-01
1.306485148548075792e-01
1.116728939098474982e-01
9.500474982015506831e-02
8.050152525259832159e-02
6.798205043024092842e-02
5.724661554190465379e-02
4.809182150612065221e-02
4.032075692198405781e-02
3.374937457119968343e-02
2.820998927735087619e-02
2.355272215748291723e-02
1.964556284413586373e-02
1.637356190507886777e-02
1.363752485088098355e-02
1.135246527707096595e-02
9.445987923926748783e-03
7.856709140335671818e-03
6.532777702204391884e-03
5.430528633612114603e-03
4.513282774234635142e-03
3.750292301270629226e-03
3.115824964789003140e-03
2.588375765923068856e-03
2.149993012613534999e-03
1.785705302940307233e-03
1.483036449118567066e-03
1.231596290449772473e-03
1.022736506079311922e-03
8.492617733931123822e-04
7.051878312178820911e-04
5.855391450902596231e-04
4.861799075291015049e-04
4.036730290346874782e-04
3.351625852637408055e-04
2.782758882565098237e-04
2.310419536303374294e-04
1.918236515619367924e-04
1.592612676611825573e-04
