-2.867985867311780276e-05
-2.739236385968642446e-05
-2.610433014100446562e-05
-2.481575729150402339e-05
-2.352664508552008093e-05
-2.223699329729609097e-05
-2.094680170097949678e-05
-1.965607007062288749e-05
-1.836479818018495015e-05
-1.707298580353034100e-05
-1.578063271442762207e-05
-1.448773868655122972e-05
-1.319430349348187101e-05
-1.190032690870459250e-05
-1.060580870560834995e-05
-9.310748657490199422e-06
-8.015146537549703491e-06
-6.719002118892922459e-06
-5.422315174529978286e-06
-4.125085477377107802e-06
-2.827312800254250355e-06
-1.528996915887616015e-06
-2.301375969075815451e-07
1.069265384151638250e-06
2.369212254849147877e-06
3.669703242840579720e-06
4.970738575876437239e-06
6.272318481802288096e-06
7.574443188560197335e-06
8.877112924186613188e-06
1.018032791681272452e-05
1.148408839466713238e-05
1.278839458607282099e-05
1.409324671944797770e-05
1.539864502330744140e-05
1.670458972626091867e-05
1.801108105701429497e-05
1.931811924436899772e-05
2.062570451722154562e-05
2.193383710456528002e-05
2.324251723548933493e-05
2.455174513917818298e-05
2.586152104491186925e-05
2.717184518206811186e-05
2.848271778011882916e-05
2.979413906863254870e-05
3.110610927727446820e-05
3.241862863580522228e-05
3.373169737408167188e-05
3.504531572205731764e-05
3.635948390978181537e-05
3.767420216740090830e-05
3.898947072515621701e-05
4.030528981338706224e-05
4.162165966252763245e-05
4.293858050310970104e-05
4.425605256576107464e-05
4.557407608120623004e-05
4.689265128026590763e-05
4.821177839385774161e-05
4.953145765299629385e-05
5.085168928879236269e-05
5.217247353245309818e-05
5.349381061528347254e-05
5.481570076868511456e-05
5.613814422415523903e-05
5.746114121328948598e-05
5.878469196777955574e-05
6.010879671941459130e-05
6.143345570008035164e-05
6.275866914176001128e-05
6.408443727653337428e-05
6.541076033657827011e-05
6.673763855416861568e-05
6.806507216167655659e-05
6.939306139157061049e-05
7.072160647641710359e-05
7.205070764887972347e-05
7.338036514171947841e-05
7.471057918779483290e-05
7.604135002006111137e-05
7.737267787157209732e-05
7.870456297547870524e-05
8.003700556502931938e-05
8.137000587357052562e-05
8.270356413454534961e-05
8.403768058149543873e-05
8.537235544806130608e-05
8.670758896797835951e-05
8.804338137508244469e-05
8.937973290330580639e-05
9.071664378667963638e-05
9.205411425933255557e-05
9.339214455549055976e-05
9.473073490947966240e-05
9.606988555572136806e-05
9.740959672873668394e-05
9.874986866314551005e-05
1.000907015936641591e-04
1.014320957551088123e-04
1.027740513823927819e-04
1.041165687105286388e-04
1.054596479746265457e-04
1.068032894098959511e-04
1.081474932516435971e-04
1.094922597352748067e-04
1.108375890962953140e-04
1.121834815703076990e-04
1.135299373930129469e-04
1.148769568002112066e-04
1.162245400278022651e-04
1.175726873117832034e-04
1.189213988882505368e-04
1.202706749933997010e-04
1.216205158635242923e-04
1.229709217350178436e-04
1.243218928443725908e-04
1.256734294281790254e-04
1.270255317231277787e-04
1.283781999660067621e-04
1.297314343937052599e-04
1.310852352432097007e-04
1.324396027516075067e-04
1.337945371560840036e-04
1.351500386939237487e-04
1.365061076025126719e-04
1.378627441193324928e-04
1.392199484819680384e-04
1.405777209281010634e-04
1.419360616955137467e-04
1.432949710220881765e-04
1.446544491458041817e-04
1.460144963047435064e-04
1.473751127370871803e-04
1.487362986811142994e-04
1.500980543752047903e-04
1.514603800578386786e-04
1.528232759675956013e-04
1.541867423431546162e-04
1.555507794232946907e-04
1.569153874468951892e-04
1.582805666529353583e-04
1.596463172804942995e-04
1.610126395687515386e-04
1.623795337569860229e-04
1.637470000845777469e-04
1.651150387910060456e-04
1.664836501158507051e-04
1.678528342987926675e-04
1.692225915796120254e-04
1.705929221981896478e-04
1.719638263945073972e-04
1.733353044086459341e-04
1.747073564807890807e-04
1.760799828512183730e-04
1.774531837603180481e-04
1.788269594485712493e-04
1.802013101565634416e-04
1.815762361249798095e-04
1.829517375946059345e-04
1.843278148063293403e-04
1.857044680011375141e-04
1.870816974201189092e-04
1.884595033044633521e-04
1.898378858954607681e-04
1.912168454345030788e-04
1.925963821630826030e-04
1.939764963227933034e-04
1.953571881553291061e-04
1.967384579024865571e-04
1.981203058061620573e-04
1.995027321083543020e-04
2.008857370511635222e-04
2.022693208767895599e-04
2.036534838275360151e-04
2.050382261458049880e-04
2.064235480741027158e-04
2.078094498550357521e-04
2.091959317313131614e-04
2.105829939457432129e-04
2.119706367412383947e-04
2.133588603608114294e-04
2.147476650475779302e-04
2.161370510447541517e-04
2.175270185956575857e-04
2.189175679437099971e-04
2.203086993324331413e-04
2.217004130054504721e-04
2.230927092064882798e-04
2.244855881793753115e-04
2.258790501680410371e-04
2.272730954165183863e-04
2.286677241689411737e-04
2.300629366695456442e-04
2.314587331626719361e-04
2.328551138927600428e-04
2.342520791043533907e-04
2.356496290420983240e-04
2.370477639507420446e-04
2.384464840751365972e-04
