1.000000000000000021e-02
8.532663316582914104e-02
1.606532663316583009e-01
2.359798994974874331e-01
3.113065326633165930e-01
3.866331658291457529e-01
4.619597989949748573e-01
5.372864321608040727e-01
6.126130653266331771e-01
6.879396984924622815e-01
7.632663316582914970e-01
8.385929648241206014e-01
9.139195979899497058e-01
9.892462311557789212e-01
1.064572864321608137e+00
1.139899497487437241e+00
1.215226130653266345e+00
1.290552763819095450e+00
1.365879396984924554e+00
1.441206030150753881e+00
1.516532663316582985e+00
1.591859296482412089e+00
1.667185929648241194e+00
1.742512562814070298e+00
1.817839195979899403e+00
1.893165829145728729e+00
1.968492462311557833e+00
2.043819095477386938e+00
2.119145728643216042e+00
2.194472361809045147e+00
2.269798994974874251e+00
2.345125628140703355e+00
2.420452261306532460e+00
2.495778894472361564e+00
2.571105527638190669e+00
2.646432160804019773e+00
2.721758793969848877e+00
2.797085427135677982e+00
2.872412060301507530e+00
2.947738693467336635e+00
3.023065326633165739e+00
3.098391959798994844e+00
3.173718592964823948e+00
3.249045226130653052e+00
3.324371859296482157e+00
3.399698492462311261e+00
3.475025125628140366e+00
3.550351758793969470e+00
3.625678391959798574e+00
3.701005025125628123e+00
3.776331658291457227e+00
3.851658291457286332e+00
3.926984924623115436e+00
4.002311557788944540e+00
4.077638190954774089e+00
4.152964824120602749e+00
4.228291457286432298e+00
4.303618090452260958e+00
4.378944723618090507e+00
4.454271356783919167e+00
4.529597989949748715e+00
4.604924623115577376e+00
4.680251256281406924e+00
4.755577889447235584e+00
4.830904522613065133e+00
4.906231155778894681e+00
4.981557788944723342e+00
5.056884422110552890e+00
5.132211055276381551e+00
5.207537688442211099e+00
5.282864321608039759e+00
5.358190954773869308e+00
5.433517587939697968e+00
5.508844221105527517e+00
5.584170854271356177e+00
5.659497487437185725e+00
5.734824120603015274e+00
5.810150753768843934e+00
5.885477386934673483e+00
5.960804020100502143e+00
6.036130653266331691e+00
6.111457286432160352e+00
6.186783919597989900e+00
6.262110552763818561e+00
6.337437185929648109e+00
6.412763819095476769e+00
6.488090452261306318e+00
6.563417085427135866e+00
6.638743718592964527e+00
6.714070351758794075e+00
6.789396984924622735e+00
6.864723618090452284e+00
6.940050251256280944e+00
7.015376884422110493e+00
7.090703517587939153e+00
7.166030150753768702e+00
7.241356783919597362e+00
7.316683417085426910e+00
7.392010050251256459e+00
7.467336683417085119e+00
7.542663316582914668e+00
7.617989949748743328e+00
7.693316582914572876e+00
7.768643216080401537e+00
7.843969849246231085e+00
7.919296482412059746e+00
7.994623115577889294e+00
8.069949748743718843e+00
8.145276381909548391e+00
8.220603015075376163e+00
8.295929648241205712e+00
8.371256281407035260e+00
8.446582914572864809e+00
8.521909547738692581e+00
8.597236180904522129e+00
8.672562814070351678e+00
8.747889447236181226e+00
8.823216080402008998e+00
8.898542713567838547e+00
8.973869346733668095e+00
9.049195979899497644e+00
9.124522613065327192e+00
9.199849246231154964e+00
9.275175879396984513e+00
9.350502512562814061e+00
9.425829145728643610e+00
9.501155778894471382e+00
9.576482412060300931e+00
9.651809045226130479e+00
9.727135678391960028e+00
9.802462311557789576e+00
9.877788944723617348e+00
9.953115577889446897e+00
1.002844221105527645e+01
1.010376884422110599e+01
1.017909547738693377e+01
1.025442211055276331e+01
1.032974874371859286e+01
1.040507537688442241e+01
1.048040201005025196e+01
1.055572864321607973e+01
1.063105527638190928e+01
1.070638190954773883e+01
1.078170854271356838e+01
1.085703517587939615e+01
1.093236180904522570e+01
1.100768844221105525e+01
1.108301507537688479e+01
1.115834170854271257e+01
1.123366834170854212e+01
1.130899497487437166e+01
1.138432160804020121e+01
1.145964824120603076e+01
1.153497487437185853e+01
1.161030150753768808e+01
1.168562814070351763e+01
1.176095477386934718e+01
1.183628140703517495e+01
1.191160804020100450e+01
1.198693467336683405e+01
1.206226130653266360e+01
1.213758793969849314e+01
1.221291457286432092e+01
1.228824120603015047e+01
1.236356783919598001e+01
1.243889447236180956e+01
1.251422110552763733e+01
1.258954773869346688e+01
1.266487437185929643e+01
1.274020100502512598e+01
1.281552763819095375e+01
1.289085427135678330e+01
1.296618090452261285e+01
1.304150753768844240e+01
1.311683417085427195e+01
1.319216080402009972e+01
1.326748743718592927e+01
1.334281407035175882e+01
1.341814070351758836e+01
1.349346733668341614e+01
1.356879396984924568e+01
1.364412060301507523e+01
1.371944723618090478e+01
1.379477386934673433e+01
1.387010050251256210e+01
1.394542713567839165e+01
1.402075376884422120e+01
1.409608040201005075e+01
1.417140703517587852e+01
1.424673366834170807e+01
1.432206030150753762e+01
1.439738693467336716e+01
1.447271356783919494e+01
1.454804020100502449e+01
1.462336683417085403e+01
1.469869346733668358e+01
1.477402010050251313e+01
1.484934673366834090e+01
1.492467336683417045e+01
1.500000000000000000e+01
