1.000000000000000072e-18
9.229758792032521778e-12
1.896203110422822858e-11
2.921943049538344796e-11
4.002556055964960555e-11
5.140505914145868748e-11
6.338364460268029353e-11
7.598816424182246585e-11
8.924664497019158771e-11
1.031883463553272933e-10
1.178438161476654229e-10
1.332449484124082233e-10
1.494250443948421574e-10
1.664188762540102375e-10
1.842627538066637658e-10
2.029945944307863225e-10
2.226539962858194728e-10
2.432823150149193244e-10
2.649227441032676918e-10
2.876203990756474397e-10
3.114224057261214832e-10
3.363779925829287149e-10
3.625385878224440870e-10
3.899579208574666978e-10
4.186921288371469155e-10
4.487998683084967431e-10
4.803424323029722449e-10
5.133838731257061677e-10
5.479911311400009386e-10
5.842341698555721179e-10
6.221861176457130576e-10
6.619234164363846975e-10
7.035259777288631627e-10
7.470773463374788070e-10
7.926648722449200117e-10
8.403798909997697519e-10
8.903179131044100571e-10
9.425788228663487218e-10
9.972670872122521053e-10
1.054491974991891721e-09
1.114367787328719709e-09
1.177014099604983534e-09
1.242556015702492472e-09
1.311124435155182107e-09
1.382856333906794204e-09
1.457895059406477043e-09
1.536390640816763372e-09
1.618500115152895589e-09
1.704387870219254321e-09
1.794226005258644494e-09
1.888194710283052482e-09
1.986482665110518910e-09
2.089287459192523849e-09
2.196816033379443668e-09
2.309285144838683421e-09
2.426921856411653842e-09
2.549964051771319808e-09
2.678660977822623800e-09
2.813273815873670936e-09
2.954076283196422106e-09
3.101355266692309408e-09
3.255411490481092225e-09
3.416560219340343092e-09
3.585132000039635416e-09
3.761473442736884489e-09
3.945948044736178482e-09
4.138937059046766484e-09
4.340840410331735037e-09
4.552077660994407353e-09
4.773089030319549514e-09
5.004336469766747372e-09
5.246304797706244548e-09
5.499502897091635424e-09
5.764464979783218317e-09
6.041751921468397394e-09
6.331952671374165726e-09
6.635685741232520528e-09
6.953600778241891525e-09
7.286380227071027701e-09
7.634741086273578368e-09
7.999436764827040875e-09
8.381259044877515078e-09
8.781040157165430293e-09
9.199654976028341119e-09
9.638023341326160946e-09
1.009711251511528853e-08
1.057793978141321970e-08
1.108157519794439148e-08
1.160914450934902491e-08
1.216183223196620064e-08
1.274088492097848265e-08
1.334761463142951423e-08
1.398340258540051812e-08
1.464970305846394625e-08
1.534804749942271705e-08
1.608004889829964399e-08
1.684740641856710027e-08
1.765191031070591514e-08
1.849544712536561236e-08
1.938000524566428784e-08
2.030768075952879863e-08
2.128068369444074793e-08
2.230134463852365035e-08
2.337212177360140249e-08
2.449560834767306798e-08
2.567454061620753778e-08
2.691180628376752595e-08
2.821045347973539827e-08
2.957370030435966807e-08
3.100494498396584932e-08
3.250777667701078030e-08
3.408598697571554302e-08
3.574358215130282663e-08
3.748479619442376940e-08
3.931410470618949058e-08
4.123623969936617263e-08
4.325620537376499706e-08
4.537929493468577612e-08
4.761110852850134691e-08
4.995757237511071680e-08
5.242495918309847811e-08
5.501990994004930104e-08
5.774945717761445113e-08
6.062104981868388252e-08
6.364257972240564559e-08
6.682241005189551772e-08
7.016940559934746182e-08
7.369296521395455581e-08
7.740305648967627125e-08
8.131025288248435231e-08
8.542577344043840243e-08
8.976152534481993039e-08
9.433014947674200850e-08
9.914506924127635983e-08
1.042205429002781896e-07
1.095717196859842005e-07
1.152146999901688062e-07
1.211665999484286047e-07
1.274456207661815744e-07
1.340711231624262499e-07
1.410637073395025787e-07
1.484452989222078087e-07
1.562392413480312277e-07
1.644703952322439072e-07
1.731652452774909229e-07
1.823520153478123403e-07
1.920607923820436510e-07
2.023236598818711075e-07
2.131748417759519610e-07
2.246508575340470753e-07
2.367906894847835870e-07
2.496359633781218315e-07
2.632311433297764216e-07
2.776237423905928213e-07
2.928645501002405568e-07
3.090078785128111807e-07
3.261118283230930550e-07
3.442385768780899265e-07
3.634546900302382373e-07
3.838314599785369449e-07
4.054452714536499542e-07
4.283779988349259535e-07
4.527174370440723554e-07
4.785577693445613284e-07
5.060000754910018769e-07
5.351528840224117015e-07
5.661327728814448763e-07
5.990650229729600368e-07
6.340843297549595173e-07
6.713355784887403678e-07
7.109746893697891032e-07
7.531695394239838065e-07
7.981009687936116883e-07
8.459638798641606700e-07
8.969684386070086016e-07
9.513413885472211885e-07
1.009327488924254181e-06
1.071191089912457115e-06
1.137217859226575573e-06
1.207716676076220713e-06
1.283021710276560512e-06
1.363494706398610754e-06
1.449527495182796859e-06
1.541544757081311162e-06
1.640007065780035685e-06
1.745414242928351756e-06
1.858309059131292856e-06
1.979281320598343912e-06
2.108972385771797933e-06
2.248080161862707768e-06
2.397364637605399495e-06
2.557654015819989980e-06
2.729851517685176915e-06
2.914942940129589846e-06
3.114005058639303294e-06
3.328214980270397356e-06
3.558860566008083475e-06
3.807352058132487928e-06
4.075235067293631390e-06
4.364205095988992310e-06
4.676123800577405360e-06
5.013037223447877287e-06
5.377196261199530301e-06
5.771079674520629080e-06
6.197419991889844895e-06
6.659232713465456564e-06
7.159849285026888631e-06
7.702954386330309081e-06
8.292628165837940488e-06
8.933394157024731426e-06
9.630273733444418967e-06
1.038884810420789785e-05
1.121532902308113130e-05
1.211663958866752400e-05
1.310050675700623080e-05
1.417556747991276413e-05
1.535149073303846001e-05
1.663911812002037468e-05
1.805062624952638635e-05
1.959971470087329531e-05
2.130182414682959597e-05
2.317439012152326016e-05
2.523713904801509872e-05
2.751243452617052160e-05
3.002568359360089918e-05
3.280581479626785903e-05
3.588584255139194273e-05
3.930353559713987407e-05
4.310221148853514162e-05
4.733168436317334069e-05
5.204939988857805054e-05
5.732179984728177967e-05
6.322596979377702732e-05
6.985163740760428383e-05
7.730360762473943877e-05
8.570474479789050792e-05
9.519964400210704808e-05
1.059591759233395960e-04
1.181861464046591985e-04
1.321223881272095234e-04
1.480577058306154132e-04
1.663412390779583569e-04
1.873960039980645674e-04
2.117376513005962549e-04
2.399988669228752852e-04
2.729613954468518094e-04
3.115984615224676028e-04
3.571315146914852932e-04
4.111068952897443084e-04
4.755004516600897110e-04
5.528616466982704328e-04
6.465136101541082633e-04
7.608319914240609105e-04
9.016320841845625088e-04
1.076694290524238783e-03
1.296429055059943568e-03
1.574541113499596922e-03
1.928010343308446742e-03
2.373751863237347822e-03
2.912541408609106448e-03
3.470217884430480508e-03
3.738776301611409104e-03
3.094929883936125420e-03
1.683753559390737146e-03
1.234427325952439482e-03
2.623132949844326697e-03
5.941292183265646509e-03
1.203675181545542372e-02
2.332449019698451184e-02
4.463929716510926099e-02
7.932457401787833262e-02
6.122881558701305516e-02
1.136973596921159527e-02
1.874909124040675251e-02
1.860273059671131018e-02
1.593443911679305255e-02
1.327327679330856519e-02
1.111231592246120572e-02
9.435709291461895007e-03
8.139897413585332753e-03
7.128951153690762065e-03
6.329623589008994723e-03
5.688716431054194854e-03
5.167948142401243908e-03
4.739614536768720250e-03
4.383434154028286941e-03
4.084356056463178675e-03
3.831052797863799490e-03
3.614881241079476171e-03
3.429159398045812223e-03
3.268657214062688481e-03
3.129233382806788800e-03
3.007572932671283544e-03
2.900995195900594754e-03
2.807311545837411996e-03
2.724718755369644543e-03
2.651718151165020129e-03
2.587053657970871980e-03
2.529663823407270890e-03
2.478644295321936076e-03
2.433218192189241531e-03
2.392712494434602166e-03
2.356539078445301413e-03
2.324179373617897039e-03
2.295171885011491972e-03
2.269102016213277954e-03
2.245593766796847093e-03
2.224302979004920584e-03
2.204911878671585515e-03
2.187124703785110844e-03
2.170664247204059840e-03
2.155269163585400022e-03
2.140691909102590638e-03
2.126697199183498997e-03
2.113060885991919959e-03
2.099569174134681849e-03
2.086018109601957531e-03
2.072213292290726611e-03
2.057969775647182538e-03
2.043112127297026792e-03
2.027474631728598715e-03
2.010901620268020374e-03
1.993247915153737587e-03
1.974379374061733909e-03
1.954173519579160100e-03
1.932520235459318780e-03
1.909322508512207792e-03
1.884497192087054764e-03
1.857975764585484543e-03
1.829705054525281255e-03
1.799647902513436520e-03
1.767783730195542037e-03
1.734108986902527195e-03
1.698637446359233449e-03
1.661400328464670553e-03
1.622446224778555188e-03
1.581840810891964409e-03
1.539666334219104730e-03
1.496020871776250613e-03
1.451017359024890305e-03
1.404782397623762728e-03
1.357454856704106653e-03
1.309184288782035089e-03
1.260129187376153679e-03
1.210455118544119654e-03
1.160332762655839553e-03
1.109935905593485445e-03
1.059439420078584892e-03
1.009017277909655215e-03
9.588406325574800031e-04
9.090760088892694017e-04
8.598836329224772120e-04
8.114159296465229664e-04
7.638162113399346543e-04
7.172175727218651868e-04
6.717420029895359397e-04
6.274997185771796424e-04
5.845887145744407777e-04
5.430945273741305188e-04
5.030901964463954830e-04
4.646364092759665667e-04
4.277818105163751694e-04
3.925634543277984885e-04
3.590073776475955413e-04
3.271292717328061288e-04
2.969352296229906137e-04
2.684225480912355772e-04
2.415805640629368220e-04
2.163915072648828447e-04
1.928313529042260488e-04
1.708706603597484597e-04
1.504753861009586711e-04
1.316076612528469956e-04
1.142265263304110043e-04
9.828861762771864052e-05
8.374880152626292158e-05
7.056075456518466995e-05
5.867748848126358419e-05
4.805182057879817982e-05
3.863679073539744217e-05
3.038602710165139804e-05
2.325406312705106636e-05
1.719660895998304168e-05
1.217078054608410694e-05
8.135289906713363817e-06
5.050600137181472940e-06
2.879048640996866437e-06
1.584942028418724015e-06
1.134625970089864778e-06
1.496533122579120519e-06
2.641212043607505130e-06
4.541339800101794298e-06
7.171720749879880114e-06
1.050927375410282365e-05
1.453300985764439058e-05
1.922400226210092824e-05
2.456535021411743723e-05
3.054213824206575072e-05
3.714139199817128429e-05
4.435203180167290621e-05
5.216482483184516338e-05
6.057233678759430879e-05
6.956888371260387606e-05
7.915048458111518333e-05
8.931481514873902802e-05
1.000611634945737310e-04
1.113903876144971695e-04
1.233048753701705799e-04
1.358085070532374895e-04
1.489066207887621658e-04
1.626059809754496811e-04
1.769147499421071875e-04
1.918424629894999395e-04
2.074000069838799183e-04
2.235996026725670961e-04
2.404547909026565435e-04
2.579804229410890453e-04
2.761926551175630361e-04
2.951089480410526520e-04
3.147480706759033919e-04
3.351301096044922555e-04
3.562764838503974536e-04
3.782099656887916378e-04
4.009547079296520980e-04
4.245362782243889375e-04
4.489817010178545403e-04
4.743195078458416159e-04
5.005797967631887575e-04
5.277943017801995122e-04
5.559964732856111222e-04
5.852215705434936615e-04
6.155067674701870505e-04
6.468912730263340956e-04
6.794164676998281542e-04
7.131260577091466137e-04
7.480662487249588452e-04
7.842859410932313553e-04
8.218369487474587931e-04
8.607742442244831075e-04
9.011562324507769051e-04
9.430450562483842000e-04
9.865069368268737302e-04
1.031612552885311646e-03
1.078437462353278725e-03
1.127062571260446571e-03
1.177574654749159212e-03
1.230066935845349494e-03
1.284639728291991348e-03
1.341401150541661046e-03
1.400467918917604410e-03
1.461966229006258925e-03
1.526032735562287161e-03
1.592815642616866867e-03
1.662475917113854975e-03
1.735188641293610367e-03
1.811144521244722506e-03
1.890551571600739044e-03
1.973636999332301772e-03
2.060649313044766659e-03
2.151860688219528039e-03
2.247569623529781235e-03
2.348103928829760757e-03
2.453824091791515644e-03
2.565127077594839787e-03
2.682450624739493063e-03
2.806278110142941800e-03
2.937144068437647949e-03
3.075640464043014662e-03
3.222423830432553319e-03
3.378223409340786604e-03
3.543850443748202544e-03
3.720208802613904613e-03
3.908307142690383568e-03
4.109272843400264309e-03
4.324367984463342411e-03
4.555007672057922140e-03
4.802781056351924753e-03
5.069475418608552705e-03
5.357103735199964488e-03
5.667936141213737039e-03
6.004535705766584144e-03
6.369798875459139510e-03
6.767000811749806707e-03
7.199845596460363595e-03
7.672520837307767773e-03
8.189755467244035081e-03
8.756878341443792568e-03
9.379873365618919198e-03
1.006542401092706991e-02
1.082093572498251527e-02
1.165451831651231722e-02
1.257490108645562162e-02
1.359124039951349443e-02
1.471276171679235245e-02
1.594815559219552384e-02
1.730462113421053771e-02
1.878642589509425809e-02
2.039283991681574079e-02
2.211532723920163479e-02
2.393398068104326051e-02
2.581342255520820833e-02
2.769882604723048272e-02
2.951335949336370348e-02
3.115911355382166084e-02
3.252410746250953416e-02
3.349769175937542670e-02
3.399480542365181795e-02
3.398514400876628816e-02
3.351483652179062384e-02
3.269643932989301643e-02
3.164664556163039599e-02
3.040831680182499649e-02
2.895294708554882468e-02
2.726702045565303559e-02
2.540313224189542224e-02
2.345472554718164640e-02
2.151327880965638040e-02
1.964664342875155692e-02
1.789649280244454133e-02
1.628363292268189544e-02
1.481451261294719664e-02
1.348658872424761575e-02
1.229216305441390225e-02
1.122093243255104303e-02
1.026159983564055821e-02
9.402844693871594342e-03
8.633872964661840760e-03
7.944699853317657365e-03
7.326267372332201551e-03
6.770463411884038163e-03
6.270084967284862872e-03
5.818772272468997718e-03
5.410930239387945657e-03
5.041646957344491330e-03
4.706614796414565829e-03
4.402057033434578041e-03
4.124661313594545249e-03
3.871520305909116003e-03
3.640079366540140745e-03
3.428090735100285721e-03
3.233573656335842882e-03
3.054779779791168357e-03
2.890163203404199146e-03
2.738354568713918975e-03
2.598138670336884795e-03
2.468435101566230413e-03
2.348281516184657323e-03
2.236819141084094194e-03
2.133280223736934347e-03
2.036977142530550875e-03
1.947292946527594574e-03
1.863673124688623077e-03
1.785618433461176342e-03
1.712678636414402327e-03
1.644447030789316679e-03
1.580555653920550068e-03
1.520671077898235087e-03
1.464490713964495096e-03
1.411739559313902447e-03
1.362167328482499079e-03
1.315545919616115458e-03
1.271667172818832792e-03
1.230340883678541055e-03
1.191393040102723452e-03
1.154664254904280750e-03
1.120008370264845071e-03
1.087291213364940294e-03
1.056389485185127560e-03
1.027189766816938039e-03
9.995876296327321515e-04
9.734868373978256386e-04
9.487986299061725156e-04
9.254410790169801792e-04
9.033385090929172941e-04
8.824209748153662028e-04
8.626237901998511613e-04
8.438871033727766806e-04
8.261555123143720985e-04
8.093777173351279428e-04
7.935062065452355880e-04
7.784969710079408774e-04
7.643092466466622041e-04
7.509052803090293052e-04
7.382501176847899469e-04
7.263114110340213730e-04
7.150592449117139414e-04
7.044659782784547025e-04
6.945061015680863061e-04
6.851561074446554109e-04
6.763943741253993641e-04
6.682010602759799484e-04
6.605580106009289890e-04
6.534486713577110101e-04
6.468580151187195825e-04
6.407724741931390298e-04
6.351798822011915863e-04
6.300694233679420778e-04
6.254315891735290518e-04
6.212581420623907889e-04
6.175420859766049628e-04
6.142776435386345865e-04
6.114602397673845257e-04
6.090864922693000868e-04
6.071542079038904412e-04
6.056623859814932705e-04
6.046112281108274433e-04
6.040021548759342022e-04
6.038378295870589592e-04
6.041221894190203050e-04
6.048604843242990151e-04
6.060593241877402842e-04
6.077267347762699409e-04
6.098722231317901896e-04
6.125068531595377749e-04
6.156433322793403553e-04
6.192961101347732372e-04
6.234814904969591867e-04
6.282177576576407612e-04
6.335253187818828523e-04
6.394268638865808823e-04
6.459475453288436196e-04
6.531151789301172612e-04
6.609604691295346314e-04
6.695172608544488341e-04
6.788228211178893266e-04
6.889181537006828842e-04
6.998483506469800781e-04
7.116629846892609610e-04
7.244165471109176302e-04
7.381689359320797597e-04
7.529859996370248101e-04
7.689401419031605209e-04
7.861109928716428870e-04
8.045861523140320848e-04
8.244620094430293476e-04
8.458446428607254829e-04
8.688508019012901665e-04
8.936089669178592021e-04
9.202604801713773789e-04
9.489607298574475854e-04
9.798803559270259471e-04
1.013206425479091198e-03
1.049143494344798380e-03
1.087914425224653821e-03
1.129760764306396437e-03
1.174942377293084362e-03
1.223735896981118822e-03
1.276431315711211260e-03
1.333325734930638053e-03
1.394712814572263366e-03
1.460865782187296480e-03
1.532010878041424390e-03
1.608286716304370640e-03
1.689683110062979764e-03
1.775950344559705518e-03
1.866466737241470998e-03
1.960049053796692094e-03
2.054688396090255040e-03
2.147197064229040050e-03
2.232767088967314503e-03
2.304482453961444015e-03
2.352915643733073919e-03
2.366096561922638886e-03
2.330360628620469551e-03
2.232759471297329247e-03
2.065571955551225372e-03
1.832587432983883661e-03
1.555199989037843542e-03
1.275028700252208314e-03
1.050796689540675535e-03
9.512105401311535301e-04
1.049748498262336642e-03
1.427940884971664031e-03
2.191451583344977867e-03
3.502373208948385101e-03
5.634333259749354887e-03
9.059608914263835022e-03
1.454767570618805544e-02
2.304253806804302390e-02
3.431612651706541367e-02
4.344633094130069539e-02
4.278036231264667477e-02
3.407947115164289276e-02
2.466053558761409706e-02
1.754668598155516984e-02
1.266400675685947462e-02
9.339000891270021407e-03
7.027449794561624677e-03
5.374551786004228698e-03
4.158748189310679418e-03
3.241017195852812383e-03
2.532382754021335943e-03
1.974578238477751706e-03
1.528649096849049810e-03
1.168160987048558674e-03
8.750871105926139298e-04
6.372855503301469264e-04
4.469480887836834392e-04
2.996644243972194574e-04
1.938930682504500457e-04
1.307132767378822236e-04
1.137779429680497594e-04
1.494089743127017698e-04
2.467804094161998277e-04
4.181221095811746931e-04
6.788475327336824725e-04
1.047460979326241253e-03
1.545031021002607734e-03
2.193927032918362510e-03
3.015406833581966029e-03
4.025524648253999034e-03
5.228736432407601366e-03
6.608640018413447677e-03
8.115852052806925288e-03
9.654826180006752592e-03
1.107536196860089972e-02
1.218016077423243228e-02
1.276180710835157599e-02
1.267029668753279908e-02
1.188267825717681352e-02
1.052555066655005457e-02
8.826499997612924364e-03
7.027226773132016872e-03
5.315004107376350775e-03
3.800178437894790717e-03
2.529928598019988862e-03
1.516760092587139154e-03
7.680344213654851596e-04
3.112718538693403682e-04
2.043235985474382724e-04
4.907461889073630804e-04
1.065658287918491058e-03
1.619758547354824881e-03
1.893191862837002165e-03
1.882969562463109904e-03
1.715916185232095343e-03
1.497262309917757328e-03
1.280817153411040231e-03
1.087180177327751749e-03
9.212657808065978678e-04
7.817396893433688904e-04
6.652475643425352636e-04
5.681310962896327739e-04
4.870510331645548792e-04
4.191607146496778872e-04
3.621060161931419935e-04
3.139664659710218004e-04
2.731836137192228246e-04
2.384938606814334533e-04
2.088710493560875083e-04
1.834793987010564732e-04
1.616356876446897045e-04
1.427791527261587016e-04
1.264476111815785364e-04
1.122585263857431753e-04
9.989396683657069754e-05
8.908862374554418599e-05
7.962023143274539081e-05
7.130187868627771073e-05
6.397581249077440425e-05
5.750842363279970329e-05
5.178617187831876948e-05
4.671226110217390826e-05
4.220391547620296508e-05
3.819013936434868675e-05
3.460986806873068050e-05
3.141043565701646300e-05
2.854630102743142711e-05
2.597798508510623501e-05
2.367118113817371928e-05
2.159600792909521059e-05
1.972638052128810099e-05
1.803947889024686279e-05
1.651529777419324279e-05
1.513626431711973094e-05
1.388691243872114563e-05
1.275360480949903045e-05
1.172429488802435877e-05
1.078832276384272938e-05
9.936239601281224914e-06
9.159656342051788412e-06
8.451113034191425129e-06
7.803965740426252362e-06
7.212288463584423658e-06
6.670787928750730364e-06
6.174729396409783372e-06
5.719871959918536608e-06
5.302412014082983823e-06
4.918933777338551079e-06
4.566365914530169609e-06
4.241943445873550943e-06
3.943174244688356525e-06
3.667809525512277893e-06
3.413817808176584395e-06
3.179361914780579524e-06
2.962778617268617941e-06
2.762560605157531353e-06
2.577340487282701788e-06
2.405876579391596010e-06
2.247040261981388549e-06
2.099804720775266352e-06
1.963234906336664144e-06
1.836478570112647433e-06
1.718758252160874776e-06
1.609364111357195213e-06
1.507647502353643794e-06
1.413015215249445581e-06
1.324924304103451817e-06
1.242877439267158212e-06
1.166418726232711631e-06
1.095129940427902497e-06
1.028627133279299211e-06
9.665575700208791706e-07
9.085969642456914039e-07
8.544469781645400420e-07
8.038329610227474533e-07
7.565019011929860725e-07
7.122205701652219397e-07
6.707738390379763714e-07
6.319631502198918646e-07
5.956051289113876847e-07
5.615303205824444407e-07
5.295820421217247264e-07
4.996153356258514573e-07
4.714960149463962647e-07
4.450997961331418629e-07
4.203115038202213723e-07
3.970243464106718872e-07
3.751392536357672597e-07
3.545642707087152176e-07
3.352140038668310296e-07
3.170091126095987720e-07
2.998758443995886610e-07
2.837456080044472267e-07
2.685545820268760948e-07
2.542433555002877544e-07
2.407565977246258706e-07
2.280427547837011212e-07
2.160537704251995245e-07
2.047448292004175110e-07
1.940741199552558351e-07
1.840026179391644003e-07
1.744938839569000289e-07
1.655138791305987626e-07
1.570307939685722112e-07
1.490148905538179732e-07
1.414383567705850143e-07
1.342751715828368474e-07
1.275009804648709299e-07
1.210929801627247615e-07
1.150298120361405248e-07
1.092914632953196329e-07
1.038591755053906551e-07
9.871535978473763069e-08
9.384351817180030620e-08
8.922817067907273730e-08
8.485478759313109842e-08
8.070972661614678554e-08
7.678017447765760120e-08
7.305409267579559181e-08
6.952016703495113385e-08
6.616776079217896478e-08
6.298687094784554973e-08
5.996808763718430253e-08
5.710255629879417684e-08
5.438194243387174081e-08
5.179839876617236257e-08
4.934453462760216010e-08
4.701338740796003836e-08
4.479839591985641171e-08
4.269337554132527120e-08
4.069249500915742571e-08
3.879025474568084292e-08
3.698146661059049786e-08
3.526123497760690993e-08
3.362493904326961476e-08
3.206821628207433519e-08
3.058694696854786094e-08
2.917723969271137326e-08
2.783541780078761981e-08
2.655800669799983010e-08
2.534172195489329883e-08
2.418345816286108211e-08
2.308027848846413254e-08
2.202940487974849436e-08
2.102820888110785673e-08
2.007420301631636603e-08
1.916503270221764679e-08
1.829846865818891350e-08
1.747239977894178579e-08
1.668482644048436763e-08
1.593385421115650797e-08
1.521768794159395236e-08
1.453462620927015596e-08
1.388305609493005682e-08
1.326144826977756606e-08
1.266835237370688750e-08
1.210239266620145564e-08
1.156226393275673870e-08
1.104672763082886140e-08
1.055460826037942518e-08
1.008478994507214167e-08
9.636213211102010740e-09
9.207871951488642383e-09
8.798810564466017352e-09
8.408121255338800380e-09
8.034941491865275931e-09
7.678451603871509032e-09
7.337872518395846644e-09
7.012463622223902781e-09
6.701520744191193286e-09
6.404374250115488467e-09
6.120387243674214588e-09
5.848953866960878690e-09
5.589497694850711634e-09
5.341470217670854103e-09
5.104349407013541446e-09
4.877638359852153311e-09
4.660864016417061067e-09
4.453575947569827104e-09
4.255345207674180451e-09
4.065763249207018789e-09
3.884440895581753886e-09
3.711007368869039849e-09
3.545109369301173684e-09
3.386410203633215638e-09
3.234588959608785357e-09
3.089339723944183274e-09
2.950370841396592759e-09
2.817404212627829296e-09
2.690174628709399487e-09
2.568429140241403445e-09
2.451926459177280557e-09
2.340436391556858223e-09
2.233739299455664664e-09
2.131625590556168130e-09
2.033895233838426815e-09
1.940357299975034113e-09
1.850829525095344726e-09
1.765137896661216069e-09
1.683116260267655341e-09
1.604605946249131578e-09
1.529455415036101012e-09
1.457519920265149854e-09
1.388661188702749362e-09
1.322747116095025084e-09
1.259651478105306891e-09
1.199253655548364308e-09
1.141438373173505218e-09
1.086095451290571741e-09
1.033119569571454054e-09
9.824100423963566009e-10
9.338706051489300525e-10
8.874092108963796844e-10
8.429378369217939484e-10
8.003723006045440274e-10
7.596320841718443223e-10
7.206401678704982050e-10
6.833228711316990267e-10
6.476097013249731568e-10
6.134332097186909179e-10
5.807288542849134100e-10
5.494348690057730704e-10
5.194921393563836402e-10
4.908440836567074187e-10
4.634365400008030864e-10
4.372176584871274855e-10
4.121377984881884201e-10
3.881494307112098317e-10
3.652070438146162598e-10
3.432670553571532792e-10
3.222877268680118229e-10
3.022290828373208383e-10
2.830528334364818009e-10
2.647223007877657676e-10
2.472023486116721149e-10
2.304593150892953074e-10
2.144609487852870485e-10
1.991763474846770920e-10
1.845758998043493567e-10
1.706312294468872614e-10
1.573151419711510999e-10
1.446015739602950600e-10
1.324655444737763252e-10
1.208831086756769107e-10
1.098313135368795722e-10
9.928815551381070960e-11
8.923254011120330940e-11
7.964424324089123671e-11
7.050387429301398739e-11
6.179284084002420580e-11
5.349331489786324868e-11
4.558820067228668315e-11
3.806110372184025284e-11
3.089630147233773492e-11
2.407871502076939422e-11
1.759388216963971473e-11
1.142793163551122021e-11
5.567558378243287969e-12
1.000000000000000072e-18
3.687923443849228274e-03
3.734764973970436646e-03
3.401015051874337579e-03
3.718663930468295385e-03
3.293862525449413846e-03
3.006627059938333374e-03
3.642867672976562651e-03
3.732828598626401154e-03
3.442747226459532024e-03
3.678660846180052506e-03
3.351739297701290983e-03
3.625119479959593768e-03
3.373203237479905931e-03
3.724528382826900776e-03
3.721349277345531188e-03
3.225739395093280178e-03
3.720328606782442610e-03
2.842939506505566712e-03
3.742011813732823693e-03
3.729504903575766531e-03
3.390171292171204748e-03
3.739420573998011258e-03
3.422616859473805347e-03
3.715521066568249452e-03
3.741637564511391106e-03
3.046926394028743809e-03
2.930117133999908703e-03
3.230777368540931060e-03
3.559446724084341495e-03
3.679989070740737750e-03
3.718941621999774516e-03
3.730623230831052808e-03
2.953797032931150188e-03
3.590618802064370930e-03
3.631930441680047365e-03
3.714713109874590892e-03
3.629864354718405264e-03
2.874750213125454486e-03
3.723595750491455556e-03
3.736663579011605466e-03
1.860285209683871328e-03
1.533508873141076635e-03
1.901484316950081575e-03
1.836175811789163455e-03
1.773567922477999135e-03
1.524373207288933938e-03
1.895244251385804672e-03
1.527450899726154115e-03
1.901303166633416504e-03
1.515189164474278283e-03
1.839155906509367657e-03
1.831586342036165514e-03
1.832962007089907483e-03
1.716494997504520656e-03
1.717943786375469286e-03
1.494230964654121160e-03
1.787762410164697160e-03
1.797047247083225375e-03
1.858468175038354526e-03
1.787958629835326987e-03
1.613940982222665087e-03
1.570901398503998445e-03
1.907462097999867729e-03
1.636204092348716825e-03
1.606992339754312370e-03
1.709042317680349067e-03
1.461583244660029021e-03
1.897856432137076405e-03
1.769018534392878712e-03
1.912511019042487407e-03
1.717177723271686969e-03
1.884618539195070334e-03
1.912510403217637092e-03
1.526664324311146357e-03
1.818129346416324588e-03
1.552175628810055063e-03
1.802898649730580146e-03
1.880806420795698691e-03
1.481007948512506065e-03
1.719304324327718386e-03
8.856135567709366718e-02
8.049258121947672207e-02
3.199356904723228701e-02
4.653651728977650087e-02
8.403310493386260960e-02
1.855910917443858929e-02
8.508264701279522058e-02
3.076147197024051150e-02
8.723269341311704062e-02
8.302003893587239780e-02
8.662469805528960620e-02
7.257274105529684660e-02
5.440371961217881080e-02
2.245216201822483951e-02
1.542985782565371201e-02
8.493349987008994018e-02
3.777607840989674615e-02
8.162206891372073003e-02
7.876167263372167715e-02
1.740783765857291387e-02
5.939959501229600397e-02
4.949731339227045335e-02
8.486290681332660235e-02
8.243104254311969803e-02
6.323113416670705922e-02
8.552381279159600169e-02
8.541782962795713141e-02
1.795041442890816380e-02
8.341915769056355845e-02
3.069780757468965060e-02
1.186875812339173268e-02
3.874824958946813946e-02
8.732662128956723835e-02
6.215603784584978336e-02
8.977365719060120819e-02
1.252186020965203803e-02
1.363638026726131207e-02
2.164597928579832867e-02
8.648639804185626057e-02
7.986341170795689670e-02
1.215805910143539018e-02
1.274793569076877568e-02
1.273077665981664497e-02
1.280284218620272689e-02
1.272063986737264826e-02
1.184126817118785757e-02
1.220470128167254996e-02
1.189734042452082752e-02
1.219948640847413369e-02
1.280094468252736956e-02
1.273441592220747078e-02
1.222703535059196239e-02
1.280316881562432868e-02
1.278400500957771989e-02
1.274398397211580145e-02
1.280875385986408529e-02
1.200805424133139995e-02
1.265361332778728275e-02
1.280846053097811459e-02
1.243705741373935837e-02
1.214691818307662638e-02
1.242262363087499877e-02
1.278782825866631861e-02
1.268983301975965677e-02
1.237738619547904331e-02
1.274517844552054864e-02
1.229846549045273893e-02
1.219536707372277998e-02
1.193413862250759620e-02
1.280387810414772634e-02
1.231958698422058740e-02
1.226044652539332036e-02
1.279129659760163198e-02
1.278654732693337327e-02
1.192990671257306186e-02
1.278386042837214090e-02
1.276239748487765190e-02
1.218935923805275143e-02
1.246055396856863770e-02
1.213305770408966422e-02
2.098499533817669519e-03
2.105381078170991734e-03
2.088672425380278929e-03
2.102590035138351965e-03
2.096977608689426422e-03
2.107331147914759915e-03
2.090220010325918344e-03
2.103668276844458760e-03
2.104784351082925921e-03
2.096040172823869334e-03
2.108821265045878347e-03
2.092748363638056910e-03
2.102271712899840030e-03
2.100861824061119564e-03
2.106340333733336054e-03
2.108991923237995766e-03
2.087742771755467762e-03
2.104794032590436969e-03
2.101831157445211134e-03
2.102484049450179578e-03
2.095187554289986830e-03
2.103276078475132486e-03
2.100928650660964514e-03
2.091518983109717875e-03
2.103909299501486273e-03
2.099869230900941464e-03
2.091748629967516565e-03
2.093076525958983535e-03
2.106986083191653147e-03
2.088323259178935694e-03
2.097872654146876181e-03
2.104356153696313857e-03
2.094338962402795320e-03
2.107557066609825214e-03
2.092056832625943143e-03
2.100321443671626393e-03
2.103769871502614124e-03
2.095853374730662685e-03
2.107421010302101567e-03
2.103082538656143603e-03
4.445466089976644886e-02
4.371080864088493223e-02
4.136125745491026073e-02
4.445301278282018376e-02
4.143507937932706942e-02
3.615083251577372314e-02
4.454352985651227614e-02
3.970855422528113410e-02
4.280390321529418951e-02
4.412858996518351229e-02
4.429015330388943322e-02
4.449994441769353215e-02
3.378345333959936747e-02
4.261917300871916059e-02
4.313072974957134903e-02
4.448117779998441573e-02
4.455457067928601106e-02
4.182589655163355263e-02
4.328848626933737981e-02
3.715352478197342379e-02
4.142699559793549396e-02
4.455891772438077408e-02
3.626402595391373801e-02
4.411972198154946040e-02
3.309596312732093759e-02
3.841177585843701808e-02
4.344334514940619701e-02
3.307707860122285903e-02
3.496120665947972245e-02
4.455443501034365289e-02
3.818516528216892719e-02
3.401161901253380720e-02
4.286407907440986653e-02
4.445780008925141746e-02
3.724900002990864240e-02
4.455975530354303049e-02
3.424429723486983879e-02
4.385360879530553202e-02
4.454363248778379220e-02
4.028620292027849936e-02
1.871193476829733412e-03
1.871068511272853735e-03
1.840949619987042318e-03
1.845219145604189885e-03
1.833605991385769355e-03
1.846727654760288136e-03
1.829665337207433485e-03
1.862970739816240421e-03
1.834252157344847846e-03
1.847602930075706393e-03
1.871094305162068153e-03
1.863725274763446040e-03
1.835823037122699761e-03
1.839197549973259089e-03
1.860455105559777941e-03
1.859901484285644531e-03
1.836967343045241416e-03
1.832476591124280151e-03
1.845245684991276940e-03
1.857544034607677436e-03
1.852923415667471390e-03
1.857337347523124564e-03
1.828455260771559608e-03
1.839567397928489273e-03
1.842492943863641803e-03
1.840435626202796939e-03
1.829850169226944576e-03
1.869303997434118916e-03
1.850146046374017686e-03
1.852826816762825034e-03
1.870018766115618411e-03
1.870225155908440337e-03
1.870004264483965959e-03
1.865244830465484201e-03
1.868967041345341454e-03
1.828386590426709897e-03
1.851540226690133722e-03
1.840016247415754858e-03
1.828106816690658809e-03
1.841558218901208225e-03
2.090734000706681150e-03
2.279248752970277486e-03
2.073372449969774524e-03
2.198195074498437811e-03
2.162127969637702828e-03
2.251736120562472607e-03
2.201217185524484768e-03
2.061828523716841954e-03
2.229006650841289239e-03
2.165623287813483750e-03
2.078745134201261113e-03
2.150512262827928081e-03
2.264374485887751028e-03
2.180901244692310531e-03
2.202703148127358335e-03
2.178981795092164390e-03
2.117548667731801622e-03
2.281323652342283088e-03
2.143062317062385726e-03
2.263593558170998513e-03
2.152925405612786825e-03
2.089732338118643288e-03
2.057603933818514998e-03
2.095380279704565918e-03
2.049001003337822154e-03
2.256408236648142600e-03
2.052847290968422972e-03
2.108631446854752119e-03
2.038800699219108729e-03
2.280901540737509565e-03
2.131072887205042853e-03
2.214370736801633821e-03
2.247481570099758158e-03
2.063457438614708234e-03
2.049805163482408630e-03
2.251594427976666684e-03
2.220869588476263694e-03
2.164843550430738811e-03
2.254822235477614914e-03
2.238161369039609432e-03
6.401603204437346026e-03
6.372330780116768761e-03
6.054139680151885382e-03
6.411214952427278686e-03
6.433799693672427253e-03
6.434606659926927173e-03
6.076762412515687717e-03
5.982310016375580811e-03
6.247055809939475353e-03
6.230592442827704268e-03
6.437931241228178961e-03
6.434500710178849871e-03
6.019667989819310096e-03
6.521374611158782357e-03
6.423894947728193104e-03
6.165933805908688919e-03
6.588601033794192624e-03
6.230986678889924302e-03
6.365521547018419130e-03
6.541594570959171837e-03
6.137429443127060888e-03
6.102552656849683822e-03
6.152626715726157609e-03
6.108326424688207204e-03
6.276517625984920704e-03
6.514320981985988711e-03
6.144398356567142699e-03
6.238049455293294236e-03
6.378312162169491942e-03
6.012175610902459506e-03
6.594195874990797443e-03
6.407346293221549000e-03
6.098517682977101437e-03
6.051519627088604129e-03
6.077753032135373330e-03
6.480540157532788809e-03
6.389986018376288615e-03
6.354328487399451761e-03
6.582185888678164856e-03
6.196988430987636701e-03
2.874413403386501600e-02
3.039641740030631437e-02
2.929626106959166976e-02
2.953917660594312239e-02
2.973350909432163555e-02
2.849103022653688005e-02
3.028473425299321037e-02
2.968603002253189516e-02
2.912604228570992229e-02
2.939170156906956849e-02
2.895458696178551672e-02
2.950825440371075345e-02
2.933190299121652203e-02
3.034749198384340679e-02
2.989728015625050042e-02
2.907407137682712500e-02
2.919069201605916514e-02
3.002761430208729723e-02
2.878448254964888209e-02
2.939310334535469305e-02
2.961255838328141071e-02
3.038431820235744027e-02
2.919384602240593027e-02
2.941645647701922675e-02
2.976904353329981601e-02
2.875162539809476142e-02
2.873933329998190622e-02
3.010482037687199283e-02
2.853674987562378543e-02
2.965630093671967754e-02
3.063164257541134416e-02
2.963548485134702426e-02
2.935027300282082308e-02
3.080746314458081975e-02
2.868627992916886887e-02
3.012629379737737090e-02
2.851486009086335108e-02
2.955669664937068952e-02
3.008185528539147197e-02
2.861939027879082525e-02
2.686358195327318357e-02
2.605210029107589420e-02
2.577590257384509975e-02
2.637781248489414268e-02
2.724027168881960545e-02
2.653944945253441240e-02
2.755590416802999529e-02
2.755160009420772743e-02
2.650499098649582511e-02
2.611828710054429209e-02
2.713724329520253095e-02
2.871742419419423195e-02
2.765004780785650790e-02
2.667374895743833060e-02
2.783033142116356565e-02
2.751317930805822695e-02
2.693172307795238182e-02
2.708077921599472485e-02
2.767342044510983853e-02
2.845606794730135003e-02
2.646550583152346842e-02
2.711493334214706147e-02
2.826909796031234351e-02
2.817302075704240447e-02
2.865958871225452245e-02
2.785428237469917551e-02
2.846736408634341700e-02
2.750308538637430411e-02
2.866043809741970066e-02
2.761866658342653977e-02
2.637787466811204046e-02
2.627081158915606576e-02
2.758695166503325261e-02
2.578082236436583796e-02
2.621431517474422448e-02
2.723927935879645254e-02
2.609164820983528310e-02
2.838798279239990521e-02
2.815421138672683649e-02
2.866720046479717676e-02
3.623952836969572804e-03
1.772971719682713519e-03
6.867657328434405295e-02
1.253358735083110950e-02
2.098778524300859167e-03
4.153515815043606896e-02
1.851623571294210013e-03
2.176893221065369192e-03
6.273722671565959766e-03
2.975772473898765855e-02
1.000000000000000072e-18
