1.000000000000000072e-18
8.365531025426969049e-11
1.677995198839082891e-10
2.525647233623948291e-10
3.380788494178102054e-10
4.244663448730010855e-10
5.118487907265802842e-10
6.003454600717358327e-10
6.900738260422301551e-10
7.811500268015776026e-10
8.736892936095035708e-10
9.678063471765261666e-10
1.063615766824218781e-09
1.161232336384273614e-09
1.260771370275242160e-09
1.362349022776755291e-09
1.466082583165729064e-09
1.572090759076546701e-09
1.680493950189983816e-09
1.791414514136615628e-09
1.904977026313539708e-09
2.021308535154533583e-09
2.140538814258397765e-09
2.262800612665484173e-09
2.388229904475453365e-09
2.516966138917199914e-09
2.649152491913867455e-09
2.784936120128851356e-09
2.924468418432309443e-09
3.067905281690634824e-09
3.215407371751740891e-09
3.367140390477773625e-09
3.523275359660986505e-09
3.683988908649813473e-09
3.849463570508010122e-09
4.019888087531635804e-09
4.195457726954279136e-09
4.376374607682300221e-09
4.562848038916432039e-09
4.755094871535484977e-09
4.953339863141279976e-09
5.157816057690800111e-09
5.368765180673298440e-09
5.586438050824592564e-09
5.811095009410230381e-09
6.043006368152220747e-09
6.282452876920952065e-09
6.529726212365729751e-09
6.785129488712786324e-09
7.048977792019991259e-09
7.321598739242355291e-09
7.603333063532502546e-09
7.894535227275368770e-09
8.195574064436475632e-09
8.506833453890075264e-09
8.828713025485099181e-09
9.161628900706265410e-09
9.506014469892512215e-09
9.862321208088816288e-09
1.023101953172710336e-08
1.061259969846112998e-08
1.100757275261831979e-08
1.141647151887726168e-08
1.183985164693818799e-08
1.227829271012013607e-08
1.273239936099818039e-08
1.320280254738596857e-08
1.369016079217217692e-08
1.419516154073968171e-08
1.471852257992911525e-08
1.526099353275809567e-08
1.582335743337647327e-08
1.640643238702181114e-08
1.701107332004776221e-08
1.763817382542425110e-08
1.828866810946025714e-08
1.896353304587629072e-08
1.966379034375541347e-08
2.039050883633622385e-08
2.114480689807204522e-08
2.192785499787914165e-08
2.274087839703076164e-08
2.358516000072406144e-08
2.446204337296601196e-08
2.537293592508175006e-08
2.631931228886147133e-08
2.730271788612501545e-08
2.832477270730515213e-08
2.938717531253543745e-08
3.049170706968021439e-08
3.164023664477050553e-08
3.283472476141425533e-08
3.407722924694094627e-08
3.536991038432667734e-08
3.671503659033186995e-08
3.811499044177997730e-08
3.957227507352594413e-08
4.108952097340502051e-08
4.266949320134841839e-08
4.431509906189002258e-08
4.602939626150332568e-08
4.781560158460155797e-08
4.967710012462608919e-08
5.161745510946400109e-08
5.364041836348218313e-08
5.574994145177338420e-08
5.795018755580592993e-08
6.024554413356701990e-08
6.264063642153241938e-08
6.514034184041124649e-08
6.774980537162715774e-08
7.047445597697122497e-08
7.332002413980824581e-08
7.629256061271622360e-08
7.939845646351685722e-08
8.264446451938240305e-08
8.603772231715383501e-08
8.958577667722242932e-08
9.329661002842930396e-08
9.717866862247645247e-08
1.012408927884399114e-07
1.054927493912410440e-07
1.099442666724583124e-07
1.146060716678416517e-07
1.194894304134047434e-07
1.246062911712484040e-07
1.299693309274679337e-07
1.355920054378238187e-07
1.414886031225928451e-07
1.476743031403341853e-07
1.541652380016405647e-07
1.609785611184771163e-07
1.681325197229329223e-07
1.756465336315087336e-07
1.835412803778500146e-07
1.918387872887854772e-07
2.005625311360858619e-07
2.097375460603293817e-07
2.193905405343613305e-07
2.295500242129331461e-07
2.402464456032477783e-07
2.515123415893806409e-07
2.633824999532232237e-07
2.758941361571512791e-07
2.890870857906823504e-07
3.030040142369265527e-07
3.176906452867372145e-07
3.331960106216399924e-07
3.495727223037621618e-07
3.668772706552223465e-07
3.851703501846870106e-07
4.045172165292223055e-07
4.249880777301929131e-07
4.466585235585984224e-07
4.696099970543175462e-07
4.939303129532342525e-07
5.197142282547553472e-07
5.470640708403836560e-07
5.760904328037671373e-07
6.069129360080204318e-07
6.396610783637200152e-07
6.744751704398303190e-07
7.115073733027545062e-07
7.509228499520876528e-07
7.929010444168204017e-07
8.376371045296930644e-07
8.853434666535745778e-07
9.362516232441703700e-07
9.906140971593049673e-07
1.048706650139882405e-06
1.110830756978757150e-06
1.177316381665854464e-06
1.248525097376398015e-06
1.324853598705156871e-06
1.406737662225455022e-06
1.494656620487173368e-06
1.589138425230987055e-06
1.690765388210958205e-06
1.800180702981155554e-06
1.918095868799775017e-06
2.045299159031035443e-06
2.182665301815899931e-06
2.331166571242826331e-06
2.491885523904476519e-06
2.666029659974204024e-06
2.854948341524169288e-06
3.060152365926167257e-06
3.283336671581619526e-06
3.526406750400887088e-06
3.791509460809989280e-06
4.081069082226404343e-06
4.397829634106794956e-06
4.744904709058695274e-06
5.125836352029493536e-06
5.544664871652274431e-06
6.006011915473786917e-06
6.515179704165839697e-06
7.078270035180655499e-06
7.702327578662205931e-06
8.395513157071638339e-06
9.167314203159926858e-06
1.002880153183921162e-05
1.099294407596235662e-05
1.207499650146924050e-05
1.329297886251114226e-05
1.466827296905306779e-05
1.622636725986136401e-05
1.799779106485715124e-05
2.001929047109064753e-05
2.233531143933731387e-05
2.499987001184730641e-05
2.807889983734583163e-05
3.165316084322856419e-05
3.582173463178416485e-05
4.070592679445442447e-05
4.645277483891393898e-05
5.323550977361380521e-05
6.124252270318659552e-05
7.062618803833686570e-05
8.129912248582978301e-05
9.200742619685389301e-05
9.417461154062680979e-05
5.715125579181364941e-05
2.094048640643374985e-04
2.561570243746302106e-04
3.182578371951279056e-04
4.058428182272854137e-04
5.300636367254906887e-04
7.074214145067754360e-04
9.590294028036398582e-04
1.300101739913526620e-03
1.701771766992917672e-03
2.020095212676964978e-03
1.935710880406572940e-03
2.143495206897088039e-03
1.718354381438689940e-03
1.323960973928602590e-03
1.023750453567175709e-03
8.044224746831522182e-04
6.452563683937883243e-04
5.285175415598549527e-04
4.413915689262161044e-04
3.751050330568278177e-04
3.237166004802399561e-04
2.831751803616246546e-04
2.506788154650742111e-04
2.242561699132005501e-04
2.024955797104378754e-04
1.843685784943920590e-04
1.691135221620514227e-04
1.561576758218097315e-04
1.450642079192450862e-04
1.354955467850340147e-04
1.271876519914965048e-04
1.199316795706221610e-04
1.135607318532774062e-04
1.079401548096453275e-04
1.029603447325132774e-04
9.853135317148536553e-05
9.457879645254601956e-05
9.104072264529963418e-05
8.786518889419214437e-05
8.500837121377722942e-05
8.243307726208219113e-05
8.010756687326772490e-05
7.800460964814114073e-05
7.610072662325243213e-05
7.437557597451414156e-05
7.281145223961633841e-05
7.139287562342140972e-05
7.010625325439784968e-05
6.893959826434129098e-05
6.788229560886756915e-05
6.692490587846171908e-05
6.605900014846774416e-05
6.527702031303827125e-05
6.457216044015168786e-05
6.393826554485373492e-05
6.336974485997420577e-05
6.286149722813955544e-05
6.240884667627673993e-05
6.200748658678948799e-05
6.165343116553868440e-05
6.134297313903309739e-05
6.107264680229949189e-05
6.083919569307612171e-05
6.063954429395550130e-05
6.047077326729285079e-05
6.033009781244658495e-05
6.021484880469947672e-05
6.012245643276206735e-05
6.005043609922659824e-05
5.999637638736777194e-05
5.995792892955356744e-05
5.993280003820311363e-05
5.991874398047690681e-05
5.991355779329760820e-05
5.991507754637055456e-05
5.992117596802275714e-05
5.992976135227840411e-05
5.993877766600482849e-05
5.994620577255787262e-05
5.995006568350801036e-05
5.994841974315444832e-05
5.993937664206728291e-05
5.992109614632743566e-05
5.989179441896270084e-05
5.984974979985348785e-05
5.979330890065658125e-05
5.972089286261549138e-05
5.963100361804963173e-05
5.952222999130622950e-05
5.939325347248412335e-05
5.924285349761329600e-05
5.906991207245881805e-05
5.887341758380550995e-05
5.865246765195044221e-05
5.840627089099216973e-05
5.813414745904396094e-05
5.783552829820606236e-05
5.750995298343091887e-05
5.715706611956594669e-05
5.677661224604476237e-05
5.636842922807492375e-05
5.593244013083666918e-05
5.546864358826100435e-05
5.497710268960014903e-05
5.445793241438018654e-05
5.391128564881923378e-05
5.333733781371340494e-05
5.273627012471251974e-05
5.210825149038470676e-05
5.145341903124266424e-05
5.077185717380547201e-05
5.006357523772778366e-05
4.932848339116194339e-05
4.856636680011954980e-05
4.777685774231427309e-05
4.695940539595029801e-05
4.611324295120520529e-05
4.523735163018795323e-05
4.433042114567032992e-05
4.339080608929991325e-05
4.241647773156613413e-05
4.140497076293310464e-05
4.035332464711834967e-05
3.925801955472912218e-05
3.811490739432916406e-05
3.691913940789846372e-05
3.566509337964549238e-05
3.434630607581679073e-05
3.295542062710837193e-05
3.148416499089572748e-05
2.992338756980139120e-05
2.826319119262280988e-05
2.649322923523083611e-05
2.460326040940052317e-05
2.258410432296657864e-05
2.042919914694686518e-05
1.813703049274261096e-05
1.571475720458371503e-05
1.318335534018205538e-05
1.058443333275365438e-05
7.988363909423295276e-06
5.502306892627895191e-06
3.274941141111404981e-06
1.492664922403329284e-06
3.611208233219210271e-07
6.876863672552644321e-08
7.378357346753442176e-07
2.379662726678525011e-06
4.877008365699316984e-06
8.006295609619061188e-06
1.149154818796408824e-05
1.506535051203055063e-05
1.851313160863790489e-05
2.169123612192657612e-05
2.452325185420362201e-05
2.698490343101223203e-05
2.908649378109337807e-05
3.085791517624630848e-05
3.233785817349888272e-05
3.356695530272988287e-05
3.458390939494348137e-05
3.542361913069400173e-05
3.611652110274193503e-05
3.668860951846747551e-05
3.716179291250397806e-05
3.755438703933342356e-05
3.788163341794861799e-05
3.815618783701631183e-05
3.838855473584196448e-05
3.858746063056073494e-05
3.876016852528143896e-05
3.891273920030380111e-05
3.905024660384833130e-05
3.917695456752880726e-05
3.929646143794275143e-05
3.941181835713493886e-05
3.952562603431848611e-05
3.964011402538600954e-05
3.975720581333428333e-05
3.987857236993751101e-05
4.000567637064089238e-05
4.013980881853558764e-05
4.028211949560638771e-05
4.043364238693291751e-05
4.059531700431986864e-05
4.076800635981238239e-05
4.095251219830741205e-05
4.114958798510875119e-05
4.135995005323041707e-05
4.158428724205788475e-05
4.182326930005378986e-05
4.207755427670124149e-05
4.234779509054785695e-05
4.263464542924386966e-05
4.293876511243249088e-05
4.326082502810660568e-05
4.360151173669064552e-05
4.396153182391781178e-05
4.434161607297918599e-05
4.474252351795660542e-05
4.516504543386728587e-05
4.561000931343576348e-05
4.607828287675458769e-05
4.657077815711201248e-05
4.708845570430954746e-05
4.763232894565852738e-05
4.820346874445635541e-05
4.880300819602926394e-05
4.943214770236409647e-05
5.009216036790426646e-05
5.078439776125602095e-05
5.151029609034322922e-05
5.227138284198981448e-05
5.306928394102762803e-05
5.390573148888070450e-05
5.478257214722101747e-05
5.570177623881117173e-05
5.666544764513700287e-05
5.767583458900958176e-05
5.873534140010491534e-05
5.984654137258600459e-05
6.101219083669313242e-05
6.223524458070881112e-05
6.351887277628032180e-05
6.486647957898450129e-05
6.628172359762567710e-05
6.776854045044860056e-05
6.933116765472661295e-05
7.097417212859349846e-05
7.270248062118314766e-05
7.452141342990870260e-05
7.643672181293445381e-05
7.845462956166185386e-05
8.058187926359938161e-05
8.282578386182560778e-05
8.519428420511581941e-05
8.769601338480370438e-05
9.034036877302311047e-05
9.313759281509567732e-05
9.609886378997708697e-05
9.923639794101096398e-05
1.025635645997449139e-04
1.060950161841832048e-04
1.098468352566458355e-04
1.138367011839200890e-04
1.180840793637161906e-04
1.226104364787874057e-04
1.274394858279496718e-04
1.325974674790081180e-04
1.381134688130197742e-04
1.440197920070196782e-04
1.503523761625747215e-04
1.571512831647393644e-04
1.644612579904968549e-04
1.723323761242119112e-04
1.808207930330355548e-04
1.899896133666760533e-04
1.999099007367220661e-04
2.106618526645599244e-04
2.223361696212408612e-04
2.350356520553189210e-04
2.488770649130849400e-04
2.639933153199474714e-04
2.805359955962672086e-04
2.986783501787937064e-04
3.186187304788704847e-04
3.405846047743682839e-04
3.648371884416527072e-04
3.916767491262442545e-04
4.214486152530202371e-04
4.545498641079453008e-04
4.914365711079128488e-04
5.326313392935347725e-04
5.787305586904047680e-04
6.304104112011884187e-04
6.884299548679790161e-04
7.536285775124888960e-04
8.269135598143053474e-04
9.092312777554613541e-04
1.001512604946542054e-03
1.104579460265644238e-03
1.218995837601015301e-03
1.344844823881989745e-03
1.481416805298048454e-03
1.626809876512563813e-03
1.777480933681319661e-03
1.927855579857944883e-03
2.070214092504179138e-03
2.195209826518209825e-03
2.293395636915994493e-03
2.357297605955063421e-03
2.381868971230712700e-03
2.363905401127408979e-03
2.304110389208792204e-03
2.208432650358921421e-03
2.086203910966189217e-03
1.947570457726473941e-03
1.801691460001270595e-03
1.655832017810169449e-03
1.515145673272584462e-03
1.382880277681764695e-03
1.260771704423133480e-03
1.149465640269214505e-03
1.048884449352395498e-03
9.585107737795836840e-04
8.775897420957298268e-04
8.052641947078413012e-04
7.406598852251481324e-04
6.829356722343659031e-04
6.313103928283377280e-04
5.850748640799975381e-04
5.435948146891859045e-04
5.063085844765802170e-04
4.727220493748027132e-04
4.424022965700022771e-04
4.149709616025940126e-04
3.900977463334981518e-04
3.674943905773799565e-04
3.469092199586030979e-04
3.281223037606038288e-04
3.109412064850084704e-04
2.951972907393828451e-04
2.807425174618462704e-04
2.674466863741084967e-04
2.551950611915314413e-04
2.438863282127381180e-04
2.334308420814460426e-04
2.237491179548109597e-04
2.147705345779632273e-04
2.064322176246452924e-04
1.986780770207018662e-04
1.914579757981716150e-04
1.847270113526205666e-04
1.784448928358206446e-04
1.725754008596228192e-04
1.670859177662821374e-04
1.619470184846864239e-04
1.571321134859983892e-04
1.526171366161380996e-04
1.483802716513589991e-04
1.444017123270803526e-04
1.406634513548807080e-04
1.371490945901098987e-04
1.338436970613657404e-04
1.307336180387625119e-04
1.278063927135658520e-04
1.250506183984117462e-04
1.224558534441860553e-04
1.200125273144750734e-04
1.177118604678102567e-04
1.155457928771550777e-04
1.135069201698387157e-04
1.115884365032561914e-04
1.097840834053775391e-04
1.080881039071906579e-04
1.064952013789240913e-04
1.050005025552319036e-04
1.035995242981017011e-04
1.022881437014939895e-04
1.010625711897901571e-04
9.991932630406315935e-05
9.885521590681846675e-05
9.786731456794772971e-05
9.695294692278897590e-05
9.610967181796929498e-05
9.533526808254552329e-05
9.462772178128468401e-05
9.398521482405642734e-05
9.340611482055969652e-05
9.288896608322042957e-05
9.243248169330983124e-05
9.203553655632937811e-05
9.169716138267154897e-05
9.141653753863801155e-05
9.119299272122014573e-05
9.102599741773047021e-05
9.091516211854443880e-05
9.086023525794606622e-05
9.086110186447973812e-05
9.091778290836176769e-05
9.103043533949264584e-05
9.119935281550334012e-05
9.142496712513813639e-05
9.170785031821489599e-05
9.204871755945844979e-05
9.244843072977979872e-05
9.290800280513570697e-05
9.342860305004350963e-05
9.401156307023204688e-05
9.465838377689763164e-05
9.537074332368624362e-05
9.615050608699550493e-05
9.699973277060234536e-05
9.792069172712131305e-05
9.891587160159528460e-05
9.998799541677110827e-05
1.011400362355858453e-04
1.023752345543239563e-04
1.036971176001149015e-04
1.051095207292804414e-04
1.066166111489018548e-04
1.082229142133441690e-04
1.099333425808942549e-04
1.117532285537674633e-04
1.136883599682786546e-04
1.157450200518080709e-04
1.179300317203716406e-04
1.202508068562867894e-04
1.227154011810781514e-04
1.253325754260017140e-04
1.281118636033789203e-04
1.310636492986512241e-04
1.341992510384188873e-04
1.375310179470148409e-04
1.410724370872464494e-04
1.448382540944621031e-04
1.488446089625586560e-04
1.531091891325482600e-04
1.576514023767214322e-04
1.624925723736755305e-04
1.676561603428937701e-04
1.731680166656249546e-04
1.790566670778781532e-04
1.853536388009087888e-04
1.920938328980825672e-04
1.993159502426330727e-04
2.070629797823138926e-04
2.153827593346218381e-04
2.243286209883218107e-04
2.339601353805504280e-04
2.443439717312883728e-04
2.555548936273021612e-04
2.676769142467815823e-04
2.808046391068886715e-04
2.950448296126359699e-04
3.105182268061597610e-04
3.273616818759157829e-04
3.457306482797248086e-04
3.658020998054523467e-04
3.877779494740003015e-04
4.118890556227293226e-04
4.383999131948100418e-04
4.676141390279863743e-04
4.998808676578451668e-04
5.356021751446091422e-04
5.752416365118281525e-04
6.193340873715650913e-04
6.684965857319764620e-04
7.234404295637531651e-04
7.849838381240324724e-04
8.540644863562343392e-04
9.317503949207288924e-04
1.019246580490386139e-03
1.117893159358328411e-03
1.229148004319764818e-03
1.354543268493520972e-03
1.495599848083644561e-03
1.653677201051866009e-03
1.829728786287760679e-03
2.023928616136111240e-03
2.235138560002650817e-03
2.460211041375061271e-03
2.693184477650776079e-03
2.924542929087411199e-03
3.140865175947016134e-03
3.325309597721206115e-03
3.459320587999764000e-03
3.525544182027508331e-03
3.511237294093656498e-03
3.410835177328953253e-03
3.226370097140594286e-03
2.965285045936666159e-03
2.636324131975819815e-03
2.244914336385287878e-03
1.790091942786744888e-03
1.268480583104655704e-03
7.054587641249866542e-04
2.555992008482517301e-04
2.558491777472113684e-04
7.340095525411602720e-04
1.204919820679485783e-03
1.440229897640414591e-03
1.503156070747502758e-03
1.479645760603305084e-03
1.418625022236219774e-03
1.343668485744083964e-03
1.265658068971933651e-03
1.189465200342451406e-03
1.117099839652301550e-03
1.049183413477496572e-03
9.856509737429311468e-04
9.260925737313868309e-04
8.699203540023871294e-04
8.164486647639279324e-04
7.649298623819969977e-04
7.145680237410677663e-04
6.645238681296267592e-04
6.139212285348959967e-04
5.618662620024824847e-04
5.074942924995802648e-04
4.500646992157789918e-04
3.891286745122027432e-04
3.247904642738093785e-04
2.580552346338424474e-04
1.911876045444375926e-04
1.278935892245584036e-04
7.304770915735086427e-05
3.176433286779435259e-05
7.974188279133164771e-06
3.138556635205717447e-06
1.583116443346974434e-05
4.239864772302081805e-05
7.822352540498598379e-05
1.188914755096567936e-04
1.608611612414064473e-04
2.016337006704787757e-04
2.396178057389324902e-04
2.738863025400758229e-04
3.039418921213457732e-04
3.295390010805440239e-04
3.505679383625686166e-04
3.669910595654447502e-04
3.788168155541632920e-04
3.860985528340298858e-04
3.889469679059185943e-04
3.875470082486299908e-04
3.821717831934048210e-04
3.731880650262196981e-04
3.610504373703411914e-04
3.462839298130889008e-04
3.294575773708038500e-04
3.111531691738544437e-04
2.919340992015264291e-04
2.723186793945060031e-04
2.527608724352238220e-04
2.336396970886785054e-04
2.152570773469945616e-04
1.978429973256495768e-04
1.815666417000725034e-04
1.665527831984457815e-04
1.529039101417939580e-04
1.407284830627147866e-04
1.301497739737435516e-04
1.208581910133453189e-04
1.004072454048764222e-04
1.798497072675271633e-05
5.574293819178605558e-05
6.076176520790313489e-05
5.887893448928653827e-05
5.529260533877099003e-05
5.130123687688336530e-05
4.733653165422464808e-05
4.356156071127665632e-05
4.003737266740418866e-05
3.678117635816053000e-05
3.379003055210626867e-05
3.105158168269583034e-05
2.854930676751551787e-05
2.626519953919967089e-05
2.418117987063363386e-05
2.227983077845015498e-05
2.054476733056717080e-05
1.896079894683202013e-05
1.751397444691147373e-05
1.619156092463013008e-05
1.498198635844237963e-05
1.387476374712304129e-05
1.286040742095608840e-05
1.193034787862592280e-05
1.107684886603972627e-05
1.029292878194769208e-05
9.572287479864231767e-06
8.909238905293829974e-06
8.298649620248907882e-06
7.735883035432591050e-06
7.216749038423900269e-06
6.737458637924633936e-06
6.294583216396695116e-06
5.885017981056937012e-06
5.505949216276388440e-06
5.154824962437035005e-06
4.829328772965659328e-06
4.527356229861502376e-06
4.246993926793054444e-06
3.986500656699250811e-06
3.744290567152720111e-06
3.518918071190111785e-06
3.309064323754238024e-06
3.113525094296595891e-06
2.931199884524818218e-06
2.761082156852418579e-06
2.602250553945520584e-06
2.453861003011943181e-06
2.315139610279101993e-06
2.185376261605860262e-06
2.063918854496339542e-06
1.950168095059428649e-06
1.843572800797659850e-06
1.743625656616114423e-06
1.649859377211805665e-06
1.561843234117608136e-06
1.479179910208763266e-06
1.401502648501262154e-06
1.328472665637401097e-06
1.259776803619455542e-06
1.195125396162261030e-06
1.134250328531572157e-06
1.076903271953996607e-06
1.022854075656767473e-06
9.718893013519381745e-07
9.238108865424749947e-07
8.784349244210794338e-07
8.355905493748903366e-07
7.951189182173000902e-07
7.568722782583433866e-07
7.207131142093078429e-07
6.865133667083229430e-07
6.541537159616583633e-07
6.235229246292230635e-07
5.945172346512623821e-07
5.670398132226862694e-07
5.410002435790305797e-07
5.163140566690756577e-07
4.929023001583957486e-07
4.706911415406319584e-07
4.496115024323329315e-07
4.295987213967960795e-07
4.105922428854380093e-07
3.925353301043292004e-07
3.753747998116604246e-07
3.590607772306606240e-07
3.435464694242096959e-07
3.287879556238165927e-07
3.147439931379424425e-07
3.013758375848494652e-07
2.886470763038563028e-07
2.765234738976388141e-07
2.649728289479055826e-07
2.539648410280821766e-07
2.434709872107667080e-07
2.334644073349766484e-07
2.239197973594768264e-07
2.148133101843448812e-07
2.061224633737121371e-07
1.978260532590601509e-07
1.899040749447232239e-07
1.823376477758838915e-07
1.751089458646740980e-07
1.682011333021930242e-07
1.615983037138063671e-07
1.552854238420591198e-07
1.492482808662447901e-07
1.434734331903549180e-07
1.379481644518374155e-07
1.326604405226744710e-07
1.275988692917317570e-07
1.227526630333619370e-07
1.181116031820116126e-07
1.136660073460676910e-07
1.094066984066804212e-07
1.053249755587149497e-07
1.014125871615381103e-07
9.766170527706817608e-08
9.406490178143252233e-08
9.061512594485159219e-08
8.730568338195418413e-08
8.413021628174424373e-08
8.108268483293363787e-08
7.815734976631152636e-08
7.534875594137053360e-08
7.265171690950526320e-08
7.006130039082049646e-08
6.757281460597413937e-08
6.518179540850184033e-08
6.288399416683711556e-08
6.067536634870035285e-08
5.855206076374407156e-08
5.651040942333536984e-08
5.454691797910627039e-08
5.265825670448596081e-08
5.084125198579362234e-08
4.909287829169900517e-08
4.741025059190146125e-08
4.579061719779184461e-08
4.423135299964056439e-08
4.272995307649970888e-08
4.128402665654948078e-08
3.989129140704822724e-08
3.854956803437032625e-08
3.725677517586837065e-08
3.601092456643779163e-08
3.481011646374965447e-08
3.365253531711615632e-08
3.253644566588672655e-08
3.146018825415598677e-08
3.042217634936612009e-08
2.942089225315990482e-08
2.845488399354212331e-08
2.752276218807278480e-08
2.662319706843910690e-08
2.575491565732471584e-08
2.491669908904274118e-08
2.410738006590162906e-08
2.332584044274351786e-08
2.257100893254341804e-08
2.184185892636204527e-08
2.113740642133944973e-08
2.045670805077290389e-08
1.979885921066077877e-08
1.916299227741299640e-08
1.854827491171824588e-08
1.795390844383824023e-08
1.737912633585399000e-08
1.682319271662715886e-08
1.628540098546765956e-08
1.576507248069973970e-08
1.526155520951734005e-08
1.477422263569485212e-08
1.430247252188412159e-08
1.384572582338342214e-08
1.340342563039901091e-08
1.297503615594997416e-08
1.256004176667948052e-08
1.215794605393745971e-08
1.176827094259137280e-08
1.139055583509649409e-08
1.102435678842398905e-08
1.066924572149556375e-08
1.032480965080974978e-08
9.990649951970474927e-09
9.666381644831731257e-09
9.351632699964363745e-09
9.046043364119753185e-09
8.749265502313405522e-09
8.460961954078500773e-09
8.180805901333014727e-09
7.908480245173788710e-09
7.643676988737146924e-09
7.386096623054107779e-09
7.135447512565474279e-09
6.891445276639435953e-09
6.653812163043862430e-09
6.422276408849960670e-09
6.196571583668307213e-09
5.976435909423541007e-09
5.761611550029078706e-09
5.551843863303314716e-09
5.346880606226620085e-09
5.146471083127721442e-09
4.950365224544731233e-09
4.758312582244737603e-09
4.570061223109534765e-09
4.385356501163468784e-09
4.203939682765697489e-09
4.025546394688318541e-09
3.849904858160238494e-09
3.676733863593637584e-09
3.505740430112186356e-09
3.336617080490517919e-09
3.169038644777220936e-09
3.002658483464500310e-09
2.837103991890900392e-09
2.671971209264121971e-09
2.506818304996617277e-09
2.341157647328495602e-09
2.174446067880193489e-09
2.006072811314436096e-09
1.835344487778347078e-09
1.661466106626478798e-09
1.483516932070381824e-09
1.300419417452772623e-09
1.110898771070728497e-09
9.134296660281421521e-10
7.061650404973863735e-10
4.868395303750065919e-10
2.526363035349645446e-10
1.000000000000000072e-18
7.895565996104572475e-05
8.985948115748830446e-05
9.598123940912167912e-05
9.309974285508564268e-05
9.560101930374447019e-05
9.228336018069006647e-05
8.082182563478046433e-05
9.589319781066694677e-05
7.669610465501734426e-05
7.964193034937516746e-05
9.298868886269701247e-05
9.132447647992197361e-05
9.515709360696199541e-05
7.946630700890804316e-05
8.855564874038138320e-05
9.587465743396728925e-05
9.452943639658670271e-05
8.778099910649992841e-05
9.596529496386493126e-05
9.446750457762747156e-05
8.961820872979661169e-05
9.215198053961740261e-05
9.550259665764033600e-05
7.898380770330176964e-05
9.181795390698709687e-05
9.152585231878130982e-05
9.367220879895807035e-05
9.594272344543773546e-05
9.302632128365586196e-05
7.592972193353237525e-05
9.586535136835042190e-05
9.565889874994238631e-05
8.277848264517707899e-05
9.199121219601791224e-05
9.477974106979066514e-05
9.533836496874970815e-05
9.486112836301686967e-05
9.488595930084001465e-05
9.293542556931507544e-05
9.490277187836164950e-05
6.064245831892287270e-05
5.363533917004709335e-05
6.075959787646135053e-05
6.070220662188365425e-05
6.066580304025430501e-05
6.048161157190023101e-05
6.067167563339215139e-05
6.076156271090084148e-05
5.722786377894170353e-05
5.519250624204413729e-05
5.445310833766069640e-05
6.070188680172172344e-05
6.075129962338488812e-05
5.948182968158905875e-05
6.072206124955714228e-05
6.048490051610564598e-05
6.055458036476234142e-05
6.075471865654802979e-05
6.066536294132867968e-05
6.042817184436063206e-05
6.066629801425224420e-05
6.076161768644869143e-05
5.689732306859030669e-05
6.040973495115497204e-05
5.669879586269221440e-05
5.713351487741088542e-05
5.445147899421750383e-05
6.062406561971430059e-05
6.041808348598431689e-05
6.075900706252397213e-05
6.063819939064759950e-05
5.985674515948373616e-05
5.980396356567891660e-05
6.071588072359017835e-05
6.062411303471642129e-05
6.064057773201962935e-05
6.059680436708283563e-05
6.044858683753155264e-05
6.050266679616611793e-05
5.927207866803009561e-05
2.060328629422569346e-03
1.962455583106222264e-03
2.034656822521853283e-03
1.787737931502330095e-03
2.050974113511494588e-03
2.051426676091684664e-03
9.680387641889816840e-04
1.798486669595508345e-03
1.824306347206659622e-03
1.176098576423986004e-03
2.126228782593457024e-03
2.039985696754149837e-03
1.552763914060290322e-03
9.531721678150127143e-04
1.707084232454240957e-03
2.028060119519614624e-03
2.056053138850343076e-03
2.094719222935091923e-03
1.114383658063790566e-03
2.018806285669715473e-03
2.055478245271811447e-03
2.141543167492255834e-03
1.644398338362470895e-03
1.939851767208547158e-03
2.061581758682152956e-03
2.055380828703768682e-03
2.045419288603594725e-03
2.062190500114519012e-03
1.833716146105482305e-03
1.351980841164310970e-03
2.006470669437565926e-03
1.510734702626218614e-03
1.078083389814906345e-03
2.057384032860957654e-03
2.048598449739492174e-03
1.134143711932568020e-03
1.344968919821457921e-03
2.061554992013435537e-03
1.391712371612283724e-03
1.924495951928069598e-03
3.752477140638041733e-04
3.738934795706515073e-04
3.649877019852473771e-04
3.793294647971429665e-04
3.713404264599147507e-04
3.701014600804931930e-04
3.685928041515488412e-04
3.750506698052318228e-04
3.715840305135710521e-04
3.770155607084440521e-04
3.653998523522863830e-04
3.679130188611319345e-04
3.682414863714341758e-04
3.640392657673980270e-04
3.742862202775277592e-04
3.704645831544406799e-04
3.751689213110094676e-04
3.707496080285387291e-04
3.695171637908731504e-04
3.736521868036640965e-04
3.773356708006258393e-04
3.656645074344525579e-04
3.782675106966182973e-04
3.661822710703816343e-04
3.777471178473872852e-04
3.695509821883223838e-04
3.766375226704220583e-04
3.717237178248346393e-04
3.755213567158205900e-04
3.664656886768026057e-04
3.742596902358432493e-04
3.753983286008280660e-04
3.653203177935968092e-04
3.754692087221116626e-04
3.665285997549105825e-04
3.758000065840328254e-04
3.667283502317543811e-04
3.730658097734724046e-04
3.789378673237904591e-04
3.657025273550717505e-04
6.113774277601861029e-05
6.092568431498627900e-05
6.092756714787728092e-05
6.090484078017237730e-05
6.098188440414636420e-05
6.106577309527300569e-05
6.108224816683534373e-05
6.094480157089995139e-05
6.101782765886404710e-05
6.101208473834632907e-05
6.101072201891974330e-05
6.091577553054553282e-05
6.106693198518420513e-05
6.115724036851587382e-05
6.086790065057415202e-05
6.097590461962740748e-05
6.094075127019430495e-05
6.087397559755442769e-05
6.095876084045668555e-05
6.095512476910282024e-05
6.083549087797585010e-05
6.082287226360300265e-05
6.093050487053464185e-05
6.087325655370137700e-05
6.082007335362100563e-05
6.086709609323910435e-05
6.092400413246650589e-05
6.116283323621973540e-05
6.083340201689111580e-05
6.083567505094899375e-05
6.104657798319849070e-05
6.085611305588576735e-05
6.096122079756158453e-05
6.091628769772841742e-05
6.110907341670191763e-05
6.084568538899904570e-05
6.084101719291448008e-05
6.117132699551020578e-05
6.096276480625461278e-05
6.113165689508638927e-05
1.285369500728154868e-03
1.433897121683021898e-03
1.457204603896723565e-03
1.359801226760948669e-03
1.456534846308018237e-03
1.398424532848457739e-03
1.431440829235758804e-03
1.285423641252955631e-03
1.463096855143406058e-03
1.453790058619161552e-03
1.494738252250391811e-03
1.421834069473632434e-03
1.365105657934320878e-03
1.482753827655683204e-03
1.434117998389963962e-03
1.494001345146407991e-03
1.481766339206490183e-03
1.319206126984635548e-03
1.399608201457275226e-03
1.331279154040320096e-03
1.393457694867219175e-03
1.470061419089888164e-03
1.449067983100495172e-03
1.495220313970852585e-03
1.453882178087307362e-03
1.275385782841401269e-03
1.388629303266252554e-03
1.371608152541488410e-03
1.473034839767965905e-03
1.459275623903402144e-03
1.366910360086610529e-03
1.343241138685488450e-03
1.454615339850365979e-03
1.304620910756236095e-03
1.472386627620558613e-03
1.476462570894537373e-03
1.303185544800535955e-03
1.480227709589956647e-03
1.307763423291756011e-03
1.283488715873067803e-03
5.970697259387233578e-05
5.965358624844248423e-05
5.976495470148449974e-05
5.963563986613832637e-05
5.970324077995145876e-05
5.972169041693014239e-05
5.976330490039648556e-05
5.975042110757220224e-05
5.963851482691739193e-05
5.970263861001606992e-05
5.970095450731152268e-05
5.969276007843792351e-05
5.973748289557067882e-05
5.976055390601052642e-05
5.971109772028247969e-05
5.976080010081046527e-05
5.967294271700367684e-05
5.973126277238074663e-05
5.973420753431919864e-05
5.969768949333002615e-05
5.976098715539569247e-05
5.975608124098835791e-05
5.964854709258658814e-05
5.971712997070626670e-05
5.966995798079657864e-05
5.973886598789057158e-05
5.974236709608416715e-05
5.969487258077504536e-05
5.967295327518901821e-05
5.965623889805276773e-05
5.976046151989136549e-05
5.975928859407020599e-05
5.973833857574089223e-05
5.967405946250382094e-05
5.971816471872769147e-05
5.964940860848113425e-05
5.975720549210850177e-05
5.964042160709605528e-05
5.971042172193674602e-05
5.970871256006915473e-05
2.192978094842276768e-03
2.334508804965453564e-03
2.156552848368955329e-03
2.265276533815195267e-03
2.180421536413315337e-03
2.295750621168451359e-03
2.368504882815213302e-03
2.063603173189132098e-03
2.207894214460452611e-03
2.152285941194872782e-03
2.213788312540562395e-03
2.076000023325165304e-03
2.335521633448827371e-03
2.194720069345606345e-03
2.370862741866830176e-03
2.173037823831071563e-03
2.273475445822807552e-03
2.050776088929901885e-03
2.340131276229423084e-03
2.044872620519647480e-03
2.073228290056469171e-03
2.144753180236708915e-03
2.342202849110269335e-03
2.226235544298222398e-03
2.381602297121870535e-03
2.187212498076727442e-03
2.194105078833016517e-03
2.299531360219347464e-03
2.375782588095668411e-03
2.070449871303117143e-03
2.256461368930087405e-03
2.047288112860526019e-03
2.163964858771207350e-03
2.389642594008369817e-03
2.148843641284797074e-03
2.064375568942695277e-03
2.070915846198552197e-03
2.355212681149788240e-03
2.122415198491335239e-03
2.341550979095423195e-03
1.335016497744680446e-04
1.302641269951671746e-04
1.308610130515768747e-04
1.298858785434606580e-04
1.293497737583238362e-04
1.367038656392023904e-04
1.347915792017379130e-04
1.285695705768468192e-04
1.300033158937977822e-04
1.319703017948483607e-04
1.301003370485692213e-04
1.325671704757492599e-04
1.313001033674608242e-04
1.309700644374549934e-04
1.357509317717840171e-04
1.368426285268011910e-04
1.311979003324952682e-04
1.357740900784437730e-04
1.302766853356510741e-04
1.350157269552533935e-04
1.310399899821468545e-04
1.364238585626089924e-04
1.333846423925847736e-04
1.282124036741815365e-04
1.285919611551385004e-04
1.289742498262160181e-04
1.285712579948320811e-04
1.344841964780182171e-04
1.345368517452059281e-04
1.325208591337984304e-04
1.333988075704820161e-04
1.290744038121804081e-04
1.284496815755529033e-04
1.282464286170323202e-04
1.298917869895772187e-04
1.367248059257360464e-04
1.309127540698196168e-04
1.314486074231251643e-04
1.295788958154514255e-04
1.304344661515564744e-04
2.363806455936705471e-03
2.377931490106609605e-03
2.381672493812086316e-03
2.364977612659141613e-03
2.364155676100043735e-03
2.373837165857941266e-03
2.370137090137628289e-03
2.362560388219111032e-03
2.357055757217382808e-03
2.380576711473305317e-03
2.351323457373449225e-03
2.374727366981783157e-03
2.381060311646685402e-03
2.367415007745449999e-03
2.381467468687592168e-03
2.343476830648638133e-03
2.334588573646331246e-03
2.337704179684953025e-03
2.358384800273974520e-03
2.339719856042918496e-03
2.380880267567317410e-03
2.375925690458650409e-03
2.365592607407392741e-03
2.367464269497168185e-03
2.378932474100183426e-03
2.375678410554485798e-03
2.380154090082262173e-03
2.377565100333127544e-03
2.380660109308841213e-03
2.343276532499603913e-03
2.372591713068261839e-03
2.344661063931994301e-03
2.380947302465196563e-03
2.380400026211685997e-03
2.382019853095828765e-03
2.380861754258475297e-03
2.370678529536904104e-03
2.362961664234207795e-03
2.362519717484606006e-03
2.381946303732368053e-03
2.381540695996955080e-03
2.363438904196912480e-03
2.365919224605728295e-03
2.378447613319200227e-03
2.357943600516913905e-03
2.380127315758971598e-03
2.382021355679404123e-03
2.381599255431039903e-03
2.357365145409930345e-03
2.365344410841939155e-03
2.381670373342834740e-03
2.365947897932408738e-03
2.364327382612732131e-03
2.361570277117054899e-03
2.357204365111986548e-03
2.381952007090826738e-03
2.381239864480291877e-03
2.379061080365479485e-03
2.373356119402371314e-03
2.374903091984498400e-03
2.379482988434101966e-03
2.379953009415113410e-03
2.357402893462307806e-03
2.381759089698224328e-03
2.376565143460984599e-03
2.375879626101723863e-03
2.357616369330928999e-03
2.368837452703308807e-03
2.351321055409617833e-03
2.353586383137069339e-03
2.381707276521908938e-03
2.380562784758636242e-03
2.380841266580466329e-03
2.350928466352620108e-03
2.381617313070568537e-03
2.352881226560025324e-03
2.381378077101635373e-03
2.380859511167868810e-03
2.378258527403856546e-03
2.367466382509378700e-03
9.590795920915593995e-05
6.030984524058410250e-05
1.716713827438379886e-03
3.734631239950434388e-04
6.100053178491188086e-05
1.444907793304168716e-03
5.970994827215194377e-05
2.205837835093057628e-03
1.323150389860714609e-04
2.371540936678916828e-03
1.000000000000000072e-18
