1.000000000000000072e-18
1.727724470612924790e-14
3.555454126814304851e-14
5.488002317736966729e-14
7.530409139151749251e-14
9.687952394797486013e-14
1.196615911168807767e-13
1.437081763890613525e-13
1.690799036105452171e-13
1.958402705930343174e-13
2.240557895483126543e-13
2.537961347144633609e-13
2.851342975626784241e-13
3.181467499957366215e-13
3.529136159728591085e-13
3.895188520206520200e-13
4.280504371164821102e-13
4.686005724588181284e-13
5.112658916689897323e-13
5.561476820006982960e-13
6.033521171672682137e-13
6.529905024326124821e-13
7.051795326499083338e-13
7.600415639725225048e-13
8.177049000047735962e-13
8.783040932058055733e-13
9.419802624086247555e-13
1.008881427368017613e-12
1.079162861306121149e-12
1.152987462483087294e-12
1.230526145882439513e-12
1.311958256167389172e-12
1.397472003134725983e-12
1.487264920968398921e-12
1.581544352674979751e-12
1.680527961168672135e-12
1.784444268564512682e-12
1.893533225335656558e-12
2.008046811093935018e-12
2.128249668863422249e-12
2.254419774834510434e-12
2.386849145711575401e-12
2.525844585901632088e-12
2.671728476934518064e-12
2.824839611658111977e-12
2.985534075915553261e-12
3.154186180585932628e-12
3.331189447056734821e-12
3.516957649395590927e-12
3.711925916702413534e-12
3.916551899351211099e-12
4.131317003074862674e-12
4.356727695107944443e-12
4.593316886881989738e-12
4.841645398067712798e-12
5.102303507079252182e-12
5.375912593500064171e-12
5.663126878258100589e-12
5.964635267773890741e-12
6.281163308728756521e-12
6.613475260555271217e-12
6.962376293240678630e-12
7.328714818557272103e-12
7.713384963397682041e-12
8.117329194496641015e-12
8.541541104470986944e-12
8.987068369808184190e-12
9.455015892184174653e-12
9.946549135299944098e-12
1.046289767029507104e-11
1.100535894373206200e-11
1.157530228315415287e-11
1.217417315630268674e-11
1.280349770125242415e-11
1.346488754598194613e-11
1.416004493725743084e-11
1.489076820017490078e-11
1.565895755128864879e-11
1.646662128996400535e-11
1.731588239443829211e-11
1.820898555106831204e-11
1.914830464740030559e-11
2.013635076202862091e-11
2.117578068673374081e-11
2.226940601911951794e-11
2.342020286692591261e-11
2.463132220839688545e-11
2.590610095655141645e-11
2.724807377897074481e-11
2.866098572879424899e-11
3.014880574704539266e-11
3.171574110121874900e-11
3.336625283027893211e-11
3.510507227190127972e-11
3.693721875395215516e-11
3.886801853891928782e-11
4.090312511731026006e-11
4.304854095398575888e-11
4.531064080006868642e-11
4.769619669250675095e-11
5.021240477367501490e-11
5.286691407464156956e-11
5.566785741799302409e-11
5.862388460952437753e-11
6.174419810275077772e-11
6.503859133622216167e-11
6.851748996116508344e-11
7.219199619616920419e-11
7.607393656668413087e-11
8.017591331014932931e-11
8.451135975288365394e-11
8.909459999263528026e-11
9.394091325119269396e-11
9.906660329499909932e-11
1.044890733585777877e-10
1.102269070461785678e-10
1.162999557317583705e-10
1.227294330266819528e-10
1.295380169388908029e-10
1.367499604072808010e-10
1.443912109613001866e-10
1.524895403290641584e-10
1.610746848983335082e-10
1.701784980244868463e-10
1.798351152790820795e-10
1.900811338429486969e-10
2.009558073702377312e-10
2.125012577859258437e-10
2.247627056306633970e-10
2.377887207352394856e-10
2.516314951946955992e-10
2.663471408213876017e-10
2.819960134899418696e-10
2.986430670482042171e-10
3.163582397602429907e-10
3.352168765745938133e-10
3.553001908774814366e-10
3.766957698021682564e-10
3.994981276278376602e-10
4.238093123212889683e-10
4.497395708602926395e-10
4.774080796376355794e-10
5.069437469902753877e-10
5.384860957406569463e-10
5.721862345910270627e-10
6.082079282928895640e-10
6.467287777409783735e-10
6.879415225364543809e-10
7.320554801525492478e-10
7.792981376472258583e-10
8.299169139364046266e-10
8.841811130079626021e-10
9.423840911690849939e-10
1.004845664533269877e-09
1.071914786534224603e-09
1.143972529380480423e-09
1.221435408128321985e-09
1.304759091562119451e-09
1.394442550460472195e-09
1.491032701249778504e-09
1.595129611691302255e-09
1.707392345337204558e-09
1.828545533296559586e-09
1.959386775700645552e-09
2.100794991544243467e-09
2.253739854789203764e-09
2.419292477336975265e-09
2.598637526430636652e-09
2.793086996123660624e-09
3.004095890749427796e-09
3.233280124206235689e-09
3.482436994034553848e-09
3.753568655832473535e-09
4.048909104205341104e-09
4.370955264556507394e-09
4.722502919890086265e-09
5.106688343901008502e-09
5.527036693014780420e-09
5.987518434814947472e-09
6.492615370294997541e-09
7.047398158074540623e-09
7.657617690526276004e-09
8.329813231715190763e-09
9.071440941297278837e-09
9.891027325717579068e-09
1.079835334420962433e-08
1.180467644259644641e-08
1.292299981746643736e-08
1.416840090075470168e-08
1.555843464462165826e-08
1.711363202628421527e-08
1.885812078129270956e-08
2.082040443680055112e-08
2.303434831962472091e-08
2.554043894420220095e-08
2.838740843667264797e-08
3.163435208561635351e-08
3.535352041523014153e-08
3.963404632874118045e-08
4.458698727748570387e-08
5.035224563301182405e-08
5.710821676301961408e-08
6.508547066688943540e-08
7.458651610786048334e-08
8.601493465458897251e-08
9.991928952339468030e-08
1.170609376769052961e-07
1.385216288866900522e-07
1.658794655305936857e-07
2.015065916408236541e-07
2.490926443352252249e-07
3.146070102478047720e-07
4.081620503530096579e-07
5.478510318791272440e-07
7.682719022844729985e-07
1.141330485349881917e-06
1.833634177757376522e-06
3.293719719276759514e-06
7.033955030639765301e-06
2.057428024352636248e-05
1.375970574519251252e-04
9.942978815280487971e-04
7.344512955224994895e-05
3.115971909327540823e-05
2.089614816298216238e-05
1.763594555220730545e-05
1.728729317948737978e-05
1.900667848954242959e-05
2.311394342993131843e-05
3.111288944425859759e-05
4.727579929798687814e-05
8.665215048501301049e-05
2.447130927546530520e-04
6.128344226806810291e-03
4.667280850359225523e-04
9.411986469172147537e-05
4.170936027785195483e-05
2.454654808554514807e-05
1.663173947636505340e-05
1.225323532226133240e-05
9.548936131556813256e-06
7.751806380024757825e-06
6.493636211278938251e-06
5.577816891163204355e-06
4.890870046818808984e-06
4.363291043434056973e-06
3.950464222826447229e-06
3.622638461390931878e-06
3.359337896782046040e-06
3.146089696427531554e-06
2.972428649144864410e-06
2.830637450792625647e-06
2.714927263062778214e-06
2.620890498387281905e-06
2.545126789965898854e-06
2.484981945337988985e-06
2.438362287279260320e-06
2.403600341142500610e-06
2.379356178781286778e-06
2.364544003613028699e-06
2.358276971033558111e-06
2.359825490962725975e-06
2.368585776559690294e-06
2.384056440227899010e-06
2.405821650558250916e-06
2.433539847158067246e-06
2.466937323448604336e-06
2.505806169023481913e-06
2.550006142015396289e-06
2.599470045245837681e-06
2.654212137841581673e-06
2.714339061237468784e-06
2.780062732685938065e-06
2.851714696349539261e-06
2.929761549346574176e-06
3.014821291427034801e-06
3.107680779494490806e-06
3.209314885069540579e-06
3.320908430457225128e-06
3.443882498589604395e-06
3.579927269230501324e-06
3.731044154055980636e-06
3.899600743272831589e-06
4.088403036471479824e-06
4.300790760149885779e-06
4.540763490335976589e-06
4.813148115722024299e-06
5.123822364883719841e-06
5.480015406462293883e-06
5.890716069498459346e-06
6.367233912989161671e-06
6.923981369224381333e-06
7.579581943605019184e-06
8.358469591485200815e-06
9.293245382059668285e-06
1.042823218240158977e-05
1.182498012121615567e-05
1.357105422949277947e-05
1.579455510792234798e-05
1.868909740150717170e-05
2.255885994336099631e-05
2.790456384623836859e-05
3.559926417515352302e-05
4.728003489744711600e-05
6.632278548663413011e-05
1.006570765472951498e-04
1.728188737367018161e-04
3.702467426977328144e-04
1.332966837792944059e-03
8.977870750732133698e-02
1.765779149593338024e-03
3.991623819750944016e-04
1.687646719185302677e-04
9.146142696818014214e-05
5.666658949341075974e-05
3.817468681371740736e-05
2.723199281381196704e-05
2.024946912292226330e-05
1.553792136608320799e-05
1.221885379139998993e-05
9.799388976594248214e-06
7.985991087845498789e-06
6.595199933009238215e-06
5.507690150665329837e-06
4.643206951820866600e-06
3.946209521141539768e-06
3.377301286219532358e-06
2.907929939893862445e-06
2.517007179688014471e-06
2.188693821592729764e-06
1.910913447228260093e-06
1.674333507742785745e-06
1.471653421219221597e-06
1.297098537283944636e-06
1.146054784009453323e-06
1.014801113218675659e-06
9.003110031087343393e-07
8.001034263037224151e-07
7.121297188449938686e-07
6.346868233141837809e-07
5.663501260574077833e-07
5.059210038612175252e-07
4.523855207069067955e-07
4.048816533314142111e-07
3.626730960092046659e-07
3.251281810748716439e-07
2.917028070474444491e-07
2.619265284242388027e-07
2.353911564121050374e-07
2.117413663943418473e-07
1.906669187937490589e-07
1.718961844918331205e-07
1.551907308230463537e-07
1.403407742776107338e-07
1.271613450131991725e-07
1.154890387562162070e-07
1.051792556517370243e-07
9.610384458714759678e-08
8.814908659390037864e-08
8.121396298064400009e-08
7.520866352445607021e-08
7.005329784889642377e-08
6.567677943814791440e-08
6.201585687891840208e-08
5.901427112306787059e-08
5.662202101037993131e-08
5.479472212937495808e-08
5.349304644104888706e-08
5.268223203858481510e-08
5.233165403951430263e-08
5.241444896493522775e-08
5.290718610114278639e-08
5.378958030112065516e-08
5.504424149825198437e-08
5.665645689798066316e-08
5.861400240599965222e-08
6.090698036111297324e-08
6.352768108149847183e-08
6.647046611651950190e-08
6.973167143238734678e-08
7.330952905720262118e-08
7.720410597621437024e-08
8.141725930759443653e-08
8.595260700782436684e-08
9.081551355850384386e-08
9.601309027709834160e-08
1.015542100765114056e-07
1.074495366758335963e-07
1.137115684404270900e-07
1.203546972067694319e-07
1.273952826293935497e-07
1.348517427769781734e-07
1.427446619055605812e-07
1.510969165525536905e-07
1.599338213296243211e-07
1.692832960499669860e-07
1.791760561108362535e-07
1.896458283710409969e-07
2.007295951217380747e-07
2.124678691546268654e-07
2.249050033931730259e-07
2.380895390795941294e-07
2.520745971149413183e-07
2.669183178453951496e-07
2.826843553912954554e-07
2.994424335459502401e-07
3.172689713519515675e-07
3.362477877214714063e-07
3.564708959368451005e-07
3.780394005887682702e-07
4.010645115296531675e-07
4.256686917975081904e-07
4.519869592715900960e-07
4.801683651411584535e-07
5.103776762077116777e-07
5.427972927276226234e-07
5.776294390939311311e-07
6.150986713475457631e-07
6.554547535399904845e-07
6.989759646406012243e-07
7.459729093627653843e-07
7.967929204420255011e-07
8.518251571177551885e-07
9.115065255869776675e-07
9.763285729471138766e-07
1.046845537811404403e-06
1.123683779884759647e-06
1.207552859277664684e-06
1.299258596728705559e-06
1.399718521467573064e-06
1.509980208441045330e-06
1.631243126637551427e-06
1.764884772663355611e-06
1.912492058356265547e-06
2.075899171189117427e-06
2.257233449183076286e-06
2.458971231986763334e-06
2.684006199439731424e-06
2.935733433471594226e-06
3.218153401325602221e-06
3.536001345807503839e-06
3.894909306082624945e-06
4.301610358548703832e-06
4.764197918872261317e-06
5.292457459618705574e-06
5.898294329699264659e-06
6.596290346485985344e-06
7.404434736971382894e-06
8.345093786805704575e-06
9.446311281296255102e-06
1.074357337957507188e-05
1.228223489571494151e-05
1.412090223968677257e-05
1.633622382430811458e-05
1.902979035013887131e-05
2.233826420878795731e-05
2.644856636881942253e-05
3.162119175237419999e-05
3.822697531111391746e-05
4.680686574588897170e-05
5.817257951346028181e-05
7.358316686047239633e-05
9.507003773120414349e-05
1.260708383590781133e-04
1.727559745974143227e-04
2.470607399879318341e-04
3.744530074009246685e-04
6.171428660428217609e-04
1.160634453042915914e-03
2.774069114971491196e-03
1.177681750052144392e-02
2.251863512301402748e-01
1.107713821725222168e-02
3.171652493416369893e-03
1.528971820678554907e-03
9.236061078835160242e-04
6.332266652378107721e-04
4.710105191313901157e-04
3.709765851143215437e-04
3.049158660956185129e-04
2.590890968060884265e-04
2.261389896635886783e-04
2.018321966288852539e-04
1.835930087716983899e-04
1.697842313728644163e-04
1.593295073879632336e-04
1.515036619762052592e-04
1.458109772901125393e-04
1.419119822891234310e-04
1.395783128463569584e-04
1.386645758724206986e-04
1.390910364774541278e-04
1.408336252655479812e-04
1.439193188024917320e-04
1.484259260835337955e-04
1.544860134800350520e-04
1.622953018972705193e-04
1.721265113053093831e-04
1.843504512611578985e-04
1.994673498003476974e-04
2.181532679879080792e-04
2.413294438198417783e-04
2.702673557841464265e-04
3.067505337544365932e-04
3.533277467059842223e-04
4.137137187716574422e-04
4.934232493985700420e-04
6.007469451672534750e-04
7.481039248657415713e-04
9.532688969042949281e-04
1.237661722234834364e-03
1.611570237266061502e-03
2.024984980938232624e-03
2.299477473763467984e-03
2.223065408190674167e-03
1.838763388089209409e-03
1.385992235140002258e-03
1.012391412695469017e-03
7.412545387712527649e-04
5.511768393469832026e-04
4.174852129450021179e-04
3.218583164089749830e-04
2.520691474995789046e-04
2.001389859695082820e-04
1.608208433979273384e-04
1.305979977538322017e-04
1.070601866980622376e-04
8.851851566858096477e-05
7.376515483846165545e-05
6.192048071460744675e-05
5.233364008722778420e-05
4.451636645343502567e-05
3.809794908435093643e-05
3.279396485971036024e-05
2.838416478704567405e-05
2.469657832163852523e-05
2.159592251918843290e-05
1.897504359574598475e-05
1.674852772386184555e-05
1.484788484199247796e-05
1.321788686108392211e-05
1.181376203029427024e-05
1.059903021732385998e-05
9.543821969684750296e-06
8.623565479683774690e-06
7.817955230058152156e-06
7.110137646510971240e-06
6.486064895829839728e-06
5.933979671845566640e-06
5.444002541191957674e-06
5.007799977964076766e-06
4.618316173039291753e-06
4.269555472627769155e-06
3.956405181801925887e-06
3.674490682565151826e-06
3.420056525204259700e-06
3.189868477263521317e-06
2.981132547046555619e-06
2.791427806233614583e-06
2.618650470522319185e-06
2.460967197316454622e-06
2.316775955286634799e-06
2.184673135022951288e-06
2.063425820631698616e-06
1.951948342627668063e-06
1.849282393417527526e-06
1.754580116293215466e-06
1.667089683593530223e-06
1.586142964595348905e-06
1.511144952733901779e-06
1.441564678061962235e-06
1.376927376923620706e-06
1.316807728614263331e-06
1.260823999898129771e-06
1.208632963916216473e-06
1.159925481250075575e-06
1.114422648522340515e-06
1.071872434567694627e-06
1.032046736428087221e-06
9.947387976429539137e-07
9.597609398683646028e-07
9.269425660538613475e-07
8.961283994647961815e-07
8.671769279528060641e-07
8.399590272044575833e-07
8.143567403674871243e-07
7.902621945724678013e-07
7.675766375235166789e-07
7.462095795982259834e-07
7.260780288355752855e-07
7.071058078519081185e-07
6.892229431518677221e-07
6.723651185288740352e-07
6.564731853084608262e-07
6.414927231024585744e-07
6.273736455340279353e-07
6.140698460806333704e-07
6.015388797795526731e-07
5.897416770610807442e-07
5.786422864293971383e-07
5.682076431092300902e-07
5.584073611260874630e-07
5.492135465957306377e-07
5.406006302705677533e-07
5.325452176319824007e-07
5.250259550323901971e-07
5.180234105832812449e-07
5.115199686586112161e-07
5.054997370398832534e-07
4.999484658727093916e-07
4.948534777368150356e-07
4.902036082547141834e-07
4.859891567804789565e-07
4.822018468211625918e-07
4.788347959512873342e-07
4.758824950871273920e-07
4.733407970942408407e-07
4.712069148104932407e-07
4.694794286798032148e-07
4.681583043110204066e-07
4.672449204040408572e-07
4.667421076241138627e-07
4.666541991580979566e-07
4.669870938566947522e-07
4.677483330581100908e-07
4.689471924059245046e-07
4.705947902223509054e-07
4.727042142840672997e-07
4.752906691788173979e-07
4.783716468062184563e-07
4.819671230365145977e-07
4.860997840696017056e-07
4.907952866594862741e-07
4.960825571058497274e-07
5.019941347883052130e-07
5.085665670591781104e-07
5.158408635528497218e-07
5.238630194576207464e-07
5.326846190837217980e-07
5.423635332154668104e-07
5.529647263395433087e-07
5.645611929987099762e-07
5.772350463596218420e-07
5.910787867670616679e-07
6.061967837875260162e-07
6.227070122786750135e-07
6.407430916805684157e-07
6.604566884184968265e-07
6.820203545543256003e-07
7.056308922828157308e-07
7.315133543813480575e-07
7.599258163575063150e-07
7.911650881671631490e-07
8.255735737442184380e-07
8.635475374233601291e-07
9.055471004934276294e-07
9.521083722042414986e-07
1.003858222128297010e-06
1.061532330566870327e-06
1.125997317751308701e-06
1.198277959473462633e-06
1.279590756496020722e-06
1.371385448730253631e-06
1.475396463766244504e-06
1.593706771362839885e-06
1.728827181717488464e-06
1.883794759039981451e-06
2.062294671116256942e-06
2.268810341145767082e-06
2.508806969804940274e-06
2.788952901340092660e-06
3.117381111029635763e-06
3.503987919067403646e-06
3.960755666037422928e-06
4.502067159235191870e-06
5.144947649419187306e-06
5.909119869487695171e-06
6.816686464188626105e-06
7.891168282542602392e-06
9.155555213535944970e-06
1.062903858487521331e-05
1.232231412243092880e-05
1.423191788597099583e-05
1.633502212494706551e-05
1.858716703541371255e-05
2.092573884959348298e-05
2.328069875702980473e-05
2.559110480998350653e-05
2.782301977780356184e-05
2.998383204937096535e-05
3.213055463817975679e-05
3.437354331921056960e-05
3.688009044760037026e-05
3.988420416350001629e-05
4.371121883871585461e-05
4.883141237258636886e-05
5.597055846622336071e-05
6.634072132572536526e-05
8.215279105007460166e-05
1.078770016860509544e-04
1.538257082103904364e-04
2.486803746428949786e-04
5.000461535606867116e-04
1.634113007749259106e-03
3.014004475713745815e-02
2.305166933709445684e-03
5.065262934674503005e-04
2.082937410722207258e-04
1.105823522451792657e-04
6.752327001423549563e-05
4.507005751442300030e-05
3.201083890258510757e-05
2.380864868265121373e-05
1.835419762521167409e-05
1.456323355275369449e-05
1.183422544263484853e-05
9.812809779764212917e-06
8.279863787187540877e-06
7.094373030944837299e-06
6.162510723232416430e-06
5.420067332194384397e-06
4.822046991984675431e-06
4.336287803610257809e-06
3.939431154788324315e-06
3.614310524129831004e-06
3.348225613728579658e-06
3.131785754796289338e-06
2.958131284081843796e-06
2.822415592233340307e-06
2.721476333913567094e-06
2.653654343951349899e-06
2.618740501877790275e-06
2.618049032162685969e-06
2.654634551516174294e-06
2.733694040937997675e-06
2.863230309083603534e-06
3.055111593078569717e-06
3.326763893847738373e-06
3.703921241552073302e-06
4.225225529590684750e-06
4.950217484926742087e-06
5.973887698916563070e-06
7.454738769145583248e-06
9.672855074794918867e-06
1.316114657253761693e-05
1.903773542006225101e-05
2.998753036133274159e-05
5.387967001750105232e-05
1.228154123823924440e-04
5.010326810989605391e-04
4.835722007723348703e-01
4.851438633368746465e-04
1.232744079678755049e-04
5.515769312739505256e-05
3.114772955604248211e-05
2.000067818872402922e-05
1.395244379691287247e-05
1.033109716537864136e-05
8.018075144569860880e-06
6.480007192064116628e-06
5.439467488704663632e-06
4.745603331393514828e-06
4.319146713426517737e-06
4.130932173583544973e-06
4.202675179359935929e-06
4.638912033867163204e-06
5.745116899562284879e-06
8.509892663226461672e-06
1.754906233810615420e-05
9.096669146184411788e-05
2.889918663623911141e-04
1.681476341696183703e-05
4.984314064091914146e-06
2.261933262549793899e-06
1.262172157549373785e-06
7.971181448024926966e-07
5.466005611832335630e-07
3.972420140407230435e-07
3.012812371087887783e-07
2.359872734787133146e-07
1.895057380920695487e-07
1.551947020057266693e-07
1.291098171323134490e-07
1.087926098668153467e-07
9.264662803382367622e-08
7.959803397856307846e-08
6.890210521548367389e-08
6.002837617191429733e-08
5.259001225024420475e-08
4.629900652206105281e-08
4.093695561430533792e-08
3.633551459949691806e-08
3.236302604073784283e-08
2.891518276979710455e-08
2.590838405189775775e-08
2.327492640944858767e-08
2.095946730105146667e-08
1.891638695579272486e-08
1.710779396055581035e-08
1.550199899536859437e-08
1.407233362451132264e-08
1.279622661441114428e-08
1.165447469860686120e-08
1.063066175677782521e-08
9.710692418277820844e-09
8.882414715602933759e-09
8.135312648186165921e-09
7.460254079375642975e-09
6.849282762941391020e-09
6.295445814395334983e-09
5.792649840801857677e-09
5.335540386038923879e-09
4.919400454880234433e-09
4.540064734097904778e-09
4.193846794138122718e-09
3.877477076446314581e-09
3.588049883011500031e-09
3.322977911428181541e-09
3.079953139735206485e-09
2.856913074903948573e-09
2.652011548115478151e-09
2.463593377341305783e-09
2.290172329776848592e-09
2.130411908453916217e-09
1.983108562872134854e-09
1.847176985874808985e-09
1.721637210734524020e-09
1.605603265487920636e-09
1.498273177542235611e-09
1.398920151739374103e-09
1.306884770429749373e-09
1.221568085503591901e-09
1.142425490430667371e-09
1.068961275716095830e-09
1.000723784244666270e-09
9.373010941286840049e-10
8.783171662003791814e-10
8.234284014550934421e-10
7.723205607640476956e-10
7.247060052130859248e-10
6.803212206322475810e-10
6.389245943830135279e-10
6.002944163700642357e-10
5.642270796281606471e-10
5.305354587767407537e-10
4.990474471971771408e-10
4.696046360225455571e-10
4.420611199832470562e-10
4.162824168611546083e-10
3.921444888035194296e-10
3.695328550636015193e-10
3.483417868914308257e-10
3.284735763166912679e-10
3.098378714634455208e-10
2.923510718290785607e-10
2.759357776606455459e-10
2.605202881818305390e-10
2.460381439735076012e-10
2.324277092984236633e-10
2.196317905937377919e-10
2.075972877404430514e-10
1.962748750615718232e-10
1.856187093068756311e-10
1.755861621543583443e-10
1.661375750026275232e-10
1.572360340458880152e-10
1.488471638182258450e-10
1.409389375685027595e-10
1.334815029836994068e-10
1.264470219190478790e-10
1.198095229195526920e-10
1.135447654309260803e-10
1.076301147001280312e-10
1.020444264576547988e-10
9.676794055661242452e-11
9.178218281844310186e-11
8.706987440264615862e-11
8.261484807889843197e-11
7.840197083512076631e-11
7.441707230497326167e-11
7.064687854349896052e-11
6.707895072058219986e-11
6.370162833908905001e-11
6.050397661826559478e-11
5.747573771360919216e-11
5.460728547228562325e-11
5.188958344845896079e-11
4.931414592596929121e-11
4.687300171676056588e-11
4.455866052258116939e-11
4.236408166492350663e-11
4.028264500405656860e-11
3.830812388253855410e-11
3.643465994184941516e-11
3.465673967290301861e-11
3.296917257229160553e-11
3.136707078624215071e-11
2.984583013356424187e-11
2.840111240736371621e-11
2.702882886309259231e-11
2.572512480766044987e-11
2.448636521088001611e-11
2.330912126655095656e-11
2.219015783600308178e-11
2.112642171201219219e-11
2.011503064566423239e-11
1.915326308304108461e-11
1.823854856256020490e-11
1.736845872743061385e-11
1.654069891104963509e-11
1.575310025624882460e-11
1.500361233214623329e-11
1.429029621499336394e-11
1.361131800182377842e-11
1.296494272795397086e-11
1.234952866145093164e-11
1.176352194959043479e-11
1.120545159409935778e-11
1.067392473360252824e-11
1.016762221321003834e-11
9.685294422575799744e-12
9.225757385052258433e-12
8.787889081767990055e-12
8.370625995561027696e-12
7.972959860735019431e-12
7.593934605556982760e-12
7.232643475301768809e-12
6.888226324471952941e-12
6.559867067582185483e-12
6.246791278608102268e-12
5.948263929856825484e-12
5.663587261627775746e-12
5.392098774602782978e-12
5.133169337431003573e-12
4.886201402468726113e-12
4.650627323090442263e-12
4.425907766413818388e-12
4.211530215679786531e-12
4.007007556896480736e-12
3.811876744702353525e-12
3.625697542723851537e-12
3.448051334002553546e-12
3.278539997347006283e-12
3.116784845723639353e-12
2.962425623045737970e-12
2.815119555945810964e-12
2.674540457328658960e-12
2.540377878701299331e-12
2.412336308459946985e-12
2.290134413488272602e-12
2.173504321582248895e-12
2.062190942368184750e-12
1.955951324522704184e-12
1.854554047234810261e-12
1.757778643975065255e-12
1.665415056752438470e-12
1.577263119147884648e-12
1.493132066516240259e-12
1.412840071842344750e-12
1.336213805827688345e-12
1.263088019867010573e-12
1.193305150653006909e-12
1.126714945221287716e-12
1.063174105316336797e-12
1.002545950024660008e-12
9.447000956818416041e-13
8.895121521174245884e-13
8.368634343555270192e-13
7.866406889391054052e-13
7.387358340935461007e-13
6.930457129895861207e-13
6.494718594073849705e-13
6.079202751431939869e-13
5.683012185366868702e-13
5.305290035321986319e-13
4.945218087196303458e-13
4.602014958316374244e-13
4.274934372028756983e-13
3.963263517241212192e-13
3.666321488500946523e-13
3.383457802438044624e-13
3.114050986631284872e-13
2.857507237169272884e-13
2.613259141380547219e-13
2.380764462399677286e-13
2.159504982413896976e-13
1.948985401606954273e-13
1.748732289975393690e-13
1.558293089343966564e-13
1.377235163050215795e-13
1.205144890901270195e-13
1.041626807134659643e-13
8.863027792333514986e-14
7.388112255590618710e-14
5.988063698753108629e-14
4.659575309313541694e-14
3.399484453751372892e-14
2.204766223524045762e-14
1.072527282346891912e-14
1.000000000000000072e-18
1.850010870142620740e-04
3.830435687596530476e-04
4.398443613204077937e-03
2.010812499748356255e-04
1.235457892527616619e-03
1.501560234490353061e-04
2.000943011042093545e-04
2.513734104398329932e-03
1.702123334981300070e-04
1.901961274138388991e-04
1.925734043846444505e-04
1.129201034130062226e-04
6.927009755867996913e-04
1.888304171915133433e-04
3.316895685970232808e-04
4.531873900708953233e-03
4.144034290619060500e-04
3.083937316696498481e-04
3.600246809732371087e-03
1.142258472963933588e-03
3.720767265630089147e-04
1.439521629799403956e-04
1.055884547015136302e-03
1.852068818682382528e-04
1.299342998861131274e-04
1.194030401313707557e-04
8.188532866822466555e-04
4.926579969607757306e-03
1.953876086868289587e-04
1.658582526516061894e-04
4.464465662509564496e-03
1.371901919255674425e-03
2.199478101505994247e-04
1.369128523991104901e-04
4.961605563206201519e-04
2.139065803126660118e-03
5.292784027824127798e-04
1.463944774385715934e-03
1.887048127727306707e-04
1.481033780313483839e-03
1.077844634591798979e-04
6.456372203913113327e-05
2.498654105872784173e-04
8.219110400685349007e-04
1.183242440261515543e-03
7.101384646034488357e-05
1.205989977971183802e-04
2.782244068202858849e-04
1.341508774231059138e-04
8.180546649759613375e-05
7.239640476915505879e-05
1.392606161847857499e-04
4.300654728706482743e-04
5.997364986279022248e-04
6.579338357575891970e-04
7.148527895222271428e-05
8.344761311282353428e-05
3.997089932555103128e-04
1.174985220218160384e-04
7.774851375979826423e-03
1.179444975315795688e-04
2.801471092765242033e-04
1.209233774274266272e-04
8.207714597490603503e-03
1.142609589235122442e-04
1.300623525400458375e-04
7.237847526698074963e-05
1.013199539160975849e-04
8.035666065830258248e-03
3.542810914523150320e-04
1.061965340538207497e-04
1.226820728205660913e-03
1.080054278080407222e-03
7.071898954183010238e-04
1.744409564558328622e-03
1.070759532161600036e-04
2.232769022530032860e-03
7.105480580772250560e-03
4.980539405697011549e-03
4.570567511523659031e-04
6.654215912353359961e-04
4.109722511862891163e-03
1.308003098740436907e-03
4.745512647857975247e-02
9.251558731026944061e-04
9.146049574025610527e-04
2.124962797636584591e-03
4.407883092151136661e-02
3.330452733753814371e-02
1.330930005139106288e-03
5.536593056625189156e-04
1.179975743994306908e-03
1.161155277714451782e-02
1.837447215453282901e-03
3.621186462507376691e-02
1.474434622171698220e-03
8.034261465080589281e-04
6.172562051029477012e-04
3.009534304619349617e-03
1.727163228008645043e-03
8.177447061700333876e-04
4.920409760040655566e-04
2.130695955486775622e-02
5.758784316375281306e-03
6.413707563184820656e-04
8.201511176326964185e-04
1.053408857607668510e-03
6.151858328330810088e-04
2.930494306816252073e-02
1.182372073205295452e-03
2.108433430405427279e-03
9.388746135163454978e-03
1.447311037721708089e-03
7.693305644540240299e-04
9.801503107441311095e-04
1.375823543803871485e-03
1.187542927252946282e-03
6.424201873162631868e-04
1.153806688701494764e-03
7.259874653228856785e-03
1.360534888799073278e-02
1.243765258732133921e-01
9.770111885655033412e-04
1.242159813733090517e-03
1.471610832446320835e-02
5.816242463546547614e-03
2.804742894840673607e-03
1.686355553332952173e-02
1.889436073256925419e-02
3.569905505540898593e-03
1.072314631479898746e-03
2.178593998362938697e-03
2.450625946260351004e-03
8.024560752459042367e-04
5.137041675023462650e-02
7.309155235333847367e-03
1.478791002597068874e-02
8.935855048285371721e-03
4.234005427808962621e-03
2.542412245325047504e-01
2.993159101924962838e-03
1.141490825094720624e-03
1.909415650999347989e-03
1.298925977561151638e-03
2.429095268775854476e-03
4.306462248840842513e-03
4.479100846134613512e-03
2.215090595928992379e-02
1.041591992542626952e-02
1.400072879843016621e-03
5.403611644820317805e-02
1.169826091630057560e-02
1.052811316639860884e-03
1.093319625363063652e-02
1.424203681768978916e-03
8.174042064410828520e-03
1.505308727136062640e-03
3.488743506397279925e-01
1.443785004752626408e-03
1.152004731162928472e-03
4.244358166745579200e-06
4.443998557594767785e-06
4.442005320114004514e-06
4.466371742817498930e-06
4.386381600778620010e-06
4.306978658812903336e-06
4.292223054374672475e-06
4.423968243744567809e-06
4.351450213541555911e-06
4.356936679315227884e-06
4.358243737807649930e-06
4.454563614101933666e-06
4.305932194810806443e-06
4.228178212375208252e-06
4.507468759063437162e-06
4.392333344966177559e-06
4.428173828733580238e-06
4.500578370223314142e-06
4.409627455308035661e-06
4.413340185443113568e-06
4.545151882525214488e-06
4.560260634139576964e-06
4.438904363050678638e-06
4.501391161144847106e-06
4.563646290460172474e-06
4.508385312193737591e-06
4.445781094884244892e-06
4.223595292583574324e-06
4.547635594248073539e-06
4.544933223143059013e-06
4.324503467498722658e-06
4.520992012259184279e-06
4.407124610240508898e-06
4.454014401373288354e-06
4.268741201466865241e-06
4.533127470515309191e-06
4.538613706134339007e-06
4.216684058603284168e-06
4.405557363446167227e-06
4.249474351312347166e-06
2.598669588891877168e-03
2.520563155800979033e-02
3.768270694249083869e-02
5.335590874360472344e-03
3.785853620145408077e-02
1.010222033248034910e-02
2.345596803761745494e-02
2.599682553239274132e-03
3.396391714924304472e-02
3.802715464094663655e-02
5.742621738475985060e-03
1.779792033572280899e-02
5.733504963344325696e-03
1.303414852898011206e-02
2.536855440428076314e-02
6.075527220208200470e-03
1.385543528225901058e-02
3.419000044516893808e-03
1.035523041768163927e-02
3.840108042901832323e-03
9.143073562874236629e-03
2.627373863286182679e-02
3.648149153147654811e-02
5.530780272587148931e-03
3.803547219531711043e-02
2.423911087473279869e-03
8.346969023166032550e-03
6.298119685310967289e-03
2.275466753826843602e-02
3.680333001458076236e-02
5.881035057564629014e-03
4.362004322411670333e-03
3.806789779089943260e-02
3.012911533043373391e-03
2.351181370785650551e-02
1.893345216080937615e-02
2.977800303335352994e-03
1.521308438408349416e-02
3.092559610221336068e-03
2.563940255641054128e-03
8.532139989427540983e-02
3.157420343455865502e-03
3.473236722703283274e-03
1.960874459187251194e-03
5.545647773750151527e-02
8.163328306816498847e-02
3.721316797809397225e-03
6.925893756024700115e-03
2.099405650948303875e-03
5.185502297909130170e-02
4.323842542402873967e-02
2.048193337992901264e-02
1.619239186716717877e-02
4.194319667907352861e-03
1.298017913895120334e-01
4.148617716051134462e-03
6.408687062931853022e-03
2.789651372772443058e-02
2.125757623841289037e-02
3.125994861836328687e-02
4.114365405889487855e-03
5.166067910609806191e-03
2.725776162552978523e-03
1.314337319300631357e-01
5.637953913008511911e-03
1.455581222399254804e-02
1.133061913542879329e-02
2.432658635970507896e-02
6.411692537774707663e-03
3.428748361736272138e-03
4.211654145243264036e-03
4.440863747745389667e-03
1.515114961490672714e-02
6.738864170888580855e-03
1.204876702383316234e-01
2.792825843910195713e-03
4.893871433268591302e-03
2.199931057349996735e-03
1.227633559677325237e-01
1.037074878181115101e-01
1.591399120551299087e-05
1.732866238980457758e-05
1.555061087900560228e-05
1.663622094087814637e-05
1.578868252542634911e-05
1.694093420470533774e-05
1.766888656193690504e-05
1.462552318227393512e-05
1.606290133403926501e-05
1.550807069927096280e-05
1.612175825359464130e-05
1.474868387811115708e-05
1.733879683722672804e-05
1.593137868492888070e-05
1.769248749793971389e-05
1.571501727870469297e-05
1.671818855720755205e-05
1.449817172432668608e-05
1.738492268627716666e-05
1.443959004741048296e-05
1.472114049559422369e-05
1.543298557226519167e-05
1.740565236002413456e-05
1.624607938657944312e-05
1.779999108439100152e-05
1.585644781731142315e-05
1.592524007953007557e-05
1.697874759438258808e-05
1.774173418876648587e-05
1.469353448904536377e-05
1.654810501572139095e-05
1.446355728625584562e-05
1.562452113517785594e-05
1.788048149734413367e-05
1.547375610988605565e-05
1.463319453687168882e-05
1.469816408650510745e-05
1.753584814895451513e-05
1.521044401005436201e-05
1.739912922396189465e-05
1.247075894238997423e-01
5.561315064367489125e-02
8.929495088381977919e-02
4.248900808069687451e-02
3.017931224992552106e-02
1.823444205994764061e-02
4.807569361040034406e-02
1.965871305152695758e-02
4.607294081692658860e-02
2.109635501707001759e-01
4.934683470821554785e-02
2.271835398564695518e-01
1.297149754135728805e-01
9.789133692185114644e-02
2.797739374028324760e-02
1.725355548534024397e-02
1.189011700746026440e-01
2.765627459623209994e-02
5.613597076824416304e-02
4.185617940723339314e-02
1.038890193644495391e-01
2.048910669091561984e-02
1.370301345486636679e-01
1.652036364234258162e-02
1.988264099947723365e-02
2.432966212381463406e-02
1.967546492451112405e-02
5.892388017392345689e-02
5.684051459238773085e-02
2.297574261342104074e-01
1.354838051662835274e-01
2.572323627551916306e-02
1.851809088832000877e-02
1.678756161752271298e-02
4.266014725267937291e-02
1.808108635068736078e-02
9.326155122447693513e-02
1.468649032942601629e-01
3.474549105345943467e-02
6.328540124887604978e-02
1.837619407509600254e-03
2.047138978321772114e-03
2.160027171520581286e-03
1.851339203271420769e-03
1.841669233813606919e-03
1.972356044902555828e-03
1.917309029004895344e-03
1.823438737814394575e-03
1.765154187551279093e-03
2.114495569557194466e-03
1.710514241053877598e-03
1.987022550605219151e-03
2.131502820141170651e-03
1.881265076569769643e-03
2.149002566225824591e-03
1.643285875866207875e-03
1.575255162040727205e-03
1.598251227511542994e-03
1.778641382375281471e-03
1.613600465592281282e-03
2.124823332803566899e-03
2.007953622442648026e-03
1.858707031298258280e-03
1.881890957139904005e-03
2.069584235457367326e-03
2.003508630683299187e-03
2.101521473506663858e-03
2.039489319238827012e-03
2.117234039207415916e-03
1.641665871636954288e-03
1.952873264728323833e-03
1.652954425360731328e-03
2.127254155135118157e-03
2.108902635529342432e-03
2.202015590695717475e-03
2.124162710489921856e-03
1.924873153998704102e-03
1.827960634041384718e-03
1.822982734119424873e-03
2.181815469171824364e-03
2.239711861391927104e-03
2.313088370571232590e-03
2.316468646204650032e-03
2.290747971222115847e-03
2.301192793345957152e-03
2.271831346463209014e-03
2.199537124863058368e-03
2.237403530295133114e-03
2.299659487748924921e-03
2.315819919675676970e-03
2.159900204070172407e-03
2.316498711150398720e-03
2.314467828535436613e-03
2.309645504429533227e-03
2.299225187464174619e-03
2.215669933009241019e-03
2.138720580283061390e-03
2.072667572153282477e-03
2.314341800584567531e-03
2.310193583050144071e-03
2.280384120076542342e-03
2.274356156784407019e-03
2.299760947321420612e-03
2.229925952066704777e-03
2.303269787070545607e-03
2.306493784163678173e-03
2.300331076494192568e-03
2.318270477516476760e-03
2.281233376500511455e-03
2.288605566322368754e-03
2.232585132928792144e-03
2.114044761033211095e-03
2.259140587851582709e-03
2.279906431380441731e-03
2.156827392194742444e-03
2.286364913699453268e-03
2.144778479959347835e-03
2.258750386380613175e-03
2.292315427973460121e-03
2.317756943547375024e-03
4.760400399556798806e-03
7.148301911225301078e-03
3.920391521193608564e-02
4.490272712668790245e-01
4.368081590626650300e-06
3.379730225491226620e-02
1.175644159905432085e-01
1.604236883488110077e-05
2.333262022552594073e-01
1.937234958394163861e-03
1.000000000000000072e-18
