1.000000000000000072e-18
1.000000000000000072e-18
1.000000000000000072e-18
1.000000000000000072e-18
1.000000000000000072e-18
1.000000000000000072e-18
1.000000000000000072e-18
1.000000000000000072e-18
1.000000000000000072e-18
1.000000000000000072e-18
1.000000000000000072e-18
1.000000000000000072e-18
1.000000000000000072e-18
1.000000000000000072e-18
1.000000000000000072e-18
1.000000000000000072e-18
1.000000000000000072e-18
1.000000000000000072e-18
1.000000000000000072e-18
1.000000000000000072e-18
1.000000000000000072e-18
1.000000000000000072e-18
1.000000000000000072e-18
1.000000000000000072e-18
1.000000000000000072e-18
1.000000000000000072e-18
1.000000000000000072e-18
1.000000000000000072e-18
1.000000000000000072e-18
1.000000000000000072e-18
1.000000000000000072e-18
1.000000000000000072e-18
1.000000000000000072e-18
1.000000000000000072e-18
1.000000000000000072e-18
1.000000000000000072e-18
1.000000000000000072e-18
1.000000000000000072e-18
1.000000000000000072e-18
1.000000000000000072e-18
1.000000000000000072e-18
1.000000000000000072e-18
1.000000000000000072e-18
1.000000000000000072e-18
1.000000000000000072e-18
1.000000000000000072e-18
1.000000000000000072e-18
1.000000000000000072e-18
1.000000000000000072e-18
1.000000000000000072e-18
1.000000000000000072e-18
1.000000000000000072e-18
1.000000000000000072e-18
1.000000000000000072e-18
1.000000000000000072e-18
1.000000000000000072e-18
1.000000000000000072e-18
1.000000000000000072e-18
1.000000000000000072e-18
1.000000000000000072e-18
1.000000000000000072e-18
1.000000000000000072e-18
1.000000000000000072e-18
1.000000000000000072e-18
1.000000000000000072e-18
1.000000000000000072e-18
1.000000000000000072e-18
1.000000000000000072e-18
1.000000000000000072e-18
1.000000000000000072e-18
1.000000000000000072e-18
1.000000000000000072e-18
1.000000000000000072e-18
1.000000000000000072e-18
1.000000000000000072e-18
1.000000000000000072e-18
1.000000000000000072e-18
1.000000000000000072e-18
1.000000000000000072e-18
1.000000000000000072e-18
1.000000000000000072e-18
1.000000000000000072e-18
1.000000000000000072e-18
1.000000000000000072e-18
1.000000000000000072e-18
1.000000000000000072e-18
1.000000000000000072e-18
1.000000000000000072e-18
1.000000000000000072e-18
1.000000000000000072e-18
1.000000000000000072e-18
1.000000000000000072e-18
1.000000000000000072e-18
1.000000000000000072e-18
1.000000000000000072e-18
1.000000000000000072e-18
1.000000000000000072e-18
1.000000000000000072e-18
1.000000000000000072e-18
1.000000000000000072e-18
1.000000000000000072e-18
1.000000000000000072e-18
1.000000000000000072e-18
1.000000000000000072e-18
1.000000000000000072e-18
1.000000000000000072e-18
1.000000000000000072e-18
1.000000000000000072e-18
1.000000000000000072e-18
1.000000000000000072e-18
1.000000000000000072e-18
1.000000000000000072e-18
1.000000000000000072e-18
1.000000000000000072e-18
1.000000000000000072e-18
1.000000000000000072e-18
1.000000000000000072e-18
1.000000000000000072e-18
1.000000000000000072e-18
1.000000000000000072e-18
1.000000000000000072e-18
1.000000000000000072e-18
1.000000000000000072e-18
1.000000000000000072e-18
1.000000000000000072e-18
1.000000000000000072e-18
1.000000000000000072e-18
1.000000000000000072e-18
1.000000000000000072e-18
1.000000000000000072e-18
1.000000000000000072e-18
1.000000000000000072e-18
1.000000000000000072e-18
1.000000000000000072e-18
1.000000000000000072e-18
1.000000000000000072e-18
1.000000000000000072e-18
1.000000000000000072e-18
1.000000000000000072e-18
1.000000000000000072e-18
1.000000000000000072e-18
1.000000000000000072e-18
1.000000000000000072e-18
1.000000000000000072e-18
1.000000000000000072e-18
1.000000000000000072e-18
1.000000000000000072e-18
1.000000000000000072e-18
1.000000000000000072e-18
1.000000000000000072e-18
1.000000000000000072e-18
1.000000000000000072e-18
1.000000000000000072e-18
1.000000000000000072e-18
1.000000000000000072e-18
1.000000000000000072e-18
1.000000000000000072e-18
1.000000000000000072e-18
1.000000000000000072e-18
1.000000000000000072e-18
1.000000000000000072e-18
1.000000000000000072e-18
1.000000000000000072e-18
1.000000000000000072e-18
1.000000000000000072e-18
1.000000000000000072e-18
1.000000000000000072e-18
1.000000000000000072e-18
1.000000000000000072e-18
1.000000000000000072e-18
1.000000000000000072e-18
1.000000000000000072e-18
1.000000000000000072e-18
1.000000000000000072e-18
1.000000000000000072e-18
1.000000000000000072e-18
1.000000000000000072e-18
1.000000000000000072e-18
1.000000000000000072e-18
1.000000000000000072e-18
1.000000000000000072e-18
1.000000000000000072e-18
1.000000000000000072e-18
1.000000000000000072e-18
1.000000000000000072e-18
1.000000000000000072e-18
1.000000000000000072e-18
1.000000000000000072e-18
1.000000000000000072e-18
1.000000000000000072e-18
1.000000000000000072e-18
1.000000000000000072e-18
1.000000000000000072e-18
1.000000000000000072e-18
1.000000000000000072e-18
1.000000000000000072e-18
1.000000000000000072e-18
1.000000000000000072e-18
1.000000000000000072e-18
1.000000000000000072e-18
1.000000000000000072e-18
1.000000000000000072e-18
1.000000000000000072e-18
1.072188544034578761e-18
1.945204814685348008e-18
3.599973466671058107e-18
6.810919446570337852e-18
1.320746895357314424e-17
2.633585267191522861e-17
5.422129640900500158e-17
1.158776868312398088e-16
2.589014112409203773e-16
6.107780838814573460e-16
1.543638770444888361e-15
4.275168456190828026e-15
1.348819973329604881e-14
5.234296853304148921e-14
3.035538796480933782e-13
6.391452209087637896e-12
8.987087352812722572e-12
2.994754685794616329e-12
3.031392562148133539e-12
4.891326083084825418e-12
1.040268585681310422e-11
1.696969311515078342e-11
1.303035748317572189e-11
8.414503942957751407e-12
6.591951861768866307e-12
6.271056907965340521e-12
7.080521957557107253e-12
9.453874347978502325e-12
1.530866533873505716e-11
3.254262216291967720e-11
1.137360260847605315e-10
6.382223482201748310e-10
1.390369291232675890e-10
4.622275492080336008e-11
2.440323218628064981e-11
1.539020341544439498e-11
9.027941951211526687e-12
1.955682471292229364e-12
6.166592641625525529e-12
1.371907686008682596e-10
5.717176042075793244e-09
4.786062685015412217e-10
1.017391014673615119e-10
4.362634707283415128e-11
2.516671271210489429e-11
1.740817911490740066e-11
1.376267399479608746e-11
1.215753372821730317e-11
1.185728825050112126e-11
1.250609886278836003e-11
1.113288471800884396e-11
2.006684824465557280e-11
8.346191187739255653e-11
4.397875841139403961e-10
1.269986138286318960e-10
2.788559246535070828e-11
1.084154411205976929e-11
5.526385441676131620e-12
3.297257719575532031e-12
2.185680473563755462e-12
1.565105912453823133e-12
1.190441809585087981e-12
9.513812576790119115e-13
7.929878043764611384e-13
6.857611732627433725e-13
6.129596877437066407e-13
5.647330116233599848e-13
5.352191532051321437e-13
5.210437350402075053e-13
5.205385707232790373e-13
5.333678975978679835e-13
5.604241548243291981e-13
6.039502786857671896e-13
6.679156775570648542e-13
7.587518523474461171e-13
8.866779105183836486e-13
1.068080645645210730e-12
1.329898225747181790e-12
1.718021986549336549e-12
2.314209263885239214e-12
3.272077850438690370e-12
4.898265513487290673e-12
7.843935095939127021e-12
1.354678952897418926e-11
2.491059832690579176e-11
4.418684519965992470e-11
5.840672916850573857e-11
5.157242769112084144e-11
3.902518439534788983e-11
3.147365064301341410e-11
2.664535081916647698e-11
2.526135169804434164e-11
2.637818016315394068e-11
3.044072323942099593e-11
3.927163703669904276e-11
5.780359848376461243e-11
9.877935213518405420e-11
1.792682167090846789e-10
2.069948790202928662e-10
1.216750151501321291e-10
6.680945076313235925e-11
4.333764795160110183e-11
3.391714606022853061e-11
3.249490521391698764e-11
4.058945750099858711e-11
7.972959345877097259e-11
2.409058437685583317e-10
4.120641334297987791e-11
8.090572918072128109e-12
2.527591110112115337e-12
9.951438377185757444e-13
4.461096789228128437e-13
2.146484754239043179e-13
1.044806499747748124e-13
4.510074354341802094e-14
8.857783942325335761e-15
3.100923558753252728e-15
1.451844652938264506e-14
1.318389217568053861e-14
9.642199097872284895e-15
6.825275849800574683e-15
4.843999589653118827e-15
3.476039963228528413e-15
2.526957162878274249e-15
1.861083063697964665e-15
1.387908098926257807e-15
1.047337137569041991e-15
7.991739561566252020e-16
6.162255508040502930e-16
4.798651198332548582e-16
3.771734498711986306e-16
2.990812911575267514e-16
2.391484835274052722e-16
1.927517817587246892e-16
1.565379695914441264e-16
1.280512432085181123e-16
1.054764492343793570e-16
8.746024384506658983e-17
7.298524850046417447e-17
6.128063660555659825e-17
5.175801876676266062e-17
4.396506619311771482e-17
3.755168566623325392e-17
3.224515374343533747e-17
2.783169925244961683e-17
2.414276367717111735e-17
2.104468078454540537e-17
1.843087356438119039e-17
1.621591727577873080e-17
1.433099501134449735e-17
1.272039897308036604e-17
1.133882180767005846e-17
1.014924834211977284e-17
9.121306156886243552e-18
8.229968710812036809e-18
7.454530766241763095e-18
6.777795189192471990e-18
6.185424628368508435e-18
5.665422408439747104e-18
5.207715147287827521e-18
4.803815807366996770e-18
4.446550617802287043e-18
4.129836923979063662e-18
3.848501806960700340e-18
3.598133468103054059e-18
3.374959045586670241e-18
3.175743832494593563e-18
2.997707885906651102e-18
2.838456817940690030e-18
2.695924191952615290e-18
2.568323447813019797e-18
2.454107678157877662e-18
2.351935894991460002e-18
2.260644680193066258e-18
2.179224317695026255e-18
2.106798669761398273e-18
2.042608193047583780e-18
1.985995598352079561e-18
1.936393746224182686e-18
1.893315442853371345e-18
1.856344860107216443e-18
1.825130352733925650e-18
1.799378486631998473e-18
1.778849126348901513e-18
1.763351458930915949e-18
1.752740855995858349e-18
1.746916497338039680e-18
1.745819698255702735e-18
1.749432899759709954e-18
1.757779296440453457e-18
1.770923091543077833e-18
1.788970383197643668e-18
1.812070700223241074e-18
1.840419220925096219e-18
1.874259724307093560e-18
1.913888340638300160e-18
1.959658187916537005e-18
2.011985003121361755e-18
2.071353903014633202e-18
2.138327439549167126e-18
2.213555150794655807e-18
2.297784851039315745e-18
2.391875955038675613e-18
2.496815193316818684e-18
2.613735150537603994e-18
2.743936150447417106e-18
2.888912122753028074e-18
3.050381224581008316e-18
3.230322158244443824e-18
3.431017336002767724e-18
3.655104301638172097e-18
3.905637141142048575e-18
4.186160017481980027e-18
4.500795469032393724e-18
4.854350745882093612e-18
5.252446259328868023e-18
5.701671234926777889e-18
6.209772950614256628e-18
6.785887590410524219e-18
7.440822858757116609e-18
8.187405223845343837e-18
9.040908180828896767e-18
1.001958250298939947e-17
1.114531542440599212e-17
1.244445353663349008e-17
1.394883451733290745e-17
1.569708650706987995e-17
1.773627220436773101e-17
2.012397921088421480e-17
2.293099113187336801e-17
2.624471865507360314e-17
3.017363086333245482e-17
3.485301088790784212e-17
4.045247601220341516e-17
4.718586398258320235e-17
5.532431424678082075e-17
6.521369405622960756e-17
7.729797778674932493e-17
9.215084782613017166e-17
1.105187444182020399e-16
1.333799991240721567e-16
1.620267730096618365e-16
1.981796481682152914e-16
2.441494640967103151e-16
3.030682729528713665e-16
3.792226188413809560e-16
4.785402289009365435e-16
6.093098600363433744e-16
7.832607271074539373e-16
1.017205352225291284e-15
1.335580562423012301e-15
1.774447391453934691e-15
2.387910134132690979e-15
3.258639207243169943e-15
4.515533966519445804e-15
6.364164625019848148e-15
9.140829059183331791e-15
1.341186747329912321e-14
2.016343394004645092e-14
3.118115363536086676e-14
4.985226703596264060e-14
8.297627401584841016e-14
1.452016507089946032e-13
2.711011878725724219e-13
5.529683338838086647e-13
1.284805177932803291e-12
3.701693082964776625e-12
1.625655067182702627e-11
1.208166548854411371e-10
4.475907129133738919e-11
1.840658945586723885e-11
1.244373743126812848e-11
1.082748261565204616e-11
1.095454383062422078e-11
1.199230548842639588e-11
1.203300673884864082e-11
3.742689588105399519e-12
9.468020731898050872e-12
1.036103913508933158e-10
9.680734337691600533e-10
8.194623771250212172e-10
1.854617959204756327e-10
8.667743203534826667e-11
5.509801437054050524e-11
4.149823702693476716e-11
3.490266786045762839e-11
3.177238296868547816e-11
3.070827105558598155e-11
3.108478883098632406e-11
3.258248397770325431e-11
3.496598662987177291e-11
3.846708317245986195e-11
4.079465975109309861e-11
4.270863394743439129e-11
4.248451209373320404e-11
3.946966155190242549e-11
3.413676643538489848e-11
2.785921833812229464e-11
2.184070747930303343e-11
1.686362393290589930e-11
1.301873984051003495e-11
1.016278455709267656e-11
8.079932363158029079e-12
6.572684394285488912e-12
5.487186951773186875e-12
4.712278562831190282e-12
4.171392121786759633e-12
3.814611619211065107e-12
3.613159384483806636e-12
3.557052518557750093e-12
3.656860385635369354e-12
3.952185190574129499e-12
4.534292714446936390e-12
5.604811268898595192e-12
7.642930276669331039e-12
1.196242412910790917e-11
2.294368191696236892e-11
5.562740495549743818e-11
7.610943731445219364e-11
3.048941286592148667e-11
1.298015938100723192e-11
7.127295177089750421e-12
4.766377825349618396e-12
3.177554008554909309e-12
3.132514482966516810e-12
3.316858110384544740e-12
4.404649530852753932e-12
9.069114283569202557e-12
7.800756891320081985e-11
1.361205923250637569e-11
1.818443023649178319e-12
5.334693579758239752e-13
2.115812757971694630e-13
9.879005839520911843e-14
5.119800846874051033e-14
2.855929461024513323e-14
1.683797463870181509e-14
1.036996962619699311e-14
6.617673806655483986e-15
4.350599918058252159e-15
2.933742764753447160e-15
2.022417893909466674e-15
1.421506560625467229e-15
1.016557697383915880e-15
7.383514192283280760e-16
5.438913370739530914e-16
4.058338789984314993e-16
3.064215421638113214e-16
2.339030809763833010e-16
1.803683971071856550e-16
1.404097722693574233e-16
1.102773638346810338e-16
8.733673304862052904e-17
6.971456192711865439e-17
5.606372600996852218e-17
4.540531027455642013e-17
3.702097734647902570e-17
3.037874799779058670e-17
2.508124126143173519e-17
2.082919468292738111e-17
1.739549793236780590e-17
1.460653681174981628e-17
1.232867120651075340e-17
1.045835239331941760e-17
8.914843120485131475e-18
7.634814761763608341e-18
6.568308966684465115e-18
5.675698708137103112e-18
4.925386589913233187e-18
4.292050768166398368e-18
3.755300289269085865e-18
3.298638440203267173e-18
2.908659212933266515e-18
2.574421211193347453e-18
2.286957368421351539e-18
2.038889163823424008e-18
1.824121652895253113e-18
1.637601303023922670e-18
1.475122868866986406e-18
1.333174733780987396e-18
1.208814556210525045e-18
1.099568892946855308e-18
1.003351870548194049e-18
1.000000000000000072e-18
1.000000000000000072e-18
1.000000000000000072e-18
1.000000000000000072e-18
1.000000000000000072e-18
1.000000000000000072e-18
1.000000000000000072e-18
1.000000000000000072e-18
1.000000000000000072e-18
1.000000000000000072e-18
1.000000000000000072e-18
1.000000000000000072e-18
1.000000000000000072e-18
1.000000000000000072e-18
1.000000000000000072e-18
1.000000000000000072e-18
1.000000000000000072e-18
1.000000000000000072e-18
1.000000000000000072e-18
1.000000000000000072e-18
1.000000000000000072e-18
1.000000000000000072e-18
1.000000000000000072e-18
1.000000000000000072e-18
1.000000000000000072e-18
1.000000000000000072e-18
1.000000000000000072e-18
1.000000000000000072e-18
1.000000000000000072e-18
1.000000000000000072e-18
1.000000000000000072e-18
1.000000000000000072e-18
1.000000000000000072e-18
1.000000000000000072e-18
1.000000000000000072e-18
1.000000000000000072e-18
1.000000000000000072e-18
1.000000000000000072e-18
1.000000000000000072e-18
1.000000000000000072e-18
1.000000000000000072e-18
1.000000000000000072e-18
1.000000000000000072e-18
1.000000000000000072e-18
1.000000000000000072e-18
1.000000000000000072e-18
1.000000000000000072e-18
1.000000000000000072e-18
1.000000000000000072e-18
1.000000000000000072e-18
1.000000000000000072e-18
1.000000000000000072e-18
1.000000000000000072e-18
1.000000000000000072e-18
1.000000000000000072e-18
1.000000000000000072e-18
1.000000000000000072e-18
1.000000000000000072e-18
1.000000000000000072e-18
1.000000000000000072e-18
1.000000000000000072e-18
1.000000000000000072e-18
1.000000000000000072e-18
1.043866796868366997e-18
1.161077942151741941e-18
1.297532586690611503e-18
1.457077736067747490e-18
1.644472970024267134e-18
1.865640422261119870e-18
2.127992745596808611e-18
2.440866480637825883e-18
2.816099030905060867e-18
3.268802952298171906e-18
3.818413779112772526e-18
4.490120648323720982e-18
5.316838015101098854e-18
6.341950387836735993e-18
7.623174009973264884e-18
9.238052093652023335e-18
1.129187034187550063e-17
1.392920874160895720e-17
1.735103929477172601e-17
2.184042104589509266e-17
2.780176047626131826e-17
3.582189367679188376e-17
4.676702401760484078e-17
6.193996904644295306e-17
8.334151943915990575e-17
1.141168315430777979e-16
1.593416432901651554e-16
2.274563665776235637e-16
3.329897165281035100e-16
5.019813451755583108e-16
7.834003606294295562e-16
1.274878491714236356e-15
2.185804858784910499e-15
4.009691567425375331e-15
8.068411495605891145e-15
1.862447555088177696e-14
5.422780250835763505e-14
2.611691982290162843e-13
7.863683495625860311e-12
8.747266278488337790e-13
3.040343022938190706e-13
2.083066665627639589e-13
1.958727858264646294e-13
2.309530281862905509e-13
3.410584376120316978e-13
6.998418832064354782e-13
1.963299469440578501e-12
5.237639721418248220e-11
2.750762464075220166e-12
7.101700851032107952e-13
3.405307283284293603e-13
2.146670761616603232e-13
1.596332250802725582e-13
1.337033093014856032e-13
1.234143861374537057e-13
1.244348160126877835e-13
1.371058518701493278e-13
1.667656250349895825e-13
2.294968828279545545e-13
3.769251295700823139e-13
8.391955044323879658e-13
3.594918073938491694e-12
5.489602436538127633e-12
9.011321836384541963e-13
3.141539916362878845e-13
1.554777179791250534e-13
9.276436759093454608e-14
6.222924271235278331e-14
4.533091428421084529e-14
3.514501088551921421e-14
2.863842799220487153e-14
2.432390438916117884e-14
2.141009439665805938e-14
1.945094551206953584e-14
1.818641061284226615e-14
1.746488682586184500e-14
1.720401647296538779e-14
1.737139228495589048e-14
1.797717837959288099e-14
1.907578034696880203e-14
2.077706808071805132e-14
2.327127073185092786e-14
2.687770225398602588e-14
3.214027103236531358e-14
4.002353872149273602e-14
5.234551913655181443e-14
7.283144774566567339e-14
1.100388679202901297e-13
1.871027761123155776e-13
3.844559471867219258e-13
1.141219016196432357e-12
9.771713453474240305e-12
7.974512745344747154e-12
1.395536552436552135e-12
6.269747940106512993e-13
4.060089939530078417e-13
3.275623667973925284e-13
3.144289074586753405e-13
3.571135250862922401e-13
4.869260038410295720e-13
7.701531590510434890e-13
9.013768426267758061e-13
4.462026039297156667e-13
1.803336195781407447e-13
8.443404798006095667e-14
4.594718399586288974e-14
2.812278500626292261e-14
1.889633266139178517e-14
1.373641555734953788e-14
1.086026655713581161e-14
8.631847419836712600e-15
7.615274044521019090e-15
7.095504110222809301e-15
7.034348492260594405e-15
7.471214520835385698e-15
8.593998876515169701e-15
1.089785138728171777e-14
1.570411776698947376e-14
2.722121249774832826e-14
6.423903073466427773e-14
2.828747472037182121e-13
6.528086151442807667e-13
1.368580305179312325e-13
6.304033048227596398e-14
4.710258578261159742e-14
5.156750099435597483e-14
8.930486779520808926e-14
3.303049215639798675e-13
3.858304024487324553e-13
1.042637696648925739e-13
9.728398754267541367e-14
1.074872439940424551e-13
5.377476564574731982e-15
7.297910534423918544e-16
1.603139552043578329e-16
4.547825302728467028e-17
1.517236121945425988e-17
5.672674507798309891e-18
2.310212178595953594e-18
1.006144318290819731e-18
1.000000000000000072e-18
1.000000000000000072e-18
1.000000000000000072e-18
1.000000000000000072e-18
1.000000000000000072e-18
1.000000000000000072e-18
1.000000000000000072e-18
1.000000000000000072e-18
1.000000000000000072e-18
1.000000000000000072e-18
1.000000000000000072e-18
1.000000000000000072e-18
1.000000000000000072e-18
1.000000000000000072e-18
1.000000000000000072e-18
1.000000000000000072e-18
1.000000000000000072e-18
1.000000000000000072e-18
1.000000000000000072e-18
1.000000000000000072e-18
1.000000000000000072e-18
1.000000000000000072e-18
1.000000000000000072e-18
1.000000000000000072e-18
1.000000000000000072e-18
1.000000000000000072e-18
1.000000000000000072e-18
1.000000000000000072e-18
1.000000000000000072e-18
1.000000000000000072e-18
1.000000000000000072e-18
1.000000000000000072e-18
1.000000000000000072e-18
1.000000000000000072e-18
1.000000000000000072e-18
1.000000000000000072e-18
1.000000000000000072e-18
1.000000000000000072e-18
1.000000000000000072e-18
1.000000000000000072e-18
1.000000000000000072e-18
1.000000000000000072e-18
1.000000000000000072e-18
1.000000000000000072e-18
1.000000000000000072e-18
1.000000000000000072e-18
1.000000000000000072e-18
1.000000000000000072e-18
1.000000000000000072e-18
1.000000000000000072e-18
1.000000000000000072e-18
1.000000000000000072e-18
1.000000000000000072e-18
1.000000000000000072e-18
1.000000000000000072e-18
1.000000000000000072e-18
1.000000000000000072e-18
1.000000000000000072e-18
1.000000000000000072e-18
1.000000000000000072e-18
1.000000000000000072e-18
1.000000000000000072e-18
1.000000000000000072e-18
1.000000000000000072e-18
1.000000000000000072e-18
1.000000000000000072e-18
1.000000000000000072e-18
1.000000000000000072e-18
1.000000000000000072e-18
1.000000000000000072e-18
1.000000000000000072e-18
1.000000000000000072e-18
1.000000000000000072e-18
1.000000000000000072e-18
1.000000000000000072e-18
1.000000000000000072e-18
1.000000000000000072e-18
1.000000000000000072e-18
1.000000000000000072e-18
1.000000000000000072e-18
1.000000000000000072e-18
1.000000000000000072e-18
1.000000000000000072e-18
1.000000000000000072e-18
1.000000000000000072e-18
1.000000000000000072e-18
1.000000000000000072e-18
1.000000000000000072e-18
1.000000000000000072e-18
1.000000000000000072e-18
1.000000000000000072e-18
1.000000000000000072e-18
1.000000000000000072e-18
1.000000000000000072e-18
1.000000000000000072e-18
1.000000000000000072e-18
1.000000000000000072e-18
1.000000000000000072e-18
1.000000000000000072e-18
1.000000000000000072e-18
1.000000000000000072e-18
1.000000000000000072e-18
1.000000000000000072e-18
1.000000000000000072e-18
1.000000000000000072e-18
1.000000000000000072e-18
1.000000000000000072e-18
1.000000000000000072e-18
1.000000000000000072e-18
1.000000000000000072e-18
1.000000000000000072e-18
1.000000000000000072e-18
1.000000000000000072e-18
1.000000000000000072e-18
1.000000000000000072e-18
1.000000000000000072e-18
1.000000000000000072e-18
1.000000000000000072e-18
1.000000000000000072e-18
1.000000000000000072e-18
1.000000000000000072e-18
1.000000000000000072e-18
1.000000000000000072e-18
1.000000000000000072e-18
1.000000000000000072e-18
1.000000000000000072e-18
1.000000000000000072e-18
1.000000000000000072e-18
1.000000000000000072e-18
1.000000000000000072e-18
1.000000000000000072e-18
1.000000000000000072e-18
1.000000000000000072e-18
1.000000000000000072e-18
1.000000000000000072e-18
1.000000000000000072e-18
1.000000000000000072e-18
1.000000000000000072e-18
1.000000000000000072e-18
1.000000000000000072e-18
1.000000000000000072e-18
1.000000000000000072e-18
1.000000000000000072e-18
1.000000000000000072e-18
1.000000000000000072e-18
1.000000000000000072e-18
1.000000000000000072e-18
1.000000000000000072e-18
1.000000000000000072e-18
1.000000000000000072e-18
1.000000000000000072e-18
1.000000000000000072e-18
1.000000000000000072e-18
1.000000000000000072e-18
1.000000000000000072e-18
1.000000000000000072e-18
1.000000000000000072e-18
1.000000000000000072e-18
1.000000000000000072e-18
1.000000000000000072e-18
1.000000000000000072e-18
1.000000000000000072e-18
1.000000000000000072e-18
1.000000000000000072e-18
1.000000000000000072e-18
1.000000000000000072e-18
1.000000000000000072e-18
1.000000000000000072e-18
1.000000000000000072e-18
1.000000000000000072e-18
1.000000000000000072e-18
1.000000000000000072e-18
1.000000000000000072e-18
1.000000000000000072e-18
1.000000000000000072e-18
1.000000000000000072e-18
1.000000000000000072e-18
1.000000000000000072e-18
1.000000000000000072e-18
1.000000000000000072e-18
1.000000000000000072e-18
1.000000000000000072e-18
1.000000000000000072e-18
1.000000000000000072e-18
1.000000000000000072e-18
1.000000000000000072e-18
1.000000000000000072e-18
1.000000000000000072e-18
1.000000000000000072e-18
1.000000000000000072e-18
1.000000000000000072e-18
1.000000000000000072e-18
1.000000000000000072e-18
1.000000000000000072e-18
1.000000000000000072e-18
1.000000000000000072e-18
1.000000000000000072e-18
1.000000000000000072e-18
1.000000000000000072e-18
1.000000000000000072e-18
1.000000000000000072e-18
1.000000000000000072e-18
1.000000000000000072e-18
1.000000000000000072e-18
1.000000000000000072e-18
1.000000000000000072e-18
1.000000000000000072e-18
1.000000000000000072e-18
1.000000000000000072e-18
1.000000000000000072e-18
1.000000000000000072e-18
3.059821305274196608e-12
3.071162527607333729e-12
3.047567359811493575e-12
2.825540188496674890e-12
2.799863959029720868e-12
2.943639196528526239e-12
2.937159122150155063e-12
2.794245984365844809e-12
3.292729334295843062e-12
2.801949750213397702e-12
2.793942762747863062e-12
3.173031750054501086e-12
2.793320942720433571e-12
3.704938956990078016e-12
2.880682487337208212e-12
2.889351897854261874e-12
3.613031316143367449e-12
2.816017237987732802e-12
2.936220247410817980e-12
3.045129858877041704e-12
3.511344092096999504e-12
2.993899357612320655e-12
3.222218317667665688e-12
2.920508008131314769e-12
3.206240970759098349e-12
2.798266096535080688e-12
2.818104661597389385e-12
2.979125334710299239e-12
2.843201566044411910e-12
3.588683986750238214e-12
3.194754604450710438e-12
3.062654979696164169e-12
2.951788327086548281e-12
2.793358518093840471e-12
3.784374221997260438e-12
2.906321666408900782e-12
3.335981476530267706e-12
3.316624850836815601e-12
2.807759634154719980e-12
2.810297847743403449e-12
6.440555346888160182e-13
4.387685360354704866e-13
6.415485954064569685e-13
7.885774757209097291e-13
5.984990777201033674e-13
7.772641820265774472e-13
3.821555370025945560e-13
3.247005936780665980e-13
2.613405651949424670e-13
3.826136802170808555e-13
2.375394889382682394e-13
8.641574269169105459e-13
5.538397193660216879e-13
7.312805595278016352e-13
3.583268889742729082e-13
7.474904450045018265e-13
7.480246019585123730e-13
8.324962037998633264e-13
2.867492009115028080e-13
7.172556568581753890e-13
7.175221431568219182e-13
5.823631401303788608e-13
4.693966889903366264e-13
5.333593428825317800e-13
2.300765582384076407e-13
2.459940975101801856e-13
2.319072346011715331e-13
3.886421733189936449e-13
3.030505394726404869e-13
7.242390494931084348e-13
8.663775558007993188e-13
2.946312031404645167e-13
2.401275482110365943e-13
7.130044301283639148e-13
2.043048573697570803e-13
3.631788577049607855e-13
5.426217282334143302e-13
4.531680694710899760e-13
3.501243344938287101e-13
6.647346693770976232e-13
9.876861335494386572e-11
5.704348017395346880e-11
1.444574156135695156e-10
3.580917115759991158e-10
3.822708939574232829e-10
1.906941329955375584e-10
5.771882307806309058e-11
7.703141972294323075e-11
5.957595665809494050e-10
2.877294567972154720e-10
3.637294429066463756e-10
8.779965890204724948e-11
1.107856358440939035e-10
7.014037461185806642e-11
5.088828510552302704e-11
8.583070971135091662e-11
6.255608333344046863e-11
8.735026768601388504e-11
7.755151329369618347e-11
5.582245317845722653e-11
1.136099738568711876e-10
2.137788606394214429e-10
1.590982422110583434e-10
2.303416319748003447e-10
5.660020554330712764e-11
8.439020431032564114e-11
7.108899996935663024e-11
3.670052816556923367e-10
2.684935880132921705e-10
5.979682938779773807e-10
4.231639506954917349e-10
6.351189047812028256e-10
3.956660743229180092e-10
8.421508119554398949e-11
7.551719051981269943e-11
9.406988298306952081e-11
5.729966405400564487e-11
4.892153574058421765e-10
7.428041974411746561e-11
1.665781381141794164e-10
7.132093616005538547e-13
8.513069301104665977e-13
9.224344648717044193e-13
7.985041222423510280e-13
9.231711778323832092e-13
5.775119755371805602e-13
6.643400002590787583e-13
8.847422761134890323e-13
6.830613663386090782e-13
8.220303071020218371e-13
8.502324748115019952e-13
9.376581681053914553e-13
6.069829976194622664e-13
8.318328372951105560e-13
8.983377862822740404e-13
9.094979102670563484e-13
8.366942883855842827e-13
6.486117282741817891e-13
9.251629737650164866e-13
5.363505026266784284e-13
9.128007031507027897e-13
8.015702116843397434e-13
8.287036716622257529e-13
9.333044975277569206e-13
8.934766078608763902e-13
9.267704630792206653e-13
6.365001429083432685e-13
5.786354796419578224e-13
7.527087789681707167e-13
9.265676670955319706e-13
6.604278334262433314e-13
8.526434121393281906e-13
8.601785105889008007e-13
7.491759762203933602e-13
5.452965230520097738e-13
7.904957266148201038e-13
6.342306960975582797e-13
8.706126260181886156e-13
8.961891773142756280e-13
9.304909393322383201e-13
5.158428350196757227e-12
6.541943962035655778e-12
7.160798504633343840e-12
4.809235454523423056e-12
5.140140358785176453e-12
5.846067618832649790e-12
7.467689717061642479e-12
4.699696669238804120e-12
5.241328962841064631e-12
5.448120589886571112e-12
5.168975028234044771e-12
6.881621592760380003e-12
7.013133553606356873e-12
5.527667609677989176e-12
4.442340125787061447e-12
5.530945507051720985e-12
4.827278939427130694e-12
6.963182791048084019e-12
4.579199481853675461e-12
8.024034715617673601e-12
7.603694394248572813e-12
5.116717699481017187e-12
4.872379259836291689e-12
6.164185678339975719e-12
4.029269470627217487e-12
5.568453193308064816e-12
4.692509000499602139e-12
3.975135115375468398e-12
4.664073252859219051e-12
5.618390660407944951e-12
4.583639312401918970e-12
6.183076425580357168e-12
4.239108932557247167e-12
5.923416852256760774e-12
7.216162016634508176e-12
5.460202358709321098e-12
6.974846684396123919e-12
6.646591434496061977e-12
5.340123803417644367e-12
4.013980845635847507e-12
1.271042114316868654e-13
1.229233161362818975e-13
1.285643782043582079e-13
1.322931548197619979e-13
1.227484596441887004e-13
1.276059147519370799e-13
1.227210649861256002e-13
1.226674479958074266e-13
1.258330938206247591e-13
1.226620653033138171e-13
1.273183334463750603e-13
1.235122733221039581e-13
1.301351818436686807e-13
1.226406363776035896e-13
1.289933603842467148e-13
1.272438416175283490e-13
1.324785957976472645e-13
1.335260770222026411e-13
1.226742989477834525e-13
1.244314569025262664e-13
1.228826450560116987e-13
1.227231381657220401e-13
1.271434268312709037e-13
1.326180799589475388e-13
1.225376876505664391e-13
1.233154641991214751e-13
1.236112367814602742e-13
1.225928476429370205e-13
1.337937730178994174e-13
1.291130231644686982e-13
1.276414620305465382e-13
1.234286213610403558e-13
1.248688637016118905e-13
1.250956103420276847e-13
1.233244873169531084e-13
1.225410318085990616e-13
1.260053271237788138e-13
1.257956320013113852e-13
1.265123512022882913e-13
1.278792599216644595e-13
1.976683747360171722e-10
2.265738403343699970e-10
1.101310469995408910e-10
2.200911818985084123e-10
1.697067076751791377e-10
2.405195524731243691e-10
4.476511449713121955e-11
2.054373780848102745e-10
2.260216821052273649e-10
4.798393362065742817e-11
1.464212260107150071e-10
2.044556714357402380e-10
2.308909348180670207e-10
9.119939227163351517e-11
2.383625582024043570e-10
1.176964101464312345e-10
1.705593703250829518e-10
1.869653503852812058e-10
1.465063569330727169e-10
1.927435339972439726e-10
2.241785286507062802e-10
1.282502495592357495e-10
1.013724369227530915e-10
4.507257652001399377e-11
1.362120116691212010e-10
1.797878667261286644e-10
2.067125694049858501e-10
2.058978816310613037e-10
2.368803073689287214e-10
1.719254467642854847e-10
1.136037024228870847e-10
6.365304516675258168e-11
2.253933812799045196e-10
4.533315585977459730e-11
5.648020950843608855e-11
2.162016825236114173e-10
1.766364195922076594e-10
1.087683838618388146e-10
1.696712554556082393e-10
1.155942204940961293e-10
4.287926113341244969e-15
4.731453746869785841e-15
6.865448273213452389e-15
9.846214700360252511e-15
5.313301449272855147e-15
1.131604737049275982e-14
6.887475735766142133e-15
4.640614501749522565e-15
6.449190384483174732e-15
8.565814225036035439e-15
6.199376252985294267e-15
9.105002360540957233e-15
4.856572236258242946e-15
5.848880379367402604e-15
4.428751054784321324e-15
4.444428595256426906e-15
6.418681644114352275e-15
6.139088284860667880e-15
8.501263833022752203e-15
4.209024942853565293e-15
6.258492072620369603e-15
9.867564542819822473e-15
5.130772406255705543e-15
1.323043020635284899e-14
4.627529338400733411e-15
4.408996294420656934e-15
9.229041660915631914e-15
1.408111820957349038e-14
6.843157395293980284e-15
4.599226194122532943e-15
7.333453464540543195e-15
4.237540996831874299e-15
1.315719990728960341e-14
5.967845232759690450e-15
5.287646185792634560e-15
5.264043731955106912e-15
7.628168020908308471e-15
8.648449378129997000e-15
7.254959264974220017e-15
4.208716865948354435e-15
1.292201244584124719e-10
1.301754545732625916e-10
7.210274442492841527e-11
1.257743896267425907e-10
1.072850754717274474e-10
1.021961930705429185e-10
9.375184319959184163e-11
2.141929997420870744e-11
8.758381341807105994e-11
5.014616330681695814e-11
1.231582612173656834e-10
1.023620188354746598e-10
8.059855766678893359e-11
3.837687270840584995e-11
7.792626460964374154e-11
6.889091899587191767e-11
1.172753496092138211e-10
9.890920323711739353e-11
3.677214588777773501e-11
1.174450801907987683e-10
8.451629126947461594e-11
4.069441734960736979e-11
1.250917185047733988e-10
6.626504189973022767e-11
1.295512581997358358e-10
1.161291875193480809e-10
1.290568806650770716e-10
1.289194188627931605e-10
7.833831327063808995e-11
1.005735186740208551e-10
2.212352746280345300e-11
1.110204479295668197e-10
2.112899368723329093e-11
3.510720380478154041e-11
7.611929890507764533e-11
4.834361379871325917e-11
1.016679036320967673e-10
6.207129369782311172e-11
7.429644721042784809e-11
7.422570219189112818e-11
4.817161665620476857e-12
4.242535477106314888e-12
4.502728412997352069e-12
4.858465391594189976e-12
4.706005961466591457e-12
3.950197741078311211e-12
5.038994729609364625e-12
4.905898205309626003e-12
4.597119491870198550e-12
4.614024739812070455e-12
4.340038959925761387e-12
4.301334322050501211e-12
4.922121033971056288e-12
4.505126354431171123e-12
4.609812332451807457e-12
4.532610175059992112e-12
3.970209447184862026e-12
5.092295252982105364e-12
4.765056927548174039e-12
4.186274661722483302e-12
4.583130478074982890e-12
4.079394243380057885e-12
5.029580704079775609e-12
4.067642670775105301e-12
4.653205261668281822e-12
4.556783110371266522e-12
4.737814736358066958e-12
4.246151484081311892e-12
4.085418787736416419e-12
5.070798181889983462e-12
3.971594322911673205e-12
4.518962342263820489e-12
4.339910378280249794e-12
4.880484265874977535e-12
4.282830930322674160e-12
4.293384507880081378e-12
4.714118176229912424e-12
4.274047972094536975e-12
4.872601796155719591e-12
4.671290796328703081e-12
4.092605466135339312e-12
3.894465923766780472e-12
3.817519797778045008e-12
3.661086302382159387e-12
4.014755721648074837e-12
3.732748953132439299e-12
4.182861247962296425e-12
3.687967770558613254e-12
3.721724785921264768e-12
4.164385627468042081e-12
3.994969574011879492e-12
3.792232322202881506e-12
4.015437981829309913e-12
3.681068554741750819e-12
4.005256105195653108e-12
3.758076507189917373e-12
4.005953057500552347e-12
3.677302773183733597e-12
4.176845129069357768e-12
3.702771179188681321e-12
3.881319682488578045e-12
4.117572867501148756e-12
3.702937711768389307e-12
3.729680115942539494e-12
3.690742481771382383e-12
3.828512451269200013e-12
3.919823496434162667e-12
4.122828589312948172e-12
3.853497134274005761e-12
4.183668473450127693e-12
3.923788936618866428e-12
3.853964550237844385e-12
3.845378247707676655e-12
4.065192557008756084e-12
3.648688834583288874e-12
3.986844294321726256e-12
3.739940318236552977e-12
3.796992513176385947e-12
3.735975110506157880e-12
3.654374299012410938e-12
2.866414139226093361e-12
8.510224043684665427e-13
1.786797445502229962e-10
9.081098556318844129e-13
5.581485558243520159e-12
1.246760966864676442e-13
2.272267770014654223e-10
7.295378477118101894e-15
1.132878455597006791e-10
4.374281137624173287e-12
1.000000000000000072e-18
