1.000000000000000072e-18
1.000000000000000072e-18
1.000000000000000072e-18
1.000000000000000072e-18
1.000000000000000072e-18
1.000000000000000072e-18
1.000000000000000072e-18
1.000000000000000072e-18
1.000000000000000072e-18
1.000000000000000072e-18
1.000000000000000072e-18
1.000000000000000072e-18
1.000000000000000072e-18
1.000000000000000072e-18
1.000000000000000072e-18
1.000000000000000072e-18
1.000000000000000072e-18
1.000000000000000072e-18
1.000000000000000072e-18
1.000000000000000072e-18
1.000000000000000072e-18
1.000000000000000072e-18
1.000000000000000072e-18
1.000000000000000072e-18
1.000000000000000072e-18
1.000000000000000072e-18
1.000000000000000072e-18
1.000000000000000072e-18
1.000000000000000072e-18
1.000000000000000072e-18
1.000000000000000072e-18
1.000000000000000072e-18
4.713875023414507148e-02
2.192116043674934289e-01
3.970545830816201716e-01
2.476239768616240455e-01
2.020647798297524648e-07
8.055403966283677386e-01
7.711081233063064033e-01
1.854604364359521469e-16
1.000000000000000072e-18
1.000000000000000072e-18
1.000000000000000072e-18
1.000000000000000072e-18
1.000000000000000072e-18
1.000000000000000072e-18
1.000000000000000072e-18
4.016364441012879732e-02
2.156729744026001372e-01
4.082059951431366018e-01
3.624639905537999085e-01
5.078580346457491901e-01
3.441847783735276778e-01
1.000000000000000072e-18
1.000000000000000072e-18
1.000000000000000072e-18
1.000000000000000072e-18
1.000000000000000072e-18
1.000000000000000072e-18
1.000000000000000072e-18
6.259786513798990732e-18
2.906409185856006702e-02
5.596535177770214919e-02
3.984970888977954595e-08
7.819538808722620304e-02
5.984100609613269423e-02
3.994221737374266390e-02
8.039375830259770303e-03
1.000000000000000072e-18
1.000000000000000072e-18
1.000000000000000072e-18
1.000000000000000072e-18
1.000000000000000072e-18
1.000000000000000072e-18
1.000000000000000072e-18
1.000000000000000072e-18
1.000000000000000072e-18
1.000000000000000072e-18
1.000000000000000072e-18
1.000000000000000072e-18
1.000000000000000072e-18
1.000000000000000072e-18
1.000000000000000072e-18
1.000000000000000072e-18
1.000000000000000072e-18
1.000000000000000072e-18
1.000000000000000072e-18
1.000000000000000072e-18
1.000000000000000072e-18
1.000000000000000072e-18
1.000000000000000072e-18
1.000000000000000072e-18
1.000000000000000072e-18
1.000000000000000072e-18
1.000000000000000072e-18
1.000000000000000072e-18
1.000000000000000072e-18
1.000000000000000072e-18
1.000000000000000072e-18
1.000000000000000072e-18
2.330539605963629496e-02
3.267309217135674726e-16
1.699435651846440900e-07
2.000777278417379899e-13
7.402915701800155679e-03
8.360000708553438970e-16
2.023944296718035044e-17
1.000000000000000072e-18
9.000382981602277740e-18
4.030725392281062081e-02
5.717356681632223690e-10
4.769226116250781263e-13
7.638204147999179789e-11
4.007939196889628037e-11
1.491198420664654675e-02
3.377218025601699075e-10
2.493662949970173016e-06
2.737471362410659431e-11
5.228342982347448367e-13
4.305654992425337127e-03
3.321775362567506995e-02
5.485427892823787309e-03
1.760494531538615457e-03
2.359768446952358392e-02
5.655666589120472709e-01
1.418202342330850939e-16
6.031222200485018489e-03
1.260980366146232171e-02
2.771734872153925125e-03
7.304540120812034847e-03
8.035560618326105242e-01
8.773191915189424513e-17
2.488026930865771258e-01
1.472070041962761713e-02
4.045189663933580759e-02
1.483076210147015773e-02
1.905267530601237672e-02
1.342749546850765391e-02
6.178169038367965628e-06
5.411776206651400072e-03
3.207054647737068998e-02
9.609693684790417828e-03
4.194904377005091445e-01
1.093289249144928643e-01
2.341286779900740057e-03
4.420259047280454025e-03
2.665097937103206860e-01
1.693802648990567344e-02
7.994417550954768109e-03
5.021898180391093369e-02
5.174451954114378527e-02
5.320941228637026538e-02
7.936433771248984498e-03
3.215807672309381124e-03
2.491531511341153835e-03
2.455098111475210749e-03
4.839431163095091193e-02
1.672212204631617072e-01
3.379390980176045223e-01
2.437333083499691397e-02
2.407842534884962592e-03
7.785501818959981654e-03
7.729847066654050962e-03
1.136488844455743052e-01
1.899795852262594481e-02
2.504518757643409838e-02
1.694419176507898361e-02
1.772952054767483118e-02
5.211690863483863130e-03
1.824188156172978437e-03
3.632794001108983345e-02
3.439886085673542118e-03
3.236110784894108416e-02
3.109234893770421171e-01
4.767500636874892894e-01
7.758969955596346779e-02
2.206599014884253265e-02
2.131152128110028188e-02
5.876762989295760548e-03
1.951729600219825889e-02
3.654782568857704861e-02
6.601192622960799783e-02
1.679355973460603391e-01
2.532522635569005309e-02
1.335910051220828149e-02
1.089175503934632777e-02
1.260760598193402283e-02
5.912723731082840037e-03
8.140128698033434196e-01
1.237125685860585855e-01
4.567375769561786425e-02
4.253389002812653086e-01
7.260896624366581197e-03
2.767815838297220388e-02
1.616930290568492634e-01
1.111643700466019048e-02
8.155273415117858526e-01
5.394703049073683310e-02
5.390170383499943291e-02
8.691678064406899162e-01
4.377918965855182032e-02
5.944157482463000367e-03
1.394281687500237565e-01
3.209576283540966496e-02
9.260947989947849734e-01
8.401464386844889054e-01
3.573647965707861807e-01
1.100676322778443850e-01
6.492562287507037955e-02
7.593059684132081807e-03
6.476676475923890362e-03
8.500210110351211906e-03
5.996647948637603975e-02
7.580053322642127389e-02
2.585168964731739405e-01
5.184459970287921271e-01
1.646802192577337051e-02
2.829668579646232862e-02
2.669562566939102655e-01
4.624914263836968353e-02
9.552483194564447000e-02
7.657207392465617546e-02
5.671507359628419342e-02
7.695833933894780099e-02
2.634309752030874474e-01
9.984771612954567235e-03
1.428068677146275035e-02
1.557772020150733905e-01
9.424382962498507876e-02
6.632745915651239166e-02
4.916475220754625702e-02
1.224690567557775722e-01
2.585451850346954378e-02
1.024020853128710523e-02
2.661430951222139296e-02
3.668074951187475646e-02
9.032371191400553889e-02
1.288677313512645306e-01
1.364959700844422252e-01
5.902156827385510729e-01
9.033747652603585365e-01
8.730007181701419233e-03
2.059589085745973380e-02
9.576068693255376796e-02
1.820611400243535988e-02
6.916267180267621217e-02
5.983686241268838524e-01
2.644598974049952936e-02
3.585916139616862064e-01
5.832409832911261693e-02
3.630545720920334840e-02
7.527580743514208361e-01
7.494475907021065642e-02
1.010869203644864517e-01
3.279499057088302444e-02
6.493269262170917044e-02
1.363941919192215857e-01
1.657208357502583940e-01
9.287989778374828864e-01
2.878422148216731591e-01
2.900984819873408949e-01
8.986384077761797595e-01
1.437475862359761658e-01
1.229946167484758657e-01
5.479118411561612056e-01
7.385349456464407325e-02
8.289507534739266603e-01
4.103787645887032459e-02
1.681100123238408461e-01
8.171788927446954620e-01
1.043860161710179202e-01
1.146999412395477702e-01
1.932644403731657509e-02
2.021907306507355825e-02
1.908212844961767324e-02
4.964697884961338792e-01
9.089824836328322943e-01
1.327900417277429745e-01
5.417427343986971344e-01
2.410003604689303636e-01
2.875446791891997020e-02
2.535676587731445775e-01
2.223036245493601598e-02
2.399711234672076768e-02
9.047570418737447273e-01
9.249890038542065707e-01
1.262483490257036434e-01
8.840600725241598568e-01
2.228488845004096899e-02
1.675014273188897007e-01
2.992271233499146227e-02
5.371563599329268884e-02
1.521965332391307657e-01
2.995300388154519267e-01
3.435186468851801900e-01
1.343601984802791915e-01
3.372872628948053036e-02
2.104886952384951715e-01
2.415968880852487413e-02
6.951681733074134562e-02
1.714687699498333717e-01
7.672049214345654233e-01
5.641557988161778336e-01
3.075880530814353864e-01
4.402828170541709940e-01
4.008390187242956426e-02
2.408325330297122341e-02
3.834278257270818530e-02
1.649896467065895544e-01
1.631005070477030139e-01
3.244582363934985225e-01
7.199918025774121322e-01
2.886961028886073088e-02
2.727908908414014913e-02
3.931144414287867095e-01
3.112393490354926212e-02
5.853860273688186178e-01
1.662408966024639390e-01
1.662129843843032084e-01
4.229240336514370480e-01
3.207673455375244925e-02
4.373475710863593269e-02
7.739520884775508147e-02
4.775121899644058088e-02
4.423359056450993049e-04
7.810287712542219631e-04
3.262830801007705062e-01
1.497751998364826864e-02
3.281863241994188440e-01
3.593406848294542627e-02
7.581416254837879912e-05
1.821715607037422942e-04
2.025120095938159337e-01
2.894614878405363245e-01
7.267559479097250412e-04
2.019266729567470268e-03
2.658396728657386318e-04
4.358245914405749211e-04
7.102571511542836447e-02
3.317522584453061474e-02
6.421704232118108369e-01
2.832655066689069301e-01
1.959323001434603029e-01
2.756824561838030485e-01
3.191172817573442733e-02
3.876060653970944681e-02
1.046245719028327387e-01
4.060390186501687537e-02
3.286317491871312280e-01
2.504987228443033564e-01
7.429342506926335243e-01
4.303652031973402847e-01
5.180413127423159209e-02
3.450527899375682717e-02
3.734089738012150855e-02
5.812760513199188156e-02
2.470452153431117459e-01
2.267614149877425211e-01
7.934439191488447118e-01
3.303766112682790523e-01
8.790627621516811097e-02
3.437996653629575572e-02
3.700026731576675637e-02
7.334312288287329895e-02
2.764441209851886128e-01
2.744105801517962573e-01
2.947117499013950925e-01
4.123416777068957817e-01
3.674649499555090321e-02
4.479904035333982792e-02
4.480070245850213684e-02
3.841884856765993145e-02
8.653006411157173616e-01
5.418163235359987340e-01
4.204588594205654895e-01
5.754913926549193315e-01
1.035462487858218872e-01
4.131315514686460799e-02
3.637247431779284945e-02
5.141089687856210677e-01
4.106660063197895005e-01
9.141275198777594202e-01
9.104112867527089925e-01
3.918065696203920645e-01
3.671256718092708038e-02
4.762895515949470970e-02
8.179796529715185338e-01
3.730302741654986654e-02
2.552413010290850992e-01
2.583461740288270914e-01
4.360825779107052047e-01
8.489940236576943855e-01
5.132211999711792927e-02
1.592596976506613360e-01
5.515831863157234088e-02
5.125653987596465178e-02
6.497318271556228320e-01
6.031241616522532434e-01
2.607761652773191718e-01
9.245761357963265814e-01
3.748802396830917816e-02
4.929693271771975471e-01
4.753194092209469396e-02
1.758619233449741082e-01
7.683956978560328999e-01
2.704727204902246385e-01
9.508149036176731794e-01
2.825306473079258196e-01
3.631204471569745434e-02
4.204897203473077077e-02
5.833516904392271885e-02
3.954841780492625997e-02
2.630152607021941646e-01
2.570664552757453425e-01
3.518757957422188887e-01
2.648049583166949272e-01
3.645894768835523936e-02
5.090016044586861965e-02
7.192099673646402958e-02
8.702182328051413229e-01
2.672705287018831699e-01
2.798723098870069537e-01
2.447556625772789318e-01
9.474781959222269290e-01
1.442764938813327902e-01
5.120248960913626607e-02
2.895825058923308104e-01
1.963449132583348078e-01
3.525417841319897772e-01
2.557270856459011865e-01
2.475657560882306429e-01
4.106678033568468278e-01
7.765031125623592101e-02
3.425265680194823636e-02
6.494389817194946568e-01
3.412547518998192142e-02
2.940813437001230102e-01
2.393188260239521581e-01
8.372480603119460962e-01
2.928594574473829537e-01
3.365149582691989716e-02
2.986969354701165744e-02
3.208385963234977600e-02
3.431344957300128118e-02
1.575289355784672551e-01
1.998489899260203206e-01
3.601462774416524515e-01
1.989308514906081571e-01
2.878787816661594612e-02
1.053180868583895174e-01
5.046056476186216999e-02
3.381498664254840580e-01
2.697496594164154882e-01
7.227104923098783829e-01
1.673772916170437608e-01
2.793589751888654882e-01
2.339512037183476278e-02
1.586815212922592852e-02
2.423907129161821661e-02
3.931353683699220780e-02
1.704561059949727952e-01
9.152758913934143370e-02
4.579047481496345551e-01
3.002135034959949045e-01
1.650695698020038932e-02
5.611065362436490345e-02
1.319635354846519434e-02
4.549141375019876733e-03
1.021860137753574510e-01
1.633878481529795637e-05
2.406970735192405302e-05
6.751105866628828028e-03
7.485794935174774900e-03
8.022382742509101073e-04
2.521897680530496219e-02
8.277178314780101494e-07
7.805348343278701861e-01
1.466571208814946847e-01
6.950945006437219131e-01
1.570935250216400227e-05
1.361632348795389219e-02
7.671568781822310501e-02
1.015526177281939890e-01
1.584174071104916919e-03
3.994077240823147856e-01
3.253574345098600995e-01
3.663226650217081826e-01
1.185824871083001469e-02
7.517218651661319861e-02
6.154004855921718642e-02
7.489342747636728095e-03
1.106130597456157910e-01
1.458284743448223786e-01
4.802296979445088709e-01
7.861430441581119810e-01
4.940081570326201321e-01
6.060028465093570543e-02
1.583913716855588905e-01
6.111138511207245272e-02
6.047109152881412208e-02
5.199399366589541049e-01
7.362168647535511923e-01
7.990404250964316946e-01
7.065233037621830858e-01
9.260289123741428929e-02
6.956871805264774888e-02
1.683093473984499377e-01
1.487422431623761365e-01
8.355202068540918958e-01
7.919397098885574415e-01
7.835369345834071186e-01
7.777784176222686252e-01
2.529933464352414063e-01
1.781271560890694827e-01
3.579324523430442717e-01
6.059804291252798847e-02
8.379744157190417431e-01
8.363012596656178577e-01
8.387870569085245087e-01
7.804565559439708977e-01
2.745514235575564066e-01
7.570587335071734536e-01
2.935976206563158941e-01
5.597534777550439156e-02
7.824806979339775648e-01
7.718387783199075480e-01
8.089165829044540068e-01
8.190505039411392074e-01
7.101527045440995944e-02
1.242866911131123159e-01
5.825562207489645011e-02
5.557785576587775944e-02
7.890827901525181431e-01
8.082368440233367313e-01
7.693730697969060062e-01
8.617802232218959579e-01
3.661147686679725455e-01
5.890806634162482069e-02
3.222186869533676390e-01
2.560576833595576973e-01
7.638126985748771025e-01
8.305987599411255307e-01
8.927041262910144770e-01
8.591913884832766968e-01
5.314188777287817689e-02
5.750593244736791620e-02
3.913776139863063275e-01
6.340864343509897139e-02
8.599566313585739197e-01
7.889926863358150966e-01
9.272649276018577469e-01
8.234772890014346869e-01
3.707205080076689252e-01
5.160550603049635782e-02
5.729884600104082071e-02
5.369430628826129398e-02
9.181309319434201033e-01
9.685838969870934623e-01
8.284261241103496598e-01
8.991326696595955958e-01
5.878075224148450462e-02
2.171804970309134664e-01
6.681140193475068600e-02
5.446488379090635296e-02
8.577282932954723993e-01
9.258211907243566463e-01
8.521799586292616580e-01
8.398029865784839565e-01
1.701171324012756003e-01
8.150800586047783625e-02
3.330817586105919853e-02
2.949354952359760640e-01
8.154833740817608589e-01
8.578014414402057586e-01
8.692097199442317956e-01
9.065266988864449926e-01
3.336373889187360664e-02
6.026931583949087651e-02
3.635385845098772911e-02
9.756005679264666275e-02
8.486967386082313602e-01
7.969741191248725931e-01
8.783649977043104240e-01
8.029659690875027289e-01
4.734114923132228675e-02
3.673733202514606333e-02
3.414289203515975119e-02
4.070893948351774205e-01
9.020969794318387525e-01
8.419281184549141095e-01
9.439395550902376364e-01
8.002768556132139333e-01
1.155056704566191361e-01
3.197066198766021494e-02
3.545244554858895114e-02
4.270818313243614217e-02
9.518906833488766095e-01
8.828380567342812846e-01
7.948332364501102809e-01
9.459546429531340284e-01
1.589958563104117428e-01
9.361489194847264494e-01
3.750178936650277323e-02
3.737493433581767083e-02
8.721317435219764214e-01
9.092094191211639309e-01
8.398510788200184152e-01
9.589105552980122793e-01
1.202972977316449921e-01
1.089360805964877110e-01
2.826567911069371303e-02
1.469680838692309643e-01
7.786374824420958518e-01
9.842348329041871180e-01
7.761059699245079768e-01
9.720793603325620369e-01
1.494719851797430832e-01
2.721589162935308948e-02
5.616884796846371292e-02
3.858274462681182682e-02
8.611350696493194068e-01
9.864001769211759862e-01
9.582910673020954562e-01
7.726478327760279985e-01
2.691021847338988943e-02
2.229389817539752586e-02
4.845872166017269056e-02
2.655969646900637610e-02
7.836269660714652030e-01
7.123507754666543734e-01
9.250569440660280085e-01
6.869939998988909835e-01
4.432509569134633620e-02
3.314189703749503141e-02
3.018644737370225831e-02
5.218947053019070553e-02
6.137083135137860745e-01
9.421632246781193043e-01
7.687267790685572422e-01
7.279188856873567426e-01
1.550272318002163807e-01
2.094058948375364104e-01
1.338427242699254671e-01
1.997811668578639357e-02
6.611840651572197247e-01
5.941552075047976667e-01
7.960187853598270635e-01
6.552382010020015857e-01
1.818909350039125614e-02
6.225781535826187263e-02
3.482448209364417263e-02
1.461287854667285835e-01
4.621345217653267112e-01
8.223492056764223346e-01
7.416595969378475539e-01
5.913774821414635730e-01
4.116703704570522787e-02
1.276490419166433250e-02
1.974597434262761672e-02
3.292196857028579365e-02
5.216475699290120671e-01
4.544762104581331341e-01
7.090841588138550033e-01
5.595726660210295078e-01
4.103696222216483835e-02
3.921364522914898287e-02
3.038155152833643124e-01
1.003195300868483554e-02
5.528751320393867630e-01
2.693256047162820854e-01
4.041028383511445776e-01
6.575130016198046379e-01
1.374747533784833643e-02
2.051679932033523626e-02
2.969033573060616410e-02
2.119137561227892319e-01
9.855816542637058086e-02
6.678842021918987015e-01
8.310214298149027901e-01
8.239360749206549039e-01
4.966300098276310582e-03
5.129750256643856102e-03
8.057590355908949772e-03
5.134167430116490932e-02
9.031777352962175875e-01
1.702406638228552704e-01
8.866988715188086623e-01
8.368042404805801308e-04
1.007067636835048230e-08
4.190694863222213518e-02
2.898899547716701774e-03
3.731863745891028390e-03
5.460672034132803689e-08
8.938797441851019376e-02
3.182948121073577719e-01
1.125793466294003342e-01
6.313010446134025190e-11
1.628097949240810068e-05
5.204835341012655624e-07
3.923683394964469324e-07
4.108929006171871490e-07
3.992325957129365666e-01
2.011578107552159933e-01
7.509895988416350008e-04
1.166004242689218077e-06
4.472698112716622566e-08
4.539756053326636336e-03
5.332694344950125124e-04
3.258577859462272126e-10
2.520831623009268663e-01
9.773849851587375070e-01
3.537610327958118586e-10
1.000000000000000072e-18
1.000000000000000072e-18
1.000000000000000072e-18
1.000000000000000072e-18
1.685385147707297841e-05
4.001086433204300207e-10
3.632520413741751967e-10
9.802674254907448037e-02
2.466018784471434369e-02
7.454610486758306970e-08
4.729694561911706292e-09
3.909319119358829258e-09
6.825822420698349213e-02
2.096091586065122674e-05
5.577445961968639195e-09
2.622374193794092534e-01
5.110725704629968946e-03
6.333751724602901256e-02
9.133847936655420819e-05
3.037766280471498187e-02
2.761136512339347204e-01
5.442618186423028859e-02
2.019643308197625886e-02
2.532322678136372920e-05
1.141403609277583803e-02
9.226051848970306946e-01
1.818107607885744359e-03
1.046977801275152629e-02
2.931499152400346975e-01
4.782775363846339389e-02
1.506535714199505605e-01
1.960503614611425471e-01
6.338544781969950026e-02
3.449091852003701580e-02
3.849699491322590428e-02
7.846558977957069497e-03
3.142490799473365293e-01
3.752310527708804244e-01
1.981417791711841681e-01
1.480045721558927441e-01
6.077028999559056510e-01
1.109137885658728895e-01
4.448552290421257938e-02
2.238341368598680686e-02
2.975694420559831244e-01
3.958865105961462127e-01
3.178354259378194380e-01
4.091750137907819718e-01
3.720838486205877427e-01
4.808966962591105787e-01
4.454518661445783234e-01
7.462835194967001873e-02
2.528499372393113731e-01
3.330789551286626460e-01
3.360024438223281340e-01
2.231046662375447964e-01
6.570455952239417918e-02
4.762437348951241434e-02
4.002947793442942354e-02
4.091769653405841201e-01
3.469398638163382342e-01
3.035472244797136621e-01
2.975712869095305524e-01
4.264777338389107442e-01
1.662275568384878888e-01
4.103707242725391363e-02
4.235084194142245406e-02
6.375835034397760170e-02
3.403830361932208004e-01
4.239020161235997342e-01
3.407083270625206883e-01
3.260102095056406357e-01
1.448431084144058412e-01
7.398243174779107756e-01
7.456738463308551501e-02
5.010643491681544826e-02
4.509292375859084157e-01
3.502358407655671302e-01
4.483003327002157978e-01
4.026276783582335983e-01
1.564825460508236510e-01
6.202291995850466033e-02
1.440229345887761581e-01
7.982445312345505528e-02
3.637678306846149345e-01
3.728594700288603847e-01
3.977623555056756799e-01
4.946876498480369255e-01
9.866315685389119572e-02
8.437962500269335919e-02
8.156760424136734466e-02
2.483790852713395614e-01
4.080000113135877626e-01
3.466688945467033545e-01
4.749606180438454839e-01
3.714140031478463388e-01
1.053979330756782129e-01
9.257301346278866694e-01
2.654734142015235943e-01
1.970562180829377452e-01
3.543618256674488931e-01
4.690588066299806180e-01
3.618675128817217534e-01
3.355871219637076575e-01
5.000510225993756164e-01
1.426720717144609185e-01
9.241136512832217598e-01
1.211840914129868607e-01
3.361815832769234347e-01
4.129647193432172680e-01
4.984282237381559844e-01
3.313055068605552100e-01
9.193593354538336371e-01
1.318369503753172578e-01
1.984497981370639541e-01
1.160170341800307175e-01
3.917159216816613609e-01
3.921218124781494785e-01
3.933874656702326389e-01
3.177342222258204840e-01
3.353496876459077236e-01
1.506477687531875831e-01
2.338811329262133198e-01
7.357484284535206198e-01
4.699910834790267389e-01
3.117368782539013949e-01
3.283288783841045166e-01
5.948878258693708343e-01
6.495220949957047907e-01
1.815760871459338732e-01
1.806810369902614177e-01
7.634359530681603667e-01
4.943550687829544321e-01
3.107692865857910047e-01
2.967310546021061368e-01
3.045558449075935759e-01
2.896760176187965219e-01
6.218570412906150313e-01
2.730895484814969132e-01
1.884587939893627440e-01
3.791171358699328975e-01
3.240733431390968589e-01
3.812923635971274261e-01
8.831385073270774100e-02
3.464602149913611484e-01
3.629827492766974917e-01
6.828698557740564556e-02
4.840875041976486215e-01
1.124373328058192317e-01
6.095339049688329736e-01
3.336142392103500498e-01
9.647841795949857469e-02
3.634897675174633691e-02
2.090266464090229925e-01
2.581034719153466397e-02
2.564960388447805675e-02
4.823208727543049079e-01
2.918302233249719380e-01
8.532719432654687353e-01
8.119613959355795885e-01
2.418921688576411710e-01
4.050963922678562090e-01
2.102886952480228222e-01
6.219338575631965238e-01
2.906096732028349283e-01
3.073547909616491380e-01
4.740980092928729905e-01
8.922537716762189985e-01
5.845354100391402241e-01
6.664678824280257929e-01
7.189561120381373627e-01
5.125415437165723453e-01
2.302674402594691305e-01
2.305648647965210518e-01
4.639790056148233033e-01
2.295006484670636393e-01
2.437904957643613479e-01
2.410963763490827638e-01
2.842141579965896114e-01
2.166547643447487848e-01
3.218515200610702065e-01
3.628006731949484642e-01
8.832882168790405775e-01
2.416564384619663275e-01
8.849798183933281770e-01
2.003611170849335932e-01
2.190022838857787479e-01
1.897873967832022779e-01
2.727262691179160869e-01
2.373409240564847977e-01
9.209479555280501994e-01
2.189609095243690295e-01
9.779852659230718892e-01
8.993444087530704234e-01
9.779231593629673647e-01
8.990204452320117445e-01
9.778183607161343716e-01
8.984725613566686420e-01
9.776688723080830812e-01
8.976874121341101853e-01
9.774737090170733111e-01
8.966470137890469871e-01
9.772297756292167570e-01
8.953159407947317572e-01
9.769747800622992084e-01
8.937258859066994354e-01
9.766233702829429930e-01
8.915575953287581124e-01
9.763317044439676629e-01
8.888204695215913276e-01
9.763705728904199521e-01
8.846923426912054467e-01
9.814371075265249100e-01
8.666975775629230938e-01
9.689696352347152430e-01
8.876626959584474896e-01
9.694237986419896869e-01
8.797816484732641218e-01
9.677622954257152355e-01
8.732896955713711495e-01
9.647341851875476104e-01
8.655094409748825823e-01
9.591440490558514886e-01
8.544374450562330914e-01
9.446110429091212346e-01
8.332685309889645842e-01
7.927960639444473490e-01
5.971362937563098328e-01
9.099909369667102954e-01
9.840936382593212794e-01
8.657915454801354826e-01
9.724631047856913124e-01
9.637328011231871550e-01
8.436373818589859575e-01
9.543862252624458753e-01
8.227016980183291528e-01
9.422885270649556944e-01
7.980707358382549410e-01
9.244571462148422070e-01
7.661568714691123771e-01
8.957282604036671536e-01
7.211362237340352976e-01
8.445088542626302264e-01
6.524216601460087750e-01
7.420845352416416407e-01
5.379227686856797863e-01
5.158359722427979799e-01
3.345106873746170884e-01
1.073533392941730669e-01
3.874325981424895510e-02
1.008730559050504960e-01
1.956332312300608778e-01
5.173821688369044658e-01
7.582404503457624845e-01
7.447253852474217117e-01
9.403650858077993169e-01
8.459075536609022006e-01
9.805901619382096923e-01
8.953428290308294013e-01
9.826662260050251785e-01
9.221472029726609509e-01
9.732315793164558748e-01
9.389880615866901259e-01
9.605532284916333818e-01
9.424543532450498917e-01
9.402997666095607165e-01
9.486937773892475390e-01
9.227253851761436643e-01
9.505327548315465336e-01
9.015494764977628472e-01
9.495510011249923554e-01
8.764156783452576871e-01
9.447327144334650706e-01
8.481350728968960473e-01
9.382301336110376866e-01
8.101985774350562997e-01
9.271886296166219621e-01
7.643131938140176329e-01
9.113587642657230425e-01
7.078817953372138483e-01
8.905727536436467418e-01
6.414257928355004967e-01
8.668247309918066801e-01
5.716249195163434216e-01
8.462153705833338480e-01
5.148597540920090143e-01
1.994036896149583085e-02
2.634946052199282213e-02
1.538483555871776320e-01
2.005238596702337006e-01
3.315575998031857763e-01
4.234989360391949731e-01
4.847841965046365553e-01
6.067888313194381711e-01
5.970851847584374150e-01
7.343052549689041975e-01
6.750690940240740012e-01
8.183635686544199483e-01
7.286783498650195590e-01
8.734576329640283410e-01
7.659406417586664961e-01
9.097320262817309988e-01
7.914364313599733247e-01
9.341830467682763484e-01
8.087384436372413443e-01
9.502886433590491677e-01
8.193489703238804323e-01
9.580415618204309869e-01
8.280856239348234338e-01
9.895954654631097247e-01
8.308651159953086562e-01
9.841860307896013182e-01
8.287433712426732768e-01
9.869893968966472197e-01
8.229147531849668740e-01
9.895918426988118410e-01
8.127944847788428628e-01
9.916087816495671170e-01
7.976849907292081765e-01
9.931082757470457434e-01
7.766568961747855049e-01
9.942213039959535426e-01
7.322279916087401919e-01
9.910517966946295054e-01
7.106758379668342007e-01
9.947815035474019130e-01
6.630576137239068135e-01
9.951787355928148893e-01
6.033852533364398862e-01
9.953221250989903179e-01
5.311483306764570589e-01
9.953379465115137492e-01
4.459424838024281801e-01
9.952741075679887306e-01
3.526191277432363935e-01
9.951694578975653904e-01
2.562724712078621736e-01
9.950489249937235492e-01
1.651709973624361227e-01
9.949338548026286366e-01
8.811623208010917196e-02
9.948400819363194536e-01
3.261023790720851689e-02
9.947791858367259765e-01
3.670728682875808255e-03
1.000000000000000072e-18
1.996635279433015865e-03
9.093021787939554734e-01
1.770223200495756391e-02
9.090236769781845361e-01
4.774506853400891510e-02
9.085533778175045594e-01
8.964772200459690532e-02
9.078812917656621240e-01
1.402611135181551227e-01
9.069938437207929471e-01
1.962592808376354414e-01
9.058676924297632826e-01
2.547758779848477428e-01
9.043607739933180456e-01
3.118205258980419892e-01
9.027306459431775343e-01
3.674342839546688722e-01
9.005589303588433792e-01
4.194518933893239265e-01
8.975909768384076060e-01
4.696699125751029325e-01
8.891936507356876795e-01
4.903928942193258589e-01
8.954838974234916593e-01
5.325174131815035850e-01
8.896280958519414694e-01
5.592365513198124249e-01
8.833390174313643373e-01
5.743420450895745377e-01
8.743450973544513172e-01
5.707032899791841807e-01
8.581692651515024917e-01
5.207672364888839001e-01
8.132725787597292477e-01
2.618370891660317668e-01
4.751177513452300993e-01
7.185716326077330462e-01
9.154977521131070217e-01
9.130340472942083396e-01
9.040530667162555156e-01
8.858584170383937417e-01
8.946501769724778397e-01
8.760740269365717703e-01
8.873334510412013154e-01
8.745674129171956412e-01
8.814636572496983291e-01
1.000000000000000072e-18
