5.690570454430238514e-14
5.690570464384456497e-14
5.690570472497138649e-14
5.690570485169913937e-14
5.690570504781582953e-14
5.690570531350235225e-14
5.690570571797958589e-14
5.690570629310170856e-14
5.690570714343297792e-14
5.690570837819532625e-14
5.690571014156125026e-14
5.690571274802311239e-14
5.690571648512429717e-14
5.690572190836592445e-14
5.690572980328417258e-14
5.690574121304870975e-14
5.690575776242215715e-14
5.690578177991701774e-14
5.690581651409940527e-14
5.690586679224060643e-14
5.690593946497707136e-14
5.690604426764740345e-14
5.690619501451587777e-14
5.690641112289959698e-14
5.690671902400646170e-14
5.690715389229526995e-14
5.690775985638897661e-14
5.690858661547783225e-14
5.690967570935052512e-14
5.691102341059371343e-14
5.691248941578222312e-14
5.691358642297226557e-14
5.691300990179340097e-14
5.690761027582758385e-14
5.689017807386397853e-14
5.684472726465102128e-14
5.673658569789743878e-14
5.649201550153301005e-14
5.595801876603670354e-14
5.483009019183481736e-14
5.255011058772644742e-14
4.826155399279694769e-14
4.112422762645443322e-14
3.130920577779963557e-14
2.080626335061977407e-14
1.217848349117990399e-14
6.495791080491978223e-15
3.274559878659211110e-15
1.601311309697176752e-15
7.712135542606326357e-16
3.687045411887037096e-16
1.756629014952042965e-16
8.355865759584625839e-17
3.971881703091757380e-17
1.887446605179223789e-17
8.968338365729226351e-18
4.261389492876930413e-18
2.024968254381608593e-18
1.000000000000000072e-18
1.000000000000000072e-18
1.000000000000000072e-18
1.000000000000000072e-18
1.000000000000000072e-18
1.000000000000000072e-18
1.000000000000000072e-18
1.000000000000000072e-18
1.000000000000000072e-18
1.000000000000000072e-18
1.000000000000000072e-18
1.000000000000000072e-18
1.000000000000000072e-18
1.000000000000000072e-18
1.000000000000000072e-18
1.000000000000000072e-18
1.000000000000000072e-18
1.000000000000000072e-18
1.000000000000000072e-18
1.000000000000000072e-18
1.000000000000000072e-18
1.000000000000000072e-18
1.000000000000000072e-18
1.000000000000000072e-18
1.000000000000000072e-18
1.000000000000000072e-18
1.000000000000000072e-18
1.000000000000000072e-18
1.000000000000000072e-18
1.000000000000000072e-18
1.000000000000000072e-18
1.000000000000000072e-18
1.000000000000000072e-18
1.000000000000000072e-18
1.000000000000000072e-18
1.000000000000000072e-18
1.000000000000000072e-18
1.000000000000000072e-18
1.000000000000000072e-18
1.000000000000000072e-18
1.000000000000000072e-18
1.000000000000000072e-18
