5.852874220770213354e-01
5.852874228655565725e-01
5.852874237306013860e-01
5.852874246795247704e-01
5.852874257204918607e-01
5.852874268623398102e-01
5.852874281150157731e-01
5.852874294891339257e-01
5.852874309965350186e-01
5.852874326500888680e-01
5.852874344640801585e-01
5.852874364539413232e-01
5.852874386367751258e-01
5.852874410313139153e-01
5.852874436580978168e-01
5.852874465395732084e-01
5.852874497005502441e-01
5.852874531680243297e-01
5.852874569717871900e-01
5.852874611444380815e-01
5.852874657216637910e-01
5.852874707428109557e-01
5.852874762508712969e-01
5.852874822930588250e-01
5.852874889211412412e-01
5.852874961919476426e-01
5.852875041677665369e-01
5.852875129169843316e-01
5.852875225145373062e-01
5.852875330426776657e-01
5.852875445916010388e-01
5.852875572602702636e-01
5.852875711571875472e-01
5.852875864014218665e-01
5.852876031234935938e-01
5.852876214666703492e-01
5.852876415879733063e-01
5.852876636596981985e-01
5.852876878707861108e-01
5.852877144284883704e-01
5.852877435600526423e-01
5.852877755147398720e-01
5.852878105659096164e-01
5.852878490133301970e-01
5.852878911857167799e-01
5.852879374435825399e-01
5.852879881821947405e-01
5.852880438349901127e-01
5.852881048771928496e-01
5.852881718298639235e-01
5.852882452642417244e-01
5.852883258065758598e-01
5.852884141433548626e-01
5.852885110270931168e-01
5.852886172825499944e-01
5.852887338136537609e-01
5.852888616109802600e-01
5.852890017599540196e-01
5.852891554498109716e-01
5.852893239833366623e-01
5.852895087875796820e-01
5.852897114254094202e-01
5.852899336082202364e-01
5.852901772096827937e-01
5.852904442807584928e-01
5.852907370659867770e-01
5.852910580211857505e-01
5.852914098326521541e-01
5.852917954379560639e-01
5.852922180484532166e-01
5.852926811735942314e-01
5.852931886471528511e-01
5.852937446554624668e-01
5.852943701343590321e-01
5.852950373109701010e-01
5.852957680085708603e-01
5.852965681488150329e-01
5.852974441797482719e-01
5.852984031173426027e-01
5.852994525891663802e-01
5.853006008800908377e-01
5.853018569797434623e-01
5.853032306314357447e-01
5.853047323820690373e-01
5.853063736324451982e-01
5.853081666871773336e-01
5.853101248032072101e-01
5.853122622356726756e-01
5.853145942795510148e-01
5.853171373051320181e-01
5.853199087849809690e-01
5.853229273095096330e-01
5.853262125877551902e-01
5.853297854292712765e-01
5.853336677023027734e-01
5.853378822626390532e-01
5.853424528465451804e-01
5.853474039202679613e-01
5.853527604775056181e-01
5.853585477751543920e-01
5.853647909965592477e-01
5.853715148304380333e-01
5.853787429527251840e-01
5.853864973978533115e-01
5.853947978056084356e-01
5.854036605297735507e-01
5.854130975954590088e-01
5.854231154935981563e-01
5.854337138036210808e-01
5.854448836391408229e-01
5.854566059166809167e-01
5.854688494542112931e-01
5.854815689145130841e-01
5.854947026180085112e-01
5.855081702603008864e-01
5.855218705805655954e-01
5.855356790371509801e-01
5.855494455549604682e-01
5.855629924140042242e-01
5.855761123485794251e-01
5.855885669213494182e-01
5.856000852272162938e-01
5.856103616696014535e-01
5.856190614807256223e-01
5.856258104370098971e-01
5.856302031426001697e-01
5.856318006746628058e-01
5.856301399259884466e-01
5.856247304817006061e-01
5.856150688958250417e-01
5.856006531379872593e-01
5.855810071861302646e-01
5.855557181248509657e-01
5.855244889989119628e-01
5.854872093233876029e-01
5.854440419916490113e-01
5.853955198785661951e-01
5.853426377722088514e-01
5.852869164977237970e-01
5.852304092701112737e-01
5.851756153475426991e-01
5.851252895474455817e-01
5.850821275042005221e-01
5.850483910041247571e-01
5.850255282233259857e-01
5.850138948396883531e-01
5.850126481816066981e-01
5.850198231165966156e-01
5.850325163612329904e-01
5.850470812747716742e-01
5.850593400520002207e-01
5.850650237855330449e-01
5.850607555099232027e-01
5.850455802581895348e-01
5.850222650845688932e-01
5.849969303781726859e-01
5.849761215307744955e-01
5.849625160019481518e-01
5.849523609285518511e-01
5.849366658612431547e-01
5.849046911023576545e-01
5.848474446397405879e-01
5.847623714255140159e-01
5.846594463260942343e-01
5.845598522238190098e-01
5.844808245304232708e-01
5.844215967762057540e-01
5.843663628866645476e-01
5.842954972154364990e-01
5.842014958042990314e-01
5.841011693723541232e-01
5.840071032315410360e-01
5.838979361765808118e-01
5.837431632500482692e-01
5.835438680856072091e-01
5.833469387432752562e-01
5.831725392227978810e-01
5.829855704293350760e-01
5.827634415831031145e-01
5.825347437446977139e-01
5.822755992107847556e-01
5.819420353990303330e-01
5.815889010733967801e-01
5.812425218370846913e-01
5.808500155431630674e-01
5.804321920856350125e-01
5.799411583954958704e-01
5.793769446581592542e-01
5.788010135116951060e-01
5.781625985498797249e-01
5.774610382345783943e-01
5.766439788136472622e-01
5.757797858127436941e-01
5.748297649576514790e-01
5.737536186558575002e-01
5.725765965102289634e-01
5.712980998761048035e-01
5.698532903402948602e-01
5.682512183557381080e-01
5.664793062353479236e-01
