-4.207446062729235103e-03
-2.577694801594705987e-01
-5.111605873972145941e-01
-7.642660444211500925e-01
-1.016971645245797529e+00
-1.269163906831374700e+00
-1.520730271521633759e+00
-1.771559306241724752e+00
-2.021540897294442196e+00
-2.270566440187775648e+00
-2.518529023797777988e+00
-2.765323608215894513e+00
-3.010847195676978227e+00
-3.254998994012286317e+00
-3.497680572107115804e+00
-3.738796006897044943e+00
-3.978252021492198143e+00
-4.215958114064082274e+00
-4.451826677185193759e+00
-4.685773107363796264e+00
-4.917715904586515308e+00
-5.147576761701997405e+00
-5.375280643576741291e+00
-5.600755855963930330e+00
-5.823934104106876397e+00
-6.044750541142194677e+00
-6.263143806400992553e+00
-6.479056053766777623e+00
-6.692432970295207006e+00
-6.903223785312635918e+00
-7.111381270287575163e+00
-7.316861729765561151e+00
-7.519624983712114741e+00
-7.719634341571921965e+00
-7.916856568692845819e+00
-8.111261844966506374e+00
-8.302823716745397320e+00
-8.491519042061993261e+00
-8.677327929743352541e+00
-8.860233672839582297e+00
-9.040222676854575923e+00
-9.217284383207612564e+00
-9.391411188408051558e+00
-9.562598359380377389e+00
-9.730843945403442774e+00
-9.896148687098243357e+00
-1.005851592288445140e+01
-1.021795149334986164e+01
-1.037446364389757036e+01
-1.052806292610621242e+01
-1.067876209813677946e+01
-1.082657602457114621e+01
-1.097152157598795519e+01
-1.111361752864832297e+01
-1.125288446452907642e+01
-1.138934467203473133e+01
-1.152302204761959104e+01
-1.165394199858534030e+01
-1.178213134725033662e+01
-1.190761823673171627e+01
-1.203043203848500831e+01
-1.215060326179965955e+01
-1.226816346536956814e+01
-1.238314517111595769e+01
-1.249558178031898947e+01
-1.260550749220572087e+01
-1.271295722504427417e+01
-1.281796653984189405e+01
-1.292057156666970741e+01
-1.302080893368078129e+01
-1.311871569884551469e+01
-1.321432928440774646e+01
-1.330768741409295508e+01
-1.339882805303492574e+01
-1.348778935045135619e+01
-1.357460958494171166e+01
-1.365932711271671529e+01
-1.374198031803076780e+01
-1.382260756661020373e+01
-1.390124716145038697e+01
-1.397793730114049460e+01
-1.405271604065432456e+01
-1.412562125449308681e+01
-1.419669060217853840e+01
-1.426596149598535490e+01
-1.433347107087380756e+01
-1.439925615651394963e+01
-1.446335325139398620e+01
-1.452579849887036723e+01
-1.458662766514204101e+01
-1.464587611902646991e+01
-1.470357881352592955e+01
-1.475977026904100953e+01
-1.481448455821669086e+01
-1.486775529232425086e+01
-1.491961560909777340e+01
-1.497009816197217091e+01
-1.501923511067010786e+01
-1.506705811302042619e+01
-1.511359831799747688e+01
-1.515888635988194899e+01
-1.520295235349959917e+01
-1.524582589046120695e+01
-1.528753603636699765e+01
-1.532811132889609063e+01
-1.536757977673830489e+01
-1.540596885932662552e+01
-1.544330552728536432e+01
-1.547961620358547918e+01
-1.551492678533258029e+01
-1.554926264613766485e+01
-1.558264863907841047e+01
-1.561510910013334374e+01
-1.564666785209482924e+01
-1.567734820894236414e+01
-1.570717298057978972e+01
-1.573616447795790485e+01
-1.576434451852611929e+01
-1.579173443197366922e+01
-1.581835506625044729e+01
-1.584422679384245569e+01
-1.586936951823651221e+01
-1.589380268060829415e+01
-1.591754526665152092e+01
-1.594061581358099566e+01
-1.596303241719648369e+01
-1.598481273928696211e+01
-1.600597401468906611e+01
-1.602653305883436730e+01
-1.604650627515367489e+01
-1.606590966254713493e+01
-1.608475882290661119e+01
-1.610306896863209758e+01
-1.612085493015226945e+01
-1.613813116344184806e+01
-1.615491175751585118e+01
-1.617121044188795409e+01
-1.618704059401351358e+01
-1.620241524664671218e+01
-1.621734709518100104e+01
-1.623184850491418985e+01
-1.624593151824000969e+01
-1.625960786177250483e+01
-1.627288895339739483e+01
-1.628578590923718394e+01
-1.629830955052961627e+01
-1.631047041039941803e+01
-1.632227874057750938e+01
-1.633374451797987348e+01
-1.634487745121024460e+01
-1.635568698695340828e+01
-1.636618231627136666e+01
-1.637637238079653557e+01
-1.638626587880095897e+01
-1.639587127117801302e+01
-1.640519678731470776e+01
-1.641425043083734536e+01
-1.642303998527462028e+01
-1.643157301958954619e+01
-1.643985689360967939e+01
-1.644789876336259482e+01
-1.645570558627553481e+01
-1.646328412628711391e+01
-1.647064095885823676e+01
-1.647778247583456235e+01
-1.648471489027868486e+01
-1.649144424111063145e+01
-1.649797639770765301e+01
-1.650431706438641655e+01
-1.651047178475261390e+01
-1.651644594600668725e+01
-1.652224478309693012e+01
-1.652787338280775842e+01
-1.653333668773949938e+01
-1.653863950020285856e+01
-1.654378648600354396e+01
-1.654878217815110375e+01
-1.655363098047293846e+01
-1.655833717113749159e+01
-1.656290490609806554e+01
-1.656733822242678755e+01
-1.657164104160907669e+01
-1.657581717271105148e+01
-1.657987031549975754e+01
-1.658380406345032654e+01
-1.658762190672326398e+01
-1.659132723501230444e+01
-1.659492334037736327e+01
-1.659841341985958252e+01
-1.660180057837374079e+01
-1.660508783104644692e+01
-1.660827810585891839e+01
-1.661137424608050850e+01
-1.661437901265369632e+01
-1.661729508651231768e+01
-1.662012507085672297e+01
-1.662287149329458558e+01
-1.662553680811468482e+01
-1.662812339823617691e+01
-1.663063357729174996e+01
