5.627512059113414233e-01
5.627512059322052895e-01
5.627512059607348016e-01
5.627512059888440943e-01
5.627512060188322174e-01
5.627512060544341832e-01
5.627512060923520743e-01
5.627512061327085702e-01
5.627512061792742104e-01
5.627512062283259731e-01
5.627512062841086848e-01
5.627512063434518819e-01
5.627512064093374011e-01
5.627512064812431047e-01
5.627512065599766800e-01
5.627512066478554953e-01
5.627512067428939169e-01
5.627512068473785600e-01
5.627512069619333701e-01
5.627512070874969297e-01
5.627512072259009956e-01
5.627512073766861578e-01
5.627512075434054628e-01
5.627512077251427547e-01
5.627512079255259092e-01
5.627512081449157488e-01
5.627512083851342606e-01
5.627512086491841536e-01
5.627512089383787108e-01
5.627512092561448576e-01
5.627512096048533641e-01
5.627512099866267548e-01
5.627512104062000198e-01
5.627512108659125101e-01
5.627512113704421504e-01
5.627512119241194766e-01
5.627512125306993740e-01
5.627512131969465425e-01
5.627512139276122927e-01
5.627512147288199484e-01
5.627512156081471151e-01
5.627512165724708471e-01
5.627512176302050806e-01
5.627512187911545283e-01
5.627512200641794360e-01
5.627512214609565744e-01
5.627512229927039700e-01
5.627512246734855950e-01
5.627512265170229178e-01
5.627512285394640212e-01
5.627512307579413120e-01
5.627512331917022825e-01
5.627512358615665011e-01
5.627512387901763002e-01
5.627512420029060491e-01
5.627512455272318803e-01
5.627512493934988536e-01
5.627512536345065097e-01
5.627512582869034219e-01
5.627512633905894512e-01
5.627512689891949194e-01
5.627512751308495487e-01
5.627512818680944218e-01
5.627512892587570592e-01
5.627512973662500695e-01
5.627513062600540961e-01
5.627513160163688521e-01
5.627513267189414581e-01
5.627513384595425050e-01
5.627513513387901734e-01
5.627513654672224863e-01
5.627513809657878063e-01
5.627513979674669820e-01
5.627514166181604160e-01
5.627514370776413033e-01
5.627514595214253568e-01
5.627514841418898017e-01
5.627515111502698897e-01
5.627515407779806189e-01
5.627515732791801284e-01
5.627516089325013127e-01
5.627516480436758339e-01
5.627516909481066198e-01
5.627517380135187430e-01
5.627517896435996203e-01
5.627518462810712219e-01
5.627519084114822601e-01
5.627519765675910168e-01
5.627520513338104546e-01
5.627521333511940060e-01
5.627522233229661497e-01
5.627523220206087640e-01
5.627524302903407216e-01
5.627525490605078673e-01
5.627526793494024293e-01
5.627528222742110842e-01
5.627529790603337245e-01
5.627531510520925595e-01
5.627533397240593871e-01
5.627535466939360687e-01
5.627537737362033887e-01
5.627540227974383580e-01
5.627542960130264005e-01
5.627545957253485831e-01
5.627549245039519255e-01
5.627552851675455825e-01
5.627556808081590756e-01
5.627561148175828087e-01
5.627565909164902180e-01
5.627571131863204901e-01
5.627576861041967415e-01
5.627583145812919962e-01
5.627590040049235132e-01
5.627597602846494684e-01
5.627605899028841341e-01
5.627614999704146914e-01
5.627624982872533321e-01
5.627635934094489256e-01
5.627647947222207403e-01
5.627661125203305970e-01
5.627675580961477575e-01
5.627691438361818177e-01
5.627708833270266275e-01
5.627727914715059399e-01
5.627748846159769114e-01
5.627771806900366824e-01
5.627796993595656216e-01
5.627824621946417860e-01
5.627854928535560575e-01
5.627888172845927350e-01
5.627924639471985069e-01
5.627964640544053099e-01
5.628008518385877457e-01
5.628056648426507103e-01
5.628109442392047468e-01
5.628167351802495499e-01
5.628230871803387991e-01
5.628300545362994178e-01
5.628376967870194481e-01
5.628460792169555083e-01
5.628552734075342734e-01
5.628653578407958324e-01
5.628764185601851100e-01
5.628885498936747611e-01
5.629018552449844837e-01
5.629164479590191839e-01
5.629324522682381815e-01
5.629500043272205323e-01
5.629692533432267831e-01
5.629903628111705416e-01
5.630135118621223400e-01
5.630388967350312690e-01
5.630667323821064718e-01
5.630972542190209040e-01
5.631307200317050565e-01
5.631674120523478821e-01
5.632076392177667312e-01
5.632517396240475094e-01
5.633000831918905105e-01
5.633530745575783261e-01
5.634111562048320643e-01
5.634748118529836480e-01
5.635445701167925980e-01
5.636210084528177067e-01
5.637047574064565358e-01
5.637965051723703436e-01
5.638970024790511681e-01
5.640070678053810127e-01
5.641275929332465466e-01
5.642595488350615751e-01
5.644039918884080631e-01
5.645620704014161495e-01
5.647350314215975331e-01
5.649242277871836526e-01
5.651311253629661691e-01
5.653573103815680012e-01
5.656044967851857619e-01
5.658745334312123010e-01
5.661694109867736469e-01
5.664912682908330721e-01
5.668423979068445417e-01
5.672252505223950303e-01
5.676424377733174653e-01
5.680967329764521345e-01
5.685910691459359345e-01
5.691285335406276458e-01
5.697123578434546420e-01
5.703459029056976437e-01
5.710326367998843633e-01
5.717761047142961850e-01
5.725798889920975521e-01
5.734475573730164477e-01
5.743825972430480764e-01
5.753883334501885827e-01
5.764678270205630950e-01
5.776237519369302742e-01
5.788582470589940243e-01
5.801727403251049076e-01
5.815677426482228629e-01
5.830426094968665929e-01
