-6.674094402695590839e-04
-4.088808643199760839e-02
-8.108007774327384565e-02
-1.212251895786163464e-01
-1.613053130085946862e-01
-2.013024565844459546e-01
-2.411987784300639592e-01
-2.809766177749555838e-01
-3.206185257988320991e-01
-3.601072956753225141e-01
-3.994259917069567511e-01
-4.385579774501505712e-01
-4.774869427343961248e-01
-5.161969294875657921e-01
-5.546723562861471946e-01
-5.928980415572732143e-01
-6.308592253672264949e-01
-6.685415897398536700e-01
-7.059312774561665726e-01
-7.430149092960872670e-01
-7.797795996906314864e-01
-8.162129707630297881e-01
-8.523031647438242819e-01
-8.880388548055544451e-01
-9.234092540300048446e-01
-9.584041232113345021e-01
-9.930137766275894950e-01
-1.027229086442581707e+00
-1.061041485525452188e+00
-1.094442968764874458e+00
-1.127426092893652809e+00
-1.159983975068770601e+00
-1.192110289673058654e+00
-1.223799264376209672e+00
-1.255045674535720579e+00
-1.285844836593386997e+00
-1.316192600335885476e+00
-1.346085340118199580e+00
-1.375519945121704168e+00
-1.404493808717740100e+00
-1.433004817010656184e+00
-1.461051336632626763e+00
-1.488632201863229421e+00
-1.515746701146511999e+00
-1.542394563075043967e+00
-1.568575941912741634e+00
-1.594291402722774809e+00
-1.619541906168057377e+00
-1.644328793046736514e+00
-1.668653768626937817e+00
-1.692518886835766567e+00
-1.715926534362787192e+00
-1.738879414729084916e+00
-1.761380532372839314e+00
-1.783433176799700259e+00
-1.805040906840453152e+00
-1.826207535059974685e+00
-1.846937112352461163e+00
-1.867233912761926407e+00
-1.887102418555738570e+00
-1.906547305583847773e+00
-1.925573428948493149e+00
-1.944185809007093590e+00
-1.962389617730694757e+00
-1.980190165433457050e+00
-1.997592887891605606e+00
-2.014603333862271750e+00
-2.031227153013934750e+00
-2.047470084277303037e+00
-2.063337944622464448e+00
-2.078836618266792335e+00
-2.093972046242467577e+00
-2.108750216713565884e+00
-2.123177155183663345e+00
-2.137258915608413634e+00
-2.151001571729044493e+00
-2.164411208867138559e+00
-2.177493916136641339e+00
-2.190255779068777109e+00
-2.202702872640211584e+00
-2.214841254697607731e+00
-2.226676959769343878e+00
-2.238215993253954927e+00
-2.249464325976551216e+00
-2.260427889101926269e+00
-2.271112569393754832e+00
-2.281524204808794476e+00
-2.291668580414385037e+00
-2.301551424618354602e+00
-2.311178405699940264e+00
-2.320555128628705610e+00
-2.329687132162014063e+00
-2.338579886206999525e+00
-2.347238789438635287e+00
-2.355669167158742194e+00
-2.363876269388727192e+00
-2.371865269181400393e+00
-2.379641261144134212e+00
-2.387209260160629398e+00
-2.394574200301575306e+00
-2.401740933914363385e+00
-2.408714230882532448e+00
-2.415498778043129846e+00
-2.422099178756064397e+00
-2.428519952613525934e+00
-2.434765535282244819e+00
-2.440840278471147595e+00
-2.446748450012927734e+00
-2.452494234056912692e+00
-2.458081731360101330e+00
-2.463514959675174865e+00
-2.468797854222180010e+00
-2.473934268244171619e+00
-2.478927973634533100e+00
-2.483782661634155620e+00
-2.488501943590068155e+00
-2.493089351773465800e+00
-2.497548340246908527e+00
-2.501882285781655391e+00
-2.506094488762094841e+00
-2.510188174369218927e+00
-2.514166493363922950e+00
-2.518032523296225733e+00
-2.521789269560451796e+00
-2.525439666504692759e+00
-2.528986578562726351e+00
-2.532432801400598343e+00
-2.535781063078836883e+00
-2.539034025223647184e+00
-2.542194284208966426e+00
-2.545264372343175818e+00
-2.548246759060647015e+00
-2.551143852115219879e+00
-2.553957998773226379e+00
-2.556691487006001129e+00
-2.559346546677450540e+00
-2.561925350728717188e+00
-2.564430016354608100e+00
-2.566862606174617145e+00
-2.569225129393720941e+00
-2.571519542953506932e+00
-2.573747752673982703e+00
-2.575911614381513282e+00
-2.578012935027209185e+00
-2.580053473788946228e+00
-2.582034943162181850e+00
-2.583959010034917902e+00
-2.585827296748392623e+00
-2.587641382141686375e+00
-2.589402802581719065e+00
-2.591113052976253162e+00
-2.592773587770123012e+00
-2.594385821926634250e+00
-2.595951131889121299e+00
-2.597470856529146666e+00
-2.598946298074011008e+00
-2.600378723019710847e+00
-2.601769363025762782e+00
-2.603119415791268487e+00
-2.604430045916488190e+00
-2.605702385745197081e+00
-2.606937536189934956e+00
-2.608136567541621709e+00
-2.609300520259792755e+00
-2.610430405748219496e+00
-2.611527207112462445e+00
-2.612591879901954073e+00
-2.613625352833727877e+00
-2.614628528501933058e+00
-2.615602284069788119e+00
-2.616547471947317405e+00
-2.617464920451190391e+00
-2.618355434451252517e+00
-2.619219796000688660e+00
-2.620058764951408659e+00
-2.620873079554875584e+00
-2.621663457047821666e+00
-2.622430594225336975e+00
-2.623175167997307877e+00
-2.623897835967649694e+00
-2.624599236823795145e+00
-2.625279991047971162e+00
-2.625940701373253194e+00
-2.626581953153612314e+00
-2.627204314955028153e+00
-2.627808338996078685e+00
-2.628394561624173953e+00
-2.628963503617731678e+00
-2.629515670912179193e+00
-2.630051554724610163e+00
-2.630571632109937497e+00
-2.631076366330032723e+00
-2.631566207242305833e+00
-2.632041591677427128e+00
-2.632502943814947649e+00
-2.632950675508327620e+00
-2.633385186688465218e+00
-2.633806865654904517e+00
-2.634216089426614893e+00
-2.634613224059459746e+00
