-5.000000000000000000e+00
-4.994997498749374820e+00
-4.989994997498749640e+00
-4.984992496248124461e+00
-4.979989994997498393e+00
-4.974987493746873213e+00
-4.969984992496248033e+00
-4.964982491245622853e+00
-4.959979989994997673e+00
-4.954977488744372494e+00
-4.949974987493747314e+00
-4.944972486243121246e+00
-4.939969984992496066e+00
-4.934967483741870886e+00
-4.929964982491245706e+00
-4.924962481240620527e+00
-4.919959979989995347e+00
-4.914957478739369279e+00
-4.909954977488744099e+00
-4.904952476238118919e+00
-4.899949974987493739e+00
-4.894947473736868560e+00
-4.889944972486243380e+00
-4.884942471235618200e+00
-4.879939969984992132e+00
-4.874937468734366952e+00
-4.869934967483741772e+00
-4.864932466233116592e+00
-4.859929964982491413e+00
-4.854927463731866233e+00
-4.849924962481241053e+00
-4.844922461230614985e+00
-4.839919959979989805e+00
-4.834917458729364625e+00
-4.829914957478739446e+00
-4.824912456228114266e+00
-4.819909954977489086e+00
-4.814907453726863018e+00
-4.809904952476237838e+00
-4.804902451225612658e+00
-4.799899949974987479e+00
-4.794897448724362299e+00
-4.789894947473737119e+00
-4.784892446223111939e+00
-4.779889944972485871e+00
-4.774887443721860691e+00
-4.769884942471235512e+00
-4.764882441220610332e+00
-4.759879939969985152e+00
-4.754877438719359972e+00
-4.749874937468733904e+00
-4.744872436218108724e+00
-4.739869934967483545e+00
-4.734867433716858365e+00
-4.729864932466233185e+00
-4.724862431215608005e+00
-4.719859929964982825e+00
-4.714857428714356757e+00
-4.709854927463731578e+00
-4.704852426213106398e+00
-4.699849924962481218e+00
-4.694847423711856038e+00
-4.689844922461230858e+00
-4.684842421210605679e+00
-4.679839919959979611e+00
-4.674837418709354431e+00
-4.669834917458729251e+00
-4.664832416208104071e+00
-4.659829914957478891e+00
-4.654827413706853712e+00
-4.649824912456228532e+00
-4.644822411205602464e+00
-4.639819909954977284e+00
-4.634817408704352104e+00
-4.629814907453726924e+00
-4.624812406203101744e+00
-4.619809904952476565e+00
-4.614807403701851385e+00
-4.609804902451225317e+00
-4.604802401200600137e+00
-4.599799899949974957e+00
-4.594797398699349777e+00
-4.589794897448724598e+00
-4.584792396198099418e+00
-4.579789894947473350e+00
-4.574787393696848170e+00
-4.569784892446222990e+00
-4.564782391195597810e+00
-4.559779889944972631e+00
-4.554777388694347451e+00
-4.549774887443722271e+00
-4.544772386193096203e+00
-4.539769884942471023e+00
-4.534767383691845843e+00
-4.529764882441220664e+00
-4.524762381190595484e+00
-4.519759879939970304e+00
-4.514757378689344236e+00
-4.509754877438719056e+00
-4.504752376188093876e+00
-4.499749874937468697e+00
-4.494747373686843517e+00
-4.489744872436218337e+00
-4.484742371185593157e+00
-4.479739869934967089e+00
-4.474737368684341909e+00
-4.469734867433716730e+00
-4.464732366183091550e+00
-4.459729864932466370e+00
-4.454727363681841190e+00
-4.449724862431216010e+00
-4.444722361180589942e+00
-4.439719859929964763e+00
-4.434717358679339583e+00
-4.429714857428714403e+00
-4.424712356178089223e+00
-4.419709854927464043e+00
-4.414707353676838864e+00
-4.409704852426212796e+00
-4.404702351175587616e+00
-4.399699849924962436e+00
-4.394697348674337256e+00
-4.389694847423712076e+00
-4.384692346173086896e+00
-4.379689844922461717e+00
-4.374687343671835649e+00
-4.369684842421210469e+00
-4.364682341170585289e+00
-4.359679839919960109e+00
-4.354677338669334929e+00
-4.349674837418709750e+00
-4.344672336168083682e+00
-4.339669834917458502e+00
-4.334667333666833322e+00
-4.329664832416208142e+00
-4.324662331165582962e+00
-4.319659829914957783e+00
-4.314657328664331715e+00
-4.309654827413706535e+00
-4.304652326163081355e+00
-4.299649824912456175e+00
-4.294647323661830995e+00
-4.289644822411205816e+00
-4.284642321160580636e+00
-4.279639819909954568e+00
-4.274637318659329388e+00
-4.269634817408704208e+00
-4.264632316158079028e+00
-4.259629814907453849e+00
-4.254627313656828669e+00
-4.249624812406203489e+00
-4.244622311155577421e+00
-4.239619809904952241e+00
-4.234617308654327061e+00
-4.229614807403701882e+00
-4.224612306153076702e+00
-4.219609804902451522e+00
-4.214607303651826342e+00
-4.209604802401200274e+00
-4.204602301150575094e+00
-4.199599799899949915e+00
-4.194597298649324735e+00
-4.189594797398699555e+00
-4.184592296148074375e+00
-4.179589794897449195e+00
-4.174587293646823127e+00
-4.169584792396197948e+00
-4.164582291145572768e+00
-4.159579789894947588e+00
-4.154577288644322408e+00
-4.149574787393697228e+00
-4.144572286143072049e+00
-4.139569784892445981e+00
-4.134567283641820801e+00
-4.129564782391195621e+00
-4.124562281140570441e+00
-4.119559779889945261e+00
-4.114557278639319193e+00
-4.109554777388694013e+00
-4.104552276138068834e+00
-4.099549774887443654e+00
-4.094547273636818474e+00
-4.089544772386193294e+00
-4.084542271135568114e+00
-4.079539769884942046e+00
-4.074537268634316867e+00
-4.069534767383691687e+00
-4.064532266133066507e+00
-4.059529764882441327e+00
-4.054527263631816147e+00
-4.049524762381190968e+00
-4.044522261130564900e+00
-4.039519759879939720e+00
-4.034517258629314540e+00
-4.029514757378689360e+00
-4.024512256128064180e+00
-4.019509754877439001e+00
-4.014507253626813821e+00
-4.009504752376187753e+00
-4.004502251125562573e+00
-3.999499749874937393e+00
-3.994497248624312213e+00
-3.989494747373687034e+00
-3.984492246123061854e+00
-3.979489744872436230e+00
-3.974487243621810606e+00
-3.969484742371185426e+00
-3.964482241120560246e+00
-3.959479739869935067e+00
-3.954477238619309887e+00
-3.949474737368684263e+00
-3.944472236118059083e+00
-3.939469734867433459e+00
-3.934467233616808279e+00
-3.929464732366183100e+00
-3.924462231115557920e+00
-3.919459729864932740e+00
-3.914457228614307116e+00
-3.909454727363681936e+00
-3.904452226113056312e+00
-3.899449724862431133e+00
-3.894447223611805953e+00
-3.889444722361180773e+00
-3.884442221110555593e+00
-3.879439719859929969e+00
-3.874437218609304789e+00
-3.869434717358679165e+00
-3.864432216108053986e+00
-3.859429714857428806e+00
-3.854427213606803626e+00
-3.849424712356178446e+00
-3.844422211105552822e+00
-3.839419709854927198e+00
-3.834417208604302019e+00
-3.829414707353676839e+00
-3.824412206103051659e+00
-3.819409704852426479e+00
-3.814407203601800855e+00
-3.809404702351175676e+00
-3.804402201100550052e+00
-3.799399699849924872e+00
-3.794397198599299692e+00
-3.789394697348674512e+00
-3.784392196098049332e+00
-3.779389694847423709e+00
-3.774387193596798529e+00
-3.769384692346172905e+00
-3.764382191095547725e+00
-3.759379689844922545e+00
-3.754377188594297365e+00
-3.749374687343672186e+00
-3.744372186093046562e+00
-3.739369684842420938e+00
-3.734367183591795758e+00
-3.729364682341170578e+00
-3.724362181090545398e+00
-3.719359679839920219e+00
-3.714357178589294595e+00
-3.709354677338669415e+00
-3.704352176088043791e+00
-3.699349674837418611e+00
-3.694347173586793431e+00
-3.689344672336168252e+00
-3.684342171085543072e+00
-3.679339669834917448e+00
-3.674337168584292268e+00
-3.669334667333666644e+00
-3.664332166083041464e+00
-3.659329664832416285e+00
-3.654327163581791105e+00
-3.649324662331165925e+00
-3.644322161080540301e+00
-3.639319659829914677e+00
-3.634317158579289497e+00
-3.629314657328664318e+00
-3.624312156078039138e+00
-3.619309654827413958e+00
-3.614307153576788334e+00
-3.609304652326163154e+00
-3.604302151075537530e+00
-3.599299649824912350e+00
-3.594297148574287171e+00
-3.589294647323661991e+00
-3.584292146073036811e+00
-3.579289644822411187e+00
-3.574287143571786007e+00
-3.569284642321160383e+00
-3.564282141070535204e+00
-3.559279639819910024e+00
-3.554277138569284844e+00
-3.549274637318659664e+00
-3.544272136068034040e+00
-3.539269634817408416e+00
-3.534267133566783237e+00
-3.529264632316158057e+00
-3.524262131065532877e+00
-3.519259629814907697e+00
-3.514257128564282073e+00
-3.509254627313656894e+00
-3.504252126063031270e+00
-3.499249624812406090e+00
-3.494247123561780910e+00
-3.489244622311155730e+00
-3.484242121060530550e+00
-3.479239619809904926e+00
-3.474237118559279747e+00
-3.469234617308654123e+00
-3.464232116058028943e+00
-3.459229614807403763e+00
-3.454227113556778583e+00
-3.449224612306153404e+00
-3.444222111055527780e+00
-3.439219609804902600e+00
-3.434217108554276976e+00
-3.429214607303651796e+00
-3.424212106053026616e+00
-3.419209604802401437e+00
-3.414207103551776257e+00
-3.409204602301150633e+00
-3.404202101050525009e+00
-3.399199599799899829e+00
-3.394197098549274649e+00
-3.389194597298649470e+00
-3.384192096048024290e+00
-3.379189594797398666e+00
-3.374187093546773486e+00
-3.369184592296147862e+00
-3.364182091045522682e+00
-3.359179589794897502e+00
-3.354177088544272323e+00
-3.349174587293647143e+00
-3.344172086043021519e+00
-3.339169584792396339e+00
-3.334167083541770715e+00
-3.329164582291145535e+00
-3.324162081040520356e+00
-3.319159579789895176e+00
-3.314157078539269996e+00
-3.309154577288644372e+00
-3.304152076038018748e+00
-3.299149574787393568e+00
-3.294147073536768389e+00
-3.289144572286143209e+00
-3.284142071035518029e+00
-3.279139569784892405e+00
-3.274137068534267225e+00
-3.269134567283641601e+00
-3.264132066033016422e+00
-3.259129564782391242e+00
-3.254127063531766062e+00
-3.249124562281140882e+00
-3.244122061030515258e+00
-3.239119559779890078e+00
-3.234117058529264455e+00
-3.229114557278639275e+00
-3.224112056028014095e+00
-3.219109554777388915e+00
-3.214107053526763735e+00
-3.209104552276138111e+00
-3.204102051025512488e+00
-3.199099549774887308e+00
-3.194097048524262128e+00
-3.189094547273636948e+00
-3.184092046023011768e+00
-3.179089544772386144e+00
-3.174087043521760965e+00
-3.169084542271135341e+00
-3.164082041020510161e+00
-3.159079539769884981e+00
-3.154077038519259801e+00
-3.149074537268634622e+00
-3.144072036018008998e+00
-3.139069534767383818e+00
-3.134067033516758194e+00
-3.129064532266133014e+00
-3.124062031015507834e+00
-3.119059529764882654e+00
-3.114057028514257475e+00
-3.109054527263631851e+00
-3.104052026013006227e+00
-3.099049524762381047e+00
-3.094047023511755867e+00
-3.089044522261130687e+00
-3.084042021010505508e+00
-3.079039519759879884e+00
-3.074037018509254704e+00
-3.069034517258629080e+00
-3.064032016008003900e+00
-3.059029514757378720e+00
-3.054027013506753541e+00
-3.049024512256128361e+00
-3.044022011005502737e+00
-3.039019509754877557e+00
-3.034017008504251933e+00
-3.029014507253626753e+00
-3.024012006003001574e+00
-3.019009504752376394e+00
-3.014007003501751214e+00
-3.009004502251125590e+00
-3.004002001000500410e+00
-2.998999499749874786e+00
-2.993996998499249607e+00
-2.988994497248624427e+00
-2.983991995997999247e+00
-2.978989494747373623e+00
-2.973986993496748443e+00
-2.968984492246123263e+00
-2.963981990995497640e+00
-2.958979489744872460e+00
-2.953976988494247280e+00
-2.948974487243621656e+00
-2.943971985992996476e+00
-2.938969484742371296e+00
-2.933966983491746117e+00
-2.928964482241120493e+00
-2.923961980990495313e+00
-2.918959479739870133e+00
-2.913956978489244509e+00
-2.908954477238619329e+00
-2.903951975987994150e+00
-2.898949474737368526e+00
-2.893946973486743346e+00
-2.888944472236118166e+00
-2.883941970985492986e+00
-2.878939469734867362e+00
-2.873936968484242183e+00
-2.868934467233617003e+00
-2.863931965982991379e+00
-2.858929464732366199e+00
-2.853926963481741019e+00
-2.848924462231115839e+00
-2.843921960980490216e+00
-2.838919459729865036e+00
-2.833916958479239856e+00
-2.828914457228614232e+00
-2.823911955977989052e+00
-2.818909454727363872e+00
-2.813906953476738249e+00
-2.808904452226113069e+00
-2.803901950975487889e+00
-2.798899449724862709e+00
-2.793896948474237085e+00
-2.788894447223611905e+00
-2.783891945972986726e+00
-2.778889444722361102e+00
-2.773886943471735922e+00
-2.768884442221110742e+00
-2.763881940970485118e+00
-2.758879439719859938e+00
-2.753876938469234759e+00
-2.748874437218609579e+00
-2.743871935967983955e+00
-2.738869434717358775e+00
-2.733866933466733595e+00
-2.728864432216107971e+00
-2.723861930965482792e+00
-2.718859429714857612e+00
-2.713856928464231988e+00
-2.708854427213606808e+00
-2.703851925962981628e+00
-2.698849424712356448e+00
-2.693846923461730825e+00
-2.688844422211105645e+00
-2.683841920960480465e+00
-2.678839419709854841e+00
-2.673836918459229661e+00
-2.668834417208604481e+00
-2.663831915957978858e+00
-2.658829414707353678e+00
-2.653826913456728498e+00
-2.648824412206103318e+00
-2.643821910955477694e+00
-2.638819409704852514e+00
-2.633816908454227335e+00
-2.628814407203601711e+00
-2.623811905952976531e+00
-2.618809404702351351e+00
-2.613806903451725727e+00
-2.608804402201100547e+00
-2.603801900950475368e+00
-2.598799399699850188e+00
-2.593796898449224564e+00
-2.588794397198599384e+00
-2.583791895947974204e+00
-2.578789394697348580e+00
-2.573786893446723401e+00
-2.568784392196098221e+00
-2.563781890945472597e+00
-2.558779389694847417e+00
-2.553776888444222237e+00
-2.548774387193597057e+00
-2.543771885942971434e+00
-2.538769384692346254e+00
-2.533766883441721074e+00
-2.528764382191095450e+00
-2.523761880940470270e+00
-2.518759379689845090e+00
-2.513756878439219467e+00
-2.508754377188594287e+00
-2.503751875937969107e+00
-2.498749374687343927e+00
-2.493746873436718303e+00
-2.488744372186093123e+00
-2.483741870935467944e+00
-2.478739369684842320e+00
-2.473736868434217140e+00
-2.468734367183591960e+00
-2.463731865932966336e+00
-2.458729364682341156e+00
-2.453726863431715977e+00
-2.448724362181090797e+00
-2.443721860930465173e+00
-2.438719359679839993e+00
-2.433716858429214813e+00
-2.428714357178589189e+00
-2.423711855927964010e+00
-2.418709354677338830e+00
-2.413706853426713650e+00
-2.408704352176088026e+00
-2.403701850925462846e+00
-2.398699349674837666e+00
-2.393696848424212043e+00
-2.388694347173586863e+00
-2.383691845922961683e+00
-2.378689344672336059e+00
-2.373686843421710879e+00
-2.368684342171085699e+00
-2.363681840920460520e+00
-2.358679339669834896e+00
-2.353676838419209716e+00
-2.348674337168584536e+00
-2.343671835917958912e+00
-2.338669334667333732e+00
-2.333666833416708553e+00
-2.328664332166082929e+00
-2.323661830915457749e+00
-2.318659329664832569e+00
-2.313656828414207389e+00
-2.308654327163581765e+00
-2.303651825912956586e+00
-2.298649324662331406e+00
-2.293646823411705782e+00
-2.288644322161080602e+00
-2.283641820910455422e+00
-2.278639319659829798e+00
-2.273636818409204619e+00
-2.268634317158579439e+00
-2.263631815907954259e+00
-2.258629314657328635e+00
-2.253626813406703455e+00
-2.248624312156078275e+00
-2.243621810905452651e+00
-2.238619309654827472e+00
-2.233616808404202292e+00
-2.228614307153576668e+00
-2.223611805902951488e+00
-2.218609304652326308e+00
-2.213606803401701129e+00
-2.208604302151075505e+00
-2.203601800900450325e+00
-2.198599299649825145e+00
-2.193596798399199521e+00
-2.188594297148574341e+00
-2.183591795897949162e+00
-2.178589294647323538e+00
-2.173586793396698358e+00
-2.168584292146073178e+00
-2.163581790895447998e+00
-2.158579289644822374e+00
-2.153576788394197195e+00
-2.148574287143572015e+00
-2.143571785892946391e+00
-2.138569284642321211e+00
-2.133566783391696031e+00
-2.128564282141070407e+00
-2.123561780890445227e+00
-2.118559279639820048e+00
-2.113556778389194868e+00
-2.108554277138569244e+00
-2.103551775887944064e+00
-2.098549274637318884e+00
-2.093546773386693260e+00
-2.088544272136068081e+00
-2.083541770885442901e+00
-2.078539269634817277e+00
-2.073536768384192097e+00
-2.068534267133566917e+00
-2.063531765882941738e+00
-2.058529264632316114e+00
-2.053526763381690934e+00
-2.048524262131065754e+00
-2.043521760880440130e+00
-2.038519259629814950e+00
-2.033516758379189771e+00
-2.028514257128564147e+00
-2.023511755877938967e+00
-2.018509254627313787e+00
-2.013506753376688607e+00
-2.008504252126062983e+00
-2.003501750875437804e+00
-1.998499249624812624e+00
-1.993496748374187000e+00
-1.988494247123561820e+00
-1.983491745872936640e+00
-1.978489244622311460e+00
-1.973486743371685836e+00
-1.968484242121060657e+00
-1.963481740870435477e+00
-1.958479239619809853e+00
-1.953476738369184673e+00
-1.948474237118559493e+00
-1.943471735867933869e+00
-1.938469234617308690e+00
-1.933466733366683510e+00
-1.928464232116058330e+00
-1.923461730865432706e+00
-1.918459229614807526e+00
-1.913456728364182347e+00
-1.908454227113556723e+00
-1.903451725862931543e+00
-1.898449224612306363e+00
-1.893446723361680739e+00
-1.888444222111055559e+00
-1.883441720860430380e+00
-1.878439219609805200e+00
-1.873436718359179576e+00
-1.868434217108554396e+00
-1.863431715857929216e+00
-1.858429214607303592e+00
-1.853426713356678412e+00
-1.848424212106053233e+00
-1.843421710855427609e+00
-1.838419209604802429e+00
-1.833416708354177249e+00
-1.828414207103552069e+00
-1.823411705852926445e+00
-1.818409204602301266e+00
-1.813406703351676086e+00
-1.808404202101050462e+00
-1.803401700850425282e+00
-1.798399199599800102e+00
-1.793396698349174478e+00
-1.788394197098549299e+00
-1.783391695847924119e+00
-1.778389194597298939e+00
-1.773386693346673315e+00
-1.768384192096048135e+00
-1.763381690845422956e+00
-1.758379189594797332e+00
-1.753376688344172152e+00
-1.748374187093546972e+00
-1.743371685842921348e+00
-1.738369184592296168e+00
-1.733366683341670988e+00
-1.728364182091045809e+00
-1.723361680840420185e+00
-1.718359179589795005e+00
-1.713356678339169825e+00
-1.708354177088544201e+00
-1.703351675837919021e+00
-1.698349174587293842e+00
-1.693346673336668218e+00
-1.688344172086043038e+00
-1.683341670835417858e+00
-1.678339169584792678e+00
-1.673336668334167054e+00
-1.668334167083541875e+00
-1.663331665832916695e+00
-1.658329164582291071e+00
-1.653326663331665891e+00
-1.648324162081040711e+00
-1.643321660830415087e+00
-1.638319159579789908e+00
-1.633316658329164728e+00
-1.628314157078539548e+00
-1.623311655827913924e+00
-1.618309154577288744e+00
-1.613306653326663564e+00
-1.608304152076037941e+00
-1.603301650825412761e+00
-1.598299149574787581e+00
-1.593296648324161957e+00
-1.588294147073536777e+00
-1.583291645822911597e+00
-1.578289144572286418e+00
-1.573286643321660794e+00
-1.568284142071035614e+00
-1.563281640820410434e+00
-1.558279139569784810e+00
-1.553276638319159630e+00
-1.548274137068534451e+00
-1.543271635817909271e+00
-1.538269134567283647e+00
-1.533266633316658467e+00
-1.528264132066033287e+00
-1.523261630815407663e+00
-1.518259129564782484e+00
-1.513256628314157304e+00
-1.508254127063531680e+00
-1.503251625812906500e+00
-1.498249124562281320e+00
-1.493246623311656140e+00
-1.488244122061030517e+00
-1.483241620810405337e+00
-1.478239119559780157e+00
-1.473236618309154533e+00
-1.468234117058529353e+00
-1.463231615807904173e+00
-1.458229114557278550e+00
-1.453226613306653370e+00
-1.448224112056028190e+00
-1.443221610805403010e+00
-1.438219109554777386e+00
-1.433216608304152206e+00
-1.428214107053527027e+00
-1.423211605802901403e+00
-1.418209104552276223e+00
-1.413206603301651043e+00
-1.408204102051025419e+00
-1.403201600800400239e+00
-1.398199099549775060e+00
-1.393196598299149880e+00
-1.388194097048524256e+00
-1.383191595797899076e+00
-1.378189094547273896e+00
-1.373186593296648272e+00
-1.368184092046023093e+00
-1.363181590795397913e+00
-1.358179089544772289e+00
-1.353176588294147109e+00
-1.348174087043521929e+00
-1.343171585792896749e+00
-1.338169084542271126e+00
-1.333166583291645946e+00
-1.328164082041020766e+00
-1.323161580790395142e+00
-1.318159079539769962e+00
-1.313156578289144782e+00
-1.308154077038519159e+00
-1.303151575787893979e+00
-1.298149074537268799e+00
-1.293146573286643619e+00
-1.288144072036017995e+00
-1.283141570785392815e+00
-1.278139069534767636e+00
-1.273136568284142012e+00
-1.268134067033516832e+00
-1.263131565782891652e+00
-1.258129064532266028e+00
-1.253126563281640848e+00
-1.248124062031015669e+00
-1.243121560780390489e+00
-1.238119059529764865e+00
-1.233116558279139685e+00
-1.228114057028514505e+00
-1.223111555777888881e+00
-1.218109054527263702e+00
-1.213106553276638522e+00
-1.208104052026012898e+00
-1.203101550775387718e+00
-1.198099049524762538e+00
-1.193096548274137358e+00
-1.188094047023511735e+00
-1.183091545772886555e+00
-1.178089044522261375e+00
-1.173086543271635751e+00
-1.168084042021010571e+00
-1.163081540770385391e+00
-1.158079039519759768e+00
-1.153076538269134588e+00
-1.148074037018509408e+00
-1.143071535767884228e+00
-1.138069034517258604e+00
-1.133066533266633424e+00
-1.128064032016008245e+00
-1.123061530765382621e+00
-1.118059029514757441e+00
-1.113056528264132261e+00
-1.108054027013507081e+00
-1.103051525762881457e+00
-1.098049024512256278e+00
-1.093046523261631098e+00
-1.088044022011005474e+00
-1.083041520760380294e+00
-1.078039019509755114e+00
-1.073036518259129490e+00
-1.068034017008504311e+00
-1.063031515757879131e+00
-1.058029014507253951e+00
-1.053026513256628327e+00
-1.048024012006003147e+00
-1.043021510755377967e+00
-1.038019009504752344e+00
-1.033016508254127164e+00
-1.028014007003501984e+00
-1.023011505752876360e+00
-1.018009004502251180e+00
-1.013006503251626000e+00
-1.008004002001000821e+00
-1.003001500750375197e+00
-9.979989994997495728e-01
-9.929964982491243930e-01
-9.879939969984992132e-01
-9.829914957478740334e-01
-9.779889944972488536e-01
-9.729864932466236738e-01
-9.679839919959984940e-01
-9.629814907453724260e-01
-9.579789894947472462e-01
-9.529764882441220664e-01
-9.479739869934968866e-01
-9.429714857428717067e-01
-9.379689844922465269e-01
-9.329664832416213471e-01
-9.279639819909952791e-01
-9.229614807403700993e-01
-9.179589794897449195e-01
-9.129564782391197397e-01
-9.079539769884945599e-01
-9.029514757378693801e-01
-8.979489744872433121e-01
-8.929464732366181323e-01
-8.879439719859929525e-01
-8.829414707353677727e-01
-8.779389694847425929e-01
-8.729364682341174131e-01
-8.679339669834922333e-01
-8.629314657328661653e-01
-8.579289644822409855e-01
-8.529264632316158057e-01
-8.479239619809906259e-01
-8.429214607303654461e-01
-8.379189594797402663e-01
-8.329164582291150865e-01
-8.279139569784890185e-01
-8.229114557278638387e-01
-8.179089544772386589e-01
-8.129064532266134790e-01
-8.079039519759882992e-01
-8.029014507253631194e-01
-7.978989494747370514e-01
-7.928964482241118716e-01
-7.878939469734866918e-01
-7.828914457228615120e-01
-7.778889444722363322e-01
-7.728864432216111524e-01
-7.678839419709859726e-01
-7.628814407203599046e-01
-7.578789394697347248e-01
-7.528764382191095450e-01
-7.478739369684843652e-01
-7.428714357178591854e-01
-7.378689344672340056e-01
-7.328664332166088258e-01
-7.278639319659827578e-01
-7.228614307153575780e-01
-7.178589294647323982e-01
-7.128564282141072184e-01
-7.078539269634820386e-01
-7.028514257128568588e-01
-6.978489244622316789e-01
-6.928464232116056110e-01
-6.878439219609804312e-01
-6.828414207103552513e-01
-6.778389194597300715e-01
-6.728364182091048917e-01
-6.678339169584797119e-01
-6.628314157078536439e-01
-6.578289144572284641e-01
-6.528264132066032843e-01
-6.478239119559781045e-01
-6.428214107053529247e-01
-6.378189094547277449e-01
-6.328164082041025651e-01
-6.278139069534764971e-01
-6.228114057028513173e-01
-6.178089044522261375e-01
-6.128064032016009577e-01
-6.078039019509757779e-01
-6.028014007003505981e-01
-5.977988994497254183e-01
-5.927963981990993503e-01
-5.877938969484741705e-01
-5.827913956978489907e-01
-5.777888944472238109e-01
-5.727863931965986311e-01
-5.677838919459734512e-01
-5.627813906953473833e-01
-5.577788894447222035e-01
-5.527763881940970236e-01
-5.477738869434718438e-01
-5.427713856928466640e-01
-5.377688844422214842e-01
-5.327663831915963044e-01
-5.277638819409702364e-01
-5.227613806903450566e-01
-5.177588794397198768e-01
-5.127563781890946970e-01
-5.077538769384695172e-01
-5.027513756878443374e-01
-4.977488744372191576e-01
-4.927463731865930896e-01
-4.877438719359679098e-01
-4.827413706853427300e-01
-4.777388694347175502e-01
-4.727363681840923704e-01
-4.677338669334671906e-01
-4.627313656828411226e-01
-4.577288644322159428e-01
-4.527263631815907630e-01
-4.477238619309655832e-01
-4.427213606803404033e-01
-4.377188594297152235e-01
-4.327163581790900437e-01
-4.277138569284639757e-01
-4.227113556778387959e-01
-4.177088544272136161e-01
-4.127063531765884363e-01
-4.077038519259632565e-01
-4.027013506753380767e-01
-3.976988494247128969e-01
-3.926963481740868289e-01
-3.876938469234616491e-01
-3.826913456728364693e-01
-3.776888444222112895e-01
-3.726863431715861097e-01
-3.676838419209609299e-01
-3.626813406703348619e-01
-3.576788394197096821e-01
-3.526763381690845023e-01
-3.476738369184593225e-01
-3.426713356678341427e-01
-3.376688344172089629e-01
-3.326663331665837831e-01
-3.276638319159577151e-01
-3.226613306653325353e-01
-3.176588294147073555e-01
-3.126563281640821756e-01
-3.076538269134569958e-01
-3.026513256628318160e-01
-2.976488244122066362e-01
-2.926463231615805682e-01
-2.876438219109553884e-01
-2.826413206603302086e-01
-2.776388194097050288e-01
-2.726363181590798490e-01
-2.676338169084546692e-01
-2.626313156578294894e-01
-2.576288144072034214e-01
-2.526263131565782416e-01
-2.476238119059530618e-01
-2.426213106553278820e-01
-2.376188094047027022e-01
-2.326163081540775224e-01
-2.276138069034514544e-01
-2.226113056528262746e-01
-2.176088044022010948e-01
-2.126063031515759150e-01
-2.076038019009507352e-01
-2.026013006503255554e-01
-1.975987993997003755e-01
-1.925962981490743076e-01
-1.875937968984491278e-01
-1.825912956478239479e-01
-1.775887943971987681e-01
-1.725862931465735883e-01
-1.675837918959484085e-01
-1.625812906453232287e-01
-1.575787893946971607e-01
-1.525762881440719809e-01
-1.475737868934468011e-01
-1.425712856428216213e-01
-1.375687843921964415e-01
-1.325662831415712617e-01
-1.275637818909451937e-01
-1.225612806403200139e-01
-1.175587793896948341e-01
-1.125562781390696543e-01
-1.075537768884444745e-01
-1.025512756378192947e-01
-9.754877438719411487e-02
-9.254627313656804688e-02
-8.754377188594286707e-02
-8.254127063531768727e-02
-7.753876938469250746e-02
-7.253626813406732765e-02
-6.753376688344214784e-02
-6.253126563281696804e-02
-5.752876438219090005e-02
-5.252626313156572024e-02
-4.752376188094054044e-02
-4.252126063031536063e-02
-3.751875937969018082e-02
-3.251625812906500101e-02
-2.751375687843893303e-02
-2.251125562781375322e-02
-1.750875437718857341e-02
-1.250625312656339361e-02
-7.503751875938213800e-03
-2.501250625313033993e-03
2.501250625312145814e-03
7.503751875938213800e-03
1.250625312656339361e-02
1.750875437718857341e-02
2.251125562781375322e-02
2.751375687843893303e-02
3.251625812906411284e-02
3.751875937968929264e-02
4.252126063031536063e-02
4.752376188094054044e-02
5.252626313156572024e-02
5.752876438219090005e-02
6.253126563281607986e-02
6.753376688344125967e-02
7.253626813406732765e-02
7.753876938469250746e-02
8.254127063531768727e-02
8.754377188594286707e-02
9.254627313656804688e-02
9.754877438719322669e-02
1.025512756378184065e-01
1.075537768884444745e-01
1.125562781390696543e-01
1.175587793896948341e-01
1.225612806403200139e-01
1.275637818909451937e-01
1.325662831415703735e-01
1.375687843921955533e-01
1.425712856428216213e-01
1.475737868934468011e-01
1.525762881440719809e-01
1.575787893946971607e-01
1.625812906453223405e-01
1.675837918959475203e-01
1.725862931465727002e-01
1.775887943971987681e-01
1.825912956478239479e-01
1.875937968984491278e-01
1.925962981490743076e-01
1.975987993996994874e-01
2.026013006503246672e-01
2.076038019009507352e-01
2.126063031515759150e-01
2.176088044022010948e-01
2.226113056528262746e-01
2.276138069034514544e-01
2.326163081540766342e-01
2.376188094047018140e-01
2.426213106553278820e-01
2.476238119059530618e-01
2.526263131565782416e-01
2.576288144072034214e-01
2.626313156578286012e-01
2.676338169084537810e-01
2.726363181590789608e-01
2.776388194097050288e-01
2.826413206603302086e-01
2.876438219109553884e-01
2.926463231615805682e-01
2.976488244122057480e-01
3.026513256628309279e-01
3.076538269134569958e-01
3.126563281640821756e-01
3.176588294147073555e-01
3.226613306653325353e-01
3.276638319159577151e-01
3.326663331665828949e-01
3.376688344172080747e-01
3.426713356678341427e-01
3.476738369184593225e-01
3.526763381690845023e-01
3.576788394197096821e-01
3.626813406703348619e-01
3.676838419209600417e-01
3.726863431715852215e-01
3.776888444222112895e-01
3.826913456728364693e-01
3.876938469234616491e-01
3.926963481740868289e-01
3.976988494247120087e-01
4.027013506753371885e-01
4.077038519259632565e-01
4.127063531765884363e-01
4.177088544272136161e-01
4.227113556778387959e-01
4.277138569284639757e-01
4.327163581790891556e-01
4.377188594297143354e-01
4.427213606803404033e-01
4.477238619309655832e-01
4.527263631815907630e-01
4.577288644322159428e-01
4.627313656828411226e-01
4.677338669334663024e-01
4.727363681840914822e-01
4.777388694347175502e-01
4.827413706853427300e-01
4.877438719359679098e-01
4.927463731865930896e-01
4.977488744372182694e-01
5.027513756878434492e-01
5.077538769384695172e-01
5.127563781890946970e-01
5.177588794397198768e-01
5.227613806903450566e-01
5.277638819409702364e-01
5.327663831915954162e-01
5.377688844422205960e-01
5.427713856928466640e-01
5.477738869434718438e-01
5.527763881940970236e-01
5.577788894447222035e-01
5.627813906953473833e-01
5.677838919459725631e-01
5.727863931965977429e-01
5.777888944472238109e-01
5.827913956978489907e-01
5.877938969484741705e-01
5.927963981990993503e-01
5.977988994497245301e-01
6.028014007003497099e-01
6.078039019509748897e-01
6.128064032016009577e-01
6.178089044522261375e-01
6.228114057028513173e-01
6.278139069534764971e-01
6.328164082041016769e-01
6.378189094547268567e-01
6.428214107053529247e-01
6.478239119559781045e-01
6.528264132066032843e-01
6.578289144572284641e-01
6.628314157078536439e-01
6.678339169584788237e-01
6.728364182091040036e-01
6.778389194597300715e-01
6.828414207103552513e-01
6.878439219609804312e-01
6.928464232116056110e-01
6.978489244622307908e-01
7.028514257128559706e-01
7.078539269634811504e-01
7.128564282141072184e-01
7.178589294647323982e-01
7.228614307153575780e-01
7.278639319659827578e-01
7.328664332166079376e-01
7.378689344672331174e-01
7.428714357178591854e-01
7.478739369684843652e-01
7.528764382191095450e-01
7.578789394697347248e-01
7.628814407203599046e-01
7.678839419709850844e-01
7.728864432216102642e-01
7.778889444722363322e-01
7.828914457228615120e-01
7.878939469734866918e-01
7.928964482241118716e-01
7.978989494747370514e-01
8.029014507253622313e-01
8.079039519759874111e-01
8.129064532266134790e-01
8.179089544772386589e-01
8.229114557278638387e-01
8.279139569784890185e-01
8.329164582291141983e-01
8.379189594797393781e-01
8.429214607303654461e-01
8.479239619809906259e-01
8.529264632316158057e-01
8.579289644822409855e-01
8.629314657328661653e-01
8.679339669834913451e-01
8.729364682341165249e-01
8.779389694847425929e-01
8.829414707353677727e-01
8.879439719859929525e-01
8.929464732366181323e-01
8.979489744872433121e-01
9.029514757378684919e-01
9.079539769884936717e-01
9.129564782391197397e-01
9.179589794897449195e-01
9.229614807403700993e-01
9.279639819909952791e-01
9.329664832416204590e-01
9.379689844922456388e-01
9.429714857428717067e-01
9.479739869934968866e-01
9.529764882441220664e-01
9.579789894947472462e-01
9.629814907453724260e-01
9.679839919959976058e-01
9.729864932466227856e-01
9.779889944972488536e-01
9.829914957478740334e-01
9.879939969984992132e-01
9.929964982491243930e-01
9.979989994997495728e-01
1.003001500750374753e+00
1.008004002000999932e+00
1.013006503251626000e+00
1.018009004502251180e+00
1.023011505752876360e+00
1.028014007003501540e+00
1.033016508254126720e+00
1.038019009504751899e+00
1.043021510755377079e+00
1.048024012006003147e+00
1.053026513256628327e+00
1.058029014507253507e+00
1.063031515757878687e+00
1.068034017008503866e+00
1.073036518259129046e+00
1.078039019509755114e+00
1.083041520760380294e+00
1.088044022011005474e+00
1.093046523261630654e+00
1.098049024512255833e+00
1.103051525762881013e+00
1.108054027013506193e+00
1.113056528264132261e+00
1.118059029514757441e+00
1.123061530765382621e+00
1.128064032016007801e+00
1.133066533266632980e+00
1.138069034517258160e+00
1.143071535767883340e+00
1.148074037018509408e+00
1.153076538269134588e+00
1.158079039519759768e+00
1.163081540770384947e+00
1.168084042021010127e+00
1.173086543271635307e+00
1.178089044522261375e+00
1.183091545772886555e+00
1.188094047023511735e+00
1.193096548274136914e+00
1.198099049524762094e+00
1.203101550775387274e+00
1.208104052026012454e+00
1.213106553276638522e+00
1.218109054527263702e+00
1.223111555777888881e+00
1.228114057028514061e+00
1.233116558279139241e+00
1.238119059529764421e+00
1.243121560780389601e+00
1.248124062031015669e+00
1.253126563281640848e+00
1.258129064532266028e+00
1.263131565782891208e+00
1.268134067033516388e+00
1.273136568284141568e+00
1.278139069534767636e+00
1.283141570785392815e+00
1.288144072036017995e+00
1.293146573286643175e+00
1.298149074537268355e+00
1.303151575787893535e+00
1.308154077038518714e+00
1.313156578289144782e+00
1.318159079539769962e+00
1.323161580790395142e+00
1.328164082041020322e+00
1.333166583291645502e+00
1.338169084542270681e+00
1.343171585792895861e+00
1.348174087043521929e+00
1.353176588294147109e+00
1.358179089544772289e+00
1.363181590795397469e+00
1.368184092046022649e+00
1.373186593296647828e+00
1.378189094547273896e+00
1.383191595797899076e+00
1.388194097048524256e+00
1.393196598299149436e+00
1.398199099549774616e+00
1.403201600800399795e+00
1.408204102051024975e+00
1.413206603301651043e+00
1.418209104552276223e+00
1.423211605802901403e+00
1.428214107053526583e+00
1.433216608304151762e+00
1.438219109554776942e+00
1.443221610805402122e+00
1.448224112056028190e+00
1.453226613306653370e+00
1.458229114557278550e+00
1.463231615807903729e+00
1.468234117058528909e+00
1.473236618309154089e+00
1.478239119559779269e+00
1.483241620810405337e+00
1.488244122061030517e+00
1.493246623311655696e+00
1.498249124562280876e+00
1.503251625812906056e+00
1.508254127063531236e+00
1.513256628314157304e+00
1.518259129564782484e+00
1.523261630815407663e+00
1.528264132066032843e+00
1.533266633316658023e+00
1.538269134567283203e+00
1.543271635817908383e+00
1.548274137068534451e+00
1.553276638319159630e+00
1.558279139569784810e+00
1.563281640820409990e+00
1.568284142071035170e+00
1.573286643321660350e+00
1.578289144572285529e+00
1.583291645822911597e+00
1.588294147073536777e+00
1.593296648324161957e+00
1.598299149574787137e+00
1.603301650825412317e+00
1.608304152076037496e+00
1.613306653326663564e+00
1.618309154577288744e+00
1.623311655827913924e+00
1.628314157078539104e+00
1.633316658329164284e+00
1.638319159579789464e+00
1.643321660830414643e+00
1.648324162081040711e+00
1.653326663331665891e+00
1.658329164582291071e+00
1.663331665832916251e+00
1.668334167083541431e+00
1.673336668334166610e+00
1.678339169584791790e+00
1.683341670835417858e+00
1.688344172086043038e+00
1.693346673336668218e+00
1.698349174587293398e+00
1.703351675837918577e+00
1.708354177088543757e+00
1.713356678339169825e+00
1.718359179589795005e+00
1.723361680840420185e+00
1.728364182091045365e+00
1.733366683341670544e+00
1.738369184592295724e+00
1.743371685842920904e+00
1.748374187093546972e+00
1.753376688344172152e+00
1.758379189594797332e+00
1.763381690845422511e+00
1.768384192096047691e+00
1.773386693346672871e+00
1.778389194597298051e+00
1.783391695847924119e+00
1.788394197098549299e+00
1.793396698349174478e+00
1.798399199599799658e+00
1.803401700850424838e+00
1.808404202101050018e+00
1.813406703351676086e+00
1.818409204602301266e+00
1.823411705852926445e+00
1.828414207103551625e+00
1.833416708354176805e+00
1.838419209604801985e+00
1.843421710855427165e+00
1.848424212106053233e+00
1.853426713356678412e+00
1.858429214607303592e+00
1.863431715857928772e+00
1.868434217108553952e+00
1.873436718359179132e+00
1.878439219609804312e+00
1.883441720860430380e+00
1.888444222111055559e+00
1.893446723361680739e+00
1.898449224612305919e+00
1.903451725862931099e+00
1.908454227113556279e+00
1.913456728364181458e+00
1.918459229614807526e+00
1.923461730865432706e+00
1.928464232116057886e+00
1.933466733366683066e+00
1.938469234617308246e+00
1.943471735867933425e+00
1.948474237118559493e+00
1.953476738369184673e+00
1.958479239619809853e+00
1.963481740870435033e+00
1.968484242121060213e+00
1.973486743371685392e+00
1.978489244622310572e+00
1.983491745872936640e+00
1.988494247123561820e+00
1.993496748374187000e+00
1.998499249624812180e+00
2.003501750875437359e+00
2.008504252126062539e+00
2.013506753376687719e+00
2.018509254627313787e+00
2.023511755877938967e+00
2.028514257128564147e+00
2.033516758379189326e+00
2.038519259629814506e+00
2.043521760880439686e+00
2.048524262131065754e+00
2.053526763381690934e+00
2.058529264632316114e+00
2.063531765882941293e+00
2.068534267133566473e+00
2.073536768384191653e+00
2.078539269634816833e+00
2.083541770885442901e+00
2.088544272136068081e+00
2.093546773386693260e+00
2.098549274637318440e+00
2.103551775887943620e+00
2.108554277138568800e+00
2.113556778389193980e+00
2.118559279639820048e+00
2.123561780890445227e+00
2.128564282141070407e+00
2.133566783391695587e+00
2.138569284642320767e+00
2.143571785892945947e+00
2.148574287143572015e+00
2.153576788394197195e+00
2.158579289644822374e+00
2.163581790895447554e+00
2.168584292146072734e+00
2.173586793396697914e+00
2.178589294647323094e+00
2.183591795897949162e+00
2.188594297148574341e+00
2.193596798399199521e+00
2.198599299649824701e+00
2.203601800900449881e+00
2.208604302151075061e+00
2.213606803401700240e+00
2.218609304652326308e+00
2.223611805902951488e+00
2.228614307153576668e+00
2.233616808404201848e+00
2.238619309654827028e+00
2.243621810905452207e+00
2.248624312156078275e+00
2.253626813406703455e+00
2.258629314657328635e+00
2.263631815907953815e+00
2.268634317158578995e+00
2.273636818409204174e+00
2.278639319659829354e+00
2.283641820910455422e+00
2.288644322161080602e+00
2.293646823411705782e+00
2.298649324662330962e+00
2.303651825912956141e+00
2.308654327163581321e+00
2.313656828414206501e+00
2.318659329664832569e+00
2.323661830915457749e+00
2.328664332166082929e+00
2.333666833416708108e+00
2.338669334667333288e+00
2.343671835917958468e+00
2.348674337168583648e+00
2.353676838419209716e+00
2.358679339669834896e+00
2.363681840920460075e+00
2.368684342171085255e+00
2.373686843421710435e+00
2.378689344672335615e+00
2.383691845922961683e+00
2.388694347173586863e+00
2.393696848424212043e+00
2.398699349674837222e+00
2.403701850925462402e+00
2.408704352176087582e+00
2.413706853426712762e+00
2.418709354677338830e+00
2.423711855927964010e+00
2.428714357178589189e+00
2.433716858429214369e+00
2.438719359679839549e+00
2.443721860930464729e+00
2.448724362181089909e+00
2.453726863431715977e+00
2.458729364682341156e+00
2.463731865932966336e+00
2.468734367183591516e+00
2.473736868434216696e+00
2.478739369684841876e+00
2.483741870935467944e+00
2.488744372186093123e+00
2.493746873436718303e+00
2.498749374687343483e+00
2.503751875937968663e+00
2.508754377188593843e+00
2.513756878439219022e+00
2.518759379689845090e+00
2.523761880940470270e+00
2.528764382191095450e+00
2.533766883441720630e+00
2.538769384692345810e+00
2.543771885942970989e+00
2.548774387193596169e+00
2.553776888444222237e+00
2.558779389694847417e+00
2.563781890945472597e+00
2.568784392196097777e+00
2.573786893446722956e+00
2.578789394697348136e+00
2.583791895947974204e+00
2.588794397198599384e+00
2.593796898449224564e+00
2.598799399699849744e+00
2.603801900950474923e+00
2.608804402201100103e+00
2.613806903451725283e+00
2.618809404702351351e+00
2.623811905952976531e+00
2.628814407203601711e+00
2.633816908454226891e+00
2.638819409704852070e+00
2.643821910955477250e+00
2.648824412206102430e+00
2.653826913456728498e+00
2.658829414707353678e+00
2.663831915957978858e+00
2.668834417208604037e+00
2.673836918459229217e+00
2.678839419709854397e+00
2.683841920960480465e+00
2.688844422211105645e+00
2.693846923461730825e+00
2.698849424712356004e+00
2.703851925962981184e+00
2.708854427213606364e+00
2.713856928464231544e+00
2.718859429714857612e+00
2.723861930965482792e+00
2.728864432216107971e+00
2.733866933466733151e+00
2.738869434717358331e+00
2.743871935967983511e+00
2.748874437218608691e+00
2.753876938469234759e+00
2.758879439719859938e+00
2.763881940970485118e+00
2.768884442221110298e+00
2.773886943471735478e+00
2.778889444722360658e+00
2.783891945972985837e+00
2.788894447223611905e+00
2.793896948474237085e+00
2.798899449724862265e+00
2.803901950975487445e+00
2.808904452226112625e+00
2.813906953476737804e+00
2.818909454727363872e+00
2.823911955977989052e+00
2.828914457228614232e+00
2.833916958479239412e+00
2.838919459729864592e+00
2.843921960980489771e+00
2.848924462231114951e+00
2.853926963481741019e+00
2.858929464732366199e+00
2.863931965982991379e+00
2.868934467233616559e+00
2.873936968484241739e+00
2.878939469734866918e+00
2.883941970985492098e+00
2.888944472236118166e+00
2.893946973486743346e+00
2.898949474737368526e+00
2.903951975987993706e+00
2.908954477238618885e+00
2.913956978489244065e+00
2.918959479739870133e+00
2.923961980990495313e+00
2.928964482241120493e+00
2.933966983491745673e+00
2.938969484742370852e+00
2.943971985992996032e+00
2.948974487243621212e+00
2.953976988494247280e+00
2.958979489744872460e+00
2.963981990995497640e+00
2.968984492246122819e+00
2.973986993496747999e+00
2.978989494747373179e+00
2.983991995997998359e+00
2.988994497248624427e+00
2.993996998499249607e+00
2.998999499749874786e+00
3.004002001000500854e+00
3.009004502251125146e+00
3.014007003501751214e+00
3.019009504752375506e+00
3.024012006003001574e+00
3.029014507253625865e+00
3.034017008504251933e+00
3.039019509754878001e+00
3.044022011005502293e+00
3.049024512256128361e+00
3.054027013506752652e+00
3.059029514757378720e+00
3.064032016008003012e+00
3.069034517258629080e+00
3.074037018509255148e+00
3.079039519759879440e+00
3.084042021010505508e+00
3.089044522261129799e+00
3.094047023511755867e+00
3.099049524762380159e+00
3.104052026013006227e+00
3.109054527263632295e+00
3.114057028514256587e+00
3.119059529764882654e+00
3.124062031015506946e+00
3.129064532266133014e+00
3.134067033516757306e+00
3.139069534767383374e+00
3.144072036018009442e+00
3.149074537268633733e+00
3.154077038519259801e+00
3.159079539769884093e+00
3.164082041020510161e+00
3.169084542271134453e+00
3.174087043521760521e+00
3.179089544772386589e+00
3.184092046023010880e+00
3.189094547273636948e+00
3.194097048524261240e+00
3.199099549774887308e+00
3.204102051025513376e+00
3.209104552276137667e+00
3.214107053526763735e+00
3.219109554777388027e+00
3.224112056028014095e+00
3.229114557278638387e+00
3.234117058529264455e+00
3.239119559779890523e+00
3.244122061030514814e+00
3.249124562281140882e+00
3.254127063531765174e+00
3.259129564782391242e+00
3.264132066033015533e+00
3.269134567283641601e+00
3.274137068534267669e+00
3.279139569784891961e+00
3.284142071035518029e+00
3.289144572286142321e+00
3.294147073536768389e+00
3.299149574787392680e+00
3.304152076038018748e+00
3.309154577288644816e+00
3.314157078539269108e+00
3.319159579789895176e+00
3.324162081040519467e+00
3.329164582291145535e+00
3.334167083541769827e+00
3.339169584792395895e+00
3.344172086043021963e+00
3.349174587293646255e+00
3.354177088544272323e+00
3.359179589794896614e+00
3.364182091045522682e+00
3.369184592296146974e+00
3.374187093546773042e+00
3.379189594797399110e+00
3.384192096048023402e+00
3.389194597298649470e+00
3.394197098549273761e+00
3.399199599799899829e+00
3.404202101050525897e+00
3.409204602301150189e+00
3.414207103551776257e+00
3.419209604802400548e+00
3.424212106053026616e+00
3.429214607303650908e+00
3.434217108554276976e+00
3.439219609804903044e+00
3.444222111055527336e+00
3.449224612306153404e+00
3.454227113556777695e+00
3.459229614807403763e+00
3.464232116058028055e+00
3.469234617308654123e+00
3.474237118559280191e+00
3.479239619809904482e+00
3.484242121060530550e+00
3.489244622311154842e+00
3.494247123561780910e+00
3.499249624812405202e+00
3.504252126063031270e+00
3.509254627313657338e+00
3.514257128564281629e+00
3.519259629814907697e+00
3.524262131065531989e+00
3.529264632316158057e+00
3.534267133566782348e+00
3.539269634817408416e+00
3.544272136068034484e+00
3.549274637318658776e+00
3.554277138569284844e+00
3.559279639819909136e+00
3.564282141070535204e+00
3.569284642321159495e+00
3.574287143571785563e+00
3.579289644822411631e+00
3.584292146073035923e+00
3.589294647323661991e+00
3.594297148574286282e+00
3.599299649824912350e+00
3.604302151075536642e+00
3.609304652326162710e+00
3.614307153576788778e+00
3.619309654827413070e+00
3.624312156078039138e+00
3.629314657328663429e+00
3.634317158579289497e+00
3.639319659829915565e+00
3.644322161080539857e+00
3.649324662331165925e+00
3.654327163581790217e+00
3.659329664832416285e+00
3.664332166083040576e+00
3.669334667333666644e+00
3.674337168584292712e+00
3.679339669834917004e+00
3.684342171085543072e+00
3.689344672336167363e+00
3.694347173586793431e+00
3.699349674837417723e+00
3.704352176088043791e+00
3.709354677338669859e+00
3.714357178589294151e+00
3.719359679839920219e+00
3.724362181090544510e+00
3.729364682341170578e+00
3.734367183591794870e+00
3.739369684842420938e+00
3.744372186093047006e+00
3.749374687343671297e+00
3.754377188594297365e+00
3.759379689844921657e+00
3.764382191095547725e+00
3.769384692346172017e+00
3.774387193596798085e+00
3.779389694847424153e+00
3.784392196098048444e+00
3.789394697348674512e+00
3.794397198599298804e+00
3.799399699849924872e+00
3.804402201100549163e+00
3.809404702351175231e+00
3.814407203601801299e+00
3.819409704852425591e+00
3.824412206103051659e+00
3.829414707353675951e+00
3.834417208604302019e+00
3.839419709854928087e+00
3.844422211105552378e+00
3.849424712356178446e+00
3.854427213606802738e+00
3.859429714857428806e+00
3.864432216108053098e+00
3.869434717358679165e+00
3.874437218609305233e+00
3.879439719859929525e+00
3.884442221110555593e+00
3.889444722361179885e+00
3.894447223611805953e+00
3.899449724862430244e+00
3.904452226113056312e+00
3.909454727363682380e+00
3.914457228614306672e+00
3.919459729864932740e+00
3.924462231115557032e+00
3.929464732366183100e+00
3.934467233616807391e+00
3.939469734867433459e+00
3.944472236118059527e+00
3.949474737368683819e+00
3.954477238619309887e+00
3.959479739869934178e+00
3.964482241120560246e+00
3.969484742371184538e+00
3.974487243621810606e+00
3.979489744872436674e+00
3.984492246123060966e+00
3.989494747373687034e+00
3.994497248624311325e+00
3.999499749874937393e+00
4.004502251125561685e+00
4.009504752376187753e+00
4.014507253626813821e+00
4.019509754877438112e+00
4.024512256128064180e+00
4.029514757378688472e+00
4.034517258629314540e+00
4.039519759879938832e+00
4.044522261130564900e+00
4.049524762381190968e+00
4.054527263631815259e+00
4.059529764882441327e+00
4.064532266133065619e+00
4.069534767383691687e+00
4.074537268634317755e+00
4.079539769884942046e+00
4.084542271135568114e+00
4.089544772386192406e+00
4.094547273636818474e+00
4.099549774887442766e+00
4.104552276138068834e+00
4.109554777388694902e+00
4.114557278639319193e+00
4.119559779889945261e+00
4.124562281140569553e+00
4.129564782391195621e+00
4.134567283641819913e+00
4.139569784892445981e+00
4.144572286143072049e+00
4.149574787393696340e+00
4.154577288644322408e+00
4.159579789894946700e+00
4.164582291145572768e+00
4.169584792396197059e+00
4.174587293646823127e+00
4.179589794897449195e+00
4.184592296148073487e+00
4.189594797398699555e+00
4.194597298649323847e+00
4.199599799899949915e+00
4.204602301150574206e+00
4.209604802401200274e+00
4.214607303651826342e+00
4.219609804902450634e+00
4.224612306153076702e+00
4.229614807403700993e+00
4.234617308654327061e+00
4.239619809904951353e+00
4.244622311155577421e+00
4.249624812406203489e+00
4.254627313656827781e+00
4.259629814907453849e+00
4.264632316158078140e+00
4.269634817408704208e+00
4.274637318659330276e+00
4.279639819909954568e+00
4.284642321160580636e+00
4.289644822411204927e+00
4.294647323661830995e+00
4.299649824912455287e+00
4.304652326163081355e+00
4.309654827413707423e+00
4.314657328664331715e+00
4.319659829914957783e+00
4.324662331165582074e+00
4.329664832416208142e+00
4.334667333666832434e+00
4.339669834917458502e+00
4.344672336168084570e+00
4.349674837418708861e+00
4.354677338669334929e+00
4.359679839919959221e+00
4.364682341170585289e+00
4.369684842421209581e+00
4.374687343671835649e+00
4.379689844922461717e+00
4.384692346173086008e+00
4.389694847423712076e+00
4.394697348674336368e+00
4.399699849924962436e+00
4.404702351175586728e+00
4.409704852426212796e+00
4.414707353676838864e+00
4.419709854927463155e+00
4.424712356178089223e+00
4.429714857428713515e+00
4.434717358679339583e+00
4.439719859929963874e+00
4.444722361180589942e+00
4.449724862431216010e+00
4.454727363681840302e+00
4.459729864932466370e+00
4.464732366183090662e+00
4.469734867433716730e+00
4.474737368684341021e+00
4.479739869934967089e+00
4.484742371185593157e+00
4.489744872436217449e+00
4.494747373686843517e+00
4.499749874937467808e+00
4.504752376188093876e+00
4.509754877438719944e+00
4.514757378689344236e+00
4.519759879939970304e+00
4.524762381190594596e+00
4.529764882441220664e+00
4.534767383691844955e+00
4.539769884942471023e+00
4.544772386193097091e+00
4.549774887443721383e+00
4.554777388694347451e+00
4.559779889944971742e+00
4.564782391195597810e+00
4.569784892446222102e+00
4.574787393696848170e+00
4.579789894947474238e+00
4.584792396198098530e+00
4.589794897448724598e+00
4.594797398699348889e+00
4.599799899949974957e+00
4.604802401200599249e+00
4.609804902451225317e+00
4.614807403701851385e+00
4.619809904952475677e+00
4.624812406203101744e+00
4.629814907453726036e+00
4.634817408704352104e+00
4.639819909954976396e+00
4.644822411205602464e+00
4.649824912456228532e+00
4.654827413706852823e+00
4.659829914957478891e+00
4.664832416208103183e+00
4.669834917458729251e+00
4.674837418709353543e+00
4.679839919959979611e+00
4.684842421210605679e+00
4.689844922461229970e+00
4.694847423711856038e+00
4.699849924962480330e+00
4.704852426213106398e+00
4.709854927463732466e+00
4.714857428714356757e+00
4.719859929964982825e+00
4.724862431215607117e+00
4.729864932466233185e+00
4.734867433716857477e+00
4.739869934967483545e+00
4.744872436218109613e+00
4.749874937468733904e+00
4.754877438719359972e+00
4.759879939969984264e+00
4.764882441220610332e+00
4.769884942471234623e+00
4.774887443721860691e+00
4.779889944972486759e+00
4.784892446223111051e+00
4.789894947473737119e+00
4.794897448724361411e+00
4.799899949974987479e+00
4.804902451225611770e+00
4.809904952476237838e+00
4.814907453726863906e+00
4.819909954977488198e+00
4.824912456228114266e+00
4.829914957478738557e+00
4.834917458729364625e+00
4.839919959979988917e+00
4.844922461230614985e+00
4.849924962481241053e+00
4.854927463731865345e+00
4.859929964982491413e+00
4.864932466233115704e+00
4.869934967483741772e+00
4.874937468734366064e+00
4.879939969984992132e+00
4.884942471235618200e+00
4.889944972486242492e+00
4.894947473736868560e+00
4.899949974987492851e+00
4.904952476238118919e+00
4.909954977488743211e+00
4.914957478739369279e+00
4.919959979989995347e+00
4.924962481240619638e+00
4.929964982491245706e+00
4.934967483741869998e+00
4.939969984992496066e+00
4.944972486243122134e+00
4.949974987493746426e+00
4.954977488744372494e+00
4.959979989994996785e+00
4.964982491245622853e+00
4.969984992496247145e+00
4.974987493746873213e+00
4.979989994997499281e+00
4.984992496248123572e+00
4.989994997498749640e+00
4.994997498749373932e+00
5.000000000000000000e+00
-1.995151091873529570e+00
-1.994982655429427654e+00
-2.002711708156508674e+00
-1.997870824091730890e+00
-2.000261039343346869e+00
-1.997440909971277545e+00
-2.003943682443821928e+00
-2.003672981928505514e+00
-1.991210353840196845e+00
-1.998163509121882786e+00
-1.998319908468392470e+00
-2.006044097487683420e+00
-1.997888755622174273e+00
-1.998025090072111931e+00
-1.988317175996946018e+00
-1.997884987027209958e+00
-1.992975235035581383e+00
-2.001438353976710438e+00
-1.994335810069874704e+00
-2.002902207579158933e+00
-1.981431987078271950e+00
-1.994780388694317175e+00
-1.981557479353738049e+00
-1.999449403159439642e+00
-1.991112604967396615e+00
-1.991859469619474909e+00
-1.986627140883242104e+00
-1.983029727347551896e+00
-1.972224329381288443e+00
-1.984017913967620839e+00
-1.977550064010539455e+00
-1.973373130096748307e+00
-1.968914550626282622e+00
-1.977622394945489859e+00
-1.973621163924810240e+00
-1.965686125236618231e+00
-1.972534485049482367e+00
-1.972962034704430767e+00
-1.974965671857932259e+00
-1.962084868257931269e+00
-1.968693915429189145e+00
-1.965924427640708627e+00
-1.958897558725867460e+00
-1.969599213018898176e+00
-1.963451668531232874e+00
-1.960959498968223302e+00
-1.963565339906827134e+00
-1.955387546984822533e+00
-1.953015409621736698e+00
-1.950060787724974043e+00
-1.953472507584950169e+00
-1.959947134536679458e+00
-1.879865862562192458e+00
-1.891408562422262296e+00
-1.879137082537201353e+00
-1.891326234167650222e+00
-1.894878344175588758e+00
-1.885583832498970880e+00
-1.901303879052750556e+00
-1.889150085236900090e+00
-1.896687300348201433e+00
-1.901625908632377238e+00
-1.898442715616493137e+00
-1.908021453427495295e+00
-1.940763976072450436e+00
-1.941104332398008836e+00
-1.948333091107694148e+00
-1.949200224283296423e+00
-1.914655242439820437e+00
-1.910916758297166451e+00
-1.914428170553286401e+00
-1.911880909238988346e+00
-1.928906728054840869e+00
-1.925767075316193067e+00
-1.923251775153975052e+00
-1.912678158128676253e+00
-1.920552915409611483e+00
-1.922407019806550155e+00
-1.931319574729408961e+00
-1.933308900764297622e+00
-1.866091166129417722e+00
-1.873414879922519427e+00
-1.875845486019356967e+00
-1.881495958317614070e+00
-1.838368667976800319e+00
-1.837760856943599697e+00
-1.841482885253937996e+00
-1.840968485969772583e+00
-1.832823641127485637e+00
-1.818584867396182636e+00
-1.814850715189584296e+00
-1.821645597832297403e+00
-1.807447789179767561e+00
-1.808547067596673497e+00
-1.814756199178655383e+00
-1.818896543326064874e+00
-1.791049547955066990e+00
-1.793205655976578994e+00
-1.792414330112542808e+00
-1.799465606629446324e+00
-1.788958813303920259e+00
-1.789983257941534900e+00
-1.778147090199663882e+00
-1.788950534186999120e+00
-1.841706234642527695e+00
-1.849504246020345688e+00
-1.851824908307945883e+00
-1.855119415395440230e+00
-1.772952718373477232e+00
-1.766056031109094482e+00
-1.765390550376261913e+00
-1.761313215634571216e+00
-1.730238437877815061e+00
-1.727737742439821256e+00
-1.716616853279284483e+00
-1.727941405236885997e+00
-1.715850263037369539e+00
-1.699576422042416102e+00
-1.710954823119275270e+00
-1.700342775693518549e+00
-1.689630775804567220e+00
-1.689416051859428114e+00
-1.682925961500257195e+00
-1.684466370625711695e+00
-1.676676536510624205e+00
-1.673346692349765519e+00
-1.682101692131271697e+00
-1.671122081120539171e+00
-1.733915314229646620e+00
-1.737170253197148462e+00
-1.739230992463841829e+00
-1.736805770242062286e+00
-1.991439654737841902e+00
-1.988205852171501142e+00
-1.987275708674510977e+00
-1.978470756295473310e+00
-1.654410369352456556e+00
-1.648160687853197581e+00
-1.650169266533663581e+00
-1.659218035603708730e+00
-1.939472697688656933e+00
-1.945237753457915941e+00
-1.947272069359339275e+00
-1.942262038212132724e+00
2.006467766442776579e+00
1.995247735870141703e+00
1.997041295371220659e+00
2.001090160180694966e+00
-1.649328582455719339e+00
-1.633810950065939904e+00
-1.646901766876168072e+00
-1.638002857138010304e+00
1.999383249905217097e+00
1.997554627297227992e+00
1.990959186522335722e+00
1.989503583741317971e+00
1.995701037509364895e+00
1.994241901847433551e+00
1.990473750121775520e+00
2.003606803795570102e+00
2.001360469219834126e+00
1.996219183832523614e+00
2.004147226300611706e+00
2.001936664759178974e+00
-1.868961096501881691e+00
-1.854286792603567990e+00
-1.856868383334740136e+00
-1.855985381963684677e+00
-1.597617275789066538e+00
-1.599377013744484710e+00
-1.601015584062686514e+00
-1.607585329430429200e+00
-1.582884995287308527e+00
-1.576073871803369331e+00
-1.575168604832050567e+00
-1.590053062210660784e+00
-1.541757155973575877e+00
-1.555132587844340941e+00
-1.548138636407633939e+00
-1.551842168341637240e+00
-1.574529206397866199e+00
-1.565425977650912959e+00
-1.566948736182658841e+00
-1.557350920658703508e+00
-1.515622873042028917e+00
-1.529198364806502619e+00
-1.520119025480548336e+00
-1.522934039456017796e+00
-1.508588740292374775e+00
-1.513508829616599272e+00
-1.499469598144830274e+00
-1.514842410136751694e+00
2.003557548513422493e+00
2.001215605443245504e+00
1.992343530658681638e+00
2.000215936456188004e+00
1.984674081636218945e+00
1.984394270053399190e+00
1.992493631013555255e+00
1.987340780935094475e+00
1.975406358669953732e+00
1.974665090219369867e+00
1.962018716196487711e+00
1.967383298161571314e+00
1.981039906659605609e+00
1.977610144242120560e+00
1.976088281801217317e+00
1.984776752281542267e+00
1.994809580692743278e+00
1.979835396984629625e+00
1.988468052113316453e+00
1.996305870264380999e+00
1.960208753083219957e+00
1.971382971529445971e+00
1.961439762450626567e+00
1.955822966473128810e+00
1.979457667729525916e+00
1.973251328827394291e+00
1.986174581503398207e+00
1.970463146607128291e+00
-1.475167309882706057e+00
-1.485698793749192337e+00
-1.488882739369032260e+00
-1.487572502106841998e+00
1.953567561244522910e+00
1.964883399316838641e+00
1.968360079276251673e+00
1.957396752456300293e+00
1.960306905043496695e+00
1.951904285981326037e+00
1.954595344840078575e+00
1.947139596442348797e+00
-1.763662304922822832e+00
-1.746148215415559424e+00
-1.763102130253533018e+00
-1.763053479958585745e+00
-1.413482491078346337e+00
-1.429517589882118855e+00
-1.423361496832883599e+00
-1.429231890367644864e+00
-1.395779374895121050e+00
-1.406038927189276366e+00
-1.399574279866413029e+00
-1.395431031677448974e+00
-1.367261868772331912e+00
-1.380739721114837115e+00
-1.377820786940227471e+00
-1.377857649434641285e+00
-1.441159095151784086e+00
-1.447467448488496622e+00
-1.432063659509441811e+00
-1.447387443182933220e+00
-1.359321866346103747e+00
-1.350741096358032634e+00
-1.344101162693698948e+00
-1.351655766054158603e+00
1.951121166499917958e+00
1.944738331148736510e+00
1.937331353530925337e+00
1.941896417395896579e+00
1.906157558526864193e+00
1.901751186036028551e+00
1.902665187423561388e+00
1.895774471772331493e+00
1.920584766773522523e+00
1.919203013993164841e+00
1.920103711723149420e+00
1.907263542508175869e+00
1.929867967685680252e+00
1.919616262247575644e+00
1.917699153254744271e+00
1.918420478335990609e+00
1.929053443144503222e+00
1.932866887060276317e+00
1.929759775704095626e+00
1.924958812345405335e+00
1.884476267821955764e+00
1.887278144305125416e+00
1.886996562580513626e+00
1.890936621345447710e+00
-1.328698654085157527e+00
-1.332009950576912516e+00
-1.330121155611757811e+00
-1.328321249042935692e+00
1.887846642894669413e+00
1.892624948632012361e+00
1.890287795674769233e+00
1.886288013423614407e+00
-1.630959191826139687e+00
-1.623518106612271916e+00
-1.625019708999157375e+00
-1.627976637807193150e+00
-1.300124341328032562e+00
-1.297329310120218571e+00
-1.303192037973368356e+00
-1.302634284479764482e+00
1.881219294605811720e+00
1.871495400505214235e+00
1.871642072545043778e+00
1.866833008152804840e+00
1.789667102131969889e+00
1.788635203938288676e+00
1.807585593680058889e+00
1.789273426123675570e+00
1.807088987559743787e+00
1.810172118184992573e+00
1.801840026445624687e+00
1.808494276665734146e+00
1.816801274370664299e+00
1.828995652896264534e+00
1.830370798592249049e+00
1.816963148371347092e+00
1.841327862155515360e+00
1.846044189019121484e+00
1.832022328103728226e+00
1.838138898990145709e+00
1.776057047878207396e+00
1.790262764358924397e+00
1.794010266323047720e+00
1.788983646868250510e+00
1.842482796397252542e+00
1.841688242408253684e+00
1.854137223503225629e+00
1.844237175652241323e+00
-1.202302079490886522e+00
-1.208545986359681690e+00
-1.213828459839292551e+00
-1.217817214738979192e+00
-1.226245247879679479e+00
-1.227942231988869537e+00
-1.237948962866022962e+00
-1.227268407008811790e+00
-1.465064583491125116e+00
-1.467823607374703743e+00
-1.461387106146312620e+00
-1.458740513133137906e+00
-1.180056289825018645e+00
-1.192534031278447149e+00
-1.177221682130082492e+00
-1.180484834184677201e+00
-1.249711713886772380e+00
-1.266529289493323551e+00
-1.263866131620167588e+00
-1.254595670979728350e+00
-1.156274013668381118e+00
-1.156087889166097948e+00
-1.160131483858667822e+00
-1.164737625920650554e+00
-1.131982020242354503e+00
-1.122569814213056905e+00
-1.131505366981242711e+00
-1.126842818435362714e+00
1.762781988889943197e+00
1.767648761193968410e+00
1.775553862830751450e+00
1.761048320817246937e+00
1.672290053867349746e+00
1.667948883533304727e+00
1.683269546835706842e+00
1.683913712736021084e+00
1.686631107531408880e+00
1.696007098109282074e+00
1.695214556958476892e+00
1.683227274466028156e+00
1.717431622659172374e+00
1.702909360170969055e+00
1.699437505680611693e+00
1.699894180745292749e+00
1.717315521645872867e+00
1.733491197519412275e+00
1.723444015271469620e+00
1.722385351363900696e+00
1.731798849479335267e+00
1.745900775432944307e+00
1.743982618271625817e+00
1.741686679270027183e+00
1.652493697133953221e+00
1.661509943905168818e+00
1.660864508840159237e+00
1.648245777411080137e+00
1.988919053374637036e+00
1.992249841363494367e+00
1.976710045152531015e+00
1.976327832235506232e+00
-1.106433179016250268e+00
-1.098009956030679302e+00
-1.098978636642698348e+00
-1.106798962406681852e+00
1.638390164352392375e+00
1.639136374070007118e+00
1.637669407436274094e+00
1.635090043453351738e+00
-1.022070076677749739e+00
-1.022918346424168456e+00
-1.020802894244765113e+00
-1.020373885272176429e+00
-1.000713102083097938e+00
-1.006578048370101897e+00
-9.940339620823405165e-01
-1.002401091409695022e+00
-9.695796750379218620e-01
-9.741257661090837461e-01
-9.656289569808741424e-01
-9.726058579151075634e-01
1.934929107131569515e+00
1.934652560452909675e+00
1.946742277869056847e+00
1.930337743444086263e+00
1.858738994743247774e+00
1.865758616371077983e+00
1.868995011259489969e+00
1.853690415342016173e+00
1.574018593637891206e+00
1.566997340868894861e+00
1.569905244684371093e+00
1.556693089658979900e+00
1.544939059178243479e+00
1.542970188274868759e+00
1.553665460096333106e+00
1.537000446435599521e+00
1.534117816652994293e+00
1.531643912240832517e+00
1.522171209436570249e+00
1.530252913391553227e+00
1.583219221983806602e+00
1.589608939446556679e+00
1.576150723016349398e+00
1.592658387272952503e+00
1.604181393202436023e+00
1.607695615234576714e+00
1.602554558132982088e+00
1.606366257874533909e+00
1.505534252542363616e+00
1.503821818517056652e+00
1.507522125729021889e+00
1.509383039588146680e+00
1.483717809655084929e+00
1.478720508134929057e+00
1.493454379346108363e+00
1.476098691431004140e+00
-1.053851903733703299e+00
-1.062144122625870990e+00
-1.052245615778337973e+00
-1.047990858000916736e+00
-9.418187777426781926e-01
-9.524858211180775580e-01
-9.409813510219442456e-01
-9.409672355831829593e-01
-9.231610112458892292e-01
-9.077403526131979650e-01
-9.092366493525082527e-01
-9.135938214164653903e-01
1.761800799810570473e+00
1.753456554776133824e+00
1.750077322487947118e+00
1.754366837762381337e+00
-8.876357587684118311e-01
-8.967392548798540641e-01
-8.893116530772942063e-01
-8.931305941362234213e-01
-7.205190671306747063e-01
-7.223244521001311869e-01
-7.151630237957499192e-01
-7.095134027307863356e-01
-7.432144797996531604e-01
-7.429455369048089119e-01
-7.528802068750558574e-01
-7.483313637016786313e-01
-7.854203138564085362e-01
-7.708395910731176137e-01
-7.741196461651177474e-01
-7.854959143122520748e-01
-8.085801439094520981e-01
-8.144050898679346950e-01
-7.994718749679623482e-01
-8.132685828556120988e-01
1.438198250986208349e+00
1.432284021361218684e+00
1.443461682578780048e+00
1.450014627611815321e+00
1.429717055935500358e+00
1.426069894447272279e+00
1.427418008235519453e+00
1.423164732536893684e+00
1.395965162131746373e+00
1.402142632607514150e+00
1.392277814114922130e+00
1.406795811107085736e+00
1.620490988454817760e+00
1.618973250435469469e+00
1.618361605602822495e+00
1.614687367379560312e+00
1.378991619485692155e+00
1.365973697280526533e+00
1.368664218397096066e+00
1.381009176363623192e+00
1.357054057680999071e+00
1.360811150910958389e+00
1.359079257388651207e+00
1.348678503083083013e+00
-6.789624314203902555e-01
-6.865765428321439767e-01
-6.836447391966229414e-01
-6.967726563300844500e-01
1.325495721168447272e+00
1.324673643848541138e+00
1.329820117418784253e+00
1.332513225382438771e+00
1.470066897023510455e+00
1.455589086977085111e+00
1.471913189445524628e+00
1.465526307556288543e+00
1.302277977941513010e+00
1.311357882741500669e+00
1.298010036838205261e+00
1.306194539993046133e+00
1.227777719319903760e+00
1.224890561633673380e+00
1.226872694259784513e+00
1.235340735468207551e+00
1.216006407255052935e+00
1.218038548214728012e+00
1.214105293703641175e+00
1.217507496611483164e+00
-8.295945216796871691e-01
-8.333989734078969258e-01
-8.362330977309123670e-01
-8.380497896073995090e-01
-6.644950396723220409e-01
-6.574865295330213355e-01
-6.684094868223681152e-01
-6.514292606856579848e-01
-5.658728226615267198e-01
-5.636165403200135149e-01
-5.787836313767655838e-01
-5.726700995158575669e-01
-5.319580704479767164e-01
-5.348368812559040064e-01
-5.405405647891212695e-01
-5.488926167325423044e-01
-5.066653575423455402e-01
-5.042616620407925909e-01
-5.167386123210614413e-01
-5.025993066993968972e-01
-4.867570210552351617e-01
-4.803527628112770897e-01
-4.710426483741288473e-01
-4.829111322584712651e-01
-4.530112881424190885e-01
-4.483668909811432957e-01
-4.552226645798159166e-01
-4.414762551542391611e-01
1.261064956092657674e+00
1.253074196873196655e+00
1.261438642465617654e+00
1.253653107063491978e+00
-6.014313355530486183e-01
-5.943890044427915242e-01
-6.081310543984197459e-01
-6.096430187864428918e-01
1.182849925458159479e+00
1.183826364142060106e+00
1.183875833140236367e+00
1.178182807957832923e+00
-4.112206931341687022e-01
-4.265538117890894099e-01
-4.142535080655243562e-01
-4.159816587714005309e-01
-3.043940049207888854e-01
-3.022119713879152791e-01
-3.001671700331944859e-01
-2.928531334869607927e-01
-2.620161397168956352e-01
-2.583766136663722124e-01
-2.616984695239294445e-01
-2.552488623496892428e-01
-3.299098691531355820e-01
-3.197076295809066493e-01
-3.289490122944496719e-01
-3.214051878834058851e-01
1.159249658187248899e+00
1.155693848410037416e+00
1.150546224458379285e+00
1.164418750379176748e+00
1.137350674286302654e+00
1.126256655019275188e+00
1.140107248812751273e+00
1.126526297339306204e+00
1.112211550874810273e+00
1.111888455301355050e+00
1.111036211901144322e+00
1.115693650531136560e+00
-2.435654346135175119e-01
-2.257808989714565895e-01
-2.306322360817618933e-01
-2.413195588304570260e-01
-2.092016355007863815e-01
-2.065088790029598609e-01
-2.111821927405002075e-01
-2.012964041342941435e-01
-3.599232847765360677e-01
-3.667341506230447079e-01
-3.604597664068461826e-01
-3.476049781580616838e-01
-1.686580439520872499e-01
-1.694099216415847764e-01
-1.798442477842675524e-01
-1.772027339485172659e-01
-6.906119720418796293e-02
-7.704348774072458661e-02
-7.332600058876766191e-02
-8.152062804016343978e-02
-5.359630362105745338e-02
-4.302870225712939617e-02
-4.538587609923831756e-02
-5.423041100721906482e-02
-1.943484182895588441e-02
-1.734490796726393183e-02
-2.374058903583882441e-02
-2.255850058266169189e-02
2.037585098138696219e-02
2.531688503279307112e-02
7.051171160244253805e-03
1.128676409739475146e-02
1.024600896424108010e+00
1.031242926076061162e+00
1.021008129035028356e+00
1.018299016565164861e+00
1.049228020077869639e+00
1.051588468995775738e+00
1.054203228164207751e+00
1.056827391469165267e+00
1.008820304565418269e+00
9.951021823857691961e-01
9.923167359207749616e-01
9.917964062745145970e-01
9.630189034853069430e-01
9.787981551169834260e-01
9.776717692161537299e-01
9.812242172073919466e-01
5.401702030519438952e-02
3.793857187655805263e-02
4.720159564823561693e-02
4.307431986104007932e-02
2.421460563560649260e-01
2.289195953779095682e-01
2.396623539484179499e-01
2.303715167477801695e-01
1.958557645188383767e-01
2.082643758553787972e-01
1.999032855789505958e-01
1.973425493506682227e-01
2.593498361341664005e-01
2.611188326746477495e-01
2.660557764804953318e-01
2.588278598377820594e-01
1.622224741086111255e-01
1.813860428231587052e-01
1.766404355175032470e-01
1.772936946802877167e-01
2.983101871591387622e-01
2.944366913949268416e-01
2.977654174873342052e-01
2.940499493478908044e-01
-3.921097835376797236e-01
-3.933970080731796770e-01
-3.858010147525902656e-01
-3.915374144871722195e-01
9.118068413483433332e-01
9.121716288212015078e-01
9.149735231934520430e-01
9.183437428070631015e-01
-1.345645982074865632e-01
-1.414447662918787152e-01
-1.325005000220651763e-01
-1.330704805175274841e-01
-1.106075777870032112e-01
-1.029774413158506680e-01
-1.162908753006934304e-01
-1.081497246894925213e-01
8.409068328584726193e-02
8.242317870076622255e-02
7.529513846513342934e-02
8.387362186251220986e-02
7.962364607032754726e-01
7.992888418967427633e-01
7.954685399264264101e-01
7.993280638613271538e-01
7.833814984513477464e-01
7.775997198077930772e-01
7.730897007751543759e-01
7.822754777323964737e-01
3.246594461439974988e-01
3.209835115934012162e-01
3.248497457677517186e-01
3.209160727988484840e-01
4.273892148139102343e-01
4.143588447366686744e-01
4.211704118367469718e-01
4.276973787041677966e-01
4.494025033511960809e-01
4.489200150871262562e-01
4.510557367073261270e-01
4.545941797142609153e-01
5.444288327604045463e-01
5.420710553493834905e-01
5.434063133107844834e-01
5.312524495420772874e-01
5.178025056102403267e-01
5.168327094717629633e-01
5.034983468780204197e-01
5.110748585669482313e-01
4.887778337378825277e-01
4.698040165514993372e-01
4.774154495953404354e-01
4.809082592785341448e-01
7.228979083963172902e-01
7.160244409592124715e-01
7.110720024668315542e-01
7.266704479132187755e-01
6.919451185086851197e-01
6.802137582991663045e-01
6.979182454894348187e-01
6.960411853994145082e-01
-6.300826163841067862e-01
-6.370079148700942273e-01
-6.396612556949187178e-01
-6.358851373988867461e-01
-8.677162489414291802e-01
-8.545728198665393238e-01
-8.576983509659179550e-01
-8.578716143665291449e-01
8.806293140861976010e-01
8.941306966575841564e-01
8.857745664122887996e-01
8.909948969985029832e-01
5.795007491587484960e-01
5.659499146886167731e-01
5.787703074975775186e-01
5.653636318254491311e-01
9.400793084703322755e-01
9.528930109388074055e-01
9.506659699081217996e-01
9.448836179753909992e-01
3.637123567476353569e-01
3.641462508680907151e-01
3.616856557237485004e-01
3.607621080222245813e-01
7.437982651438695969e-01
7.473864185657368431e-01
7.502544325736469899e-01
7.414846605322740203e-01
6.545512926796234199e-01
6.677851021954284150e-01
6.574535692732066394e-01
6.589674383526766821e-01
8.249346672000725800e-01
8.278929058257018525e-01
8.276264783771014599e-01
8.270019583188962242e-01
1.409952023847487745e-01
1.482433751844448311e-01
1.411228256104533896e-01
1.462534120417703365e-01
1.071189380511677891e-01
1.019066438597202306e-01
1.094560446630808842e-01
9.936618853882300817e-02
6.029749906961693329e-01
5.923898203418874742e-01
6.067588441783139386e-01
6.091808597759220678e-01
3.928236670174350409e-01
3.896090014460442674e-01
3.857678577622696281e-01
3.854294345669531108e-01
8.557772459251573594e-01
8.528347575572771122e-01
8.708197971522985137e-01
8.519348865574205565e-01
6.331221781921297920e-01
6.271339818638692609e-01
6.276724939072171328e-01
6.255145834828501616e-01
1.088710175760152943e+00
1.070282623914147413e+00
1.070242644726722148e+00
1.085724396072951903e+00
1.290070619460899737e+00
1.274247100507104768e+00
1.286456183266950548e+00
1.277783116560288423e+00
-1.082053207465306865e+00
-1.082592810802829542e+00
-1.088230056936285273e+00
-1.071398386014868587e+00
-1.289323275967175775e+00
-1.276815334755434961e+00
-1.284514511682348648e+00
-1.283255392499480951e+00
-1.999755713881308683e+00
-1.999022915200933559e+00
-1.997801782971425189e+00
-1.996092615498435530e+00
-1.993895830307847561e+00
-1.991211964043786642e+00
-1.988041672337557353e+00
-1.980245029069304330e+00
-1.975620582119016477e+00
-1.970513518484716675e+00
-1.964925085751153100e+00
-1.958856649094863567e+00
-1.952309690950679189e+00
-1.882923526531021796e+00
-1.893231350580865335e+00
-1.903076684492286619e+00
-1.945285810649631797e+00
-1.912457123186883212e+00
-1.921370375153678367e+00
-1.929814263008972075e+00
-1.872155730401086959e+00
-1.837119371703159532e+00
-1.824539105329790800e+00
-1.811513129379974663e+00
-1.798044625918834738e+00
-1.784136885114766313e+00
-1.849250855315645703e+00
-1.769793304435836934e+00
-1.724183089712812311e+00
-1.708132240613146946e+00
-1.691664118518195536e+00
-1.674782746361605623e+00
-1.739812744817575973e+00
-1.984385729647362373e+00
-1.657492248028246795e+00
-1.937786724028131680e+00
1.999755713881305796e+00
-1.639796847346857378e+00
1.999022915200934447e+00
1.997801782971424744e+00
1.996092615498430867e+00
-1.860930592614177037e+00
-1.603208727758993701e+00
-1.584324946822251778e+00
-1.545401006764025365e+00
-1.565054137293511172e+00
-1.525370356220767665e+00
-1.504967078873619579e+00
1.993895830307844230e+00
1.991211964043809957e+00
1.970513518484721338e+00
1.975620582119022473e+00
1.988041672337551136e+00
1.964925085751161760e+00
1.980245029069316098e+00
-1.484196158960006340e+00
1.958856649094866009e+00
1.952309690950702947e+00
-1.755017387819663766e+00
-1.419728725885619047e+00
-1.397538855557686421e+00
-1.375007585887005002e+00
-1.441571776193483423e+00
-1.352140420950008748e+00
1.945285810649629576e+00
1.903076684492291948e+00
1.912457123186881214e+00
1.921370375153683918e+00
1.929814263008967412e+00
1.893231350580862671e+00
-1.328942946877647469e+00
1.882923526531026015e+00
-1.621700867058176510e+00
-1.305420830490831463e+00
1.872155730401076523e+00
1.798044625918826966e+00
1.811513129379982212e+00
1.824539105329800126e+00
1.837119371703161308e+00
1.784136885114775639e+00
1.849250855315639264e+00
-1.208202024302862387e+00
-1.232964476795574527e+00
-1.463062670527335740e+00
-1.183144424827048846e+00
-1.257425733181759764e+00
-1.157797799591825383e+00
-1.132168340425914632e+00
1.769793304435833381e+00
1.674782746361597852e+00
1.691664118518190207e+00
1.708132240613132513e+00
1.724183089712810091e+00
1.739812744817588630e+00
1.657492248028235249e+00
1.984385729647358376e+00
-1.106262308250397508e+00
1.639796847346850273e+00
-1.026948387029682719e+00
-9.999999999999993339e-01
-9.728073268516214123e-01
1.937786724028128571e+00
1.860930592614164159e+00
1.565054137293519165e+00
1.545401006764028029e+00
1.525370356220769441e+00
1.584324946822260438e+00
1.603208727758995700e+00
1.504967078873613584e+00
1.484196158960001011e+00
-1.053645904823803159e+00
-9.453770103771381716e-01
-9.177157514220780632e-01
1.755017387819657326e+00
-8.898303072480306941e-01
-7.181948489372504962e-01
-7.472805522737174799e-01
-7.761837053444989865e-01
-8.048972475105081736e-01
1.441571776193486532e+00
1.419728725885610165e+00
1.397538855557681536e+00
1.621700867058179174e+00
1.375007585887010553e+00
1.352140420950012523e+00
-6.889337005686692050e-01
1.328942946877649911e+00
1.463062670527340625e+00
1.305420830490829021e+00
1.232964476795586517e+00
1.208202024302872157e+00
-8.334141644519733605e-01
-6.595042552603357366e-01
-5.702782247626153600e-01
-5.402478684704453693e-01
-5.100855371233501412e-01
-4.797985989601959989e-01
-4.493944526595439748e-01
1.257425733181765315e+00
-6.001692700006852066e-01
1.183144424827048846e+00
-4.188805255322879395e-01
-2.958764553206594261e-01
-2.649259084933781594e-01
-3.267547236370628716e-01
1.157797799591820054e+00
1.132168340425906417e+00
1.106262308250405502e+00
-2.339106439441652197e-01
-2.028382382716241161e-01
-3.575531703102620140e-01
-1.717162820331314954e-01
-7.812918591763824694e-02
-4.688514720652047635e-02
-1.562965510476706232e-02
1.562965510476827316e-02
1.026948387029680498e+00
1.053645904823792945e+00
9.999999999999971134e-01
9.728073268516219674e-01
4.688514720652131595e-02
2.339106439441641094e-01
2.028382382716219234e-01
2.649259084933776598e-01
1.717162820331320783e-01
2.958764553206603143e-01
-3.882642717072555816e-01
9.177157514220735113e-01
-1.405523778905850840e-01
-1.093541387531715564e-01
7.812918591763999554e-02
8.048972475105073965e-01
7.761837053444967660e-01
3.267547236370625940e-01
4.188805255322890497e-01
4.493944526595434197e-01
5.402478684704448142e-01
5.100855371233550262e-01
4.797985989601935009e-01
7.181948489372513844e-01
6.889337005686657633e-01
-6.299137022172255351e-01
-8.617274898819436979e-01
8.898303072480345799e-01
5.702782247626128065e-01
9.453770103771302891e-01
3.575531703102600156e-01
7.472805522737208106e-01
6.595042552603310737e-01
8.334141644519746928e-01
1.405523778905858889e-01
1.093541387531711123e-01
6.001692700006844294e-01
3.882642717072559146e-01
8.617274898819410334e-01
6.299137022172238698e-01
1.080086031549348347e+00
1.281579817916052022e+00
-1.080086031549353676e+00
-1.281579817916054020e+00
