-6.000000000000000000e+02
-5.939698492462312061e+02
-5.879396984924622984e+02
-5.819095477386935045e+02
-5.758793969849245968e+02
-5.698492462311558029e+02
-5.638190954773868953e+02
-5.577889447236181013e+02
-5.517587939698491937e+02
-5.457286432160803997e+02
-5.396984924623116058e+02
-5.336683417085426981e+02
-5.276381909547739042e+02
-5.216080402010049966e+02
-5.155778894472362026e+02
-5.095477386934673518e+02
-5.035175879396985010e+02
-4.974874371859296502e+02
-4.914572864321607994e+02
-4.854271356783919487e+02
-4.793969849246230979e+02
-4.733668341708542471e+02
-4.673366834170853963e+02
-4.613065326633166023e+02
-4.552763819095476947e+02
-4.492462311557789008e+02
-4.432160804020100500e+02
-4.371859296482411992e+02
-4.311557788944723484e+02
-4.251256281407034976e+02
-4.190954773869347036e+02
-4.130653266331657960e+02
-4.070351758793970021e+02
-4.010050251256280944e+02
-3.949748743718593005e+02
-3.889447236180904497e+02
-3.829145728643215989e+02
-3.768844221105527481e+02
-3.708542713567838973e+02
-3.648241206030151034e+02
-3.587939698492461957e+02
-3.527638190954774018e+02
-3.467336683417084942e+02
-3.407035175879397002e+02
-3.346733668341708494e+02
-3.286432160804019986e+02
-3.226130653266331478e+02
-3.165829145728642970e+02
-3.105527638190954463e+02
-3.045226130653265955e+02
-2.984924623115577447e+02
-2.924623115577889507e+02
-2.864321608040200999e+02
-2.804020100502512491e+02
-2.743718592964823983e+02
-2.683417085427135476e+02
-2.623115577889446968e+02
-2.562814070351758460e+02
-2.502512562814069952e+02
-2.442211055276381444e+02
-2.381909547738693504e+02
-2.321608040201004997e+02
-2.261306532663316489e+02
-2.201005025125627981e+02
-2.140703517587939473e+02
-2.080402010050250965e+02
-2.020100502512562457e+02
-1.959798994974873949e+02
-1.899497487437185441e+02
-1.839195979899497502e+02
-1.778894472361808994e+02
-1.718592964824120486e+02
-1.658291457286431978e+02
-1.597989949748743470e+02
-1.537688442211054962e+02
-1.477386934673366454e+02
-1.417085427135677946e+02
-1.356783919597989438e+02
-1.296482412060301499e+02
-1.236180904522612991e+02
-1.175879396984924483e+02
-1.115577889447235975e+02
-1.055276381909547467e+02
-9.949748743718589594e+01
-9.346733668341704515e+01
-8.743718592964819436e+01
-8.140703517587940041e+01
-7.537688442211049278e+01
-6.934673366834169883e+01
-6.331658291457279120e+01
-5.728643216080399725e+01
-5.125628140703508961e+01
-4.522613065326629567e+01
-3.919597989949750172e+01
-3.316582914572859409e+01
-2.713567839195980014e+01
-2.110552763819089250e+01
-1.507537688442209856e+01
-9.045226130653190921e+00
-3.015075376884396974e+00
3.015075376884510661e+00
9.045226130653304608e+00
1.507537688442209856e+01
2.110552763819100619e+01
2.713567839195980014e+01
3.316582914572870777e+01
3.919597989949750172e+01
4.522613065326640935e+01
5.125628140703520330e+01
5.728643216080411094e+01
6.331658291457290488e+01
6.934673366834169883e+01
7.537688442211060647e+01
8.140703517587940041e+01
8.743718592964830805e+01
9.346733668341710199e+01
9.949748743718600963e+01
1.055276381909548036e+02
1.115577889447237112e+02
1.175879396984925052e+02
1.236180904522612991e+02
1.296482412060302067e+02
1.356783919597990007e+02
1.417085427135679083e+02
1.477386934673367023e+02
1.537688442211056099e+02
1.597989949748744039e+02
1.658291457286433115e+02
1.718592964824121054e+02
1.778894472361808994e+02
1.839195979899498070e+02
1.899497487437186010e+02
1.959798994974875086e+02
2.020100502512563025e+02
2.080402010050252102e+02
2.140703517587940041e+02
2.201005025125629118e+02
2.261306532663317057e+02
2.321608040201004997e+02
2.381909547738694073e+02
2.442211055276382012e+02
2.502512562814071089e+02
2.562814070351759028e+02
2.623115577889448105e+02
2.683417085427136044e+02
2.743718592964825120e+02
2.804020100502513060e+02
2.864321608040200999e+02
2.924623115577890076e+02
2.984924623115578015e+02
3.045226130653267091e+02
3.105527638190955031e+02
3.165829145728644107e+02
3.226130653266332047e+02
3.286432160804021123e+02
3.346733668341709063e+02
3.407035175879397002e+02
3.467336683417086078e+02
3.527638190954774018e+02
3.587939698492463094e+02
3.648241206030151034e+02
3.708542713567840110e+02
3.768844221105528050e+02
3.829145728643217126e+02
3.889447236180905065e+02
3.949748743718593005e+02
4.010050251256282081e+02
4.070351758793970021e+02
4.130653266331659097e+02
4.190954773869347036e+02
4.251256281407036113e+02
4.311557788944724052e+02
4.371859296482411992e+02
4.432160804020102205e+02
4.492462311557790144e+02
4.552763819095478084e+02
4.613065326633166023e+02
4.673366834170853963e+02
4.733668341708544176e+02
4.793969849246232116e+02
4.854271356783920055e+02
4.914572864321607994e+02
4.974874371859298208e+02
5.035175879396986147e+02
5.095477386934674087e+02
5.155778894472362026e+02
5.216080402010049966e+02
5.276381909547740179e+02
5.336683417085428118e+02
5.396984924623116058e+02
5.457286432160803997e+02
5.517587939698494210e+02
5.577889447236182150e+02
5.638190954773870089e+02
5.698492462311558029e+02
5.758793969849245968e+02
5.819095477386936182e+02
5.879396984924624121e+02
5.939698492462312061e+02
6.000000000000000000e+02
