9.999999999999999547e-07
1.047370897959448737e-06
1.096985797892384023e-06
1.148951000187308475e-06
1.203377840777590506e-06
1.260382929679727474e-06
1.320088400831416760e-06
1.382622173764656422e-06
1.448118227674533100e-06
1.516716888470924146e-06
1.588565129428052708e-06
1.663816886076127416e-06
1.742633386009650705e-06
1.825183494319042541e-06
1.911644075385703595e-06
2.002200371815584564e-06
2.097046401323230812e-06
2.196385372416546805e-06
2.300430119772916844e-06
2.409403560239526900e-06
2.523539170434765982e-06
2.643081486974102836e-06
2.768286630392066801e-06
2.899422853882875072e-06
3.036771118035460538e-06
3.180625692794119338e-06
3.331294787934669962e-06
3.489101213406773843e-06
3.654383070957254277e-06
3.827494478516314725e-06
4.008806328898464506e-06
4.198707084443905402e-06
4.397603609302721006e-06
4.605922041145103558e-06
4.824108704165373363e-06
5.052631065335680056e-06
5.291978735958436362e-06
5.542664520663106877e-06
5.805225516094895368e-06
6.080224261649427418e-06
6.368249944718586522e-06
6.669919663030114716e-06
6.985879746785248997e-06
7.316807143427191911e-06
7.663410868007462581e-06
8.026433522257174640e-06
8.406652885618315837e-06
8.804883581643465327e-06
9.221978823334321272e-06
9.658832241158708692e-06
1.011637979766207114e-05
1.059560179277614854e-05
1.109752496412072123e-05
1.162322468679851821e-05
1.217382727739661976e-05
1.275051240713012877e-05
1.335451562929897430e-05
1.398713102647238687e-05
1.464971398307284918e-05
1.534368408930013208e-05
1.607052818261638468e-05
1.683180353330955025e-05
1.762914118095948102e-05
1.846424942895542385e-05
1.933891750455232097e-05
2.025501939230666413e-05
2.121451784910627868e-05
2.221946860939523699e-05
2.327202478960407187e-05
2.437444150122221616e-05
2.552908068239516468e-05
2.673841615839943876e-05
2.800503894183631128e-05
2.933166278390042238e-05
3.072112998861759335e-05
3.217641750250735676e-05
3.370064329271925001e-05
3.529707302730650319e-05
3.696912707195031789e-05
3.872038781812557005e-05
4.055460735840827523e-05
4.247571552536893796e-05
4.448782831127585431e-05
4.659525668664686962e-05
4.880251583654433487e-05
5.111433483440165230e-05
5.353566677410718833e-05
5.607169938205458130e-05
5.872786613189488590e-05
6.150985788580504805e-05
6.442363508721369713e-05
6.747544053110686002e-05
7.067181273927491600e-05
7.401959996915652028e-05
7.752597488629464379e-05
8.119844993184009404e-05
8.504489341802668747e-05
8.907354638610440330e-05
9.329304026284696006e-05
9.771241535346501675e-05
1.023411402105452698e-04
1.071891319205127554e-04
1.122667773510813578e-04
1.175849554052156934e-04
1.231550603292826216e-04
1.289890261253308021e-04
1.350993521198026509e-04
1.414991297434575767e-04
1.482020705798858503e-04
1.552225357427048096e-04
1.625755666443795110e-04
1.702769172225899476e-04
1.783430876931909215e-04
1.867913599020782809e-04
1.956398343517064872e-04
2.049074689815848173e-04
2.146141197858403608e-04
2.247805833548725178e-04
2.354286414322417768e-04
2.465811075822603774e-04
2.582618760682677613e-04
2.704959730463134368e-04
2.833096101839323875e-04
2.967302408188869536e-04
3.107866187782013824e-04
3.255088599835059718e-04
3.409285069746810937e-04
3.570785964900462521e-04
3.739937302478797796e-04
3.917101490809260728e-04
4.102658105827194793e-04
4.297004704320839491e-04
4.500557675700497698e-04
4.713753134116723800e-04
4.937047852839003808e-04
5.170920242896760938e-04
5.415871378079470779e-04
5.672426068491977658e-04
5.941133984965033281e-04
6.222570836730231293e-04
6.517339604882426947e-04
6.826071834272385728e-04
7.149428986597577062e-04
7.488103857590022510e-04
7.842822061337681189e-04
8.214343584919430634e-04
8.603464416684500826e-04
9.011018251665018231e-04
9.437878277775381061e-04
9.884959046625586658e-04
1.035321843295662538e-03
1.084365968689610842e-03
1.135733358343105071e-03
1.189534067370319513e-03
1.245883364295008152e-03
1.304901978014402992e-03
1.366716356462007289e-03
1.431458937523478591e-03
1.499268432786045498e-03
1.570290124729377445e-03
1.644676177994664444e-03
1.722585965398787389e-03
1.804186409392071833e-03
1.889652339691209534e-03
1.979166867853557332e-03
2.072921779595371904e-03
2.171117945694505096e-03
2.273965752357927448e-03
2.381685551976158062e-03
2.494508135230316410e-03
2.612675225563328932e-03
2.736439997074671757e-03
2.866067616948250220e-03
3.001835813575588850e-03
3.144035471591500111e-03
3.292971255097151308e-03
3.448962260405759751e-03
3.612342699709430310e-03
3.783462617131928916e-03
3.962688638701478659e-03
4.150404757850476717e-03
4.347013158125026359e-03
4.552935074866947852e-03
4.768611697714469390e-03
4.994505115855140363e-03
5.231099308056263129e-03
5.478901179593945181e-03
5.738441648302393047e-03
6.010276782070381706e-03
6.294988990221887619e-03
6.593188271333548338e-03
6.905513520162331019e-03
7.232633896483533706e-03
7.575250258771912271e-03
7.934096665797491649e-03
8.309941949353395751e-03
8.703591361485166558e-03
9.115888299750827400e-03
9.547716114208055702e-03
1.000000000000000021e-02
