9.999723953004717725e-01
9.999231920632442039e-01
9.997863066109829999e-01
9.994056118646800213e-01
9.983478302206736377e-01
9.954162389478450335e-01
9.873487827964726460e-01
9.655736001444245042e-01
9.097451434387862079e-01
7.836652680530342696e-01
7.836652680530342696e-01
7.820981498922414676e-01
7.805228589274207929e-01
7.789393985313268765e-01
7.773477728097760719e-01
7.757479866086636200e-01
7.741400455208825582e-01
7.725239558931823458e-01
7.708997248329332308e-01
7.692673602147812595e-01
7.676268706872524383e-01
7.659782656792106792e-01
7.643215554062667838e-01
7.626567508770452086e-01
7.609838638993704496e-01
7.593029070863182017e-01
7.576138938621863606e-01
7.559168384683286890e-01
7.542117559688527040e-01
7.524986622562385152e-01
7.507775740567977918e-01
7.490485089360058302e-01
7.473114853037076122e-01
7.455665224191856399e-01
7.438136403960856624e-01
7.420528602071945201e-01
7.402842036890857624e-01
7.385076935465962888e-01
7.367233533571481141e-01
7.349312075749456774e-01
7.331312815349656509e-01
7.313236014568162968e-01
7.295081944484168579e-01
7.276850885095087484e-01
7.258543125349993241e-01
7.240158963181012597e-01
7.221698705533536877e-01
7.203162668393725543e-01
7.184551176814967244e-01
7.165864564941994974e-01
7.147103176033199334e-01
7.128267362480955605e-01
7.109357485830025691e-01
7.090373916793947240e-01
7.071317035269365503e-01
7.052187230348270219e-01
7.032984900328205224e-01
7.013710452720383071e-01
6.994364304255504816e-01
6.974946880887648026e-01
6.955458617795720055e-01
6.935899959382938462e-01
6.916271359273903352e-01
6.896573280309448162e-01
6.876806194539277772e-01
6.856970583212150805e-01
6.837066936764129021e-01
6.817095754803857988e-01
6.797057546096110237e-01
6.776952828542605056e-01
6.756782129160554540e-01
6.736545984058752712e-01
6.716244938411353171e-01
6.695879546429091000e-01
6.675450371328082166e-01
6.654957985296368062e-01
6.634402969457596777e-01
6.613785913832679331e-01
6.593107417298633699e-01
6.572368087545084059e-01
6.551568541028254256e-01
6.530709402922515450e-01
6.509791307069213717e-01
6.488814895923278314e-01
6.467780820497127658e-01
6.446689740302153915e-01
6.425542323287649626e-01
6.404339245777295186e-01
6.383081192403100568e-01
6.361768856036792430e-01
6.340402937718822018e-01
6.318984146584910588e-01
6.297513199789896987e-01
6.275990822429378113e-01
6.254417747458717036e-01
6.232794715609765168e-01
6.211122475304925450e-01
6.189401782569010635e-01
6.167633400938614674e-01
6.145818101369071584e-01
6.123956662139071749e-01
6.102049868753001149e-01
6.080098513840770380e-01
6.058103397055487616e-01
6.036065324968922230e-01
6.013985110964391589e-01
5.991863575127714947e-01
5.969701544135999072e-01
5.947499851143761562e-01
5.925259335667634186e-01
5.902980843468237371e-01
5.880665226430507042e-01
5.858313342441601179e-01
5.835926055266960066e-01
5.813504234424379247e-01
5.791048755056044106e-01
5.768560497798687070e-01
5.746040348651919594e-01
5.723489198844616821e-01
5.700907944699687979e-01
5.678297487496768436e-01
5.655658733333602806e-01
5.632992592985434088e-01
5.610299981762942867e-01
5.587581819368480085e-01
5.564839029750953125e-01
5.542072540958966620e-01
5.519283284992740901e-01
5.496472197654549419e-01
5.473640218397884949e-01
5.450788290175128115e-01
5.427917359284289978e-01
5.405028375214292469e-01
5.382122290489339544e-01
5.359200060511931651e-01
5.336262643405225159e-01
5.313310999854037320e-01
5.290346092945259482e-01
5.267368888007115668e-01
5.244380352447910454e-01
5.221381455593796517e-01
5.198373168525989296e-01
5.175356463917276661e-01
5.152332315867996781e-01
5.129301699741526388e-01
5.106265591999206155e-01
5.083224970035005175e-01
5.060180812009744677e-01
5.037134096685135232e-01
5.014085803257473106e-01
4.991036911191373271e-01
4.967988400053138243e-01
4.944941249344336209e-01
4.921896438335333634e-01
4.898854945898758473e-01
4.875817750343377499e-01
4.852785829247893701e-01
4.829760159295288791e-01
4.806741716107186813e-01
4.783731474078926071e-01
4.760730406214739308e-01
4.737739483963743226e-01
4.714759677056243881e-01
4.691791953340849197e-01
4.668837278622074427e-01
4.645896616498849108e-01
4.622970928203721241e-01
4.600061172442906354e-01
4.577168305237296342e-01
4.554293279764414226e-01
4.531437046201269303e-01
4.508600551568446857e-01
4.485784739575281455e-01
4.462990550466042761e-01
4.440218920867594621e-01
4.417470783638187126e-01
4.394747067717544309e-01
4.372048697978463405e-01
4.349376595079750274e-01
4.326731675320611981e-01
4.304114850496653100e-01
4.281527027757395243e-01
4.258969109465428060e-01
4.236441993057199484e-01
4.213946570905532374e-01
4.191483730183850342e-01
4.169054352732292079e-01
4.146659314925500439e-01
4.124299487542453235e-01
4.101975735638029863e-01
4.079688918416682353e-01
4.057439889107933295e-01
4.035229494844039255e-01
4.013058576539608180e-01
3.990927968773291257e-01
3.968838499671679676e-01
3.946790990795246423e-01
3.924786257026512404e-01
3.902825106460439120e-01
3.880908340296979064e-01
3.859036752735915954e-01
3.837211130874043086e-01
3.815432254604516071e-01
3.793700896518653054e-01
3.772017821810046967e-01
3.750383788180924327e-01
3.728799545751112499e-01
3.707265836969172446e-01
3.685783396526165490e-01
3.664352951271625525e-01
3.642975220132153025e-01
3.621650914032388258e-01
3.600380735818433653e-01
3.579165380183814138e-01
3.558005533597857206e-01
3.536901874236605403e-01
3.515855071916170749e-01
3.494865788028695408e-01
3.473934675480679357e-01
3.453062378633918739e-01
3.432249533248907247e-01
3.411496766430770489e-01
3.390804696577657262e-01
3.370173933331700455e-01
3.349605077532414321e-01
3.329098721172624176e-01
3.308655447356923518e-01
3.288275830262477051e-01
3.267960435102484351e-01
3.247709818091936707e-01
3.227524526415995743e-01
3.207405098200609705e-01
3.187352062485817594e-01
3.167365939201221559e-01
3.147447239144063325e-01
3.127596463959544382e-01
3.107814106123647502e-01
3.088100648928197023e-01
3.068456566468373836e-01
3.048882323632443048e-01
3.029378376093876390e-01
3.009945170305696194e-01
2.990583143497123619e-01
2.971292723672422920e-01
2.952074329612012771e-01
2.932928370875725332e-01
2.913855247808255777e-01
2.894855351546802846e-01
2.875929064030704474e-01
2.857076758013328277e-01
2.838298797075906599e-01
2.819595535643468209e-01
2.800967319002785061e-01
2.782414483322267484e-01
2.763937355673863894e-01
2.745536254056850645e-01
2.727211487423530922e-01
2.708963355706818787e-01
2.690792149849633996e-01
2.672698151836113145e-01
2.654681634724591621e-01
2.636742862682359689e-01
2.618882091022060044e-01
2.601099566239843397e-01
2.583395526055112801e-01
2.565770199451914424e-01
2.548223806721892082e-01
2.530756559508785530e-01
2.513368660854455872e-01
2.496060305246388111e-01
2.478831678666617855e-01
2.461682958642109620e-01
2.444614314296486846e-01
2.427625906403066136e-01
2.410717887439296492e-01
2.393890401642416454e-01
2.377143585066305298e-01
2.360477565639642616e-01
2.343892463225163147e-01
2.327388389680078162e-01
2.310965448917582099e-01
2.294623736969476357e-01
2.278363342049746221e-01
2.262184344619216358e-01
2.246086817451134754e-01
2.230070825697696990e-01
2.214136426957452608e-01
2.198283671343629342e-01
2.182512601553222298e-01
2.166823252936926902e-01
2.151215653569840958e-01
2.135689824322861974e-01
2.120245778934803649e-01
2.104883524085250646e-01
2.089603059467897705e-01
2.074404377864648152e-01
2.059287465220200342e-01
2.044252300717203097e-01
2.029298856851909638e-01
2.014427099510323893e-01
1.999636988044816155e-01
1.984928475351109833e-01
1.970301507945709241e-01
1.955756026043670714e-01
1.941291963636683771e-01
1.926909248571520572e-01
1.912607802628693565e-01
1.898387541601388728e-01
1.884248375374653339e-01
1.870190208004723909e-01
1.856212937798546458e-01
1.842316457393474161e-01
1.828500653837002443e-01
1.814765408666677016e-01
1.801110597990018825e-01
1.787536092564508683e-01
1.774041757877590220e-01
1.760627454226645350e-01
1.747293036798993615e-01
1.734038355751769678e-01
1.720863256291794430e-01
1.707767578755285121e-01
1.694751158687519410e-01
1.681813826922289035e-01
1.668955409661261047e-01
1.656175728553104243e-01
1.643474600772454330e-01
1.630851839098647338e-01
1.618307251994217377e-01
1.605840643683137392e-01
1.593451814228802332e-01
1.581140559611687313e-01
1.568906671806749309e-01
1.556749938860462756e-01
1.544670144967521253e-01
1.532667070547219512e-01
1.520740492319414550e-01
1.508890183380136585e-01
1.497115913276782506e-01
1.485417448082905212e-01
1.473794550472583564e-01
1.462246979794316060e-01
1.450774492144503713e-01
1.439376840440455274e-01
1.428053774492890338e-01
1.416805041077992822e-01
1.405630384008929590e-01
1.394529544206896121e-01
1.383502259771599852e-01
1.372548266051237253e-01
1.361667295711946335e-01
1.350859078806666835e-01
1.340123342843485832e-01
1.329459812853389933e-01
1.318868211457455142e-01
1.308348258933463848e-01
1.297899673281898147e-01
1.287522170291391654e-01
1.277215463603526835e-01
1.266979264777060299e-01
1.256813283351517208e-01
1.246717226910172283e-01
1.236690801142395629e-01
1.226733709905390296e-01
1.216845655285268835e-01
1.207026337657516601e-01
1.197275455746797529e-01
1.187592706686119992e-01
1.177977786075345840e-01
1.168430388039061463e-01
1.158950205283784674e-01
1.149536929154512249e-01
1.140190249690612861e-01
1.130909855681058590e-01
1.121695434718984474e-01
1.112546673255612878e-01
1.103463256653462593e-01
1.094444869238940937e-01
1.085491194354232802e-01
1.076601914408549521e-01
1.067776710928686895e-01
1.059015264608936940e-01
1.050317255360310592e-01
1.041682362359111214e-01
1.033110264094835584e-01
1.024600638417407505e-01
1.016153162583741665e-01
1.007767513303664680e-01
9.994433667851579384e-02
9.911803987789383208e-02
9.829782846223913961e-02
9.748366992828425004e-02
9.667553174001820848e-02
9.587338133288214603e-02
9.507718611790248742e-02
9.428691348575654607e-02
9.350253081077734840e-02
9.272400545489006829e-02
9.195130477148939774e-02
9.118439610924902738e-02
9.042324681587171620e-02
8.966782424177370536e-02
8.891809574370906910e-02
8.817402868833006113e-02
8.743559045568687071e-02
8.670274844266623315e-02
8.597547006636879763e-02
8.525372276742516908e-02
8.453747401325438504e-02
8.382669130126010892e-02
8.312134216196841174e-02
8.242139416210794711e-02
8.172681490763114565e-02
8.103757204667635938e-02
8.035363327247505016e-02
7.967496632619998354e-02
7.900153899975792537e-02
7.833331913852652206e-02
7.767027464403611359e-02
7.701237347659500854e-02
7.635958365786234270e-02
7.571187327336541262e-02
7.506921047496516175e-02
7.443156348326712690e-02
7.379890058998170299e-02
7.317119016023017342e-02
7.254840063480318124e-02
7.193050053236443864e-02
7.131745845160634978e-02
7.070924307335597903e-02
7.010582316263105906e-02
6.950716757064755169e-02
6.891324523677963554e-02
6.832402519047152400e-02
6.773947655310205707e-02
6.715956853980444008e-02
6.658427046123738258e-02
6.601355172531393756e-02
6.544738183888247629e-02
6.488573040936576608e-02
6.432856714635508399e-02
6.377586186316158701e-02
6.322758447832459161e-02
6.268370501707834497e-02
6.214419361277679493e-02
6.160902050827739285e-02
6.107815605728483810e-02
6.055157072565378606e-02
6.002923509265428031e-02
5.951111985219553757e-02
5.899719581401362267e-02
5.848743390482066817e-02
5.798180516941605495e-02
5.748028077176218359e-02
5.698283199602315052e-02
5.648943024756789000e-02
5.600004705393823307e-02
5.551465406578252187e-02
5.503322305775486256e-02
5.455572592938083554e-02
5.408213470588964927e-02
5.361242153901508295e-02
5.314655870776247709e-02
5.268451861914577594e-02
5.222627380889211662e-02
5.177179694211692107e-02
5.132106081396861641e-02
5.087403835024298382e-02
5.043070260796934934e-02
4.999102677596771460e-02
4.955498417537766709e-02
4.912254826015945847e-02
4.869369261756832656e-02
4.826839096860181116e-02
4.784661716842004281e-02
4.742834520674175935e-02
4.701354920821327471e-02
4.660220343275339738e-02
4.619428227587397268e-02
4.578976026897560447e-02
4.538861207962031213e-02
4.499081251178087965e-02
4.459633650606749378e-02
4.420515913993156715e-02
4.381725562784857114e-02
4.343260132147799130e-02
4.305117170980374969e-02
4.267294241925252002e-02
4.229788921379269012e-02
4.192598799501284085e-02
4.155721480218116382e-02
4.119154581228522127e-02
4.082895734005344973e-02
4.046942583795844206e-02
4.011292789620125865e-02
3.975944024267928645e-02
3.940893974293615404e-02
3.906140340009493089e-02
3.871680835477493005e-02
3.837513188499212108e-02
3.803635140604379877e-02
3.770044447037772251e-02
3.736738876744651050e-02
3.703716212354609544e-02
3.670974250164144026e-02
3.638510800117628757e-02
3.606323685787047456e-02
3.574410744350272479e-02
3.542769826568126224e-02
3.511398796760029084e-02
3.480295532778501094e-02
3.449457925982395839e-02
3.418883881208879122e-02
3.388571316744345974e-02
3.358518164294108099e-02
3.328722368950996074e-02
3.299181889162913772e-02
3.269894696699268688e-02
3.240858776616423881e-02
3.212072127222135448e-02
3.183532760038993575e-02
3.155238699766967081e-02
3.127187984244947372e-02
3.099378664411438569e-02
3.071808804264395537e-02
3.044476480820151182e-02
3.017379784071571799e-02
2.990516816945374204e-02
2.963885695258680272e-02
2.937484547674834579e-02
2.911311515658440013e-02
2.885364753429737333e-02
2.859642427918237043e-02
2.834142718715753489e-02
2.808863818028722176e-02
2.783803930629942872e-02
2.758961273809694414e-02
2.734334077326271151e-02
2.709920583355939286e-02
2.685719046442376287e-02
2.661727733445558991e-02
2.637944923490155580e-02
2.614368907913418999e-02
2.590997990212607488e-02
2.567830485991991554e-02
2.544864722909340182e-02
2.522099040622093752e-02
2.499531790733033887e-02
2.477161336735652503e-02
2.454986053959070519e-02
2.433004329512701916e-02
2.411214562230479599e-02
2.389615162614822791e-02
2.368204552780274821e-02
2.346981166396850532e-02
2.325943448633114100e-02
2.305089856098990059e-02
2.284418856788292956e-02
2.263928930021095673e-02
2.243618566385797639e-02
2.223486267681012638e-02
2.203530546857280711e-02
2.183749927958568773e-02
2.164142946063614403e-02
2.144708147227090272e-02
2.125444088420671770e-02
2.106349337473890221e-02
2.087422473014927116e-02
2.068662084411285532e-02
2.050066771710322769e-02
2.031635145579732682e-02
2.013365827247923928e-02
1.995257448444334378e-02
1.977308651339701115e-02
1.959518088486227397e-02
1.941884422757782572e-02
1.924406327290015262e-02
1.907082485420462381e-02
1.889911590628643237e-02
1.872892346476146691e-02
1.856023466546736014e-02
1.839303674386446458e-02
1.822731703443708148e-02
1.806306297009506456e-02
1.790026208157565607e-02
1.773890199684610008e-02
1.757897044050608926e-02
1.742045523319160974e-02
1.726334429097875836e-02
1.710762562478880533e-02
1.695328733979367675e-02
1.680031763482256468e-02
1.664870480176927278e-02
1.649843722500062698e-02
1.634950338076597912e-02
1.620189183660786236e-02
1.605559125077350713e-02
1.591059037162795980e-02
1.576687803706838462e-02
1.562444317393947048e-02
1.548327479745052748e-02
1.534336201059380289e-02
1.520469400356447807e-02
1.506726005318185201e-02
1.493104952231259427e-02
1.479605185929528353e-02
1.466225659736658526e-02
1.452965335408945742e-02
1.439823183078265539e-02
1.426798181195248170e-02
1.413889316472617154e-02
1.401095583828699219e-02
1.388415986331147968e-02
1.375849535140855236e-02
1.363395249456063156e-02
1.351052156456671906e-02
1.338819291248735839e-02
1.326695696809212718e-02
1.314680423930875489e-02
1.302772531167460494e-02
1.290971084779034272e-02
1.279275158677567990e-02
1.267683834372732021e-02
1.256196200917939626e-02
1.244811354856583188e-02
1.233528400168520077e-02
1.222346448216779166e-02
1.211264617694514552e-02
1.200282034572177151e-02
1.189397832044939915e-02
1.178611150480347002e-02
1.167921137366215861e-02
1.157326947258771437e-02
1.146827741731037617e-02
1.136422689321471731e-02
1.126110965482824723e-02
1.115891752531288257e-02
1.105764239595865769e-02
1.095727622567991937e-02
1.085781104051434555e-02
1.075923893312409965e-02
1.066155206229988869e-02
1.056474265246743274e-02
1.046880299319638552e-02
1.037372543871213117e-02
1.027950240740991422e-02
1.018612638137168097e-02
1.009358990588546390e-02
1.000188558896748098e-02
9.911006100886765938e-03
9.820944173692440493e-03
9.731692600743597349e-03
9.643244236241861611e-03
9.555591994766609795e-03
9.468728850812723266e-03
9.382647838331087745e-03
9.297342050271703573e-03
9.212804638129422352e-03
9.129028811492393217e-03
9.046007837593149359e-03
8.963735040862270617e-03
8.882203802484781724e-03
8.801407559959185598e-03
8.721339806659129945e-03
8.641994091397826872e-03
8.563364017994892427e-03
8.485443244846110900e-03
8.408225484495702312e-03
8.331704503211181598e-03
8.255874120561069660e-03
8.180728208994996614e-03
8.106260693426623962e-03
8.032465550819123737e-03
7.959336809773341279e-03
7.886868550118520185e-03
7.815054902505636295e-03
7.743890048003480332e-03
7.673368217697198665e-03
7.603483692289587058e-03
7.534230801704824322e-03
7.465603924694955498e-03
7.397597488448868705e-03
7.330205968203880144e-03
7.263423886859942009e-03
7.197245814596363138e-03
7.131666368491107466e-03
7.066680212142689363e-03
7.002282055294530537e-03
6.938466653462005765e-03
6.875228807561880803e-03
6.812563363544315957e-03
6.750465212027458722e-03
6.688929287934436418e-03
6.627950570132976928e-03
6.567524081077386923e-03
6.507644886453132181e-03
6.448308094823799672e-03
6.389508857280611423e-03
6.331242367094382616e-03
6.273503859369792927e-03
6.216288610702292924e-03
6.159591938837358401e-03
6.103409202332099603e-03
6.047735800219375402e-03
5.992567171674281420e-03
5.937898795682974851e-03
5.883726190713911390e-03
5.830044914391547227e-03
5.776850563172206826e-03
5.724138772022446114e-03
5.671905214099707236e-03
5.620145600435299572e-03
5.568855679619689678e-03
5.518031237490130490e-03
5.467668096820518797e-03
5.417762117013594572e-03
5.368309193795385049e-03
5.319305258911948171e-03
5.270746279828274032e-03
5.222628259429524730e-03
5.174947235724472981e-03
5.127699281551089186e-03
5.080880504284416600e-03
5.034487045546653938e-03
4.988515080919246787e-03
4.942960819657430185e-03
4.897820504406644702e-03
4.853090410921281385e-03
4.808766847785531789e-03
4.764846156136278918e-03
4.721324709388181710e-03
4.678198912960829063e-03
4.635465204007978117e-03
4.593120051148890694e-03
4.551159954201687216e-03
4.509581443918804847e-03
4.468381081724451427e-03
4.427555459454127207e-03
4.387101199096119820e-03
4.347014952535049707e-03
4.307293401297360158e-03
4.267933256298834382e-03
4.228931257594042460e-03
4.190284174127758936e-03
4.151988803488354529e-03
4.114041971663039664e-03
4.076440532795137621e-03
4.039181368943186093e-03
4.002261389841946931e-03
3.965677532665337103e-03
3.929426761791210594e-03
3.893506068567981291e-03
3.857912471083141046e-03
3.822643013933575348e-03
3.787694767997728217e-03
3.753064830209553848e-03
3.718750323334336569e-03
3.684748395746209083e-03
3.651056221207528169e-03
3.617670998649957347e-03
3.584589951957375779e-03
3.551810329750433853e-03
3.519329405172969254e-03
3.487144475680014656e-03
3.455252862827583923e-03
3.423651912064177866e-03
3.392338992523897222e-03
3.361311496821331544e-03
3.330566840847998082e-03
3.300102463570557879e-03
3.269915826830542376e-03
3.240004415145825156e-03
3.210365735513644962e-03
3.180997317215260647e-03
3.151896711622166093e-03
3.123061492003965239e-03
3.094489253337730315e-03
3.066177612119016724e-03
3.038124206174332501e-03
3.010326694475209779e-03
2.982782756953825803e-03
2.955490094320042081e-03
2.928446427880116668e-03
2.901649499356710130e-03
2.875097070710553801e-03
2.848786923963506253e-03
2.822716861023095557e-03
2.796884703508506573e-03
2.771288292578023230e-03
2.745925488757899793e-03
2.720794171772662837e-03
2.695892240376804045e-03
2.671217612187910644e-03
2.646768223521149804e-03
2.622542029225156859e-03
2.598537002519290054e-03
2.574751134832256160e-03
2.551182435642063585e-03
2.527828932317332904e-03
2.504688669959945733e-03
2.481759711248997247e-03
2.459040136286064476e-03
2.436528042441794741e-03
2.414221544203745250e-03
2.392118773025549323e-03
2.370217877177329454e-03
2.348517021597367176e-03
2.327014387745047954e-03
2.305708173455028182e-03
2.284596592792662896e-03
2.263677875910613535e-03
2.242950268906703827e-03
2.222412033682994760e-03
2.202061447806006201e-03
2.181896804368179711e-03
2.161916411850458956e-03
2.142118593986127792e-03
2.122501689625693952e-03
2.103064052603023475e-03
2.083804051602559763e-03
2.064720070027697106e-03
2.045810505870268754e-03
2.027073771581166042e-03
2.008508293942026530e-03
1.990112513938078771e-03
1.971884886632005798e-03
1.953823881038963504e-03
1.935927980002606890e-03
1.918195680072208326e-03
1.900625491380840285e-03
1.883215937524583506e-03
1.865965555442785327e-03
1.848872895299347131e-03
1.831936520365022060e-03
1.815155006900754427e-03
1.798526944041987539e-03
1.782050933683999123e-03
1.765725590368209070e-03
1.749549541169477702e-03
1.733521425584376571e-03
1.717639895420416821e-03
1.701903614686247701e-03
1.686311259482790089e-03
1.670861517895341243e-03
1.655553089886567086e-03
1.640384687190475687e-03
1.625355033207271553e-03
1.610462862899136481e-03
1.595706922686917226e-03
1.581085970347708303e-03
1.566598774913321654e-03
1.552244116569641459e-03
1.538020786556863230e-03
1.523927587070584861e-03
1.509963331163770468e-03
1.496126842649568361e-03
1.482416956004971439e-03
1.468832516275326737e-03
1.455372378979660720e-03
1.442035410016856119e-03
1.428820485572621308e-03
1.415726492027305364e-03
1.402752325864480313e-03
1.389896893580350179e-03
1.377159111593956277e-03
1.364537906158144916e-03
1.352032213271338280e-03
1.339640978590060563e-03
1.327363157342245159e-03
1.315197714241300372e-03
1.303143623400911067e-03
1.291199868250619658e-03
1.279365441452123093e-03
1.267639344816317301e-03
1.256020589221057632e-03
1.244508194529671524e-03
1.233101189510154867e-03
1.221798611755090446e-03
1.210599507602289982e-03
1.199502932056108803e-03
1.188507948709464825e-03
1.177613629666554021e-03
1.166819055466227027e-03
1.156123315006059218e-03
1.145525505467094498e-03
1.135024732239224652e-03
1.124620108847259768e-03
1.114310756877640507e-03
1.104095805905788317e-03
1.093974393424110075e-03
1.083945664770645870e-03
1.074008773058319826e-03
1.064162879104850771e-03
1.054407151363259644e-03
1.044740765853003793e-03
1.035162906091723414e-03
1.025672763027575410e-03
1.016269534972196083e-03
1.006952427534225664e-03
9.977206535534523593e-04
9.885734330355234242e-04
9.795099930872319585e-04
9.705295678524007664e-04
9.616313984483094036e-04
9.528147329027028978e-04
9.440788260913564496e-04
9.354229396761949179e-04
9.268463420439540827e-04
9.183483082454049328e-04
9.099281199351052021e-04
9.015850653116943073e-04
8.933184390587146657e-04
8.851275422859593940e-04
8.770116824713522410e-04
8.689701734033339516e-04
8.610023351237723003e-04
8.531074938713678222e-04
8.452849820255820207e-04
8.375341380510473947e-04
8.298543064424887756e-04
8.222448376701289776e-04
8.147050881255798451e-04
8.072344200682229258e-04
7.998322015720654580e-04
7.924978064730666847e-04
7.852306143169484817e-04
7.780300103074573375e-04
7.708953852550970952e-04
7.638261355263191183e-04
7.568216629931671718e-04
7.498813749833736558e-04
7.430046842308986278e-04
7.361910088269115046e-04
7.294397721712228165e-04
7.227504029241355477e-04
7.161223349587378557e-04
7.095550073136222069e-04
7.030478641460185694e-04
6.966003546853668160e-04
6.902119331872857283e-04
6.838820588879674419e-04
6.776101959589764072e-04
6.713958134624526492e-04
6.652383853067216036e-04
6.591373902022992521e-04
6.530923116182922334e-04
6.471026377391868572e-04
6.411678614220361287e-04
6.352874801540198471e-04
6.294609960103940416e-04
6.236879156128090351e-04
6.179677500880182556e-04
6.123000150269399542e-04
6.066842304440982865e-04
6.011199207374296610e-04
5.956066146484414537e-04
5.901438452227413022e-04
5.847311497709097678e-04
5.793680698297357708e-04
5.740541511237946338e-04
5.687889435273749128e-04
5.635720010267400307e-04
5.584028816827481300e-04
5.532811475937884048e-04
5.482063648590631850e-04
5.431781035421990754e-04
5.381959376351834641e-04
5.332594450226282434e-04
5.283682074463530443e-04
5.235218104702969852e-04
5.187198434457321533e-04
5.139618994768008296e-04
5.092475753863652879e-04
5.045764716821569441e-04
4.999481925232413318e-04
4.953623456867755964e-04
4.908185425350744448e-04
4.863163979829675286e-04
4.818555304654572593e-04
4.774355619056658349e-04
4.730561176830669237e-04
4.687168266020135519e-04
4.644173208605484804e-04
4.601572360194823791e-04
4.559362109717817585e-04
4.517538879121959128e-04
4.476099123071892831e-04
4.435039328651335416e-04
4.394356015067611850e-04
4.354045733359073627e-04
4.314105066104939709e-04
4.274530627137888080e-04
4.235319061259264022e-04
4.196467043956772307e-04
4.157971281124794773e-04
4.119828508787242230e-04
4.082035492822861538e-04
4.044589028693090023e-04
4.007485941172314104e-04
3.970723084080667129e-04
3.934297340019106198e-04
3.898205620107028191e-04
3.862444863722172919e-04
3.827012038242927783e-04
3.791904138792939619e-04
3.757118187988074372e-04
3.722651235685608072e-04
3.688500358735803046e-04
3.654662660735592903e-04
3.621135271784633254e-04
