5.088236925564679769e-01
5.088234623398163459e-01
5.088231689203244201e-01
5.088227949254988669e-01
5.088223181946064377e-01
5.088217104507708477e-01
5.088209355997834749e-01
5.088199475475265743e-01
5.088186873948127298e-01
5.088170798239299852e-01
5.088150284309694849e-01
5.088124096755215486e-01
5.088090650048086028e-01
5.088047905483858990e-01
5.087993235498512457e-01
5.087923243701621967e-01
5.087833524104433680e-01
5.087718335801424407e-01
5.087570158521943497e-01
5.087379078039812041e-01
5.087379078039812041e-01
5.087366628519495171e-01
5.087353994828818227e-01
5.087341174101944752e-01
5.087328163424614802e-01
5.087314959833487693e-01
5.087301560315093951e-01
5.087287961804872749e-01
5.087274161186290389e-01
5.087260155289806685e-01
5.087245940891867990e-01
5.087231514713917990e-01
5.087216873421324115e-01
5.087202013622322827e-01
5.087186931866889417e-01
5.087171624645672185e-01
5.087156088388853359e-01
5.087140319464951155e-01
5.087124314179675144e-01
5.087108068774659486e-01
5.087091579426231691e-01
5.087074842244246886e-01
5.087057853270680052e-01
5.087040608478277104e-01
5.087023103769355847e-01
5.087005334974287196e-01
5.086987297850155132e-01
5.086968988079286769e-01
5.086950401267813504e-01
5.086931532944113377e-01
5.086912378557307823e-01
5.086892933475724021e-01
5.086873192985199577e-01
5.086853152287545976e-01
5.086832806498815529e-01
5.086812150647509467e-01
5.086791179673068042e-01
5.086769888423764430e-01
5.086748271655101572e-01
5.086726324027873725e-01
5.086704040106214686e-01
5.086681414355708197e-01
5.086658441141304055e-01
5.086635114725407414e-01
5.086611429265605056e-01
5.086587378812672533e-01
5.086562957308375932e-01
5.086538158583138181e-01
5.086512976353860793e-01
5.086487404221513575e-01
5.086461435668790942e-01
5.086435064057698296e-01
5.086408282626867505e-01
5.086381084489277615e-01
5.086353462629428224e-01
5.086325409900758210e-01
5.086296919022859075e-01
5.086267982578747127e-01
5.086238593011925824e-01
5.086208742623491430e-01
5.086178423569145401e-01
5.086147627856135722e-01
5.086116347340066124e-01
5.086084573721790791e-01
5.086052298543982664e-01
5.086019513187990393e-01
5.085986208870203473e-01
5.085952376638603889e-01
5.085918007369240046e-01
5.085883091762471997e-01
5.085847620339219999e-01
5.085811583437147565e-01
5.085774971206669104e-01
5.085737773606988643e-01
5.085699980401880982e-01
5.085661581155559441e-01
5.085622565228317127e-01
5.085582921772064946e-01
5.085542639725892933e-01
5.085501707811385108e-01
5.085460114527852182e-01
5.085417848147563147e-01
5.085374896710725956e-01
5.085331248020386052e-01
5.085286889637309349e-01
5.085241808874562119e-01
5.085195992792131969e-01
5.085149428191332310e-01
5.085102101609055847e-01
5.085053999312049156e-01
5.085005107290786475e-01
5.084955411253441193e-01
5.084904896619588666e-01
5.084853548513844634e-01
5.084801351759219434e-01
5.084748290870432230e-01
5.084694350047102018e-01
5.084639513166586688e-01
5.084583763776870935e-01
5.084527085089129983e-01
5.084469459970186733e-01
5.084410870934846782e-01
5.084351300137893714e-01
5.084290729366046646e-01
5.084229140029588034e-01
5.084166513154004807e-01
5.084102829371137666e-01
5.084038068910448072e-01
5.083972211589754542e-01
5.083905236805990047e-01
5.083837123525654089e-01
5.083767850275018318e-01
5.083697395130141183e-01
5.083625735706605031e-01
5.083552849148960107e-01
5.083478712120217402e-01
5.083403300790574342e-01
5.083326590826340308e-01
5.083248557378393651e-01
5.083169175070338941e-01
5.083088417986515450e-01
5.083006259659537118e-01
5.082922673057753693e-01
5.082837630572205612e-01
5.082751104003488951e-01
5.082663064548048615e-01
5.082573482784366048e-01
5.082482328658739501e-01
5.082389571470726786e-01
5.082295179858236089e-01
5.082199121782257079e-01
5.082101364511285579e-01
5.082001874605355241e-01
5.081900617899638428e-01
5.081797559487747362e-01
5.081692663704598933e-01
5.081585894108803236e-01
5.081477213464818954e-01
5.081366583724568065e-01
5.081253966008515421e-01
5.081139320586640640e-01
5.081022606858524027e-01
5.080903783333347024e-01
5.080782807609210971e-01
5.080659636352018449e-01
5.080534225273927174e-01
5.080406529111198832e-01
5.080276501601583838e-01
5.080144095461289755e-01
5.080009262361120381e-01
5.079871952902432763e-01
5.079732116592242663e-01
5.079589701817870395e-01
5.079444655821064858e-01
5.079296924671420355e-01
5.079146453239223868e-01
5.078993185167708369e-01
5.078837062844566708e-01
5.078678027373049186e-01
5.078516018542071908e-01
5.078350974795884376e-01
5.078182833202989910e-01
5.078011529424355519e-01
5.077836997680869047e-01
5.077659170720090209e-01
5.077477979782187845e-01
5.077293354565294292e-01
5.077105223189859462e-01
5.076913512162378739e-01
5.076718146338063953e-01
5.076519048883064711e-01
5.076316141235528434e-01
5.076109343065896562e-01
5.075898572236384743e-01
5.075683744759421634e-01
5.075464774755309438e-01
5.075241574409021794e-01
5.075014053925757107e-01
5.074782121485819086e-01
5.074545683198395940e-01
5.074304643054334818e-01
5.074058902877922606e-01
5.073808362277653083e-01
5.073552918595810590e-01
5.073292466857142191e-01
5.073026899716385207e-01
5.072756107404599035e-01
5.072479977674445584e-01
5.072198395744341726e-01
5.071911244241318339e-01
5.071618403142831299e-01
5.071319749717303482e-01
5.071015158463405559e-01
5.070704501048085566e-01
5.070387646243483815e-01
5.070064459862235751e-01
5.069734804691905516e-01
5.069398540427627609e-01
5.069055523603798186e-01
5.068705607524166545e-01
5.068348642190528830e-01
5.067984474230231573e-01
5.067612946822055431e-01
5.067233899620618987e-01
5.066847168679569080e-01
5.066452586372981459e-01
5.066049981315567940e-01
5.065639178281053923e-01
5.065219998119285805e-01
5.064792257671684172e-01
5.064355769685021658e-01
5.063910342723827451e-01
5.063455781081022122e-01
5.062991884687023658e-01
5.062518449017090472e-01
5.062035264997303274e-01
5.061542118908507470e-01
5.061038792288873323e-01
5.060525061834642013e-01
5.060000699299226357e-01
5.059465471390476310e-01
5.058919139666487874e-01
5.058361460429334766e-01
5.057792184617431186e-01
5.057211057695836232e-01
5.056617819544994008e-01
5.056012204347672956e-01
5.055393940474131043e-01
5.054762750365592305e-01
5.054118350415839345e-01
5.053460450851159358e-01
5.052788755608499383e-01
5.052102962211867387e-01
5.051402761647061368e-01
5.050687838234464433e-01
5.049957869500367735e-01
5.049212526046421567e-01
5.048451471417434444e-01
5.047674361967466883e-01
5.046880846724348668e-01
5.046070567252400885e-01
5.045243157513736865e-01
5.044398243727724607e-01
5.043535444229212406e-01
5.042654369324919283e-01
5.041754621148553106e-01
5.040835793514215624e-01
5.039897471768857162e-01
5.038939232642813959e-01
5.037960644099469532e-01
5.036961265183295122e-01
5.035940645867147403e-01
5.034898326897890852e-01
5.033833839641312924e-01
5.032746705925883468e-01
5.031636437885699253e-01
5.030502537802304941e-01
5.029344497946086623e-01
5.028161800416718341e-01
5.026953916983184500e-01
5.025720308923156132e-01
5.024460426862082940e-01
5.023173710612043319e-01
5.021859589010280178e-01
5.020517479757858892e-01
5.019146789258300823e-01
5.017746912456519937e-01
5.016317232677954818e-01
5.014857121468486723e-01
5.013365938434739544e-01
5.011843031085380096e-01
5.010287734673299909e-01
5.008699372039087105e-01
5.007077253455645138e-01
5.005420676474575670e-01
5.003728925774156844e-01
5.002001273009253346e-01
5.000236976663453570e-01
4.998435281903580440e-01
4.996595420436700241e-01
4.994716610370109056e-01
4.992798056074346236e-01
4.990838948049539647e-01
4.988838462795369688e-01
4.986795762685027888e-01
4.984709995843144004e-01
4.982580296028346067e-01
4.980405782520513913e-01
4.978185560013043132e-01
4.975918718510671246e-01
4.973604333232816699e-01
4.971241464523206144e-01
4.968829157765533577e-01
4.966366443306417522e-01
4.963852336384957376e-01
4.961285837070136262e-01
4.958665930205947148e-01
4.955991585364833973e-01
4.953261756809838046e-01
4.950475383465823276e-01
4.947631388900053384e-01
4.944728681313075302e-01
4.941766153539560169e-01
4.938742683060148853e-01
4.935657132024576788e-01
4.932508347286457262e-01
4.929295160450268276e-01
4.926016387930921003e-01
4.922670831026625393e-01
4.919257276005211121e-01
4.915774494204500078e-01
4.912221242147493672e-01
4.908596261672366623e-01
4.904898280078270889e-01
4.901126010287096268e-01
4.897278151021745574e-01
4.893353387001721511e-01
4.889350389156080778e-01
4.885267814854548085e-01
4.881104308157344640e-01
4.876858500083894321e-01
4.872529008901261838e-01
4.868114440432695922e-01
4.863613388386640590e-01
4.859024434706784024e-01
4.854346149943838951e-01
4.849577093648956838e-01
4.844715814789897768e-01
4.839760852189866069e-01
4.834710734989777769e-01
4.829563983134090299e-01
4.824319107880973290e-01
4.818974612336728303e-01
4.813528992015192465e-01
4.807980735422305862e-01
4.802328324666240711e-01
4.796570236093256612e-01
4.790704940949629398e-01
4.784730906070001621e-01
4.778646594592112495e-01
4.772450466698419103e-01
4.766140980384402370e-01
4.759716592253951939e-01
4.753175758341800505e-01
4.746516934963018186e-01
4.739738579589661827e-01
4.732839151754509865e-01
4.725817113981604090e-01
4.718670932743896929e-01
4.711399079447416982e-01
4.704000031441903928e-01
4.696472273057722413e-01
4.688814296668529225e-01
4.681024603779496696e-01
4.673101706140584399e-01
4.665044126884307918e-01
4.656850401687662733e-01
4.648519079957311728e-01
4.640048726037645510e-01
4.631437920440789058e-01
4.622685261097889686e-01
4.613789364630735967e-01
4.604748867642970422e-01
4.595562428029609237e-01
4.586228726304152348e-01
4.576746466941966629e-01
4.567114379738827501e-01
4.557331221183417713e-01
4.547395775842356658e-01
4.537306857756545631e-01
4.527063311847273619e-01
4.516664015330638104e-01
4.506107879138635530e-01
4.495393849345491466e-01
4.484520908597325883e-01
4.473488077543446018e-01
4.462294416267627017e-01
4.450939025717394193e-01
4.439421049129317343e-01
4.427739673448521929e-01
4.415894130740400936e-01
4.403883699592179291e-01
4.391707706502828712e-01
4.379365527258463064e-01
4.366856588291612162e-01
4.354180368022012582e-01
4.341336398176506295e-01
4.328324265086018197e-01
4.315143610957331566e-01
4.301794135117166240e-01
4.288275595226526127e-01
4.274587808462907979e-01
4.260730652667976126e-01
4.246704067458604848e-01
4.232508055298931926e-01
4.218142682531080823e-01
4.203608080362370991e-01
4.188904445807010157e-01
4.174032042579582380e-01
4.158991201938897486e-01
4.143782323479399676e-01
4.128405875868698116e-01
4.112862397528838088e-01
4.097152497259640147e-01
4.081276854802103338e-01
4.065236221340227107e-01
4.049031419939534970e-01
4.032663345920591835e-01
4.016132967166252676e-01
3.999441324360917260e-01
3.982589531160814489e-01
3.965578774293841979e-01
3.948410313588063270e-01
3.931085481927735770e-01
3.913605685136241075e-01
3.895972401784951744e-01
3.878187182927575472e-01
3.860251651759516456e-01
3.842167503201905365e-01
3.823936503409965937e-01
3.805560489206050168e-01
3.787041367436859152e-01
3.768381114255633380e-01
3.749581774329348027e-01
3.730645459971467792e-01
3.711574350201027883e-01
3.692370689728868838e-01
3.673036787871697406e-01
3.653575017395315205e-01
3.633987813288248603e-01
3.614277671466978870e-01
3.594447147414300270e-01
3.574498854752556909e-01
3.554435463753395918e-01
3.534259699785974873e-01
3.513974341705514703e-01
3.493582220184552334e-01
3.473086215988792635e-01
3.452489258200211464e-01
3.431794322389608576e-01
3.411004428741257755e-01
3.390122640132268161e-01
3.369152060169279261e-01
3.348095831185365356e-01
3.326957132199890310e-01
3.305739176844301186e-01
3.284445211256783459e-01
3.263078511948822591e-01
3.241642383646565206e-01
3.220140157110373824e-01
3.198575186935282977e-01
3.176950849335833937e-01
3.155270539918149098e-01
3.133537671442634398e-01
3.111755671580128668e-01
3.089927980664980423e-01
3.068058049447760505e-01
3.046149336851051714e-01
3.024205307731100967e-01
3.002229430648377106e-01
2.980225175650072500e-01
2.958196012067387803e-01
2.936145406330393226e-01
2.914076819803306795e-01
2.891993706642888018e-01
2.869899511682493798e-01
2.847797668344483335e-01
2.825691596583208010e-01
2.803584700861270762e-01
2.781480368160988981e-01
2.759381966033511713e-01
2.737292840687481355e-01
2.715216315119359236e-01
2.693155687287207556e-01
2.671114228329596885e-01
2.649095180831544383e-01
2.627101757138756710e-01
2.605137137721775797e-01
2.583204469591181551e-01
2.561306864765283686e-01
2.539447398791136457e-01
2.517629109320014824e-01
2.495854994738104793e-01
2.474128012853314684e-01
2.452451079638564568e-01
2.430827068032378191e-01
2.409258806796960029e-01
2.387749079434275945e-01
2.366300623160095262e-01
2.344916127936299000e-01
2.323598235561400438e-01
2.302349538819120633e-01
2.281172580684906748e-01
2.260069853590073452e-01
2.239043798743241831e-01
2.218096805508532054e-01
2.197231210840146498e-01
2.176449298772497598e-01
2.155753299965439407e-01
2.135145391303697460e-01
2.114627695549719522e-01
2.094202281049044878e-01
2.073871161487366999e-01
2.053636295698047509e-01
2.033499587519376761e-01
2.013462885700125771e-01
1.993527983852573238e-01
1.973696620451601547e-01
1.953970478878776507e-01
1.934351187510102155e-01
1.914840319846285999e-01
1.895439394683997580e-01
1.876149876327088406e-01
1.856973174836212825e-01
1.837910646315566998e-01
1.818963593235445875e-01
1.800133264789151588e-01
1.781420857282932924e-01
1.762827514557557540e-01
1.744354328440109736e-01
1.726002339224730064e-01
1.707772536180767742e-01
1.689665858087162631e-01
1.671683193791532185e-01
1.653825382792713516e-01
1.636093215845450255e-01
1.618487435585823919e-01
1.601008737176173313e-01
1.583657768968291246e-01
1.566435133183487760e-01
1.549341386608472648e-01
1.532377041305648113e-01
1.515542565336802650e-01
1.498838383498944382e-01
1.482264878071118397e-01
1.465822389571225515e-01
1.449511217521570472e-01
1.433331621222309615e-01
1.417283820531588523e-01
1.401367996651472492e-01
1.385584292918726201e-01
1.369932815599454179e-01
1.354413634686680301e-01
1.339026784700178274e-01
1.323772265487435651e-01
1.308650043025179899e-01
1.293660050220598601e-01
1.278802187711499116e-01
1.264076324664725748e-01
1.249482299572141908e-01
1.235019921043521152e-01
1.220688968595730894e-01
1.206489193437625118e-01
1.192420319250038635e-01
1.178482042960429799e-01
1.164674035511593930e-01
1.150995942623963958e-01
1.137447385551160761e-01
1.124027961828186761e-01
1.110737246012021423e-01
1.097574790414183044e-01
1.084540125824889623e-01
1.071632762228534319e-01
1.058852189510147840e-01
1.046197878152587829e-01
1.033669279924181450e-01
1.021265828556631450e-01
1.008986940412860273e-01
9.968320151447877808e-02
9.848004363406381856e-02
9.728915721618677792e-02
9.611047759693205905e-02
9.494393869387314500e-02
9.378947306653065419e-02
9.264701197573670111e-02
9.151648544189651402e-02
9.039782230214371550e-02
8.929095026638314558e-02
8.819579597221653688e-02
8.711228503875655116e-02
8.604034211931824161e-02
8.497989095299963991e-02
8.393085441514538947e-02
8.289315456670001692e-02
8.186671270245451937e-02
8.085144939819199905e-02
7.984728455673420489e-02
7.885413745290090204e-02
7.787192677738684343e-02
7.690057067956469761e-02
7.593998680922244005e-02
7.499009235724590772e-02
7.405080409525734153e-02
7.312203841421652251e-02
7.220371136200227913e-02
7.129573867997970882e-02
7.039803583856953095e-02
6.951051807183082631e-02
6.863310041106895909e-02
6.776569771748490456e-02
6.690822471387600223e-02
6.606059601540519022e-02
6.522272615945111374e-02
6.439452963455249979e-02
6.357592090846587995e-02
6.276681445534455783e-02
6.196712478205958219e-02
6.117676645367514654e-02
6.039565411809229289e-02
5.962370252987971714e-02
5.886082657330252155e-02
5.810694128456715679e-02
5.736196187329653529e-02
5.662580374325123372e-02
5.589838251231052380e-02
5.517961403173043955e-02
5.446941440469180162e-02
5.376770000415571904e-02
5.307438749003844103e-02
5.238939382572298936e-02
5.171263629392151145e-02
5.104403251190286345e-02
5.038350044609921780e-02
4.973095842610806422e-02
4.908632515810171931e-02
4.844951973765950631e-02
4.782046166203614279e-02
4.719907084188235125e-02
4.658526761242567232e-02
4.597897274413263735e-02
4.538010745285792763e-02
4.478859340950026857e-02
4.420435274917283025e-02
4.362730807990402443e-02
4.305738249087873865e-02
4.249449956023632763e-02
4.193858336243184298e-02
4.138955847517797326e-02
4.084734998597454314e-02
4.031188349824204459e-02
3.978308513706606264e-02
3.926088155456585599e-02
3.874519993489831948e-02
3.823596799890732756e-02
3.773311400842901259e-02
3.723656677026278283e-02
3.674625563981991083e-02
3.626211052445695721e-02
3.578406188650717218e-02
3.531204074601535653e-02
3.484597868318872055e-02
3.438580784057103379e-02
3.393146092495034905e-02
3.348287120900740599e-02
3.303997253271408197e-02
3.260269930449060521e-02
3.217098650212887184e-02
3.174476967349087325e-02
3.132398493698741043e-02
3.090856898184882878e-02
3.049845906819126026e-02
3.009359302688824345e-02
2.969390925925259953e-02
2.929934673653777910e-02
2.890984499926309986e-02
2.852534415637119139e-02
2.814578488422293107e-02
2.777110842543684122e-02
2.740125658757775959e-02
2.703617174170264495e-02
2.667579682076713643e-02
2.632007531789993734e-02
2.596895128454969684e-02
2.562236932851056498e-02
2.528027461182987684e-02
2.494261284860483860e-02
2.460933030267252811e-02
2.428037378519630474e-02
2.395569065215640350e-02
2.363522880174626431e-02
2.331893667168025500e-02
2.300676323641722906e-02
2.269865800430329039e-02
2.239457101463806360e-02
2.209445283466891785e-02
2.179825455651501070e-02
2.150592779402804230e-02
2.121742467958936604e-02
2.093269786085033557e-02
2.065170049741647459e-02
2.037438625748121471e-02
2.010070931440998548e-02
1.983062434327858767e-02
1.956408651737016197e-02
1.930105150463109001e-02
1.904147546409001857e-02
1.878531504224309479e-02
1.853252736940613418e-02
1.828307005603914404e-02
1.803690118904169651e-02
1.779397932802574342e-02
1.755426350156445367e-02
1.731771320342150380e-02
1.708428838876213315e-02
1.685394947034830546e-02
1.662665731471871591e-02
1.640237323835795971e-02
1.618105900385400503e-02
1.596267681604771060e-02
1.574718931817472092e-02
1.553455958800256664e-02
1.532475113396334666e-02
1.511772789128489926e-02
1.491345421811984644e-02
1.471189489167678589e-02
1.451301510435199470e-02
1.431678045986499448e-02
1.412315696939865813e-02
1.393211104774431768e-02
1.374360950945448939e-02
1.355761956500286559e-02
1.337410881695353000e-02
1.319304525613990663e-02
1.301439725785487680e-02
1.283813357805289879e-02
1.266422334956436579e-02
1.249263607832386269e-02
1.232334163961317820e-02
1.215631027431889576e-02
1.199151258520645379e-02
1.182891953321027825e-02
1.166850243374213496e-02
1.151023295301657409e-02
1.135408310439542726e-02
1.120002524475133959e-02
1.104803207085108124e-02
1.089807661575920017e-02
1.075013224526193308e-02
1.060417265431322191e-02
1.046017186350135797e-02
1.031810421553857465e-02
1.017794437177248212e-02
1.003966730872082186e-02
9.903248314629050156e-03
9.768662986051675212e-03
9.635887224457196851e-03
9.504897232857504111e-03
9.375669512461277944e-03
9.248180859352247291e-03
9.122408361192185788e-03
8.998329393949140026e-03
8.875921618650504247e-03
8.755162978162154067e-03
8.636031693992574088e-03
8.518506263122983813e-03
8.402565454863458391e-03
8.288188307734872459e-03
8.175354126376656663e-03
8.064042478481445869e-03
7.954233191755125457e-03
7.845906350903868176e-03
7.739042294647176246e-03
7.633621612757333745e-03
7.529625143125414158e-03
7.427033968853677393e-03
7.325829415374363225e-03
7.225993047595085858e-03
7.127506667070371629e-03
7.030352309200010343e-03
6.934512240453395357e-03
6.839968955620557602e-03
6.746705175089223044e-03
6.654703842148200661e-03
6.563948120317233612e-03
6.474421390702312686e-03
6.386107249377800769e-03
6.298989504793971878e-03
6.213052175210576240e-03
6.128279486156421908e-03
6.044655867914091631e-03
5.962165953030817631e-03
5.880794573854465634e-03
5.800526760094943009e-03
5.721347736410904369e-03
5.643242920021473638e-03
5.566197918342961730e-03
5.490198526650460174e-03
5.415230725764142404e-03
5.341280679760117452e-03
5.268334733705603602e-03
5.196379411418581597e-03
5.125401413251439928e-03
5.055387613898601820e-03
4.986325060228067110e-03
4.918200969136411055e-03
4.851002725427572271e-03
4.784717879714702957e-03
4.719334146345461299e-03
4.654839401350013145e-03
4.591221680412200037e-03
4.528469176863059165e-03
4.466570239697145381e-03
4.405513371610990901e-03
4.345287227063736497e-03
4.285880610359794549e-03
4.227282473753340118e-03
4.169481915574357704e-03
4.112468178376146519e-03
4.056230647104173276e-03
4.000758847285887376e-03
3.946042443241604310e-03
3.892071236315970684e-03
3.838835163130090676e-03
3.786324293853912323e-03
3.734528830498964284e-03
3.683439105230923091e-03
3.633045578702055571e-03
3.583338838403460087e-03
3.534309597036489493e-03
3.485948690903743503e-03
3.438247078318884976e-03
3.391195838035622294e-03
3.344786167695245910e-03
3.299009382292853072e-03
3.253856912661804053e-03
3.209320303976602451e-03
3.165391214273451017e-03
3.122061412989054607e-03
3.079322779516751717e-03
3.037167301780263010e-03
2.995587074824833038e-03
2.954574299425302870e-03
2.914121280711312687e-03
2.874220426809248347e-03
2.834864247500690389e-03
2.796045352897486014e-03
2.757756452132896757e-03
2.719990352068934157e-03
2.682739956019716474e-03
2.645998262490339027e-03
2.609758363931553079e-03
2.574013445509720690e-03
2.538756783892153531e-03
2.503981746047392442e-03
2.469681788060540915e-03
2.435850453963283452e-03
2.402481374578518958e-03
2.369568266379455668e-03
2.337104930363007125e-03
2.305085250937176106e-03
2.273503194822607335e-03
2.242352809967772947e-03
2.211628224477919531e-03
2.181323645557470530e-03
2.151433358465732696e-03
2.121951725485938644e-03
2.092873184907150658e-03
2.064192250019206143e-03
2.035903508120361256e-03
2.008001619537495234e-03
1.980481316658890163e-03
1.953337402979147316e-03
1.926564752156440831e-03
1.900158307081744680e-03
1.874113078959880685e-03
1.848424146402431831e-03
1.823086654532171105e-03
1.798095814099034051e-03
1.773446900607398907e-03
1.749135253454557441e-03
1.725156275080295173e-03
1.701505430127432661e-03
1.678178244613072858e-03
1.655170305110701323e-03
1.632477257942665724e-03
1.610094808383201806e-03
1.588018719871725449e-03
1.566244813236308863e-03
1.544768965927190846e-03
1.523587111260273855e-03
1.502695237670385832e-03
1.482089387974266231e-03
1.461765658643102367e-03
1.441720199084559886e-03
1.421949210934163408e-03
1.402448947355855371e-03
1.383215712351721586e-03
1.364245860080730201e-03
1.345535794186302359e-03
1.327081967132759431e-03
1.308880879550351718e-03
1.290929079588962278e-03
1.273223162280144377e-03
1.255759768907675333e-03
1.238535586386196570e-03
1.221547346648176871e-03
1.204791826038769916e-03
1.188265844718711410e-03
1.171966266075089459e-03
1.155889996139764864e-03
1.140033983015557341e-03
1.124395216309912945e-03
1.108970726576075918e-03
1.093757584761618573e-03
1.078752901664253557e-03
1.063953827394813548e-03
1.049357550847361542e-03
1.034961299176272989e-03
1.020762337280231233e-03
1.006757967293092897e-03
9.929455280814427926e-04
9.793223947488444246e-04
9.658859781466461311e-04
9.526337243912512322e-04
9.395631143878510009e-04
9.266716633604225872e-04
9.139569203879846331e-04
9.014164679470630876e-04
8.890479214601358562e-04
8.768489288501954936e-04
8.648171701011645287e-04
8.529503568242008263e-04
8.412462318297493288e-04
8.297025687053208786e-04
8.183171713988835220e-04
8.070878738078268288e-04
7.960125393733893983e-04
7.850890606805053162e-04
7.743153590630020167e-04
7.636893842140632469e-04
7.532091138019141995e-04
7.428725530906033717e-04
7.326777345659077128e-04
7.226227175662099230e-04
7.127055879183039934e-04
7.029244575781307212e-04
6.932774642762682109e-04
6.837627711681979609e-04
6.743785664892474382e-04
6.651230632141783526e-04
6.559944987213250011e-04
6.469911344612297747e-04
6.381112556297581550e-04
6.293531708455531214e-04
6.207152118318784093e-04
6.121957331026927577e-04
6.037931116529522213e-04
5.955057466530935990e-04
5.873320591475943543e-04
5.792704917576251824e-04
5.713195083876759610e-04
5.634775939361169215e-04
5.557432540097107616e-04
5.481150146419097070e-04
5.405914220149794823e-04
5.331710421858613935e-04
5.258524608157219993e-04
5.186342829031597964e-04
5.115151325209961681e-04
5.044936525566305402e-04
4.975685044558836312e-04
4.907383679703138362e-04
4.840019409079276513e-04
4.773579388872625090e-04
4.708050950948036977e-04
4.643421600456503102e-04
4.579679013474353163e-04
4.516811034674422971e-04
4.454805675028383934e-04
4.393651109540459105e-04
4.333335675011715910e-04
4.273847867834373372e-04
4.215176341816294619e-04
4.157309906034661233e-04
4.100237522718722105e-04
4.043948305161461213e-04
3.988431515659114765e-04
3.933676563478969205e-04
3.879673002854463234e-04
3.826410531007542874e-04
3.773878986197855951e-04
3.722068345798191873e-04
3.670968724396283774e-04
3.620570371922134946e-04
3.570863671800837582e-04
3.521839139130380743e-04
3.473487418884244819e-04
3.425799284138374818e-04
3.378765634322135119e-04
3.332377493493091200e-04
3.286626008635222594e-04
3.241502447980057510e-04
3.196998199350882530e-04
3.153104768529281987e-04
3.109813777643776638e-04
3.067116963580551877e-04
3.025006176415685126e-04
2.983473377868632267e-04
2.942510639776802894e-04
2.902110142590873091e-04
