9.535046511912415035e-01
9.532302857696098863e-01
9.529509754500111729e-01
9.526666341123941617e-01
9.523771742521150996e-01
9.520825069527493190e-01
9.517825418745864408e-01
9.514771872355399784e-01
9.511663497874384143e-01
9.508499348046619559e-01
9.505278460599225765e-01
9.501999858108866048e-01
9.498662547743870199e-01
9.495265521149226506e-01
9.491807754224539373e-01
9.488288206935017177e-01
9.484705823147931980e-01
9.481059530389319701e-01
9.477348239744913805e-01
9.473570845614073255e-01
9.469726225531347463e-01
9.465813239981691884e-01
9.461830732246437892e-01
9.457777528183114457e-01
9.453652436083458399e-01
9.449454246414475955e-01
9.445181731756255861e-01
9.440833646543611568e-01
9.436408726884548681e-01
9.431905690464018610e-01
9.427323236274881557e-01
9.422660044531552259e-01
9.417914776444004099e-01
9.413086074113021784e-01
9.408172560306085064e-01
9.403172838362602315e-01
9.398085491996309715e-01
9.392909085168631433e-01
9.387642161935260132e-01
9.382283246315877845e-01
9.376830842113204056e-01
9.371283432889009335e-01
9.365639481705395619e-01
9.359897431102659482e-01
9.354055702927669413e-01
9.348112698249437802e-01
9.342066797283052892e-01
9.335916359230971295e-01
9.329659722249457054e-01
9.323295203353978433e-01
9.316821098332868090e-01
9.310235681699512433e-01
9.303537206608401000e-01
9.296723904870489719e-01
9.289793986852872276e-01
9.282745641452031515e-01
9.275577036164145417e-01
9.268286316965549387e-01
9.260871608384904086e-01
9.253331013499077606e-01
9.245662614005589752e-01
9.237864470169925291e-01
9.229934621006875561e-01
9.221871084220989445e-01
9.213671856393466086e-01
9.205334913044563860e-01
9.196858208735810836e-01
9.188239677195874089e-01
9.179477231499508783e-01
9.170568764232919223e-01
9.161512147614636614e-01
9.152305233754943758e-01
9.142945854886859181e-01
9.133431823527212723e-01
9.123760932813489433e-01
9.113930956769865643e-01
9.103939650555232799e-01
9.093784750852001997e-01
9.083463976175071286e-01
9.072975027250461677e-01
9.062315587429377040e-01
9.051483323045297347e-01
9.040475883952816538e-01
9.029290903913425037e-01
9.017926001113222290e-01
9.006378778738991508e-01
8.994646825457344175e-01
8.982727716041085664e-01
8.970619011966755041e-01
8.958318262057404224e-01
8.945823003176117671e-01
8.933130760884866461e-01
8.920239050227205535e-01
8.907145376450890106e-01
8.893847235870256940e-01
8.880342116653491269e-01
8.866627499710059146e-01
8.852700859605210360e-01
8.838559665515592911e-01
8.824201382161228624e-01
8.809623470884175855e-01
8.794823390652235506e-01
8.779798599203676446e-01
8.764546554137748746e-01
8.749064714092839035e-01
8.733350539994050310e-01
8.717401496248987636e-01
8.701215052090484070e-01
8.684788682890651756e-01
8.668119871510501229e-01
8.651206109761444552e-01
8.634044899838525522e-01
8.616633755807782125e-01
8.598970205177453030e-01
8.581051790465036300e-01
8.562876070798222106e-01
8.544440623640030541e-01
8.525743046443359230e-01
8.506780958433286521e-01
8.487552002372198423e-01
8.468053846428322817e-01
8.448284186019654474e-01
8.428240745733813766e-01
8.407921281304412409e-01
8.387323581578033371e-01
8.366445470537965390e-01
8.345284809439275087e-01
8.323839498807276138e-01
8.302107480684772778e-01
8.280086740742307327e-01
8.257775310518739031e-01
8.235171269668828398e-01
8.212272748197417815e-01
8.189077928831456354e-01
8.165585049283725638e-01
8.141792404658714233e-01
8.117698349814606029e-01
8.093301301784904256e-01
8.068599742192414936e-01
8.043592219699016166e-01
8.018277352484840526e-01
7.992653830709672835e-01
7.966720419002121245e-01
7.940475958975257154e-01
7.913919371702851091e-01
7.887049660276801433e-01
7.859865912264274446e-01
7.832367302253884223e-01
7.804553094363402277e-01
7.776422644697125186e-01
7.747975403873839095e-01
7.719210919470049781e-01
7.690128838482777063e-01
7.660728909756396865e-01
7.631010986400003082e-01
7.600975028122071153e-01
7.570621103623625947e-01
7.539949392857822064e-01
7.508960189327904544e-01
7.477653902278461606e-01
7.446031058860655971e-01
7.414092306295270163e-01
7.381838413839946211e-01
7.349270274866918085e-01
7.316388908755422360e-01
7.283195462728050407e-01
7.249691213665268030e-01
7.215877569793111013e-01
7.181756072295932825e-01
7.147328396846442944e-01
7.112596355042062335e-01
7.077561895745939635e-01
7.042227106321170549e-01
7.006594213773156277e-01
6.970665585744438841e-01
6.934443731471018335e-01
6.897931302512405605e-01
6.861131093481824816e-01
6.824046042557563307e-01
6.786679231903218756e-01
6.749033887959368094e-01
6.711113381603160954e-01
6.672921228133220639e-01
6.634461087155707482e-01
6.595736762323095581e-01
6.556752200888061877e-01
6.517511493152511326e-01
6.478018871740668372e-01
6.438278710731359933e-01
6.398295524620356556e-01
6.358073967153865524e-01
6.317618829967494021e-01
6.276935041110065505e-01
6.236027663367321727e-01
6.194901892464378390e-01
6.153563055087832856e-01
6.112016606745276359e-01
6.070268129487390585e-01
6.028323329464546632e-01
5.986188034306879624e-01
5.943868190400376506e-01
5.901369859955851727e-01
5.858699217961899075e-01
5.815862548984712666e-01
5.772866243816592302e-01
5.729716795995796197e-01
5.686420798169179447e-01
5.642984938346805590e-01
5.599415995997115703e-01
5.555720838054708510e-01
5.511906414763332318e-01
5.467979755443916901e-01
5.423947964121278442e-01
5.379818215069754883e-01
5.335597748238729565e-01
5.291293864607120589e-01
5.246913921429143812e-01
5.202465327414307339e-01
5.157955537829816972e-01
5.113392049534711825e-01
5.068782395953166375e-01
5.024134141997879111e-01
4.979454878946453222e-01
4.934752219274344265e-01
4.890033791469944324e-01
4.845307234813804875e-01
4.800580194145779300e-01
4.755860314621613849e-01
4.711155236484028119e-01
4.666472589818292938e-01
4.621819989333740830e-01
4.577205029174347128e-01
4.532635277746391300e-01
4.488118272596066660e-01
4.443661515319015098e-01
4.399272466531886083e-01
4.354958540898677954e-01
4.310727102224602425e-01
4.266585458624720939e-01
4.222540857766614586e-01
4.178600482204495314e-01
4.134771444806402130e-01
4.091060784272432804e-01
4.047475460766072342e-01
4.004022351648208744e-01
3.960708247332163090e-01
3.917539847254096208e-01
3.874523755967187455e-01
3.831666479370082201e-01
3.788974421065844922e-01
3.746453878856662034e-01
3.704111041378780333e-01
3.661951984885496447e-01
3.619982670174112238e-01
3.578208939658507615e-01
3.536636514600789427e-01
3.495270992489633022e-01
3.454117844578658558e-01
3.413182413578288443e-01
3.372469911504309414e-01
3.331985417689578011e-01
3.291733876945390769e-01
3.251720097891640515e-01
3.211948751436128902e-01
3.172424369418287982e-01
3.133151343406238021e-01
3.094133923651102291e-01
3.055376218194433280e-01
3.016882192130799778e-01
2.978655667020628228e-01
2.940700320451752336e-01
2.903019685747323941e-01
2.865617151819139230e-01
2.828495963161708482e-01
2.791659219986173390e-01
2.755109878487894681e-01
2.718850751246958408e-01
2.682884507759173975e-01
2.647213675091326102e-01
2.611840638655660851e-01
2.576767643106551708e-01
2.541996793349449724e-01
2.507530055657258283e-01
2.473369258897035183e-01
2.439516095854278310e-01
2.405972124656891864e-01
2.372738770292893706e-01
2.339817326214366222e-01
2.307208956028886093e-01
2.274914695268812348e-01
2.242935453238900367e-01
2.211272014932245400e-01
2.179925043015913111e-01
2.148895079879095671e-01
2.118182549738351628e-01
2.087787760798546222e-01
2.057710907462849681e-01
2.027952072589932764e-01
1.998511229791068988e-01
1.969388245767509649e-01
1.940582882678804910e-01
1.912094800544051065e-01
1.883923559666452752e-01
1.856068623082908764e-01
1.828529359030456602e-01
1.801305043429017871e-01
1.774394862376152127e-01
1.747797914649387718e-01
1.721513214214720477e-01
1.695539692737899617e-01
1.669876202093723006e-01
1.644521516872001210e-01
1.619474336877499421e-01
1.594733289621271533e-01
1.570296932798981027e-01
1.546163756756011032e-01
1.522332186936591336e-01
1.498800586313253080e-01
1.475567257796338572e-01
1.452630446621040738e-01
1.429988342708336524e-01
1.407639083002225067e-01
1.385580753776179952e-01
1.363811392912184783e-01
1.342328992147126532e-01
1.321131499288299427e-01
1.300216820394713702e-01
1.279582821922702895e-01
1.259227332837454527e-01
1.239148146686728930e-01
1.219343023637101536e-01
1.199809692471853900e-01
1.180545852549934743e-01
1.161549175724892746e-01
1.142817308223555151e-01
1.124347872484928040e-01
1.106138468956190807e-01
1.088186677849184714e-01
1.070490060854012992e-01
1.053046162811297343e-01
1.035852513342612607e-01
1.018906628438907280e-01
1.002206012006416486e-01
9.857481573715007328e-02
9.695305487432774594e-02
9.535506626345581493e-02
9.378059692412875348e-02
9.222939337811850158e-02
9.070120177911719650e-02
8.919576803846457347e-02
8.771283794679708701e-02
8.625215729178370427e-02
8.481347197185534759e-02
8.339652810615036382e-02
8.200107214050403326e-02
8.062685094976318467e-02
7.927361193628530700e-02
7.794110312479411717e-02
7.662907325362063038e-02
7.533727186239366769e-02
7.406544937620863911e-02
7.281335718638308474e-02
7.158074772783128148e-02
7.036737455314147349e-02
6.917299240341427680e-02
6.799735727592771950e-02
6.684022648871418282e-02
6.570135874203869575e-02
6.458051417699957331e-02
6.347745443118134323e-02
6.239194269144512223e-02
6.132374374403989914e-02
6.027262402194261820e-02
5.923835164960224164e-02
5.822069648515447449e-02
5.721943016008996380e-02
5.623432611655777846e-02
5.526515964228628786e-02
5.431170790320180575e-02
5.337374997387805270e-02
5.245106686576929411e-02
5.154344155337164252e-02
5.065065899841088987e-02
4.977250617196558174e-02
4.890877207476207467e-02
4.805924775560557749e-02
4.722372632803473885e-02
4.640200298522481615e-02
4.559387501327869657e-02
4.479914180288815939e-02
4.401760485940455631e-02
4.324906781148777496e-02
4.249333641826384678e-02
4.175021857510755746e-02
4.101952431809813976e-02
4.030106582717801755e-02
3.959465742808477434e-02
3.890011559309040218e-02
3.821725894062356910e-02
3.754590823375313774e-02
3.688588637767292733e-02
3.623701841616637498e-02
3.559913152710582340e-02
3.497205501703929548e-02
3.435562031489731299e-02
3.374966096488223044e-02
3.315401261852396475e-02
3.256851302601282416e-02
3.199300202678242999e-02
3.142732153942580375e-02
3.087131555093824628e-02
3.032483010535080500e-02
2.978771329179602870e-02
2.925981523196514306e-02
2.874098806711218243e-02
2.823108594449632094e-02
2.772996500340367890e-02
2.723748336071687287e-02
2.675350109606352070e-02
2.627788023658898797e-02
2.581048474137768653e-02
2.535118048551241246e-02
2.489983524386206806e-02
2.445631867452249114e-02
2.402050230206248180e-02
2.359225950044870068e-02
2.317146547580455421e-02
2.275799724892190248e-02
2.235173363761187859e-02
2.195255523887403026e-02
2.156034441090618273e-02
2.117498525499317968e-02
2.079636359727684083e-02
2.042436697040594940e-02
2.005888459512035829e-02
1.969980736173486055e-02
1.934702781158900708e-02
1.900044011842998842e-02
1.865994006976442326e-02
1.832542504820347529e-02
1.799679401276192692e-02
1.767394748019783871e-02
1.735678750632902237e-02
1.704521766739165375e-02
1.673914304141350604e-02
1.643847018963457210e-02
1.614310713797578040e-02
1.585296335855113092e-02
1.556794975126737403e-02
1.528797862546271355e-02
1.501296368165328486e-02
1.474281999334669559e-02
1.447746398895297625e-02
1.421681343378961536e-02
1.396078741219466089e-02
1.370930630973959952e-02
1.346229179555846235e-02
1.321966680480891540e-02
1.298135552122574830e-02
1.274728335982983941e-02
1.251737694975355378e-02
1.229156411719586200e-02
1.206977386853165003e-02
1.185193637354261219e-02
1.163798294880433355e-02
1.142784604121238265e-02
1.122145921166414241e-02
1.101875711888104098e-02
1.081967550339917039e-02
1.062415117169577400e-02
1.043212198049101730e-02
1.024352682119128097e-02
1.005830560450657850e-02
9.876399245218638046e-03
9.697749647113753507e-03
9.522299688082304370e-03
9.349993205374192498e-03
9.180774981025785833e-03
9.014590727446225929e-03
8.851387073173917069e-03
8.691111548790708685e-03
8.533712573011876384e-03
8.379139438931183792e-03
8.227342300439529493e-03
8.078272158805417658e-03
7.931880849420404334e-03
7.788121028712083338e-03
7.646946161217022322e-03
7.508310506821987834e-03
7.372169108167682741e-03
7.238477778213690643e-03
7.107193087966983021e-03
6.978272354370574325e-03
6.851673628356280167e-03
6.727355683051673349e-03
6.605278002150691101e-03
6.485400768440961576e-03
6.367684852484478165e-03
6.252091801460180759e-03
6.138583828156365073e-03
6.027123800120244915e-03
5.917675228954775990e-03
5.810202259771666405e-03
5.704669660795723581e-03
5.601042813107842862e-03
5.499287700550862384e-03
5.399370899764489168e-03
5.301259570382427060e-03
5.204921445355900969e-03
5.110324821433005239e-03
5.017438549770438308e-03
4.926232026688543743e-03
4.836675184560767192e-03
4.748738482844030127e-03
4.662392899239077744e-03
4.577609920988111140e-03
4.494361536302620905e-03
4.412620225921207867e-03
4.332358954799581108e-03
4.253551163921661347e-03
4.176170762248322503e-03
4.100192118774680095e-03
4.025590054726992800e-03
3.952339835867414372e-03
3.880417164929784828e-03
3.809798174167944047e-03
3.740459418019116081e-03
3.672377865893278193e-03
3.605530895063208899e-03
3.539896283679684185e-03
3.475452203887827163e-03
3.412177215062232958e-03
3.350050257143053628e-03
3.289050644083486158e-03
3.229158057401609709e-03
3.170352539836541767e-03
3.112614489105714356e-03
3.055924651766241031e-03
3.000264117173550692e-03
2.945614311540138783e-03
2.891956992090832877e-03
2.839274241313852285e-03
2.787548461305728795e-03
2.736762368210894723e-03
2.686898986750685999e-03
2.637941644844721007e-03
2.589873968319846530e-03
2.542679875708003454e-03
2.496343573129957381e-03
2.450849549264300445e-03
2.406182570400506975e-03
2.362327675573983043e-03
2.319270171784028854e-03
2.276995629291081458e-03
2.235489876992587718e-03
2.194738997877048684e-03
2.154729324555454319e-03
2.115447434867356868e-03
2.076880147560792277e-03
2.039014518046701908e-03
2.001837834224727726e-03
1.965337612378666599e-03
1.929501593144635971e-03
1.894317737544781288e-03
1.859774223090528058e-03
1.825859439952565904e-03
1.792561987194406323e-03
1.759870669072875196e-03
1.727774491400298771e-03
1.696262657970110718e-03
1.665324567042917106e-03
1.634949807894415337e-03
1.605128157421562918e-03
1.575849576808008084e-03
1.547104208246540772e-03
1.518882371718639854e-03
1.491174561829785227e-03
1.463971444699321530e-03
1.437263854904163992e-03
1.411042792476167960e-03
1.385299419950814783e-03
1.360025059468030493e-03
1.335211189922957129e-03
1.310849444166634027e-03
1.286931606255386227e-03
1.263449608748072606e-03
1.240395530050958242e-03
1.217761591808783116e-03
1.195540156341436686e-03
1.173723724125612117e-03
1.152304931320558912e-03
1.131276547337305323e-03
1.110631472450790240e-03
1.090362735452988976e-03
1.070463491348870025e-03
1.050927019091562643e-03
1.031746719357835070e-03
1.012916112363018185e-03
9.944288357141813431e-04
9.762786423012017201e-04
9.584593982252843924e-04
9.409650807638608640e-04
9.237897763713805426e-04
9.069276787159420358e-04
8.903730867500406036e-04
8.741204028160905280e-04
8.581641307851740506e-04
8.424988742285853668e-04
8.271193346225342918e-04
8.120203095838937797e-04
7.971966911379342255e-04
7.826434640165660234e-04
7.683557039865476302e-04
7.543285762081323878e-04
7.405573336222439577e-04
7.270373153669828928e-04
7.137639452215226513e-04
7.007327300787588673e-04
6.879392584443270705e-04
6.753791989630592843e-04
6.630482989711189781e-04
6.509423830743871556e-04
6.390573517523909447e-04
6.273891799866031021e-04
6.159339159139199434e-04
6.046876795036539931e-04
5.936466612588032219e-04
5.828071209398478364e-04
5.721653863119221433e-04
5.617178519143172909e-04
5.514609778522388877e-04
5.413912886093586417e-04
5.315053718830494616e-04
5.217998774390794929e-04
5.122715159880849569e-04
5.029170580814298257e-04
4.937333330268765808e-04
4.847172278245329082e-04
4.758656861207858496e-04
4.671757071821357795e-04
4.586443448865606845e-04
4.502687067339039085e-04
4.420459528728690559e-04
4.339732951469856687e-04
4.260479961564744562e-04
4.182673683379919418e-04
4.106287730600511536e-04
4.031296197354273191e-04
3.957673649492679025e-04
3.885395116030082498e-04
3.814436080735391938e-04
3.744772473877587288e-04
3.676380664120269663e-04
3.609237450559609102e-04
3.543320054908186915e-04
3.478606113821669727e-04
3.415073671357997430e-04
3.352701171581379887e-04
3.291467451290588193e-04
3.231351732886506836e-04
3.172333617363266465e-04
3.114393077429724330e-04
3.057510450751560038e-04
3.001666433319672193e-04
2.946842072934629663e-04
2.893018762812059092e-04
2.840178235302219501e-04
2.788302555722272659e-04
2.737374116303208918e-04
2.687375630242924023e-04
2.638290125868453413e-04
2.590100940905700811e-04
2.542791716849288021e-04
2.496346393436918551e-04
2.450749203222993993e-04
2.405984666251973739e-04
2.362037584824716965e-04
2.318893038364711078e-04
2.276536378372409478e-04
2.234953223474002784e-04
2.194129454559965255e-04
2.154051210010274504e-04
2.114704881007151529e-04
2.076077106932290724e-04
2.038154770849198141e-04
2.000924995064735045e-04
1.964375136773630049e-04
1.928492783781111540e-04
1.893265750302675120e-04
1.858682072841854791e-04
1.824730006139830120e-04
1.791398019201811726e-04
1.758674791393432342e-04
1.726549208609075238e-04
1.695010359509320258e-04
1.664047531826831205e-04
1.633650208739429875e-04
1.603808065308937535e-04
1.574510964985324931e-04
1.545748956173047532e-04
1.517512268861352231e-04
1.489791311314978429e-04
1.462576666824837201e-04
1.435859090518405864e-04
1.409629506227217722e-04
1.383879003413321569e-04
1.358598834148081857e-04
1.333780410150025881e-04
1.309415299872907130e-04
1.285495225649728121e-04
1.262012060886682867e-04
1.238957827308880043e-04
1.216324692256613000e-04
1.194104966029440392e-04
1.172291099280565107e-04
1.150875680456926552e-04
1.129851433286746429e-04
1.109211214312546634e-04
1.088948010468979264e-04
1.069054936705123135e-04
1.049525233649807149e-04
1.030352265319023185e-04
1.011529516866073783e-04
9.930505923721043185e-05
9.749092126761642362e-05
9.570992132461952982e-05
9.396145420880014604e-05
9.224492576921150056e-05
9.055975270184972665e-05
8.890536235179802489e-05
8.728119251891983945e-05
8.568669126713356066e-05
8.412131673720473174e-05
8.258453696280074197e-05
8.107582969010338337e-05
7.959468220053632034e-05
7.814059113679231491e-05
7.671306233203308521e-05
7.531161064221082583e-05
7.393575978139752187e-05
7.258504216016154875e-05
7.125899872687202442e-05
6.995717881189981102e-05
6.867913997464939542e-05
6.742444785339270067e-05
6.619267601782766002e-05
6.498340582433265969e-05
6.379622627386144767e-05
6.263073387242581612e-05
6.148653249410345855e-05
6.036323324657119128e-05
5.926045433908367418e-05
5.817782095286460329e-05
5.711496511382090145e-05
5.607152556763302602e-05
5.504714765709408140e-05
5.404148320168511199e-05
5.305419037936075146e-05
5.208493361046930681e-05
5.113338344380666088e-05
5.019921644476072657e-05
4.928211508545210712e-05
4.838176763693268720e-05
4.749786806329394458e-05
4.663011591776999718e-05
4.577821624068422086e-05
4.494187945926568891e-05
4.412082128932735614e-05
4.331476263870905985e-05
4.252342951245800221e-05
4.174655291981120369e-05
4.098386878280643503e-05
4.023511784659252084e-05
3.950004559135710349e-05
3.877840214589950755e-05
3.806994220273685590e-05
3.737442493476925501e-05
3.669161391350121004e-05
3.602127702870328751e-05
3.536318640957451006e-05
3.471711834732977935e-05
3.408285321921215047e-05
3.346017541385611050e-05
3.284887325807723336e-05
3.224873894493929591e-05
3.165956846315583684e-05
3.108116152778291904e-05
3.051332151216557190e-05
2.995585538116291792e-05
2.940857362551719354e-05
2.887129019750885752e-05
2.834382244772282340e-05
2.782599106298963522e-05
2.731762000547533501e-05
2.681853645285324557e-05
2.632857073958578306e-05
2.584755629927748508e-05
2.537532960807487665e-05
2.491173012910830522e-05
2.445660025793365409e-05
2.400978526898434249e-05
2.357113326298975980e-05
2.314049511536656108e-05
2.271772442553534279e-05
2.230267746717709811e-05
2.189521313939053930e-05
2.149519291874312781e-05
2.110248081219761812e-05
2.071694331089928852e-05
2.033844934479774009e-05
1.996687023811761225e-05
1.960207966561207886e-05
1.924395360965313828e-05
1.889237031806748212e-05
1.854721026276474308e-05
1.820835609911942244e-05
1.787569262608967532e-05
1.754910674705724953e-05
1.722848743140196809e-05
1.691372567676232533e-05
1.660471447198280312e-05
1.630134876075740410e-05
1.600352540591210869e-05
1.571114315435364543e-05
1.542410260266639403e-05
1.514230616331104942e-05
1.486565803146762883e-05
1.459406415247369570e-05
1.432743218984478833e-05
1.406567149390788178e-05
1.380869307097441493e-05
1.355640955310278465e-05
1.330873516839576327e-05
1.306558571185158262e-05
1.282687851673819128e-05
1.259253242650232169e-05
1.236246776717491006e-05
1.213660632029744328e-05
1.191487129632890555e-05
1.169718730854758024e-05
1.148348034742646691e-05
1.127367775547670764e-05
1.106770820254729830e-05
1.086550166158341044e-05
1.066698938481768763e-05
1.047210388040897352e-05
1.028077888949182192e-05
1.009294936365984373e-05
9.908551442850071386e-06
9.727522433640998953e-06
9.549800787934362069e-06
9.375326082038372503e-06
9.204038996126010438e-06
9.035881294069019923e-06
8.870795803643262198e-06
8.708726397094715313e-06
8.549617972058261287e-06
8.393416432826020040e-06
8.240068671957879553e-06
8.089522552230612209e-06
7.941726888912504191e-06
7.796631432360680725e-06
7.654186850946297446e-06
7.514344714276898022e-06
7.377057476737024086e-06
7.242278461325574689e-06
7.109961843783832725e-06
6.980062637022329674e-06
6.852536675824022647e-06
6.727340601833481429e-06
6.604431848814301205e-06
6.483768628178862643e-06
6.365309914783199729e-06
6.249015432980431195e-06
6.134845642926333317e-06
6.022761727141198630e-06
5.912725577311115284e-06
5.804699781332365178e-06
5.698647610594189877e-06
5.594533007490668774e-06
5.492320573163925337e-06
5.391975555470715427e-06
5.293463837166500647e-06
5.196751924304603677e-06
5.101806934854595222e-06
5.008596587518136198e-06
4.917089190759193797e-06
4.827253632026476420e-06
4.739059367177393858e-06
4.652476410093144516e-06
4.567475322485758941e-06
4.484027203889794846e-06
4.402103681834235838e-06
4.321676902201635262e-06
4.242719519752522095e-06
4.165204688833605371e-06
4.089106054248754617e-06
4.014397742299100584e-06
3.941054351986548965e-06
3.869050946377887315e-06
3.798363044127696686e-06
3.728966611154067571e-06
3.660838052468451708e-06
3.593954204152988677e-06
3.528292325486371997e-06
3.463830091210733513e-06
3.400545583943250131e-06
3.338417286724288034e-06
3.277424075700413172e-06
3.217545212945048428e-06
3.158760339406313190e-06
3.101049467985354291e-06
3.044392976742430263e-06
2.988771602223410216e-06
2.934166432912775829e-06
2.880558902803103907e-06
2.827930785082048939e-06
2.776264185936780740e-06
2.725541538469304646e-06
2.675745596725416672e-06
2.626859429829255312e-06
2.578866416228399184e-06
2.531750238042095167e-06
2.485494875514123912e-06
2.440084601565445404e-06
2.395503976447319158e-06
2.351737842492513787e-06
2.308771318960918390e-06
2.266589796981030036e-06
2.225178934583072409e-06
2.184524651821522604e-06
2.144613125989888275e-06
2.105430786919773033e-06
2.066964312368232326e-06
2.029200623486953546e-06
1.992126880376889900e-06
1.955730477721479887e-06
1.919999040502018374e-06
1.884920419789397018e-06
1.850482688614691592e-06
1.816674137912176345e-06
1.783483272540409605e-06
1.750898807372266165e-06
1.718909663458891084e-06
1.687504964262638180e-06
1.656674031959598632e-06
1.626406383808037216e-06
1.596691728585635570e-06
1.567519963089485346e-06
1.538881168701227529e-06
1.510765608015587919e-06
1.483163721528522142e-06
1.456066124387616951e-06
1.429463603201075918e-06
1.403347112905480321e-06
1.377707773689960310e-06
1.352536867977390025e-06
1.327825837460766692e-06
1.303566280192465550e-06
1.279749947728410034e-06
1.256368742323236093e-06
1.233414714177292604e-06
1.210880058733478863e-06
1.188757114023470037e-06
1.167038358063515427e-06
1.145716406295791638e-06
1.124784009078623003e-06
1.104234049221278363e-06
1.084059539563621655e-06
1.064253620601264028e-06
1.044809558152790643e-06
1.025720741070462491e-06
1.006980678992031070e-06
9.885830001342937970e-07
9.705214491264523309e-07
9.527898848838416639e-07
9.353822785190433212e-07
9.182927112927759720e-07
9.015153726010984488e-07
8.850445580000028122e-07
8.688746672659020250e-07
8.530002024911900848e-07
8.374157662156743190e-07
8.221160595903760914e-07
8.070958805769182212e-07
7.923501221780014761e-07
7.778737707017279728e-07
7.636619040563099779e-07
7.497096900767866022e-07
7.360123848822786796e-07
7.225653312626245720e-07
7.093639570953401769e-07
6.964037737905094235e-07
6.836803747653424147e-07
6.711894339454722822e-07
6.589267042940814151e-07
6.468880163680752494e-07
6.350692769000715059e-07
6.234664674073830958e-07
6.120756428250068938e-07
