1.000000000000000072e-18
1.000000000000000072e-18
1.000000000000000072e-18
1.000000000000000072e-18
1.000000000000000072e-18
1.000000000000000072e-18
1.000000000000000072e-18
1.000000000000000072e-18
1.000000000000000072e-18
1.000000000000000072e-18
1.000000000000000072e-18
1.000000000000000072e-18
1.000000000000000072e-18
1.000000000000000072e-18
1.000000000000000072e-18
1.000000000000000072e-18
1.000000000000000072e-18
1.000000000000000072e-18
1.000000000000000072e-18
1.000000000000000072e-18
1.000000000000000072e-18
1.000000000000000072e-18
1.000000000000000072e-18
1.000000000000000072e-18
1.000000000000000072e-18
1.000000000000000072e-18
1.000000000000000072e-18
1.000000000000000072e-18
1.000000000000000072e-18
1.000000000000000072e-18
1.000000000000000072e-18
1.000000000000000072e-18
1.000000000000000072e-18
1.237577812705335557e-05
6.322672617333011114e-02
3.088189148300640730e-01
3.496686211362683983e-01
1.832783578133316549e-01
5.389068478204667167e-01
2.762009404811012758e-01
4.260553618392372011e-01
7.321110550029119590e-01
3.891373100428406895e-01
3.376396745351971651e-01
5.083595019624891354e-01
6.586645271737544549e-01
6.608395422275025188e-01
5.536788353670208940e-01
4.344907537869020508e-01
3.682929983799597684e-01
3.682929983799597684e-01
4.344907537869020508e-01
5.536788353670208940e-01
6.608395422274352393e-01
6.586645271736852880e-01
5.083595019624408407e-01
3.376396745351971651e-01
3.891373100428406895e-01
7.321110550029119590e-01
4.260553618392372011e-01
2.762009404811214264e-01
5.389068478205772950e-01
1.832783578133315161e-01
3.496686211362683983e-01
3.088189148300640730e-01
6.322672617333011114e-02
1.237577812705335557e-05
1.000000000000000072e-18
1.000000000000000072e-18
1.000000000000000072e-18
1.000000000000000072e-18
1.000000000000000072e-18
1.000000000000000072e-18
1.000000000000000072e-18
1.000000000000000072e-18
1.000000000000000072e-18
1.000000000000000072e-18
1.000000000000000072e-18
1.000000000000000072e-18
1.000000000000000072e-18
1.000000000000000072e-18
1.000000000000000072e-18
1.000000000000000072e-18
1.000000000000000072e-18
1.000000000000000072e-18
1.000000000000000072e-18
1.000000000000000072e-18
1.000000000000000072e-18
1.000000000000000072e-18
1.000000000000000072e-18
1.000000000000000072e-18
1.000000000000000072e-18
1.000000000000000072e-18
1.000000000000000072e-18
1.000000000000000072e-18
1.000000000000000072e-18
1.000000000000000072e-18
1.000000000000000072e-18
1.000000000000000072e-18
1.000000000000000072e-18
2.064399359291786864e-12
4.088948892206948314e-03
3.779048206379919168e-12
3.092381199942614124e-18
1.082366174292946209e-01
5.680388816704713163e-04
4.067117725173531768e-03
8.994088929028273283e-01
1.013966881658000198e-14
3.208886222606568562e-12
5.236250692034177812e-03
3.085948073250139798e-02
4.319452942847116020e-03
3.766669412595721134e-09
8.224003973726680405e-02
5.555297628050425420e-07
8.531447964894001666e-04
2.918794931607010749e-06
1.103730754578607400e-02
6.845986567597169004e-03
4.765581534516158402e-03
5.089236515481315205e-03
8.814668616485594674e-03
1.453051155060917574e-03
1.188686548788705881e-02
3.940711418719896469e-02
1.084985406466749541e-01
3.228613107005040648e-03
1.414141373458393733e-02
7.037988157445810092e-03
1.569137850503543596e-02
2.165731916051772191e-02
1.340112524903390272e-02
1.061902700957231965e-01
2.374433492571249166e-02
1.294620385681658492e-01
1.890106468087401556e-02
1.549549653357205556e-02
1.327910755004638177e-02
1.892898646310277669e-02
3.875648204779776757e-02
1.730924290004873592e-02
2.736993669542012869e-02
3.125542846919313056e-02
4.724207611790050554e-01
1.622420683829216628e-02
2.650955877664004298e-02
4.375761905031096827e-02
7.254266561150246595e-02
3.622461027870876871e-02
6.869227454381268694e-02
4.011606984149945071e-02
1.256224966593071646e-01
1.539246723788713633e-01
7.761122541892373494e-02
6.881252452970632039e-02
5.234272085051078910e-02
1.041064362489915324e-01
5.342985462825345505e-02
2.733140059737400596e-01
6.246040037217844842e-01
7.947516951557913323e-02
4.519762781214915065e-02
1.326446018585988318e-01
5.519692607493514869e-02
7.136465616875543594e-01
1.260691074447403692e-01
3.140742836631876117e-02
2.349703776661609400e-01
2.612975313052653958e-01
3.139787126224684033e-01
6.020484948462950098e-02
6.975238085840511360e-02
3.587851287199270156e-02
4.626977178454060868e-01
6.436378119230698469e-02
3.339232199585408511e-01
7.187411873340650292e-02
5.036733030705666664e-02
5.096912653713945446e-02
7.022717577820836166e-02
6.353693576921665143e-01
1.144255213844634911e-01
6.423304736408676219e-02
1.211812353646887358e-01
8.940780995969119238e-02
7.636076376158958123e-02
1.415133701222634210e-01
8.633745526142490301e-02
8.454891636585669390e-02
1.127292000157903568e-01
8.560897027618270816e-02
1.226996820351681505e-01
9.256292538770150014e-02
8.696122625988619848e-02
1.230267642555849111e-01
1.314949020665343860e-01
2.056784193480074574e-01
4.226558324211955875e-01
9.210248343496656165e-02
6.208727132470984733e-01
8.716290556122090472e-01
1.763674636250235073e-01
1.030533104354599966e-01
1.156333036402876352e-01
2.092465717602597919e-01
1.184857722317530226e-01
7.339458593664456576e-02
1.094925594393450774e-01
2.105812996826676442e-01
9.219349386408171032e-01
5.753624392062881565e-01
1.239270989930938843e-01
1.652120001376428393e-01
9.997808281109368256e-01
1.907790426034078335e-01
1.261318494389672140e-01
7.978901194555902965e-01
1.312272881340761643e-01
1.265630997509602507e-01
1.358411372977859910e-01
1.271919701621505305e-01
9.610670920499544412e-01
6.553896637000519165e-01
8.800469901362558689e-01
3.241278069294183939e-01
8.726670833395623328e-01
9.635530429876695280e-01
1.239733854547302727e-01
1.236343656249985212e-01
1.328939084783438973e-01
2.731257649376195307e-01
3.830271581244960692e-03
7.856779608115056490e-01
8.460650874896011864e-01
6.836356494719958606e-03
2.537244674893345264e-01
5.677098690221492605e-01
7.721256745597935289e-01
1.482075314256042220e-01
1.305329549825056112e-01
3.176923400790167273e-02
5.494853123431259201e-02
9.363409977535089856e-01
2.342625593626955616e-15
3.708600843919974532e-03
2.206601589958324194e-16
2.686610003254604045e-10
1.851564093639642139e-01
8.571285801020447348e-01
1.784732677419843261e-01
1.725275589495150197e-01
2.110439095380275736e-08
4.775470315884882133e-01
1.853413176395973449e-13
1.184208939194095894e-02
1.355960747401433256e-02
1.033044200395297728e-02
2.927188209881872137e-03
5.246597534663097195e-02
6.793094240552390028e-03
7.032498250317573835e-03
3.313150719325261740e-04
1.743205018805194222e-03
6.758367524489850009e-02
9.724176464661499208e-01
2.118826446425516874e-01
1.275077811814574469e-01
7.087857708630479481e-01
1.746560572330579653e-01
2.273014215926055792e-01
9.692548363815949308e-01
2.196062089953024765e-01
1.784169711790669077e-01
1.608828218739737637e-01
1.870794708484431468e-01
4.240529129870243552e-01
2.215030949154130069e-01
2.071158239169007820e-01
3.699027083322304343e-01
2.423446161823605005e-01
2.794836505727883447e-01
5.882825551364850858e-01
1.689928618480654732e-01
2.027861161814524804e-01
2.565224255095737704e-01
1.908552265307633389e-01
9.507238978087645398e-01
1.990264489918426860e-01
7.281054337156483980e-01
6.235793766769448521e-01
2.429240580717535458e-01
6.415365156007086162e-10
5.759962162801183955e-11
9.916817743237630323e-01
7.387530044224663653e-03
3.561357401327316929e-02
5.136985059951422461e-03
1.549926452878795935e-01
1.065904975636242785e-02
3.677756441412773913e-01
1.973758075235643172e-02
3.654276519422464814e-02
2.896736895802761586e-02
7.287268764409107202e-01
2.537990292865203723e-01
2.059470089826342595e-02
1.582471951705079899e-02
1.749899273945322575e-01
5.538089704735365930e-03
8.362512417622466887e-03
9.278985722044353901e-01
1.274463250455041552e-01
2.631223763515009792e-02
2.966653962570546879e-02
1.036220191454573225e-01
8.297761976337993950e-01
9.317967755520415243e-03
8.710090969964598417e-02
1.000491390818954024e-01
2.888562289428122654e-01
2.673536692983729535e-01
2.251633391151043051e-01
2.276470941663883696e-01
3.042728486215762196e-02
3.829671505727268860e-02
4.261972588311390558e-02
1.349461237056541196e-01
7.265429406058866446e-01
2.043742086167335548e-01
3.231023419543090774e-02
1.033724931782540601e-01
1.307047593590201784e-01
9.980578208851843547e-01
2.087441521572958869e-01
1.251694981848434363e-01
9.255421423325936869e-01
2.913673866862790396e-01
2.229264196014909549e-01
5.493258097796839268e-01
3.127744647139886203e-01
9.998738495866702491e-01
3.305643583594847223e-01
8.278677068472276579e-01
5.932670344459711753e-01
4.059697869533019920e-01
9.807270116467720067e-01
9.978252387774625420e-01
3.298744801445763208e-01
6.238392700224384413e-01
3.958966305186211732e-01
2.113153253538430365e-01
2.652562478865859719e-01
7.465784495999877590e-01
3.325686368067410914e-01
9.918649101520670142e-01
2.806465819851667112e-02
2.924061703499014619e-02
9.135410607181203568e-01
1.948520665136639074e-01
4.672819074967302783e-02
1.015673485684291666e-01
5.339795363250795374e-02
9.889293610115130750e-01
2.568971511400427454e-01
1.413106236277436034e-01
7.244366854672065759e-02
7.918430933262053939e-01
2.854340422879977912e-01
4.100126105558343087e-02
1.764150594874630551e-01
4.209466626852766818e-02
2.140886960807852346e-01
5.500651172326066068e-02
1.354841960744788132e-01
6.879142754418978711e-01
5.377147178943023076e-02
6.434633128874721331e-02
1.070359084271158001e-01
5.483525792341346211e-02
9.997492874966766863e-01
2.984188933588096115e-01
9.501467954836624319e-01
9.999995738299476411e-01
5.812903839727076027e-01
1.273744405394443557e-01
4.464779887316996376e-01
5.251949066705457331e-02
8.100888736869907847e-01
1.535023042791882064e-01
4.530900707393056837e-01
9.963531478934941621e-01
7.775972982784207232e-01
6.364897924040565647e-01
2.845498062077511658e-01
7.063900545439208978e-01
6.147891183897925133e-02
5.479765188587023550e-01
2.964384010644741108e-01
9.972384888503883493e-01
1.115273452890267331e-01
8.675327400575633119e-02
1.291689159123007302e-01
9.352364368585443233e-02
3.810042214106091896e-01
1.264721259936478770e-01
8.835831629207722970e-02
9.768233824284729971e-01
2.551697216771537935e-01
8.269488919694731321e-02
8.254531185762124801e-02
7.869963339398398927e-02
5.748727931679420422e-01
3.664885791345192101e-01
1.139852126613540712e-01
8.216268088968099736e-02
8.121888683084610427e-01
1.626457448859589539e-01
8.586368292213329978e-01
1.189275049583158744e-01
8.596391401006606703e-01
8.762156916882363200e-02
9.244269401746853243e-02
7.685605456765140509e-02
4.831229556441263284e-01
8.085861544529102662e-01
4.362040871004446152e-01
9.771929773256243790e-01
8.479659107274709617e-01
5.416907784673345994e-01
5.758218337684326560e-01
3.060553314624089305e-01
3.700773405647624914e-01
2.462157833127264772e-01
2.012534577967655669e-01
2.019346655603885266e-01
8.862533295350951690e-01
5.246024058964022796e-01
7.009418405171755628e-01
3.288615495000526412e-01
5.924718124071692849e-01
4.438003555626579555e-01
4.871231795735341819e-01
5.323220697939915480e-01
9.627696471725138982e-01
3.738589090417545058e-01
9.834376530861148602e-01
9.839545839723238263e-01
3.082717873806807840e-01
9.847963339046713616e-01
8.691153872531903746e-01
4.648669036162706991e-01
3.444855562762769163e-01
1.030631621586989843e-01
1.035296119275745802e-01
1.072444971630838739e-01
1.456019973798614586e-01
1.372103183897969980e-01
1.583457715998644599e-01
9.572886634279832441e-01
1.405009545342602029e-01
8.853362894913302528e-01
1.304164066224635654e-01
1.433458176845242016e-01
2.558217991470024821e-01
3.889930284834520191e-01
1.364842704365812620e-01
1.312321080210384350e-01
3.277379623590114255e-01
1.799872831217044222e-01
1.560337195803541410e-01
9.999487792584786927e-01
2.668511369734137828e-01
1.108751765262908917e-01
9.827083292630738320e-01
1.296865885696711629e-01
9.557091703050342169e-01
9.393725527181413515e-01
5.583359453362888303e-01
8.318090029452914758e-01
1.153801671294417408e-02
5.171631258436844292e-03
1.540382593418613763e-02
1.617737259882246273e-02
7.571966483344346743e-01
3.543189445273755567e-01
3.745492585168905264e-01
9.997891125827587100e-01
1.530168408371763988e-01
1.749028331835754402e-01
3.677214259816730668e-01
9.222539417566988362e-01
5.337860889471408576e-01
3.860228191999255376e-01
9.127242043592147525e-01
3.798224330822118078e-01
3.714171000996787098e-01
8.872023257341283831e-01
9.977502774459305890e-01
8.137662747154639220e-01
8.957543759414337003e-01
4.817425591103639548e-01
3.680167608438581484e-01
9.952540612383741214e-01
6.482527624100530017e-02
2.957601713265778712e-02
2.854539392703452430e-02
5.523935395623946754e-02
1.659858475600350380e-01
8.920454454121490295e-02
2.394895955907850038e-01
7.380560737935262239e-01
3.847420905507082378e-01
5.729804195595648020e-01
4.180439094501309238e-01
4.251237455830779721e-01
4.685382683877841736e-01
4.757627021564719283e-01
4.063644165982315815e-01
1.742549212798445157e-01
5.823927816373090094e-01
9.461058125130106244e-01
4.031416042040507075e-01
3.985839352761061383e-01
1.763161267626481010e-01
3.036324070724027990e-01
2.615859421296650167e-01
2.234797087272540339e-01
1.619595430476624964e-01
1.579886963192636828e-01
1.791580546316866585e-01
2.404506601249784825e-01
4.670047770642190010e-01
1.846819670199701946e-01
1.940418106338614168e-01
2.615299251901818112e-01
1.956505196931116464e-01
5.482986078603018232e-01
3.371300339469263663e-01
3.671651681493019459e-01
3.914769525166634789e-01
4.024196754988697000e-01
3.801705108084730833e-01
4.647456613818014004e-01
9.973573375143036657e-01
8.205573510764190281e-01
9.985356697835773288e-01
3.613589474613981833e-01
4.317979082041841221e-01
3.626978343785403069e-01
8.422786541083300271e-01
4.313556698072384399e-01
1.226619864019120737e-01
1.126909034537066367e-01
6.284264070117588918e-01
2.229974923486268412e-01
8.106650441094305215e-01
9.875467008463437724e-01
4.093026103900350710e-01
9.433364750051382863e-01
7.986570911496257974e-01
9.810305953366351694e-01
4.582870844921606568e-01
6.135388843143397830e-01
6.737072101298436921e-01
5.600958736039451935e-01
9.176956883484989058e-01
4.200237897009878041e-01
4.185254345776634466e-01
6.674130912656017767e-01
9.351405170680459067e-01
3.937566054674099814e-01
5.474128026887857823e-01
5.938489101863750896e-01
8.475910808467432833e-01
9.168204396836285852e-01
4.568480216131842742e-01
9.522784812723955605e-01
2.257088934608162401e-01
6.842251452235108555e-01
4.811615845893896237e-01
3.230687723648243415e-01
3.081656642176331395e-01
4.001056994644525133e-01
3.621675588839119997e-01
5.290995907029936163e-01
4.318135809153476612e-01
9.985755600736040405e-01
4.540520657180328046e-01
1.974142661989674863e-01
1.693641854640187683e-01
1.753630055550352285e-01
2.535379198875806761e-01
7.653191189646005865e-01
6.429393252021449179e-01
2.282027431953302932e-01
9.322893960296518845e-01
4.890094801266907099e-01
2.728138125407611470e-01
9.040511362224913361e-01
4.067705797970673220e-01
5.565778676088158905e-01
5.777668689699259064e-01
4.565012366537723465e-01
5.136996471150020449e-01
5.605940150504049591e-01
3.317614861672096294e-01
2.664237918651184978e-01
7.470636273575887998e-01
7.616890329199357268e-01
9.627996338502443630e-01
4.703258294799865791e-01
7.500304485135681487e-01
4.791089783214874664e-01
4.116709005155348988e-01
2.537669277771427145e-01
4.779146378526520911e-01
5.768011528193555115e-01
4.527503720595241199e-01
9.454165316358070781e-01
6.862418092618182142e-01
3.976509090608111863e-01
2.844788915601520474e-01
3.518820268908438020e-01
7.564054888261313447e-01
9.134683912406648121e-01
6.826204304021368241e-01
9.966540200964871810e-01
4.155469870983022895e-01
9.972087450315707535e-01
5.345640016022209506e-01
4.428592963834023233e-01
9.229707301652838591e-01
7.596308016003470165e-01
4.448182291310895931e-01
5.839016186886931692e-01
4.201214400265486093e-01
5.445557603348466502e-01
9.499379791859323685e-01
4.945492725398646372e-01
8.121745954359511632e-01
9.648631096452932043e-01
5.776638277599438487e-01
9.596754705203710545e-01
6.239506558905125733e-01
4.500644787976643135e-01
4.428240937233336449e-01
9.616980184145217381e-01
9.776514738611163935e-01
5.944722922425250689e-01
8.975662277526302857e-01
7.579782357293093353e-01
9.137288983849184421e-01
2.785387307361260611e-01
8.345812298391195316e-01
7.802579436409216029e-01
9.627490021116722474e-01
5.422597207603055969e-01
9.572579533363911874e-01
9.863860286513740361e-01
6.761321753051358074e-01
8.855356869718412627e-01
5.474944105266843497e-01
2.826076610018785629e-01
5.540503187934195939e-01
9.369436200276449744e-01
7.491291262538085638e-01
4.402396882646225640e-01
5.430610639063585543e-01
9.499140515608169855e-01
4.737626357368311947e-01
5.364646345096248936e-01
9.426927733488591477e-01
9.553485176100114940e-01
7.956496669981093506e-01
9.292028533392393541e-01
4.462512587233836148e-01
8.401874638014192875e-01
6.462199548534407478e-01
5.117737875153895999e-01
9.925452490958862617e-01
7.405594037838253429e-01
9.109347756269974283e-01
6.349761720362619988e-01
3.157612994461952982e-01
5.904610134281548239e-01
3.416636128609056855e-01
9.284777872549602185e-01
3.611024007558388260e-01
9.149511383925303942e-01
3.331680105916385304e-01
3.431585718742864999e-01
5.154463836493932138e-01
6.781249215867799496e-01
7.534753933457716268e-01
6.939201875754514859e-01
9.579098264765917303e-01
9.839538486425873920e-01
9.762711286201061212e-01
9.795128177468102049e-01
8.985942669580572195e-01
9.971619086083846062e-01
8.138829843082628912e-01
9.952733946680919486e-01
8.567098722297697977e-01
4.938077513469401603e-01
9.930460726239555003e-01
4.784648439773142581e-01
7.439473505096420025e-01
9.717468661063198843e-01
8.480587350970146820e-01
9.394825532673235502e-01
5.000074664041532779e-01
7.245258249756894031e-01
4.943027016214061042e-01
4.555478676985299513e-01
5.297356168018972911e-01
5.234390502585303251e-01
6.729048430879973619e-01
5.069115177294373220e-01
5.256626175588774430e-01
4.624709621802221560e-01
6.447554294377693118e-01
6.535403818570999501e-01
6.072700833362885131e-01
9.597042246273422839e-01
4.262950189166010984e-01
4.582541710001049595e-01
8.703921931110015775e-01
8.693962716344355579e-01
8.584212812781452095e-01
8.380927964429120136e-01
8.225152864955265208e-01
3.438060116902195151e-01
9.960579572459802300e-01
7.738662585834611418e-01
4.509441362849982426e-01
6.158227629143246951e-01
4.938651122112107661e-01
5.820658334803218148e-01
4.711401381467545391e-01
9.995234914018672479e-01
4.448717235522006153e-01
8.325104341247289153e-01
4.995687060567716165e-01
5.610712951228505885e-01
4.709516532376370468e-01
5.650835751845849630e-01
8.026690842564361272e-01
5.712817128245611942e-01
7.891120069616860411e-01
4.428384836402646241e-01
5.431903934688405711e-01
4.772560524912632940e-01
8.040288475232651999e-01
9.102524917089376277e-01
5.728697607275925474e-01
5.614860046396182858e-01
7.937712710037668762e-01
9.413066273371478720e-01
8.949499120864180535e-01
9.146615925694956406e-01
5.080563831840203548e-01
7.152875768075434015e-01
8.073504084474569797e-01
9.999731428982350234e-01
5.827508278526059016e-01
4.375024759756747095e-01
3.687729789766453492e-01
7.290972765974377268e-01
8.936774590223101056e-01
8.362391669941635630e-01
6.803578895650090885e-01
5.714972510570329733e-01
8.103253699129959742e-01
4.850919729962653859e-01
5.952993607837449019e-01
4.659966583675796414e-01
9.933693573104068752e-01
9.429345653565541774e-01
9.936838351795423963e-01
9.998744994932694530e-01
9.313716574246431179e-01
8.055483226242692307e-01
3.892836051494377725e-01
8.104468882980715438e-01
6.988713390419137861e-01
7.596382429719878981e-01
3.782473838430315816e-01
9.084144976879184874e-01
9.855165937335030879e-01
9.124119531155576723e-01
5.639514933311469136e-01
9.418117505535287259e-01
9.295437924806643215e-01
7.774359349456112511e-01
7.617430919251155785e-01
5.070711107212541036e-01
9.964374058557710079e-01
4.477283573691254182e-01
6.102895130313884531e-01
7.188793260763229886e-01
4.207279457260371114e-01
5.151653307617706234e-01
4.426251314886494592e-01
5.762493611294253748e-01
7.610908573605070782e-01
8.538689123356197896e-01
7.698223880408283648e-01
4.556610908895046275e-01
4.374496418193632996e-01
8.707007334440922675e-01
4.741978511937868790e-01
4.956444679164197509e-01
4.377550416319630489e-01
9.996299795661128806e-01
5.021587783057561705e-01
9.278252874397350247e-01
5.711004702276246681e-01
8.429012126871104904e-01
5.832071643524636695e-01
9.795670539060661319e-01
4.498788730686887893e-01
4.050459882543347989e-01
8.583104911558615546e-01
4.941760848622802627e-01
5.527339650452776088e-01
3.978173788465656502e-01
5.493307486981144905e-01
5.139005345769022126e-01
3.669197643980834922e-01
6.081431138475609233e-01
8.877552468986612544e-01
3.725741159219204124e-01
7.333944330646290366e-01
4.308227264076980312e-01
5.873673308194641285e-01
9.740228963095430847e-01
6.373205752974814287e-01
7.999616581607262855e-01
7.738914916781521880e-01
6.400479711697379948e-01
8.983217022253913164e-01
7.964059721651053358e-01
9.070848155513231426e-01
7.017096100922638469e-01
4.952802470673250412e-01
9.993016005209766073e-01
5.121579135364094926e-01
5.449062983469993293e-01
6.388625390390231251e-01
7.393363458181639869e-01
4.003273077138985725e-01
9.099913552918462711e-01
9.279740443087610702e-01
9.419535055754831854e-01
3.869644443979734505e-01
4.047194842294443706e-01
4.154985306136147472e-01
6.101216516159099212e-01
4.502500832685340515e-01
9.627586929983108499e-01
8.087714644622605586e-01
7.666139716106521451e-01
7.322049332798649113e-01
7.772932992285614962e-01
8.753916554631417934e-01
5.704054286153310560e-01
5.157269912991747640e-01
7.298597675254484551e-01
4.068533584482376675e-01
8.575753387812318218e-01
4.775947537062020798e-01
9.258420264753151052e-01
7.379345953492382204e-01
8.016507647332481445e-01
9.313026479656570933e-01
9.177529261276622385e-01
6.176915189522766969e-01
7.425949517728855920e-01
8.638770757837107572e-01
9.767472598252228133e-01
7.981165298157629762e-01
9.538970671540966118e-01
3.203594943433776265e-01
8.399635856494171993e-01
3.446692541636851570e-01
6.706818651959058908e-01
2.750279278211064105e-01
2.518297901346174816e-01
6.564352291495521019e-01
5.126696478604190199e-01
3.108230545674428580e-01
8.767441683453848222e-01
7.128354732516472003e-01
3.561614354463079057e-01
7.516445937668886357e-01
2.915571245114094712e-01
6.277727284991576617e-01
9.612286015891972069e-01
1.000000000000035083e+00
1.000000000000011768e+00
1.000000000000013101e+00
9.999999999999932276e-01
1.000000000000000000e+00
1.000000000000002220e+00
9.999999999999935607e-01
1.000000000000001332e+00
9.999999999999996669e-01
1.000000000000000666e+00
1.000000000000000888e+00
1.000000000000003997e+00
1.000000000000000000e+00
1.000000000000001998e+00
9.999999999999972244e-01
1.000000000000001554e+00
1.000000000000002887e+00
9.999999999999982236e-01
9.999999999999990008e-01
1.000000000000000000e+00
9.999999999999993339e-01
9.999999999999978906e-01
9.999999999999975575e-01
9.999999999999982236e-01
1.000000000000000222e+00
9.999999999999990008e-01
1.000000000000000222e+00
1.000000000000001332e+00
1.000000000000001776e+00
9.999999999999985567e-01
1.000000000000000666e+00
9.999999999999986677e-01
9.999999999999997780e-01
9.999999999999988898e-01
1.000000000000001110e+00
9.999999999999983347e-01
9.999999999999890088e-01
1.000000000000000444e+00
9.999999999999873435e-01
9.999999999999974465e-01
9.999999999999995559e-01
9.999999999999964473e-01
1.000000000000000000e+00
9.999999999999995559e-01
1.000000000000001776e+00
1.000000000000000000e+00
9.999999999999993339e-01
9.999999999999978906e-01
9.999999999999860112e-01
9.999999999999978906e-01
1.000000000000001998e+00
9.999999999999957812e-01
1.000000000000000666e+00
1.000000000000003553e+00
1.000000000000003997e+00
1.000000000000003553e+00
1.000000000000000666e+00
1.000000000000003109e+00
9.999999999999947820e-01
9.999999999999965583e-01
1.000000000000000444e+00
1.000000000000000000e+00
9.999999999999997780e-01
1.000000000000001332e+00
9.999999999999957812e-01
1.000000000000001554e+00
1.000000000000002887e+00
1.000000000000001776e+00
1.000000000000005329e+00
1.000000000000001332e+00
9.999999999999997780e-01
1.000000000000002442e+00
9.999999999999982236e-01
1.000000000000000444e+00
1.000000000000003553e+00
1.000000000000001998e+00
9.999999999999990008e-01
1.000000000000000000e+00
9.999999999999983347e-01
9.999999999999995559e-01
9.999999999999961142e-01
1.000000000000000000e+00
1.000000000000000444e+00
9.999999999999993339e-01
9.999999999999993339e-01
9.999999999999992228e-01
9.999999999999972244e-01
9.999999999999986677e-01
1.000000000000002220e+00
1.000000000000001110e+00
1.000000000000000222e+00
1.000000000000000888e+00
1.000000000000000000e+00
9.999999999999964473e-01
1.000000000000000000e+00
9.999999999999978906e-01
1.000000000000003775e+00
1.000000000000002442e+00
9.999999999999976685e-01
1.000000000000000444e+00
1.000000000000000000e+00
9.999999999999972244e-01
1.000000000000000000e+00
1.000000000000000000e+00
1.000000000000000444e+00
9.999999999999997780e-01
9.999999999999982236e-01
9.999999999999995559e-01
1.000000000000001110e+00
9.999999999999986677e-01
9.999999999999996669e-01
9.999999999999997780e-01
1.000000000000000000e+00
1.000000000000000000e+00
9.999999999999997780e-01
9.999999999999993339e-01
9.999999999999997780e-01
9.999999999999996669e-01
1.000000000000001554e+00
1.000000000000000666e+00
1.000000000000000222e+00
1.000000000000000000e+00
1.000000000000000666e+00
1.000000000000001998e+00
9.999999999999985567e-01
9.999999999999996669e-01
1.000000000000001110e+00
9.999999999999965583e-01
1.000000000000000888e+00
1.000000000000001110e+00
9.999999999999992228e-01
1.000000000000001110e+00
9.999999999999997780e-01
9.999999999999990008e-01
9.999999999999986677e-01
9.999999999999990008e-01
1.000000000000000666e+00
1.000000000000001998e+00
1.000000000000001998e+00
1.000000000000000000e+00
9.999999999999993339e-01
1.000000000000000000e+00
1.000000000000001110e+00
9.999999999999980016e-01
1.000000000000003109e+00
9.999999999999992228e-01
1.000000000000001332e+00
1.000000000000001776e+00
1.000000000000000000e+00
9.999999999999986677e-01
9.999999999999990008e-01
1.000000000000001110e+00
1.000000000000002442e+00
9.999999999999996669e-01
9.999999999999982236e-01
1.000000000000000000e+00
9.999999999999978906e-01
1.000000000000000222e+00
1.000000000000005107e+00
9.999999999999975575e-01
9.999999999999996669e-01
1.000000000000001110e+00
1.000000000000003109e+00
1.000000000000001110e+00
1.000000000000001998e+00
9.999999999999996669e-01
1.000000000000001998e+00
1.000000000000000666e+00
9.999999999999993339e-01
1.000000000000001110e+00
1.000000000000002442e+00
9.999999999999990008e-01
1.000000000000000444e+00
9.999999999999997780e-01
1.000000000000000444e+00
9.999999999999992228e-01
1.000000000000001554e+00
9.999999999999993339e-01
1.000000000000001110e+00
1.000000000000000444e+00
9.999999999999996669e-01
1.000000000000000444e+00
9.999999999999996669e-01
9.999999999999990008e-01
9.999999999999975575e-01
9.999999999999976685e-01
1.000000000000001998e+00
9.999999999999997780e-01
9.999999999999990008e-01
1.000000000000001110e+00
1.000000000000000666e+00
1.000000000000000444e+00
1.000000000000000000e+00
1.000000000000001110e+00
1.000000000000000666e+00
1.000000000000000666e+00
1.000000000000000444e+00
1.000000000000002442e+00
1.000000000000000000e+00
1.000000000000000072e-18
