-6.000000000000000000e+00
-5.878787878787878896e+00
-5.757575757575757791e+00
-5.636363636363636687e+00
-5.515151515151515582e+00
-5.393939393939393590e+00
-5.272727272727272485e+00
-5.151515151515151381e+00
-5.030303030303030276e+00
-4.909090909090909172e+00
-4.787878787878788067e+00
-4.666666666666666075e+00
-4.545454545454544970e+00
-4.424242424242423866e+00
-4.303030303030302761e+00
-4.181818181818181657e+00
-4.060606060606060552e+00
-3.939393939393939448e+00
-3.818181818181818343e+00
-3.696969696969696795e+00
-3.575757575757575690e+00
-3.454545454545454586e+00
-3.333333333333333037e+00
-3.212121212121211933e+00
-3.090909090909090828e+00
-2.969696969696969724e+00
-2.848484848484848619e+00
-2.727272727272727071e+00
-2.606060606060605966e+00
-2.484848484848484862e+00
-2.363636363636363313e+00
-2.242424242424242209e+00
-2.121212121212121104e+00
-2.000000000000000000e+00
-1.878787878787878896e+00
-1.757575757575757791e+00
-1.636363636363636687e+00
-1.515151515151514694e+00
-1.393939393939393590e+00
-1.272727272727272485e+00
-1.151515151515151381e+00
-1.030303030303030276e+00
-9.090909090909091717e-01
-7.878787878787880672e-01
-6.666666666666660745e-01
-5.454545454545449701e-01
-4.242424242424238656e-01
-3.030303030303027612e-01
-1.818181818181816567e-01
-6.060606060606055223e-02
6.060606060606055223e-02
1.818181818181816567e-01
3.030303030303027612e-01
4.242424242424247538e-01
5.454545454545458583e-01
6.666666666666669627e-01
7.878787878787880672e-01
9.090909090909091717e-01
1.030303030303030276e+00
1.151515151515151381e+00
1.272727272727273373e+00
1.393939393939394478e+00
1.515151515151515582e+00
1.636363636363636687e+00
1.757575757575757791e+00
1.878787878787878896e+00
2.000000000000000000e+00
2.121212121212121104e+00
2.242424242424242209e+00
2.363636363636363313e+00
2.484848484848484418e+00
2.606060606060605522e+00
2.727272727272726627e+00
2.848484848484849508e+00
2.969696969696970612e+00
3.090909090909091717e+00
3.212121212121212821e+00
3.333333333333333925e+00
3.454545454545455030e+00
3.575757575757576134e+00
3.696969696969697239e+00
3.818181818181818343e+00
3.939393939393939448e+00
4.060606060606060552e+00
4.181818181818181657e+00
4.303030303030302761e+00
4.424242424242423866e+00
4.545454545454544970e+00
4.666666666666667851e+00
4.787878787878788955e+00
4.909090909090910060e+00
5.030303030303031164e+00
5.151515151515152269e+00
5.272727272727273373e+00
5.393939393939394478e+00
5.515151515151515582e+00
5.636363636363636687e+00
5.757575757575757791e+00
5.878787878787878896e+00
6.000000000000000000e+00
-1.998810167466049892e+00
-1.992777645428349675e+00
-1.997092571768281699e+00
-1.991698723194571752e+00
-2.002401106193651081e+00
-1.993591334459457798e+00
-1.995470380956073875e+00
-1.992979239102907307e+00
-2.000925876725236918e+00
-1.989501947700716311e+00
-1.992831199689856447e+00
-1.998825784435789510e+00
-1.989581078315099782e+00
-1.993627683514911375e+00
-1.988929985856089155e+00
-1.993529322576810925e+00
-2.001038908052165333e+00
-1.989639147066268654e+00
-2.000997812970201739e+00
-1.990872189028053629e+00
-1.988099632447339893e+00
-1.990492230919073791e+00
-1.998720553912421982e+00
-1.998030615933131582e+00
-1.996259725326795520e+00
-1.983546755635472447e+00
-1.984812200380984715e+00
-1.984052790901423391e+00
-1.983796069793754224e+00
-1.970974774455866774e+00
-1.982213009800945391e+00
-1.975804421127346666e+00
-1.968857354152940387e+00
-1.969750383375499680e+00
-1.979901749400392097e+00
-1.967014910242469661e+00
-1.968757039014463750e+00
-1.980183179360845314e+00
-1.978636593789921294e+00
-1.973855668809599395e+00
-1.969406736001471314e+00
-1.963965799778182530e+00
-1.969127109941277709e+00
-1.960587714442156626e+00
-1.959975493500563992e+00
-1.956344810088574970e+00
-1.968067281521781453e+00
-1.964082600512168986e+00
-1.962246688318235677e+00
-1.955235432504356829e+00
-1.954686107179911758e+00
-1.956854844285537576e+00
-1.886237045981044025e+00
-1.875112262577159683e+00
-1.883976296675193174e+00
-1.891076630977127859e+00
-1.884735674543020156e+00
-1.894425589478536009e+00
-1.888716088367273560e+00
-1.891032411862999307e+00
-1.911161091453296601e+00
-1.897239488408402286e+00
-1.906165010352024902e+00
-1.901371563989780578e+00
-1.946744356347621663e+00
-1.942046433997316912e+00
-1.937681581317975077e+00
-1.953473865674428378e+00
-1.905234384537142445e+00
-1.904055965554596330e+00
-1.906372389589888749e+00
-1.916016729486342607e+00
-1.922679509173076839e+00
-1.920092778257081578e+00
-1.915737114024380627e+00
-1.919477290802769964e+00
-1.935808385518774433e+00
-1.931056691622912380e+00
-1.937888106333424343e+00
-1.920134253303339200e+00
-1.863408593939972047e+00
-1.863270227458188710e+00
-1.880452974546620526e+00
-1.866181918169484311e+00
-1.845522245123571325e+00
-1.837549277725602170e+00
-1.845288489088526829e+00
-1.828808492516307282e+00
-1.826116441674340951e+00
-1.831196703419814886e+00
-1.820250058062437448e+00
-1.826451518155955300e+00
-1.817304481423017259e+00
-1.803783250947201822e+00
-1.801699511118441066e+00
-1.810523716923776005e+00
-1.794764419235169273e+00
-1.805145483701721787e+00
-1.798890709857293269e+00
-1.803838737005361681e+00
-1.775984568795545560e+00
-1.790626844409883844e+00
-1.791446987338232599e+00
-1.776099690385474217e+00
-1.852733566124523668e+00
-1.850971753470581183e+00
-1.853505308689672004e+00
-1.843124102997222957e+00
-1.771015645624952839e+00
-1.768783562863366798e+00
-1.762759158026958151e+00
-1.773594230591356347e+00
-1.716093295250261219e+00
-1.729081917370397292e+00
-1.714705399144189846e+00
-1.722517368559000284e+00
-1.707313458403129758e+00
-1.716251805915872009e+00
-1.701338324864264395e+00
-1.711092007969772233e+00
-1.701309646629582950e+00
-1.690209021511474008e+00
-1.689310600965122422e+00
-1.699181532855275512e+00
-1.666683760454192198e+00
-1.681746400862556445e+00
-1.683777979720822326e+00
-1.674798179466787440e+00
-1.747304922450500619e+00
-1.732712824479372138e+00
-1.735007950018000233e+00
-1.740368966801777662e+00
-1.976723580933021029e+00
-1.988339735069573289e+00
-1.992967719129554727e+00
-1.989258312265869577e+00
-1.652715952715523517e+00
-1.652619771075757527e+00
-1.647571746611503629e+00
-1.658968991776218926e+00
-1.936412643553812263e+00
-1.934303856946080424e+00
-1.933572325672590075e+00
-1.933385270135889789e+00
1.997255782383915879e+00
2.006517840976149714e+00
1.990694857210796975e+00
1.999133970765655466e+00
-1.638818272114308527e+00
-1.630668780176342425e+00
-1.640209783625121043e+00
-1.640787595377901420e+00
2.001560030093281650e+00
2.005589423952702788e+00
1.997173959267736221e+00
2.000457714821028077e+00
1.995335525958863432e+00
2.001931151872854642e+00
2.002730585883395698e+00
1.989909934194592722e+00
1.988274828771831260e+00
1.988012387621319821e+00
1.988971826816433586e+00
1.991857011915643794e+00
-1.861397602530618700e+00
-1.868118883853631118e+00
-1.862336563208818907e+00
-1.867700433482337274e+00
-1.604100928516441593e+00
-1.595760973034879182e+00
-1.595608791655905856e+00
-1.598363695629336112e+00
-1.591644755421223190e+00
-1.576214609454704485e+00
-1.582746555076557815e+00
-1.577264610550466406e+00
-1.540073059416972701e+00
-1.537560784057542707e+00
-1.551038612862128740e+00
-1.545730867091391181e+00
-1.561819818139185134e+00
-1.555218616630485107e+00
-1.572688192258845596e+00
-1.558402564321448747e+00
-1.516043570249171468e+00
-1.534699065290404008e+00
-1.523353607291943135e+00
-1.521776404372377156e+00
-1.495369325004552330e+00
-1.514045137367202365e+00
-1.499332283132162269e+00
-1.507907122827863322e+00
2.001545431627087090e+00
1.993806197175227446e+00
1.996327971838186333e+00
1.999911785871396619e+00
1.993990882485183747e+00
1.999420800682464749e+00
1.996962611604221172e+00
1.985817051239418651e+00
1.968625440305921570e+00
1.978007671034268000e+00
1.977418723845000503e+00
1.960706562580806001e+00
1.970061833535521112e+00
1.985217394587046824e+00
1.967953222050583983e+00
1.984419863408491080e+00
1.983376652177054389e+00
1.988600650672629921e+00
1.987344772793387504e+00
1.979929745616824333e+00
1.956240415096199836e+00
1.968329385592843650e+00
1.970648145889025926e+00
1.962508756535881860e+00
1.975565407271210105e+00
1.976484546391644948e+00
1.975095070674575792e+00
1.972886283434034160e+00
-1.475597830144892875e+00
-1.475494359252806920e+00
-1.478548473332387925e+00
-1.477870127244276466e+00
1.950618726196009289e+00
1.967993717759811245e+00
1.952378701586600318e+00
1.961957638315604324e+00
1.943631560163642025e+00
1.946564981035431963e+00
1.958451703905280450e+00
1.942315929989566037e+00
-1.763955840698753441e+00
-1.762407510002722111e+00
-1.745816923493704209e+00
-1.757055712039944151e+00
-1.417352120667227267e+00
-1.414804290248469210e+00
-1.420350756534588310e+00
-1.410734591364465995e+00
-1.391516353910802861e+00
-1.404274837366702666e+00
-1.399688536319997345e+00
-1.404593536756680416e+00
-1.378017563639718501e+00
-1.383404119036746760e+00
-1.376638464083467461e+00
-1.381258214109414517e+00
-1.446718181913438483e+00
-1.435533012555522792e+00
-1.439048572563915496e+00
-1.445524577922834730e+00
-1.355528530036188561e+00
-1.346772647933607292e+00
-1.346663825403110470e+00
-1.359371917796516449e+00
1.946909566727858865e+00
1.946550999114411873e+00
1.951694780130734275e+00
1.947446894832514985e+00
1.901562262118500879e+00
1.900671560981295638e+00
1.898839069056833084e+00
1.908255353040243074e+00
1.920078474777075161e+00
1.912697998909588915e+00
1.903083080448357833e+00
1.909410379289383952e+00
1.913326103821250346e+00
1.918254582274223408e+00
1.915642168583014060e+00
1.921694711768172192e+00
1.939398902081871601e+00
1.935910524672409538e+00
1.930609879673623075e+00
1.928300786096491581e+00
1.887123149307802228e+00
1.903157956767921100e+00
1.893023371638889563e+00
1.895139149395693279e+00
-1.327410253244826865e+00
-1.326641501153289715e+00
-1.333973488435070465e+00
-1.326369495915621366e+00
1.883966007450813107e+00
1.892728214845807777e+00
1.889342117780285157e+00
1.884399786541546939e+00
-1.618106033389779652e+00
-1.612671990064608041e+00
-1.628394734191556781e+00
-1.628717434736434821e+00
-1.299241339338820467e+00
-1.303206119518506734e+00
-1.307468165015360784e+00
-1.308495146249494478e+00
1.871413656669721259e+00
1.875736925691384505e+00
1.867986438584620768e+00
1.873755481284058000e+00
1.798220549052399253e+00
1.789132308949880512e+00
1.790765678226297730e+00
1.802340274105466822e+00
1.815687862897566562e+00
1.820479999651440917e+00
1.801693420575626314e+00
1.815013418051508065e+00
1.827500672745056898e+00
1.818163794877541761e+00
1.827647987987104594e+00
1.819176426644989242e+00
1.846209381823392004e+00
1.844462371971753889e+00
1.832060177562806924e+00
1.843697295495239086e+00
1.788413514508726321e+00
1.780123277272803506e+00
1.789372136032089111e+00
1.779067426976714161e+00
1.849051041129829320e+00
1.855640878844772246e+00
1.852069054548844074e+00
1.842834008621807573e+00
-1.200232932282234710e+00
-1.207355355217373916e+00
-1.202640639487304597e+00
-1.211138884290317907e+00
-1.232262683934077119e+00
-1.224815594305944888e+00
-1.229847314590539087e+00
-1.237534737841366583e+00
-1.471358694317137727e+00
-1.461080831870566143e+00
-1.454039750908392215e+00
-1.456801973733715450e+00
-1.178387735198630493e+00
-1.182646003610337671e+00
-1.177532506279449720e+00
-1.185035687032756302e+00
-1.257623332538700733e+00
-1.254570962003852763e+00
-1.265658667272960169e+00
-1.259709494975570943e+00
-1.153668017030875070e+00
-1.148004513836844653e+00
-1.154824438941642661e+00
-1.164086473782940168e+00
-1.128544588473324950e+00
-1.130079554149857834e+00
-1.135565019477220217e+00
-1.139489187973854234e+00
1.778055220479916931e+00
1.770901757080811656e+00
1.775960419869129892e+00
1.766279417718173983e+00
1.684608869891983884e+00
1.668890642074009056e+00
1.683330618237506515e+00
1.665737238910447227e+00
1.700123050403684166e+00
1.683778487653247558e+00
1.699212012441080333e+00
1.687348967284171053e+00
1.702069454404844695e+00
1.705747101422561141e+00
1.712512405785299396e+00
1.712640981087839576e+00
1.724639089859885566e+00
1.728863496474282835e+00
1.715419315937959821e+00
1.721690165997745492e+00
1.741405773263502210e+00
1.730889947068036117e+00
1.742217807822101117e+00
1.739769919563294742e+00
1.657250349779892051e+00
1.663205592128555566e+00
1.650012702869090742e+00
1.647716983623314313e+00
1.978570945123897973e+00
1.982837049524496464e+00
1.994141333178946596e+00
1.990245989268699667e+00
-1.096560282961891897e+00
-1.096358597942785007e+00
-1.106495003132773158e+00
-1.099349941395713737e+00
1.642985860600865600e+00
1.640553301911952921e+00
1.638449868583798930e+00
1.633346485464406195e+00
-1.030169292896318867e+00
-1.029460007182272596e+00
-1.018564908577655359e+00
-1.034704318754874341e+00
-9.971716371356926789e-01
-9.949560536409852718e-01
-1.006589619831125715e+00
-1.005163469503792761e+00
-9.722908136188630479e-01
-9.756813903629399931e-01
-9.812122499474018600e-01
-9.662095336990297323e-01
1.931325207143639755e+00
1.935298374458762627e+00
1.939146478588268163e+00
1.943607985883076816e+00
1.856591501525487464e+00
1.854705917240591528e+00
1.860282666200663515e+00
1.868022939899572687e+00
1.556762679113269598e+00
1.556198909948883102e+00
1.560919022808337164e+00
1.573016414767177906e+00
1.548823001139565392e+00
1.552212405494720393e+00
1.549774115767305060e+00
1.538682970511584980e+00
1.529100433772029088e+00
1.527063267157019899e+00
1.524385919697273106e+00
1.519570071145984747e+00
1.581845440156835814e+00
1.583780869344511677e+00
1.580505992083324873e+00
1.584001604566551258e+00
1.595410734349038018e+00
1.606356535091744808e+00
1.609572524195101328e+00
1.605253375810527849e+00
1.498792345246233060e+00
1.496560990668069024e+00
1.501679157374062878e+00
1.507788233387387988e+00
1.481512771284946961e+00
1.474633235666806819e+00
1.475065910163214200e+00
1.475007691568298807e+00
-1.050601582151083013e+00
-1.058684332145233942e+00
-1.048840600756300034e+00
-1.050413092220961353e+00
-9.533790117451647061e-01
-9.474478978183163980e-01
-9.435171493033996937e-01
-9.393624728344900365e-01
-9.131282778377647347e-01
-9.212512000255682620e-01
-9.218969149670421803e-01
-9.211404484512561996e-01
1.746838640781516627e+00
1.757768659198760464e+00
1.751636243867230158e+00
1.760988175186937399e+00
-8.994530123552132439e-01
-8.799333916704921155e-01
-8.851679244508370292e-01
-8.866352954057632463e-01
-7.096421581611594975e-01
-7.193243083179995390e-01
-7.166271187255556230e-01
-7.209466026258398719e-01
-7.474083554408467167e-01
-7.493358945016159733e-01
-7.414629005895105873e-01
-7.409439750549101644e-01
-7.792512577888981440e-01
-7.838810686797164085e-01
-7.762085506763457543e-01
-7.823718819178144823e-01
-8.037474215013586942e-01
-7.960364242595414641e-01
-7.980506043148744011e-01
-8.138482010610295081e-01
1.442753768711598994e+00
1.434364332874384251e+00
1.441877064280337351e+00
1.432630958967962886e+00
1.415788732647938808e+00
1.425530471380686892e+00
1.410905992774686535e+00
1.423234409496581199e+00
1.397501203872541842e+00
1.403595586802601991e+00
1.404826978791013259e+00
1.400299689888926613e+00
1.613711199473988556e+00
1.618425405025477160e+00
1.623666071183417881e+00
1.623532015384501426e+00
1.367338557899834939e+00
1.374193966465058647e+00
1.371337389399024387e+00
1.370432791337074852e+00
1.353570955999477965e+00
1.347531322707733681e+00
1.358315731383983094e+00
1.354851228053133960e+00
-6.850276755419375529e-01
-6.919996336089792033e-01
-6.845559288910303408e-01
-6.920007285975595668e-01
1.334784435220787824e+00
1.330075099313118736e+00
1.333326160589793696e+00
1.336211493885630652e+00
1.460445300555385906e+00
1.458352573671182206e+00
1.469120093301879537e+00
1.466732010894515215e+00
1.307429541142644203e+00
1.315391129073476995e+00
1.297298998067803799e+00
1.298170153303406904e+00
1.225468741141920503e+00
1.238480319474786429e+00
1.226068426888644147e+00
1.226006515899886296e+00
1.202942522975551265e+00
1.211924516223541470e+00
1.216158055376013847e+00
1.203454609216768612e+00
-8.332429800394741681e-01
-8.316398012045704835e-01
-8.270603445219169014e-01
-8.378983759998875902e-01
-6.552996284563423757e-01
-6.510584805333347047e-01
-6.585566581055312119e-01
-6.556412767593863267e-01
-5.682468427648280640e-01
-5.730362137412990942e-01
-5.660832635225581111e-01
-5.673995053059823768e-01
-5.338310029118689126e-01
-5.497922197364205621e-01
-5.326035633515988632e-01
-5.470287223575851510e-01
-5.187457977020155653e-01
-5.046835873440197462e-01
-5.197402418637904198e-01
-5.104028697425576633e-01
-4.841510498264111617e-01
-4.799628963524348868e-01
-4.727205726112363449e-01
-4.720122233927465660e-01
-4.589342519287260003e-01
-4.531664959793300085e-01
-4.566740982983328867e-01
-4.458249654930638850e-01
1.260572714273928252e+00
1.263205860771292821e+00
1.265404486067478240e+00
1.250978959792663048e+00
-5.964942345599030249e-01
-5.910411420556646034e-01
-6.039433615132788757e-01
-5.912188716351172157e-01
1.192854764738094708e+00
1.173820425370188048e+00
1.175926681632705417e+00
1.187312925367486338e+00
-4.265412748127820897e-01
-4.282946834984796003e-01
-4.177864672946916547e-01
-4.098419410033143362e-01
-2.867087901906842928e-01
-3.025150928002608430e-01
-3.042919590641167127e-01
-2.957152332719749643e-01
-2.722583920322721451e-01
-2.573264774697179846e-01
-2.567907671314639817e-01
-2.704208848640933804e-01
-3.323639558272538097e-01
-3.175977845590809423e-01
-3.297234936601722843e-01
-3.195910814468643779e-01
1.150666654420859025e+00
1.158770525136810559e+00
1.156286605588914274e+00
1.167577855065431214e+00
1.132795976483090605e+00
1.137772623879482081e+00
1.125046199205866460e+00
1.124544466521793407e+00
1.112904677410253118e+00
1.114846985414990055e+00
1.104676048661831000e+00
1.100654648448905482e+00
-2.436358585970271051e-01
-2.353948180462664408e-01
-2.314712233212627424e-01
-2.319117377639635658e-01
-2.121280604928411362e-01
-2.063057061863072250e-01
-2.105697029636895423e-01
-1.930195757643858034e-01
-3.574745051761258341e-01
-3.538979745368899255e-01
-3.632268119069475554e-01
-3.576249618407403297e-01
-1.700048372646526806e-01
-1.737837231659998816e-01
-1.686383447432896476e-01
-1.688521159300875873e-01
-7.326766773771636876e-02
-7.063548974908105682e-02
-7.480011630105795617e-02
-7.863334729608263685e-02
-5.288655460499083055e-02
-5.211959279572679626e-02
-4.653691316825801783e-02
-5.006794496873893940e-02
-1.691486090113570456e-02
-1.562741907306024886e-02
-1.621547060683182356e-02
-2.334487118281331625e-02
1.278044016597788650e-02
1.712428990514006100e-02
9.890096756362123237e-03
6.119902317024267929e-03
1.024240463291910652e+00
1.030368352766291240e+00
1.032808076934397912e+00
1.035596271259622725e+00
1.061582486886384347e+00
1.056440813870286988e+00
1.047768144888784114e+00
1.043687468802177998e+00
9.916915780258871438e-01
9.996482362110469255e-01
1.003496637300956396e+00
1.009954521799842020e+00
9.658860932526923682e-01
9.659977251216024241e-01
9.683692127550014295e-01
9.728650534414474693e-01
4.081909529634213107e-02
4.056587100528819684e-02
4.391575473574374500e-02
4.237102562334311984e-02
2.389257459417238605e-01
2.255051026860154240e-01
2.324173554607720793e-01
2.376122770234252723e-01
1.976885118907605043e-01
2.092763572496914859e-01
2.119595923640636703e-01
2.034501485230801876e-01
2.655277322474846047e-01
2.726801540477832853e-01
2.681657388812609399e-01
2.658027235273395794e-01
1.813228569607578111e-01
1.744640415646700193e-01
1.668134531450907176e-01
1.741378534736877093e-01
2.884422517806677355e-01
2.925358771336429298e-01
3.055721015039644106e-01
2.917347772922063154e-01
-3.881916773197636727e-01
-3.835979336778840842e-01
-3.813874165557976648e-01
-3.782913058240960358e-01
9.200429386799140463e-01
9.084080134698602205e-01
9.115421870299292850e-01
9.236239615882321230e-01
-1.343530427470379929e-01
-1.476418384445929433e-01
-1.488184732065111759e-01
-1.475081964737831042e-01
-1.161896701206400762e-01
-1.165018131722833361e-01
-1.037701611846448130e-01
-1.107920077689040356e-01
6.902827534192418346e-02
7.043399828912483285e-02
8.017728881998664736e-02
7.819245151645655423e-02
8.040597507350938367e-01
8.038721619104001181e-01
8.000085449236510327e-01
8.046580817994225532e-01
7.720577930340373207e-01
7.733047010301331570e-01
7.777669121945653963e-01
7.859600059036214725e-01
3.320950493569656548e-01
3.364142954316033940e-01
3.236834414888848932e-01
3.292772230375091147e-01
4.235527077327004286e-01
4.219381138654211827e-01
4.163237370730956677e-01
4.126813200879118071e-01
4.569090742325039312e-01
4.426785712449999854e-01
4.523507738481478135e-01
4.561022894005237749e-01
5.457427747531865547e-01
5.477024324812689304e-01
5.369907659809516343e-01
5.364340434954630865e-01
5.134353257856042463e-01
5.118312906064187429e-01
5.067955105850597830e-01
5.155334637870889747e-01
4.723368787036396066e-01
4.804016525513999381e-01
4.726189330647248554e-01
4.795523807967037588e-01
7.271861350001077584e-01
7.171475795931800956e-01
7.140202942418352183e-01
7.210388783506537225e-01
6.791351072766526054e-01
6.871913304495048669e-01
6.907006619278538428e-01
6.922218470521610545e-01
-6.298843936659119791e-01
-6.312416550486246170e-01
-6.388877595608347670e-01
-6.298019053595332872e-01
-8.565844002008391467e-01
-8.635074264640876240e-01
-8.529195396343234314e-01
-8.520854172398135695e-01
8.879874940494393298e-01
8.989664562712197382e-01
8.912385152578214953e-01
8.949415726554879047e-01
5.730127556523302301e-01
5.672646734283787184e-01
5.781771172799922143e-01
5.633247476494491757e-01
9.460216927739150128e-01
9.451963477208217279e-01
9.507779287938932233e-01
9.421536323608962205e-01
3.657522314064049485e-01
3.637542766247711667e-01
3.652973330753340742e-01
3.583978554811756423e-01
7.526005113934444157e-01
7.558426049719790818e-01
7.485881362826073415e-01
7.538692912946641789e-01
6.638127584898518840e-01
6.507832375611155573e-01
6.523652027693697120e-01
6.504522560996583991e-01
8.284693895356920468e-01
8.398134084293462642e-01
8.433059509788195518e-01
8.302268476683447584e-01
1.344825027852429578e-01
1.350837065571906803e-01
1.352238217434152678e-01
1.484611623778782918e-01
1.019006153841488793e-01
1.045067784028648195e-01
1.049332791491588840e-01
1.125066353491235571e-01
5.954506738377701724e-01
5.937728110731412823e-01
5.948258425347059397e-01
6.040296071787465415e-01
3.839290045221575021e-01
3.909508264409425893e-01
3.802435830732072697e-01
3.885698606663480215e-01
8.656604689634508354e-01
8.534545975721946620e-01
8.543406538596131083e-01
8.570780384964357124e-01
6.252111963120013938e-01
6.337544390588160104e-01
6.209198390675833013e-01
6.391753329137969120e-01
1.087018177613578551e+00
1.075942303864695582e+00
1.084840715535879241e+00
1.073234128989683400e+00
1.279300754515374283e+00
1.283924344750893898e+00
1.278121928004270158e+00
1.272958185469991621e+00
-1.086031488220303265e+00
-1.074281996722606713e+00
-1.088251475273306568e+00
-1.076327490753877569e+00
-1.285903453468503210e+00
-1.279166930586355333e+00
-1.285105196303937491e+00
-1.281628215699046835e+00
-1.999755713881308683e+00
-1.999022915200933559e+00
-1.997801782971425189e+00
-1.996092615498435530e+00
-1.993895830307847561e+00
-1.991211964043786642e+00
-1.988041672337557353e+00
-1.980245029069304330e+00
-1.975620582119016477e+00
-1.970513518484716675e+00
-1.964925085751153100e+00
-1.958856649094863567e+00
-1.952309690950679189e+00
-1.882923526531021796e+00
-1.893231350580865335e+00
-1.903076684492286619e+00
-1.945285810649631797e+00
-1.912457123186883212e+00
-1.921370375153678367e+00
-1.929814263008972075e+00
-1.872155730401086959e+00
-1.837119371703159532e+00
-1.824539105329790800e+00
-1.811513129379974663e+00
-1.798044625918834738e+00
-1.784136885114766313e+00
-1.849250855315645703e+00
-1.769793304435836934e+00
-1.724183089712812311e+00
-1.708132240613146946e+00
-1.691664118518195536e+00
-1.674782746361605623e+00
-1.739812744817575973e+00
-1.984385729647362373e+00
-1.657492248028246795e+00
-1.937786724028131680e+00
1.999755713881305796e+00
-1.639796847346857378e+00
1.999022915200934447e+00
1.997801782971424744e+00
1.996092615498430867e+00
-1.860930592614177037e+00
-1.603208727758993701e+00
-1.584324946822251778e+00
-1.545401006764025365e+00
-1.565054137293511172e+00
-1.525370356220767665e+00
-1.504967078873619579e+00
1.993895830307844230e+00
1.991211964043809957e+00
1.970513518484721338e+00
1.975620582119022473e+00
1.988041672337551136e+00
1.964925085751161760e+00
1.980245029069316098e+00
-1.484196158960006340e+00
1.958856649094866009e+00
1.952309690950702947e+00
-1.755017387819663766e+00
-1.419728725885619047e+00
-1.397538855557686421e+00
-1.375007585887005002e+00
-1.441571776193483423e+00
-1.352140420950008748e+00
1.945285810649629576e+00
1.903076684492291948e+00
1.912457123186881214e+00
1.921370375153683918e+00
1.929814263008967412e+00
1.893231350580862671e+00
-1.328942946877647469e+00
1.882923526531026015e+00
-1.621700867058176510e+00
-1.305420830490831463e+00
1.872155730401076523e+00
1.798044625918826966e+00
1.811513129379982212e+00
1.824539105329800126e+00
1.837119371703161308e+00
1.784136885114775639e+00
1.849250855315639264e+00
-1.208202024302862387e+00
-1.232964476795574527e+00
-1.463062670527335740e+00
-1.183144424827048846e+00
-1.257425733181759764e+00
-1.157797799591825383e+00
-1.132168340425914632e+00
1.769793304435833381e+00
1.674782746361597852e+00
1.691664118518190207e+00
1.708132240613132513e+00
1.724183089712810091e+00
1.739812744817588630e+00
1.657492248028235249e+00
1.984385729647358376e+00
-1.106262308250397508e+00
1.639796847346850273e+00
-1.026948387029682719e+00
-9.999999999999993339e-01
-9.728073268516214123e-01
1.937786724028128571e+00
1.860930592614164159e+00
1.565054137293519165e+00
1.545401006764028029e+00
1.525370356220769441e+00
1.584324946822260438e+00
1.603208727758995700e+00
1.504967078873613584e+00
1.484196158960001011e+00
-1.053645904823803159e+00
-9.453770103771381716e-01
-9.177157514220780632e-01
1.755017387819657326e+00
-8.898303072480306941e-01
-7.181948489372504962e-01
-7.472805522737174799e-01
-7.761837053444989865e-01
-8.048972475105081736e-01
1.441571776193486532e+00
1.419728725885610165e+00
1.397538855557681536e+00
1.621700867058179174e+00
1.375007585887010553e+00
1.352140420950012523e+00
-6.889337005686692050e-01
1.328942946877649911e+00
1.463062670527340625e+00
1.305420830490829021e+00
1.232964476795586517e+00
1.208202024302872157e+00
-8.334141644519733605e-01
-6.595042552603357366e-01
-5.702782247626153600e-01
-5.402478684704453693e-01
-5.100855371233501412e-01
-4.797985989601959989e-01
-4.493944526595439748e-01
1.257425733181765315e+00
-6.001692700006852066e-01
1.183144424827048846e+00
-4.188805255322879395e-01
-2.958764553206594261e-01
-2.649259084933781594e-01
-3.267547236370628716e-01
1.157797799591820054e+00
1.132168340425906417e+00
1.106262308250405502e+00
-2.339106439441652197e-01
-2.028382382716241161e-01
-3.575531703102620140e-01
-1.717162820331314954e-01
-7.812918591763824694e-02
-4.688514720652047635e-02
-1.562965510476706232e-02
1.562965510476827316e-02
1.026948387029680498e+00
1.053645904823792945e+00
9.999999999999971134e-01
9.728073268516219674e-01
4.688514720652131595e-02
2.339106439441641094e-01
2.028382382716219234e-01
2.649259084933776598e-01
1.717162820331320783e-01
2.958764553206603143e-01
-3.882642717072555816e-01
9.177157514220735113e-01
-1.405523778905850840e-01
-1.093541387531715564e-01
7.812918591763999554e-02
8.048972475105073965e-01
7.761837053444967660e-01
3.267547236370625940e-01
4.188805255322890497e-01
4.493944526595434197e-01
5.402478684704448142e-01
5.100855371233550262e-01
4.797985989601935009e-01
7.181948489372513844e-01
6.889337005686657633e-01
-6.299137022172255351e-01
-8.617274898819436979e-01
8.898303072480345799e-01
5.702782247626128065e-01
9.453770103771302891e-01
3.575531703102600156e-01
7.472805522737208106e-01
6.595042552603310737e-01
8.334141644519746928e-01
1.405523778905858889e-01
1.093541387531711123e-01
6.001692700006844294e-01
3.882642717072559146e-01
8.617274898819410334e-01
6.299137022172238698e-01
1.080086031549348347e+00
1.281579817916052022e+00
-1.080086031549353676e+00
-1.281579817916054020e+00
