1.000000000000000072e-18
1.000000000000000072e-18
1.000000000000000072e-18
1.000000000000000072e-18
1.000000000000000072e-18
1.000000000000000072e-18
1.000000000000000072e-18
1.000000000000000072e-18
1.000000000000000072e-18
1.000000000000000072e-18
1.000000000000000072e-18
1.000000000000000072e-18
1.000000000000000072e-18
1.000000000000000072e-18
1.000000000000000072e-18
1.000000000000000072e-18
1.000000000000000072e-18
1.000000000000000072e-18
1.000000000000000072e-18
1.000000000000000072e-18
1.000000000000000072e-18
1.000000000000000072e-18
1.000000000000000072e-18
1.000000000000000072e-18
1.000000000000000072e-18
1.000000000000000072e-18
1.000000000000000072e-18
1.000000000000000072e-18
1.000000000000000072e-18
1.000000000000000072e-18
1.000000000000000072e-18
1.000000000000000072e-18
1.000000000000000072e-18
6.862804543439269624e-08
8.785868151099764101e-02
3.823682326283764366e-01
1.982223581700272852e-01
2.053106352951475921e-01
3.530784647710376589e-01
3.534022595269505351e-01
3.891006731430950438e-01
8.281911934211009241e-01
4.795877628040673968e-01
4.105902250791161334e-01
5.464155526204206303e-01
6.538027273253874672e-01
6.687884570153819208e-01
6.054634760277965988e-01
5.136155631260881371e-01
4.541647733368869289e-01
4.541647733368869289e-01
5.136155631260881371e-01
6.054634760277965988e-01
6.687884570153386221e-01
6.538027273253458338e-01
5.464155526203887669e-01
4.105902250791161334e-01
4.795877628040673968e-01
8.281911934211009241e-01
3.891006731430950438e-01
3.534022595269757372e-01
3.530784647710684121e-01
2.053106352951399871e-01
1.982223581700272852e-01
3.823682326283764366e-01
8.785868151099764101e-02
6.862804543439269624e-08
1.000000000000000072e-18
1.000000000000000072e-18
1.000000000000000072e-18
1.000000000000000072e-18
1.000000000000000072e-18
1.000000000000000072e-18
1.000000000000000072e-18
1.000000000000000072e-18
1.000000000000000072e-18
1.000000000000000072e-18
1.000000000000000072e-18
1.000000000000000072e-18
1.000000000000000072e-18
1.000000000000000072e-18
1.000000000000000072e-18
1.000000000000000072e-18
1.000000000000000072e-18
1.000000000000000072e-18
1.000000000000000072e-18
1.000000000000000072e-18
1.000000000000000072e-18
1.000000000000000072e-18
1.000000000000000072e-18
1.000000000000000072e-18
1.000000000000000072e-18
1.000000000000000072e-18
1.000000000000000072e-18
1.000000000000000072e-18
1.000000000000000072e-18
1.000000000000000072e-18
1.000000000000000072e-18
1.000000000000000072e-18
1.000000000000000072e-18
3.682135723758679030e-13
2.115859542928766497e-03
6.331487566487975584e-13
1.458903514750046884e-18
2.520485576780252292e-04
6.766253527620918432e-05
1.432720034382091098e-03
2.448760252598180458e-04
2.881121130137051526e-15
5.469295556409490145e-13
2.610795277923390421e-03
2.480385971071813120e-04
1.698120568066950479e-03
2.456785731563054398e-10
1.172790118041738550e-01
1.092867845707375977e-08
5.082811112965922166e-05
3.136111973060884463e-08
8.693988294342520559e-03
2.068464159900473397e-03
2.145592107229278393e-03
6.042390999781320146e-03
6.127815445201526684e-03
3.532201901860405912e-05
1.638502897700054237e-02
2.508279052798644340e-03
1.303337331268727972e-01
3.944238211195738933e-04
1.045716209375746261e-02
1.841230092118783862e-03
9.165993785969654695e-03
1.982528337543609104e-02
1.156010908680364831e-02
1.269851972377196714e-01
3.418501868844645020e-02
5.688544326955307685e-03
1.865506888285662496e-02
9.267396516708876000e-03
1.204270417098227824e-02
1.487313424157927187e-02
5.666225362199598520e-02
2.351093097693205541e-02
3.907681912314367456e-02
9.691054581780151125e-03
5.754522878331711500e-01
7.449483395443465099e-03
3.769659603391960212e-02
6.317003607577931223e-02
8.327371024911188468e-02
2.258874441193129898e-02
9.831762305230751231e-02
5.780697568836346001e-02
4.044504579896326252e-02
7.598557389562789199e-02
1.089215571413787581e-01
7.432017606400195819e-02
4.600299218991304312e-02
3.960398608275677440e-02
5.833488793443535048e-02
4.417604815405511837e-02
3.903097275372571784e-02
9.022477674656237401e-02
4.101873774067828216e-02
3.075014691002082856e-02
6.007884598079225869e-02
8.214891275871549770e-01
1.881983648773337056e-02
1.621082118564416696e-02
4.151655029837474087e-02
3.259773912578185079e-02
4.020642514730738970e-01
2.943374954828020459e-02
4.444346359258841139e-02
2.924063821712418604e-02
5.643859802387184432e-01
4.461636261019815558e-02
2.328739844466147860e-02
8.108881932205040666e-02
3.247949788929863080e-02
7.308339937384830676e-02
4.891645630496910258e-02
7.291130716392135724e-02
1.349052295664032730e-01
7.140456551753940340e-02
6.212160079517218408e-02
9.940725669705946510e-02
1.012022177398846923e-01
1.700256946411137782e-01
9.961128082066983414e-02
7.285023484409254568e-02
1.057453591475977644e-01
1.180087697931862523e-01
1.217409353927249027e-01
1.262851107085351809e-01
1.157201419034875056e-01
1.686318042098416403e-01
1.797651335375601844e-01
9.613271512959313536e-02
1.435411401416153421e-01
1.255602028264253267e-01
7.265407611474250515e-01
9.831389282892011305e-01
2.147077756351065680e-01
1.140239960858207280e-01
6.164991972917398255e-02
9.582451367115679686e-02
6.189248770596901539e-02
7.349996815619945500e-02
1.199957152376887604e-01
1.110921576178444947e-01
1.663525286108356593e-01
1.399261528484401773e-01
1.559353511916255486e-01
1.985463878963092954e-01
1.083808227327406337e+00
2.540213724227088354e-01
1.348251720363305428e-01
2.005065670763429009e-01
1.767233133057572181e-01
1.274941713993620329e-01
1.544636824878877768e-01
1.268073224854343595e-01
1.043076397716766968e+00
7.726105973135786176e-01
2.336296897705867071e-01
2.309584226535940643e-01
2.330257281650025547e-01
2.413294884719226485e-01
1.107726872097993531e-01
1.676741948142723426e-01
1.802813828720391809e-01
1.829661124242205616e-01
1.153999962066912634e-03
9.082861116250424693e-01
9.205575869479557492e-04
7.451047218473927022e-03
3.299201691359818223e-01
6.711933437440161798e-01
8.870202624677920866e-01
1.703771058103603908e-01
1.801787757288384473e-01
3.879280017045115547e-02
7.879460556126668958e-02
1.649601520645238226e-02
7.407014729829886848e-16
3.191191309512868366e-03
8.162385240289946084e-17
2.671884045740678880e-11
2.042253040143439113e-01
2.873494995896534454e-01
1.578293266057183009e-01
1.979562143075634939e-01
9.815571655541590591e-10
5.829932260870595018e-01
4.153306268328611524e-14
1.675985140989916244e-02
3.706462029858779316e-05
1.233167142007867995e-03
4.389070350026085497e-04
5.928898017422602751e-02
2.352389376143074022e-03
3.036282859847110570e-03
1.590609067939069037e-06
7.972359435913376402e-05
9.149686917771129857e-02
1.073047240062576790e+00
9.586816002988859942e-02
5.128554718616676333e-02
2.710926768614955185e-01
2.080254077432371895e-01
1.841163768807212997e-01
3.016507161175165375e-01
2.684092023390638460e-01
2.109099678749662421e-01
1.788724623278921122e-01
2.236621238309048354e-01
5.203178299871631385e-01
2.898253236213721440e-01
2.505101915333617923e-01
4.622122708592445450e-01
2.523755182243220263e-01
2.131497252381795993e-01
3.335325061951494585e-01
2.138673271924546593e-01
2.012322310560313576e-01
2.191658363863791814e-01
1.990463978579684601e-01
3.581962825598491440e-01
2.599772746444666827e-01
8.408948714410999781e-01
7.373705077178523970e-01
2.982271369390214755e-01
5.610704565319721425e-11
7.044806805546518960e-12
1.093916653120831306e+00
3.594588477479393820e-03
5.259470515443160493e-02
2.645762611576078262e-03
1.898109414549470908e-01
4.386185483159285928e-03
2.406911817580494484e-03
2.526520662072262446e-02
5.256439029688905751e-03
2.887633941546545457e-02
5.294646486829753668e-03
5.488493730905993385e-03
1.851380963088013892e-02
8.222893128278027305e-03
2.368238334108603294e-01
2.011191947274088877e-03
3.923063418911553141e-05
2.440183817847257648e-03
9.106365432589334091e-03
5.526321404933578693e-03
6.913738799945817921e-03
5.780794814363419271e-03
9.334710340085776714e-01
1.283982219913044724e-03
2.425052790804992260e-03
1.193208147582016654e-01
2.433812967377835812e-01
2.355674738422559311e-01
2.615069850583660038e-01
2.629941044628996138e-01
4.271333212976768934e-02
3.991798909159809117e-02
6.150455664747946083e-02
1.861022258528553519e-01
8.339978426702875369e-01
1.501652058424009575e-02
3.114725393319037194e-02
1.114030360476387163e-02
1.483769402140068805e-01
1.086050190473478505e+00
2.564120269653415995e-01
1.697986321749536398e-01
9.961720043516636425e-01
3.724874007003198817e-01
2.682207361640251420e-01
6.490054550004911160e-01
3.280527090133931178e-01
4.606868098185958882e-01
2.850360710073898129e-01
4.598045195409757868e-01
6.914552248261641720e-01
5.003389551044854500e-01
1.051619676648546831e+00
1.062510245595165825e+00
2.714859371032828927e-01
3.531222656745089394e-01
3.526595264944716868e-01
2.289730352630533483e-01
2.690711806490753699e-01
4.258181206140494446e-01
3.478968606068891800e-01
4.933634569670255487e-01
2.478261442699158587e-02
2.702149417945447912e-02
1.026914261878688617e+00
1.498808348500422355e-02
4.398287507959119935e-02
5.876935927272403104e-02
5.833770086570601310e-02
5.091075606692395394e-02
4.128836118457818866e-02
1.938429352147135742e-01
2.944423024525694155e-02
9.122787683644419943e-01
3.534822082288489598e-01
3.894214062180498953e-02
2.165273689240864441e-01
4.060840604159718370e-02
2.841098178209746153e-02
3.211222716205419658e-02
2.941855231115870356e-02
2.429253458191424006e-02
5.038225107082216353e-02
6.791072797879832423e-02
3.972216816583594434e-02
5.824142094156056770e-02
1.058808088516567381e+00
3.691803917692414450e-01
1.012465768123482768e+00
1.059553565989857171e+00
4.758318346249372499e-02
7.549159835917568229e-02
4.640294567246083801e-02
4.685215450993681502e-02
9.020420447101450412e-01
1.740870167436718852e-01
5.526931025632505490e-01
1.077464602469121679e+00
4.564217827927590787e-01
4.192466070727605132e-01
3.272111635849246358e-01
4.892882948067089344e-01
5.505408970478473801e-02
7.360563243104001341e-02
3.815877043473019370e-01
6.819598662551439039e-02
1.268177694959638224e-01
1.138996949937405301e-01
1.767207908756148194e-01
8.639099439338565611e-02
4.693864823528212105e-01
1.731785494313063944e-01
1.124498133308344389e-01
1.064389238129236137e+00
1.176681146861217053e-01
8.329713313588678336e-02
8.288747016510070176e-02
1.069330867303690258e-01
6.892153433551243547e-01
4.606626735710793175e-01
1.571985466837870216e-01
5.971003511990084778e-02
9.099936720909129750e-01
1.966662445308337559e-01
9.531071912538402469e-01
1.623861210763213325e-01
8.440119772198344250e-02
5.969045608996367130e-02
1.287462227902650969e-01
8.009613912745280895e-02
4.522483557620978756e-01
5.098538753217574104e-01
3.812337828121156180e-01
5.737049549227258849e-01
9.381604913942531709e-01
6.385965446198332840e-01
6.719241305422325450e-01
3.883282454731910582e-01
4.571011398496517830e-01
3.191188122594776355e-01
2.366269057596712688e-01
2.378403406593392333e-01
9.668241560989001560e-01
6.305211592611824623e-01
7.876902663717775255e-01
4.142504013710492927e-01
4.248774954400411086e-01
4.231541016280684353e-01
4.417256158890756623e-01
4.044667071635640321e-01
5.971559052439237014e-01
4.042278081185748384e-01
5.982960438986442142e-01
5.983018633427474864e-01
3.902316391062103929e-01
1.029579036375296353e+00
9.499461654230711982e-01
5.658101333692354684e-01
1.663517384981600400e-01
1.023859390798940727e-01
1.273536038402514614e-01
1.158618790030817858e-01
1.750743393045610385e-01
1.472358638515470775e-01
1.408462786833921121e-01
2.406403818779463966e-01
1.618558181619218495e-01
9.916811335325477206e-01
1.449734364106712581e-01
1.919993770208610062e-01
1.994171804167306217e-01
1.671542612709179254e-01
1.611646705518681721e-01
1.465058470617641162e-01
4.055486728194593882e-01
2.183370893514084976e-01
1.860524157727764250e-01
1.084691873187004330e+00
1.340546994130025482e-01
1.410139292210149387e-01
1.922234032038670770e-01
1.479578598609686824e-01
1.049390570690053259e+00
1.021280202071216170e+00
6.703488282882109628e-01
9.233259773132603820e-01
4.102746914270528206e-03
2.512050897654453420e-03
3.499201277191372680e-03
3.431949713125177943e-03
5.778795331068684593e-01
3.628534797888003371e-01
3.738623923300653518e-01
6.185552977484547466e-01
1.879021128597047618e-01
1.569606289215104977e-01
2.586059365171340940e-01
2.863123779425418847e-01
6.277291850981906451e-01
4.765024843661705978e-01
9.618670847095605048e-01
4.692402857205290045e-01
3.903398405838631180e-01
6.193246513856049962e-01
6.618585645548608065e-01
5.933078367652792062e-01
9.445622511582524305e-01
5.756908053065223907e-01
4.553334958573832525e-01
1.030601591518636395e+00
1.453797094929191666e-02
2.425575159261864761e-02
1.814893390304599466e-02
6.013445254405529183e-02
9.464989196015116679e-02
1.242895464233586267e-01
2.962025585519806326e-01
8.587138542869019453e-01
2.407435732448649779e-01
3.319260669189962321e-01
3.082252141123628664e-01
3.096798237443491031e-01
5.710622468520176742e-01
5.791800764251158196e-01
5.020493160106963559e-01
1.986981082019307898e-01
3.572664120489733586e-01
3.783987299419684369e-01
3.232174425414429120e-01
3.220001060811327198e-01
2.077047665401109966e-01
3.760445682038388027e-01
3.231088095047743303e-01
2.927640805289689618e-01
1.704735269485257998e-01
1.996124459373855298e-01
2.104908677889973934e-01
1.879545054399098525e-01
5.692832533821047258e-01
2.109354923151391392e-01
2.289640264851964258e-01
3.379673383255457630e-01
2.158252713961330005e-01
3.745155430288535925e-01
3.168997219569907875e-01
2.692534438668344743e-01
3.928344390394569174e-01
4.357682349986781722e-01
3.865254025529173409e-01
4.728172093061112080e-01
6.872503223619285118e-01
6.468953316087930894e-01
6.837553645676066605e-01
4.184098561055454302e-01
5.284152931978297607e-01
4.490401772985234130e-01
9.149905445649573199e-01
5.279253339254508237e-01
1.406897010753284938e-01
1.516091127759902069e-01
7.334038543628466078e-01
2.938464520133826641e-01
6.280423796028862249e-01
6.979608046760822360e-01
4.298023565499894394e-01
6.795888681719771673e-01
6.704323087406726112e-01
7.507883535101782524e-01
4.844176138574318724e-01
5.777939580901604311e-01
7.491943555927405018e-01
6.477544018165594109e-01
9.587898303672390821e-01
5.146962502147731655e-01
4.734420380068246059e-01
6.243630553676380313e-01
7.304248680644777059e-01
4.343215076324585810e-01
6.480260417262558859e-01
6.930624897003623275e-01
9.113716415793211567e-01
9.498150218663252708e-01
3.120694457687279710e-01
4.165861524085187062e-01
2.318930033358583831e-01
4.185127974163964648e-01
5.799145614912836200e-01
4.089824950293778905e-01
3.816353690644885832e-01
4.926229058009593542e-01
3.520277054364573388e-01
4.096272492542667454e-01
3.798389965186276251e-01
4.592083884308938435e-01
5.546984690706757704e-01
2.393408921732176897e-01
1.998832590317654034e-01
2.086448913726720034e-01
3.269429971165294102e-01
8.522442201449434984e-01
7.391268750901218709e-01
2.736980867958160868e-01
4.675682033288419692e-01
3.563436420017318529e-01
3.129327393045816530e-01
4.922991315543643331e-01
4.970460244984873932e-01
6.432774573581598876e-01
6.743123682223544080e-01
5.535079862790838190e-01
6.120308707776200841e-01
6.699215830487810219e-01
4.109312489046836880e-01
3.421016147903911397e-01
8.576903466044891733e-01
8.520481632371236236e-01
1.031784752806899297e+00
5.691485230538833040e-01
4.975470034666081842e-01
4.253288425011167995e-01
3.972330042584778509e-01
3.066584646192455077e-01
5.806088623787450942e-01
6.728713803756494194e-01
5.527524009807407435e-01
1.002400053421182768e+00
5.231422321034584488e-01
3.637483631900395031e-01
3.077921915977363532e-01
3.416467106705712298e-01
6.528623428300142084e-01
7.076547607034038290e-01
5.881989796653417368e-01
7.266868087684368316e-01
4.618709137092103512e-01
7.762731806391059974e-01
5.638946257834445142e-01
4.996463564540453151e-01
9.459422720754377956e-01
8.258246381888437737e-01
5.399247541188151311e-01
6.759938138833972987e-01
4.885885367921565248e-01
5.813836495796727011e-01
7.948047679453491554e-01
5.459579396912147553e-01
8.614815297307090169e-01
9.670480147248083913e-01
6.579930285795803080e-01
9.565811515832112200e-01
6.393012085142640855e-01
5.038047446740104851e-01
4.983344713459415543e-01
8.048483704775326597e-01
9.680453417034075025e-01
6.805711986661597823e-01
9.068578446903546864e-01
8.155704973762181176e-01
5.147381952444487485e-01
2.954199343748697970e-01
5.339644971724897271e-01
5.247358690447276874e-01
7.753703931760836943e-01
5.745813873272451744e-01
7.728236373351097255e-01
7.866766893348176026e-01
7.823595790395332372e-01
9.485670510486930995e-01
6.435258849064768860e-01
3.471882521021018575e-01
5.975138878464634207e-01
8.065422611881929438e-01
7.074523827568852674e-01
5.103488562100869652e-01
5.897359265029360476e-01
8.438202961396663593e-01
5.365329896960985279e-01
5.848371545127512006e-01
9.191997726218330556e-01
9.274280595166009000e-01
8.193666676376973879e-01
9.103884605944774222e-01
5.376539843160217380e-01
8.558542476223776063e-01
7.181134429210628278e-01
5.945265140597633113e-01
5.980516414493733945e-01
5.555601592710770475e-01
5.908538354694328198e-01
4.749062221835845810e-01
3.989524193829122600e-01
6.840534566163488650e-01
4.284624094694009511e-01
9.816572628780151355e-01
3.665685134175744597e-01
6.133928715541621113e-01
3.836746217147274374e-01
3.905978145627166387e-01
5.793441301020725298e-01
6.910032705339027581e-01
7.391620397939254739e-01
7.013854535420367409e-01
9.217062164024948379e-01
9.403650770360818534e-01
9.332758141770001181e-01
9.378352148939683719e-01
7.999086803053847561e-01
8.506476418039605747e-01
7.545542007168914989e-01
8.515710372218374680e-01
8.102807206700405329e-01
5.611256659286282256e-01
8.863688294528451195e-01
5.515956383324142065e-01
7.684030195910140915e-01
9.154047094988604361e-01
8.381350755937153618e-01
8.948253590749171149e-01
5.740712460552220842e-01
7.444155513968071514e-01
5.689134703078116972e-01
5.351872887843679427e-01
6.012958661680452011e-01
5.960119307949756084e-01
7.131618900011347240e-01
5.819841403977810135e-01
5.989769932649827711e-01
5.430886376753317757e-01
6.936679708480746331e-01
6.989015605273123377e-01
7.119283038902579630e-01
1.000450100951704169e+00
5.194831606852242656e-01
5.580339078251834728e-01
5.931451599439261368e-01
5.928132208857552765e-01
6.221297271830085185e-01
6.171970392557331042e-01
6.308595577707462043e-01
3.739147579176805847e-01
6.663545544461932923e-01
6.162300201083235063e-01
5.497480437266674125e-01
7.042786706204330338e-01
5.959053514996459633e-01
6.859481526783577365e-01
5.489195483249924568e-01
9.108171317055402394e-01
5.258636139178193281e-01
8.144919410184984221e-01
5.666045975029879722e-01
6.088000256112310327e-01
5.384409700069349158e-01
6.177342662277381935e-01
8.255061343891919590e-01
6.428415964462663723e-01
8.098755457065694996e-01
5.285283654150071397e-01
6.267765711964738973e-01
5.617121370851771989e-01
8.329092959615437275e-01
9.039267545528362202e-01
6.272117984554680392e-01
6.184985230908465192e-01
7.773063300931928321e-01
8.575738674905295511e-01
8.099198713611523992e-01
8.203730965269152575e-01
5.705000353992547568e-01
7.066009967291104754e-01
8.472038967440456148e-01
9.727033727802841812e-01
6.588417465513267679e-01
5.299266155724347005e-01
4.562874892249318970e-01
8.032027538674568756e-01
9.548793032939644210e-01
8.928523615572241390e-01
7.265704031630748627e-01
6.407013422527759738e-01
8.192506271152635300e-01
5.662647760850144651e-01
6.477767984998499262e-01
5.429265419742478338e-01
8.973062395446657069e-01
8.692942699237660165e-01
9.276037080914425470e-01
9.307210420003309004e-01
8.899462707630871883e-01
8.133791781777350849e-01
4.792306432985229403e-01
8.822070842966543980e-01
7.729227672807443827e-01
8.241018623839604373e-01
4.237998960323496322e-01
7.221819134938661788e-01
7.434860954881776784e-01
7.037924068848079306e-01
6.479762274344438300e-01
9.313536436289888698e-01
9.236388633720069574e-01
8.107230114332498738e-01
7.145925958717138649e-01
5.516251538773602192e-01
8.366885339320296877e-01
5.069692505044007813e-01
6.944912687659032802e-01
7.735560447150144903e-01
5.133547110044630601e-01
6.002101146107621243e-01
5.065392777565236315e-01
6.026239197786158464e-01
6.916262491663821566e-01
7.387635463938512226e-01
8.167471796979390852e-01
5.447953473145454861e-01
5.268892879614989200e-01
8.925706888124981253e-01
5.217475293597335639e-01
5.373111292760559543e-01
4.944814382566523059e-01
8.246877831294672223e-01
5.125352252263983832e-01
7.273203946589972269e-01
5.803672753851756294e-01
6.903870680292759632e-01
6.794400501810492488e-01
9.885030335990085959e-01
5.409346958983949349e-01
4.952543020227241355e-01
9.057310411664423189e-01
5.835869325265006236e-01
6.487730917186993462e-01
4.896569500890342042e-01
6.511353403177986277e-01
6.153493537448330164e-01
4.541364574014677968e-01
7.083320325135383788e-01
6.835069013008298056e-01
4.066770463369968613e-01
5.962034884121100164e-01
4.429765629496966728e-01
6.791715408950891320e-01
9.729302859808566240e-01
7.117322749138224047e-01
8.571578491139979494e-01
5.963352891210906837e-01
5.405174100574778873e-01
6.689571453262763701e-01
6.050680836822597275e-01
8.043033091155809000e-01
7.006166532344608733e-01
5.484396564264988339e-01
8.527952316752839268e-01
6.116695940858827285e-01
6.336037648927391741e-01
7.188653924457132360e-01
8.046209505942704121e-01
4.668102735060710717e-01
7.523301047663486507e-01
7.587854199265726685e-01
7.636079822311295784e-01
4.458519931081190713e-01
4.346270243172026260e-01
4.668088943451192963e-01
5.858678467068040296e-01
5.344745381434519160e-01
9.194050774914876989e-01
8.228003376771398925e-01
7.891629448104172662e-01
7.421785764640408400e-01
7.738171861929916684e-01
8.310019333878180259e-01
6.265379964990772654e-01
5.565405151561733099e-01
6.632225004394924905e-01
4.750288676582747893e-01
7.446037451944209629e-01
5.698635060222008164e-01
9.284518180433755097e-01
7.953809969086347298e-01
8.430673212213024570e-01
9.653725942622872758e-01
9.546795637453453498e-01
7.031979966498003165e-01
8.123923429356321169e-01
9.098111974771528887e-01
9.807666353707293894e-01
8.602669256820314470e-01
9.636953463863775493e-01
3.965737296713855997e-01
9.231092598518157999e-01
4.315934769139080363e-01
7.740803459467753278e-01
3.519840322639799512e-01
3.053430098007083315e-01
7.495618579022295114e-01
6.103849480399001770e-01
3.842142643607620034e-01
9.353894396096569253e-01
8.130192634361173010e-01
4.443951980104338673e-01
8.366028706159558403e-01
3.601465712927554574e-01
7.226149861968447219e-01
1.031284393332836391e+00
4.024054107504623909e-07
1.099187778528732062e+00
3.232318618669820210e-05
1.099041102444719753e+00
2.452887113553459120e-04
1.098796348893453345e+00
9.192543491220309722e-04
2.431345001282419604e-03
1.098010669479551282e+00
5.212054029193332466e-03
1.097468329167278656e+00
9.697769842130823589e-03
1.096825079969312666e+00
1.093217059079457432e+00
5.137416339155679440e-02
1.094277376628196574e+00
1.628608494341176119e-02
3.695888933694035927e-02
1.095231038886357089e+00
2.529920591499023458e-02
6.854112040308724119e-02
1.090768616578011940e+00
1.106148754123119360e-01
1.089376073393029110e+00
1.350680025875171109e-01
1.087868028652555275e+00
8.835261055142901165e-02
1.614074117687583909e-01
1.084494296352045861e+00
2.184229019205867761e-01
1.082622484249457395e+00
2.484358726155210251e-01
1.893042009921885038e-01
1.098453077240730158e+00
1.080622906263467353e+00
1.096079763854564959e+00
4.024054107597459249e-07
2.790341107308689783e-01
1.099187778532843440e+00
3.232318618670764143e-05
1.099041102439271445e+00
1.092048175143440991e+00
3.099346665403276968e-01
1.076225585890987935e+00
1.073819766927420760e+00
3.408850783175896293e-01
3.716653682009610771e-01
1.071270006772208516e+00
2.452887113554502664e-04
1.098796348905462184e+00
5.212054029196137514e-03
1.098010669480668833e+00
9.192543491218809187e-04
1.097468329168402645e+00
2.431345001284930182e-03
4.020881587765704479e-01
9.697769842133788232e-03
1.096825079971606609e+00
1.086241752641349478e+00
1.065719429238485505e+00
4.612663825790350169e-01
1.062708226833781300e+00
4.319974322379598330e-01
4.897947270694964494e-01
1.628608494340725785e-02
1.094277376628458143e+00
3.695888933693165790e-02
1.095231038886699482e+00
2.529920591497551718e-02
5.137416339154084188e-02
1.059532282556140403e+00
1.093217059079635733e+00
1.078491908967109669e+00
5.175057595845060643e-01
6.854112040301039988e-02
1.350680025874268775e-01
1.089376073393226285e+00
1.106148754124089695e-01
1.090768616578057459e+00
1.087868028652766661e+00
8.835261055137159925e-02
5.702690534845791248e-01
1.052661674042965512e+00
1.068571572359862110e+00
1.048953824239524435e+00
5.443433529047225772e-01
5.952593612273817669e-01
1.045054820714237387e+00
1.614074117687138432e-01
2.484358726154056729e-01
1.082622484249371686e+00
2.184229019203791644e-01
1.084494296352001896e+00
1.893042009923610325e-01
1.080622906263288829e+00
1.098453077239613274e+00
6.193032478126019313e-01
2.790341107307613977e-01
1.036652397147258098e+00
6.645569620253110044e-01
1.032132337764211316e+00
1.096079763854324041e+00
1.092048175142998900e+00
3.408850783177115318e-01
1.073819766927451624e+00
3.716653682009879445e-01
1.076225585891096070e+00
3.099346665403577838e-01
1.071270006772146566e+00
4.020881587764931209e-01
6.423999384746520436e-01
6.857884605126304267e-01
1.027387793744960698e+00
1.086241752641221137e+00
7.061137415807675621e-01
7.618984443290175435e-01
1.011708381941365031e+00
7.441415487865508105e-01
1.017186280672949694e+00
4.319974322380017995e-01
1.065719429238409122e+00
4.612663825789707350e-01
1.078491908967146529e+00
1.062708226833834146e+00
4.897947270695455213e-01
1.005964074860288271e+00
1.059532282556162164e+00
1.068571572359907851e+00
5.175057595844755332e-01
1.052661674043054996e+00
5.702690534846863724e-01
7.255560519927756191e-01
7.788563024594890027e-01
9.936273111415123704e-01
8.104965860935220423e-01
9.870086069530192852e-01
8.252402671675238555e-01
9.800709247481774744e-01
5.443433529047901898e-01
7.950454645272523324e-01
1.048953824239524435e+00
8.393067609324087464e-01
8.655261642559890500e-01
9.571889331112017896e-01
9.651774621373571117e-01
5.952593612273259227e-01
1.045054820714185428e+00
6.193032478126765383e-01
8.777360748216671560e-01
9.488158523456089455e-01
8.527257478994229034e-01
8.893825824862222618e-01
9.308401941978311500e-01
9.110886493656125129e-01
9.211971710810329395e-01
9.211971710810358260e-01
1.036652397147246329e+00
6.423999384745653352e-01
6.645569620252949061e-01
1.032132337764213315e+00
9.110886493656158436e-01
8.777360748216680442e-01
9.488158523456031723e-01
9.571889331112055643e-01
8.893825824862230389e-01
8.655261642559946011e-01
9.727991862818010649e-01
1.027387793744938049e+00
9.400395089692589190e-01
9.004917672839631848e-01
9.308401941978334815e-01
1.017186280672939924e+00
7.441415487865399303e-01
9.651774621373547802e-01
8.393067609324137424e-01
9.800709247481774744e-01
8.104965860935167132e-01
9.870086069530338291e-01
8.252402671675163059e-01
7.618984443290208741e-01
1.005964074860274282e+00
9.999413031519939210e-01
1.022409163576038615e+00
7.061137415807949846e-01
9.936273111415034887e-01
6.857884605125693644e-01
8.527257478994155759e-01
1.011708381941377244e+00
7.788563024594670203e-01
7.255560519927841678e-01
9.400395089692595851e-01
9.004917672839636289e-01
7.950454645272519993e-01
9.727991862818043955e-01
1.022409163576027069e+00
9.999413031519893691e-01
1.040957038259730849e+00
1.056185564692878165e+00
1.040957038259761935e+00
1.000000000000000072e-18
