1.000000000000000072e-18
1.000000000000000072e-18
1.000000000000000072e-18
1.000000000000000072e-18
1.000000000000000072e-18
1.000000000000000072e-18
1.000000000000000072e-18
1.000000000000000072e-18
1.000000000000000072e-18
1.000000000000000072e-18
1.000000000000000072e-18
1.000000000000000072e-18
1.000000000000000072e-18
1.000000000000000072e-18
1.000000000000000072e-18
1.000000000000000072e-18
1.000000000000000072e-18
1.000000000000000072e-18
1.000000000000000072e-18
1.000000000000000072e-18
1.000000000000000072e-18
1.000000000000000072e-18
1.000000000000000072e-18
1.000000000000000072e-18
1.000000000000000072e-18
1.000000000000000072e-18
1.000000000000000072e-18
1.000000000000000072e-18
1.000000000000000072e-18
1.000000000000000072e-18
1.000000000000000072e-18
1.000000000000000072e-18
1.000000000000000072e-18
8.813968702565840290e-04
7.993868967074413412e-02
3.013289081162911498e-01
3.414703756732335171e-01
1.859707644575858965e-01
5.030462469165831729e-01
2.736365987684338807e-01
4.160903919078891011e-01
7.087158978260679199e-01
3.793234547800864997e-01
3.359583168861605684e-01
5.012528473536946860e-01
6.371476451840294430e-01
6.388537759158745555e-01
5.402981255218949341e-01
4.255693413752661414e-01
3.595993453473003143e-01
3.595993453473003143e-01
4.255693413752661414e-01
5.402981255218949341e-01
6.388537759158177121e-01
6.371476451839641619e-01
5.012528473536492779e-01
3.359583168861605684e-01
3.793234547800864997e-01
7.087158978260679199e-01
4.160903919078891011e-01
2.736365987684514223e-01
5.030462469166669948e-01
1.859707644575872010e-01
3.414703756732335171e-01
3.013289081162911498e-01
7.993868967074413412e-02
8.813968702565840290e-04
1.000000000000000072e-18
1.000000000000000072e-18
1.000000000000000072e-18
1.000000000000000072e-18
1.000000000000000072e-18
1.000000000000000072e-18
1.000000000000000072e-18
1.000000000000000072e-18
1.000000000000000072e-18
1.000000000000000072e-18
1.000000000000000072e-18
1.000000000000000072e-18
1.000000000000000072e-18
1.000000000000000072e-18
1.000000000000000072e-18
1.000000000000000072e-18
1.000000000000000072e-18
1.000000000000000072e-18
1.000000000000000072e-18
1.000000000000000072e-18
1.000000000000000072e-18
1.000000000000000072e-18
1.000000000000000072e-18
1.000000000000000072e-18
1.000000000000000072e-18
1.000000000000000072e-18
1.000000000000000072e-18
1.000000000000000072e-18
1.000000000000000072e-18
1.000000000000000072e-18
1.000000000000000072e-18
1.000000000000000072e-18
1.000000000000000072e-18
9.204308692964999323e-08
5.039134287200192183e-10
3.898813272590953560e-02
3.021062570609547165e-02
3.718010280183837243e-10
1.025093464767467709e-03
4.309783153742534485e-06
1.217757393112757548e-08
2.617614273274831288e-02
3.086700950617811681e-09
2.802147422300661016e-07
7.574565408818682583e-05
5.172463584067082260e-02
5.100948791847333824e-02
4.636182715142240368e-02
2.024438410982731018e-08
6.212387489172578570e-05
2.915635306071997796e-03
1.554173386299700400e-02
5.140101187139239913e-02
1.857741196093496555e-02
3.044840796108333816e-02
2.082157157792717886e-02
6.898414092619818694e-02
3.165846421936094335e-02
1.192863907201203860e-01
2.603222095053579765e-02
4.784205445525234468e-02
6.389887150541798122e-02
9.625837219194301186e-02
6.063600773974778951e-02
1.846250270399937277e-01
3.670382748548335627e-02
7.404686022253974265e-02
9.940950445036235428e-02
3.966537472627133104e-02
4.824772851169765314e-02
4.021354588793486784e-02
2.726669340601469566e-02
3.556148542606261953e-02
6.487101509905997265e-02
6.724050831646644077e-02
1.983084448144140643e-01
2.021355856500681725e-01
5.112285690434088120e-02
2.674112343170369499e-01
5.625714737248327380e-02
1.825549261805434753e-01
5.949036881434251189e-02
5.333376683695162379e-02
1.107660959266915102e-01
5.783830663668299010e-02
6.645298583186874664e-02
2.952769491493326681e-01
2.885451241670264899e-01
8.079838932233367188e-02
1.656962146979726602e-01
4.560310018525125519e-01
9.789556940065119450e-02
1.056970179268905269e-01
4.108230238140456181e-01
8.226358809735420663e-02
4.985027022637721350e-01
5.987020403559498161e-02
1.004216277441122157e-01
7.737170933119226490e-02
5.495773620779588198e-01
1.808460457567187540e-01
6.310225092761333199e-02
2.765710859860625592e-01
8.472226070737864934e-02
6.194741059338502998e-02
7.291629824355284895e-02
5.825016369069651451e-02
2.405841591121445355e-01
6.203727622558266597e-02
5.459287499409493094e-02
9.226311115040426447e-01
1.581507675649889144e-01
1.572295792640574230e-01
4.907307764660768234e-01
1.223020889078299811e-01
7.523671805344819830e-02
2.558878836673936785e-01
1.078362999847934656e-01
8.701685376776004122e-02
1.441406376853285043e-01
1.987415729091857874e-01
1.389839138441798239e-01
1.178963670937928920e-01
6.020557172396590051e-01
1.001385722904377523e-01
1.156357983561157599e-01
1.396122496487465225e-01
1.101955627330772763e-01
9.335134710698583804e-02
1.261829514655193052e-01
2.910253151435200358e-01
1.046703967158423010e-01
1.193354366937477568e-01
1.280597962014721203e-01
4.988332388082240554e-01
1.026546516753152755e-01
1.317140865680096196e-01
1.764083009560267479e-01
2.155412532315605367e-01
1.708388112705209461e-01
8.763587967863735451e-02
1.164187022693072282e-01
4.427334676280634262e-01
2.535199746239412133e-01
4.745403838007589137e-01
2.365107229882717765e-01
1.755091537752432873e-01
7.857328698085218610e-01
1.384960519424613401e-01
6.469175333630174940e-01
1.959156043709415762e-01
2.310378920192220908e-01
2.785603071633577787e-01
1.493092780236623396e-01
4.484043775551639910e-01
1.331059185846356074e-01
3.412370382351159748e-01
1.455149163449839800e-01
1.465519224538814336e-01
3.937900535320267847e-01
1.510691920133993005e-01
2.742770601505719053e-01
1.633518646653836781e-01
1.254032551022297159e-01
1.369472948605227336e-01
4.350016152962688648e-02
9.024900151001222226e-02
3.052177910359624852e-02
7.766113899794374609e-02
2.989585712016873398e-01
9.313040104908869576e-01
7.130161154974475890e-01
3.974217557729141648e-01
3.749934967352866466e-01
1.035086444912505232e-01
2.501661518954389485e-01
5.666699861882991407e-02
2.048308002046012044e-02
1.823112284287311397e-02
3.838169024681135427e-07
3.598769799704594030e-04
4.598356809280138013e-01
1.609175698998400461e-01
1.565954944242243796e-01
1.881935031305556894e-01
4.706289618782118256e-09
4.534427146563687565e-07
1.521716741527538589e-03
3.317619718534267242e-10
4.420118388731492792e-02
3.744993031517775649e-03
1.550455614640866260e-05
1.537360990264567129e-07
2.992902899450401027e-02
2.423013803180127171e-02
5.657071759914206426e-07
3.452265067127589099e-02
7.559111844820651238e-02
8.925034248858099151e-02
8.749822189946673823e-02
1.183597410393654459e-01
4.276606636031636821e-01
3.913214145213835260e-01
5.441707331777045908e-01
2.013747019384480030e-01
2.064435108368007921e-01
5.634178269684956275e-01
2.088514312524974714e-01
3.000211019312535310e-01
2.221954111277285593e-01
1.887633587424736581e-01
5.569162623977809146e-01
1.793069251565318767e-01
6.257514082849600090e-01
3.026018284748999698e-01
2.292325114101629591e-01
1.810866527789601055e-01
2.168109384291874719e-01
4.407769126943911764e-01
3.763365171568243683e-01
3.337306782577307285e-01
2.061087733735418037e-01
4.771918296788186797e-01
2.015278583593399508e-01
1.985553730730874877e-01
4.455867958542675646e-04
5.597491115936053656e-05
8.734324285929155607e-02
1.912795530774314204e-02
9.456477123809803320e-02
2.213288979018363661e-02
3.092720095792121995e-02
4.325548073831542856e-02
8.863587031175648723e-02
4.901661447558721546e-02
5.930688248324181289e-02
7.145387666988411990e-02
1.717577265670277853e-01
4.108612134978496810e-02
2.443265460765798452e-02
3.287832048166156734e-02
3.932233762484078909e-02
2.543088550755803756e-02
3.923334010340370076e-02
3.849535016281881161e-02
6.316111974312794974e-02
3.956279407771529782e-02
1.551436277770548988e-01
5.774745566211323539e-02
3.480923680181265828e-02
4.860552686365011976e-02
5.998272716633233637e-02
2.763891053767486214e-02
4.836991287076048973e-01
3.233121029180949235e-01
3.801313418521976017e-01
6.596824162779024725e-01
7.838008671632978874e-02
1.948451767656868838e-01
3.826156687604463646e-02
5.018725277504722249e-02
2.569269314612008248e-01
1.944002583266342121e-01
4.670281373665356728e-02
9.566240567700512454e-01
3.022735997316250423e-01
1.266173470305650972e-01
1.908627721502126895e-01
1.333301375345143369e-01
9.460569185713407769e-01
2.504415364644594910e-01
6.657255582402269445e-01
4.595020601940553728e-01
2.767920806676526513e-01
2.273660604941263597e-01
7.780012742962961747e-01
4.437234237456906261e-01
3.938257084014267217e-01
5.884527568532567088e-01
5.131995407887508520e-01
2.248068183515099516e-01
6.472232031818371256e-01
3.473733247864737583e-01
7.344803129432325717e-01
4.116397372242395769e-01
7.390809467036095759e-01
3.090474870528904239e-01
7.551575560198179327e-01
3.961429122815969817e-01
3.040564751972366642e-01
4.891057052029844365e-02
1.365312079297596182e-01
1.053640584269851799e-01
1.286360740940835912e-01
5.920813975371932297e-02
9.547969733279249027e-02
6.261405196908960413e-02
7.289591559109373509e-02
2.406964408430491975e-01
8.005380885901672849e-01
3.920684750736146418e-01
7.651662665972319699e-02
2.540552724769956083e-01
9.917875591772319643e-02
5.734524591873488980e-02
1.548323113837432874e-01
7.839897430785652821e-02
1.858088127066614414e-01
5.680935227518493086e-02
8.868326684940980309e-02
2.059724378315684334e-01
1.500564145604202926e-01
4.861402283439241190e-01
2.883761537635400884e-01
9.088014451700549001e-01
2.708827856241836640e-01
2.782757593466849699e-01
7.853060289968506746e-02
2.023200959474313054e-01
6.691488504515701041e-02
7.918980382612819668e-02
3.065290227197887685e-01
3.188288765022571081e-01
2.656773830461225394e-01
7.519487921082828041e-01
4.215925944326434083e-01
3.337743273683700940e-01
4.613357449802885091e-01
2.977160558843416349e-01
8.020278209118800183e-02
7.963903575201043694e-02
3.990251940044928780e-01
7.507685427121298105e-02
1.255524321413311606e-01
1.191314676351374613e-01
1.074605219216647756e-01
1.092044767664147459e-01
1.455318045723768550e-01
1.218988245385707048e-01
1.587707560043639388e-01
1.243619938887196574e-01
1.182637129893831796e-01
1.564155989081157383e-01
1.749877154147430613e-01
1.356233178599661471e-01
1.281583043158794621e-01
1.070344373725995168e-01
1.988060866396539339e-01
9.891906667900710048e-02
2.681344529887173533e-01
1.366863971341172046e-01
1.619585362925981820e-01
1.253356083541136146e-01
2.301587998994866213e-01
1.070121905062530604e-01
1.235375644132732376e-01
1.214387050166383930e-01
6.874433554429838500e-01
4.551242684149450213e-01
4.581870550281518795e-01
3.359159698199838395e-01
9.172907543892511173e-01
4.481968582843381399e-01
9.530143096528750357e-01
5.737547705942829257e-01
6.946521543760419970e-01
1.973271602121197399e-01
6.486405191965646244e-01
2.121494865304403565e-01
3.345869456527298391e-01
8.011546568104993549e-01
6.072351684679394568e-01
4.699003940903213605e-01
4.825577252619792090e-01
2.879288876477180681e-01
5.341959738192739726e-01
3.016053667976302810e-01
8.352013829150098934e-01
3.038403859181881272e-01
7.022249399449687068e-01
6.484522317489066490e-01
9.459274388943809120e-01
4.069021962448682306e-01
7.027339958054505953e-01
5.827861142371543179e-01
1.614699954963414452e-01
1.141707812117211535e-01
1.202316096587558586e-01
1.148317512001943430e-01
1.813458481613498818e-01
1.448679794098535756e-01
1.638367444495668068e-01
6.867397954308753771e-01
1.468063281916545115e-01
2.093570033379014983e-01
1.499757122226964279e-01
1.954898758206268516e-01
1.582714392260996528e-01
6.137630771818503028e-01
1.330695678339144650e-01
1.382307654168362654e-01
9.493515704291820567e-01
1.274906602966063840e-01
1.518198676366092070e-01
1.529816320668076490e-01
5.765956790841366697e-01
1.384458321420270754e-01
1.567585129473373917e-01
6.275362775787988179e-01
2.547419834089892920e-01
8.168761143357099463e-01
1.693303011357785715e-01
2.273535753523765746e-01
1.421051140789167389e-01
2.808761999273913859e-02
3.214093622510771908e-02
2.241759696528521778e-02
3.972139557935920884e-01
4.143206179312374782e-01
4.668516623118760811e-01
3.682493809701107845e-01
5.240737286379153481e-01
7.486107686740330891e-01
7.501112246543377715e-01
1.568755550862098447e-01
4.361357917801179651e-01
6.945396644027885813e-01
4.272471886103479388e-01
5.591920363080559175e-01
3.393432708024257671e-01
7.404946136628032249e-01
4.724149090205492785e-01
3.335085173754316346e-01
6.498986861920309499e-01
4.146022330760723018e-01
8.275881424308025869e-01
9.511150672936687922e-01
3.077533317029099713e-01
4.565923893112144860e-02
2.217786228084341615e-01
6.426325422450888947e-02
9.175008193097780596e-02
1.166627695693004396e-01
8.248769682403511716e-01
1.325159865580939900e-01
7.152201541323520706e-01
2.211259883748500354e-01
6.050462901484676692e-01
1.791125452099841808e-01
1.753582122610827243e-01
1.880593432170212242e-01
1.898244714882632023e-01
8.402238052724174677e-01
1.945716412187639133e-01
7.866894939131726661e-01
4.632446079762844171e-01
7.410636865631863301e-01
1.777406434031923999e-01
2.402146296458525510e-01
7.844339527312096383e-01
5.587411849933621166e-01
1.816046963450736185e-01
7.547229443775395064e-01
7.727106476296470294e-01
2.046452296756515465e-01
3.230488958120641962e-01
2.388471742161309974e-01
3.259945506274162796e-01
4.431523812536491969e-01
2.152180740808312120e-01
7.108714017691839526e-01
4.407322904553652720e-01
2.011427338698529577e-01
6.486418790033271486e-01
4.259016512345888961e-01
8.094537119159499472e-01
3.199911295386028143e-01
3.794344869801455356e-01
3.852420210090506392e-01
6.036826307134817160e-01
4.455078246468470726e-01
3.683880922211665854e-01
8.814231962801757359e-01
9.119384952379820941e-01
3.861829591736468670e-01
2.689973556353628115e-01
9.158451245193872658e-01
7.216867221845331137e-01
2.736193889956664571e-01
4.229721261751498429e-01
6.951541758610235711e-01
3.756859460813938845e-01
3.558078609095999267e-01
4.385050609826409707e-01
5.947293837669009875e-01
5.863457222061555507e-01
6.929450589089976020e-01
4.190701914002958883e-01
9.474700165172386113e-01
9.429980639904834705e-01
7.330402151848663950e-01
8.100750296242342774e-01
7.681963632990724822e-01
8.217841077296363927e-01
3.762565798948976914e-01
4.597072124149058636e-01
4.055597734408766808e-01
6.913302179403904013e-01
4.782868967753778899e-01
2.158939652357563799e-01
8.083209446059038683e-01
2.164798223821816359e-01
3.389972890319940535e-01
9.014467222481545861e-01
2.645849007514713969e-01
9.381294047717884110e-01
2.343894437068961278e-01
4.880099543353230152e-01
2.699955162245515905e-01
8.221859587737230246e-01
3.398955855791054859e-01
3.519799241704298920e-01
1.601701868424189046e-01
1.808951308544111125e-01
4.219092267943986840e-01
6.352843883066955355e-01
2.753833168362239125e-01
2.224171283730143889e-01
2.391075723266844755e-01
2.746314185724375023e-01
3.026159079935971663e-01
4.062976367899904240e-01
2.810330305013071794e-01
4.037360110818347669e-01
8.829200431378644298e-01
9.475642197441359604e-01
6.093631979775715468e-01
2.547860503038320013e-01
4.070814028161561793e-01
3.080065877772567018e-01
3.632581909350123817e-01
3.632141821697486561e-01
2.839129054879427350e-01
4.697692344725055147e-01
6.396630589437983794e-01
8.018425563335570549e-01
6.836365471991848741e-01
6.399156191820232209e-01
7.022956104584860970e-01
9.530747312883681710e-01
9.464187825882562910e-01
3.468840621422873416e-01
8.715914529987377479e-01
7.541000867800663476e-01
6.375153149417178700e-01
3.382264942690977882e-01
3.163158897785868229e-01
3.679406565167660514e-01
8.857669093318621956e-01
5.921714105042780174e-01
7.101669756405765144e-01
8.254670705721997015e-01
4.038045811523430784e-01
6.156424161972684495e-01
4.452859268788815217e-01
8.652495610786434810e-01
7.462003541629855796e-01
4.392275366751829391e-01
9.294095859170815599e-01
5.007226424147757093e-01
6.992978603568041907e-01
7.901372545199650821e-01
7.896462974935756218e-01
8.824793142589422157e-01
6.409539352510890131e-01
4.689590141743623097e-01
6.604511777064188127e-01
5.326570232953962147e-01
6.538229897643106359e-01
9.154141730928713194e-01
6.200878098058962840e-01
9.439524736707879393e-01
4.291090328516804497e-01
5.243016064541963228e-01
8.383518806273358992e-01
8.374750055409437843e-01
6.578958905472923613e-01
6.905289334749662444e-01
6.578405002475243846e-01
8.326699743942626020e-01
3.959292135862004791e-01
6.625581631300374585e-01
6.092054539542454128e-01
3.855288834898023542e-01
6.253614531534341658e-01
3.596113016385686922e-01
2.867643803685943071e-01
7.392166556668878785e-01
7.549094648395285878e-01
7.329698577597695275e-01
8.707896076716225009e-01
6.172272208503553070e-01
4.460524359472129441e-01
4.476912882413152661e-01
4.907909885053696186e-01
4.979944142552990560e-01
5.119839115835721488e-01
9.384638069194555232e-01
6.630312479337763243e-01
7.418048232989095103e-01
7.449583970963996604e-01
5.531991778948767147e-01
5.675953670745191859e-01
8.280906370949406847e-01
3.015055340397572170e-01
7.374043076143831366e-01
8.679646953259330111e-01
6.353246109336433411e-01
8.164463688488403648e-01
3.411759391515111761e-01
9.443536464461931290e-01
7.437694853271922257e-01
7.765190060965510011e-01
8.380888933526754458e-01
6.071210898158485580e-01
8.895006731799069977e-01
6.462230655651747258e-01
8.772909085300718557e-01
5.776990631749623351e-01
8.171032872703418715e-01
8.810536729037875547e-01
8.737244272402222567e-01
4.540462350508513434e-01
5.092438204724256678e-01
9.229617308268771581e-01
4.391689714171033154e-01
4.451295376393905601e-01
8.725643115422582197e-01
4.783286766954765179e-01
9.163229972767333864e-01
7.068987201332911363e-01
6.347792547449044864e-01
4.351983237654557524e-01
8.383049598736654895e-01
5.398379845920969755e-01
9.308722371485739222e-01
6.362904387530868844e-01
9.332144531573279833e-01
9.332302697741187147e-01
5.174264893510471808e-01
9.337202537855373574e-01
5.812553099404202950e-01
8.256098030039611402e-01
5.906439959182171462e-01
7.074336346718277380e-01
7.462269928073959058e-01
7.258445372942208262e-01
8.362174182023732749e-01
9.490587484216248537e-01
3.529924735511732470e-01
9.410744331448382960e-01
4.097127583185378730e-01
7.753193539774168030e-01
8.136094205156769732e-01
3.574029716760647735e-01
5.780523729066662231e-01
3.812648693221053486e-01
4.673478462520682108e-01
8.258830769003137062e-01
6.431780650499319130e-01
9.094650652964181292e-01
4.100207237363716617e-01
3.330909359406608039e-01
7.872462432948539313e-01
5.341829347924469396e-01
5.895389141576747871e-01
6.742648308715847305e-01
9.226530531411276659e-01
6.376916686872522444e-01
5.126249729554115397e-01
6.680766759662368770e-01
6.953784644350808897e-01
5.368107620435221827e-01
9.068802868303459386e-01
6.837350087784407338e-01
4.309097743928918534e-01
4.237046915049174078e-01
6.890273209565752621e-01
6.179207858406395859e-01
5.707589196855459290e-01
6.021952493593343281e-01
8.338062309011197160e-01
4.993758207839457675e-01
9.162823696730346690e-01
6.948505702137008910e-01
8.192838647816941267e-01
9.256756908072042433e-01
7.315081194555936861e-01
4.608171215144152844e-01
4.684858057018412847e-01
6.190402649970301319e-01
8.649554548182978309e-01
9.198445903918778255e-01
9.304932523961214619e-01
9.490946360249419289e-01
4.571413937932710669e-01
4.835645836389622643e-01
6.082511469542786209e-01
7.118358612884807535e-01
5.220809773905504825e-01
9.206880905460197440e-01
5.888408036508022692e-01
8.649839183308501989e-01
5.967390005096012695e-01
5.997250250849731623e-01
9.354574758538469759e-01
5.703134436888966929e-01
7.839250237926262965e-01
3.870681687180406172e-01
7.064420068813886955e-01
9.490694406418810347e-01
4.313310565216577630e-01
3.759760687500986465e-01
4.430207240799849955e-01
4.346163658472890767e-01
6.905192984089710828e-01
4.927069251571592479e-01
8.972788300347904755e-01
6.281302224647170585e-01
5.645594098534140182e-01
5.866358737032049131e-01
7.123107408560439557e-01
4.871007870999815581e-01
8.313002173473089673e-01
4.343543889796470103e-01
8.723121544802383553e-01
8.777262437637117776e-01
5.636834771251707510e-01
4.185288508335168745e-01
4.584879191049550662e-01
8.703952664869017974e-01
9.021330170425478912e-01
5.041990666053730585e-01
6.814324531922947292e-01
5.738895047028198526e-01
4.483997315914227677e-01
8.468741770417445025e-01
9.041571928051711504e-01
4.198158446654794429e-01
4.395448564654264034e-01
4.264201361527742429e-01
9.076970798424416342e-01
5.092961419323944749e-01
7.017292714199541148e-01
7.516297399878659746e-01
9.469879740819232561e-01
6.129956433669248028e-01
6.970875520309671725e-01
5.966222416826567621e-01
5.407917181364499948e-01
5.109843057822490708e-01
4.201838592789958748e-01
7.234930941544460703e-01
9.493125867131286810e-01
9.496260701512648783e-01
7.472341066047216707e-01
5.604206407925822475e-01
8.621804076825949625e-01
8.388389789094334859e-01
6.573809173450957388e-01
5.542732458554192609e-01
4.781812698104350168e-01
4.079212662553625690e-01
4.011572413837705131e-01
8.803711455266274299e-01
3.606357292412887827e-01
4.763058660761170238e-01
6.266898277468195833e-01
4.868999772276196292e-01
5.116714144652992902e-01
7.206842094369827478e-01
3.900161264365101244e-01
4.764196288943755020e-01
8.771103013502661305e-01
3.958412077770415149e-01
4.877877740086698499e-01
8.226124500542451035e-01
5.462639526359043263e-01
4.029620024719422489e-01
8.190740179098459084e-01
4.309305869198346572e-01
5.613390345905444612e-01
4.501376596756108128e-01
7.908682824880791662e-01
8.809998895530148921e-01
4.592249093506893809e-01
5.140300019260042319e-01
8.947226508513198562e-01
4.468239569102171460e-01
5.256824840259668452e-01
8.750579194871219713e-01
4.500320941716999812e-01
6.372629082894595287e-01
8.710973101975014732e-01
7.387842735718137543e-01
6.679303174819521960e-01
9.390722739738633917e-01
7.954232921668089595e-01
6.178882854307927719e-01
6.786914053266257518e-01
9.026704906695652841e-01
5.728946046244619561e-01
5.695564409472372303e-01
8.070447619557283847e-01
3.983105389273948194e-01
8.468927913498358606e-01
7.182757921685705149e-01
5.173933026885449982e-01
3.137481696194662217e-01
7.502853039999555218e-01
8.592540924469375119e-01
9.476140571305931015e-01
3.785120206148436806e-01
2.514751013581371097e-01
4.130810717165146473e-01
8.741602428861213747e-01
4.915371640031693246e-01
3.666859251588741597e-01
4.396787315538615570e-01
2.818513464879636166e-01
9.478626207428869632e-01
9.055501161001099364e-01
8.099967029816153019e-01
1.950951636907150965e-03
9.598019357420466413e-01
1.731841556087141548e-02
9.597836155228834931e-01
4.681615915956258145e-02
9.597530409136899587e-01
8.817055759509188906e-02
1.384318630845124687e-01
9.596548575908477874e-01
1.944115197098727210e-01
9.595870508555033318e-01
2.530919293770323986e-01
9.595065930091806194e-01
9.590545814777762246e-01
4.729446632891606273e-01
9.591875463185569606e-01
3.119220124064221444e-01
4.228945725433838065e-01
9.593070443079060317e-01
3.689621623790353411e-01
5.187626123799408129e-01
9.587471236840845457e-01
5.977113495702806034e-01
9.585719906438631144e-01
6.312587786363076381e-01
9.583821081056507207e-01
5.603013808747308033e-01
6.612675971629585758e-01
9.579564502161472817e-01
7.120351373813507134e-01
9.577197618520888467e-01
7.334494171864237577e-01
6.880805792635624751e-01
9.597101504076460676e-01
9.574664941551834785e-01
9.594133207948343234e-01
1.950951636925619482e-03
7.526152755005831585e-01
9.598019357431325504e-01
1.731841556086874401e-02
9.597836155213952392e-01
9.589078754105027080e-01
7.697956391930659281e-01
9.569079515253385848e-01
9.566014290681458254e-01
7.852245103561038553e-01
7.991084640954225771e-01
9.562758265685363801e-01
4.681615915947297257e-02
9.597530409169652277e-01
1.944115197103183923e-01
9.596548575911544310e-01
8.817055759476979948e-02
9.595870508558107526e-01
1.384318630854075582e-01
8.116288990592951391e-01
2.530919293772958545e-01
9.595065930098272133e-01
9.581770738942920751e-01
9.555643252066244875e-01
8.331942244941983322e-01
9.551767527685871562e-01
8.229445832680746253e-01
8.424989144847377931e-01
3.119220124061694022e-01
9.591875463186311235e-01
4.228945725431694780e-01
9.593070443080007337e-01
3.689621623785066529e-01
4.729446632888911761e-01
9.547667448435738224e-01
9.590545814778236311e-01
9.571960908372481036e-01
8.509643714697916472e-01
5.187626123789758070e-01
6.312587786358045960e-01
9.585719906439199578e-01
5.977113495709664992e-01
9.587471236840984234e-01
9.583821081057095626e-01
5.603013808741970081e-01
8.657354221694089080e-01
9.538753410774108987e-01
9.559303941184024156e-01
9.533917114225537448e-01
8.586829510417508526e-01
8.721925197941242658e-01
9.528811665178653634e-01
6.612675971627570704e-01
7.334494171861322132e-01
9.577197618520640887e-01
7.120351373807262130e-01
9.579564502161356243e-01
6.880805792641879748e-01
9.574664941551336295e-01
9.597101504073249911e-01
8.781162927786333450e-01
7.526152755003491235e-01
9.517738756811168210e-01
8.885754583920957295e-01
9.511741391695318626e-01
9.594133207947675990e-01
9.589078754103819158e-01
7.852245103562991435e-01
9.566014290681563725e-01
7.991084640954577711e-01
9.569079515253683388e-01
7.697956391931227715e-01
9.562758265685158410e-01
8.116288990591943309e-01
8.835612688389407055e-01
8.932012181502795301e-01
9.505414883559138994e-01
9.581770738942569920e-01
8.974759934913747461e-01
9.085079845985507552e-01
9.484273285783556551e-01
9.051015551041012852e-01
9.491701017902598458e-01
8.229445832681268058e-01
9.555643252065997295e-01
8.331942244941308306e-01
9.571960908372593169e-01
9.551767527686024772e-01
8.424989144847860878e-01
9.476435393909757865e-01
9.547667448435813720e-01
9.559303941184165154e-01
8.509643714697670003e-01
9.538753410774349906e-01
8.657354221694933960e-01
9.014329565773083752e-01
9.116755953768214127e-01
9.459429201473993354e-01
9.173755951437360112e-01
9.450205713673868191e-01
9.199433874157257884e-01
9.440461284121898222e-01
8.586829510418060307e-01
9.146252436848707479e-01
9.533917114225537448e-01
9.223436579722091855e-01
9.266944444166793637e-01
9.407749670223714000e-01
9.419271576064345286e-01
8.721925197940867402e-01
9.528811665178478219e-01
8.781162927786867467e-01
9.286681904343087046e-01
9.395552933303303877e-01
9.245899419605309033e-01
9.305211563613683401e-01
9.368940905073563918e-01
9.339000845227576342e-01
9.354417205609109054e-01
9.354417205609130148e-01
9.517738756811103817e-01
8.835612688388826408e-01
8.885754583920879579e-01
9.511741391695339720e-01
9.339000845227559688e-01
9.286681904343097038e-01
9.395552933303346066e-01
9.407749670223710670e-01
9.305211563613645653e-01
9.266944444166802519e-01
9.430162138511717362e-01
9.505414883559070161e-01
9.382633940142653950e-01
9.322623846404037851e-01
9.368940905073560588e-01
9.491701017902596238e-01
9.051015551040950680e-01
9.419271576064311979e-01
9.223436579722111839e-01
9.440461284121850483e-01
9.173755951437363443e-01
9.450205713673872632e-01
9.199433874157191271e-01
9.085079845985544189e-01
9.476435393909738991e-01
9.468162862899087706e-01
9.498741231074832037e-01
8.974759934913929538e-01
9.459429201474003346e-01
8.932012181502488879e-01
9.245899419605294600e-01
9.484273285783608731e-01
9.116755953768114207e-01
9.014329565773119279e-01
9.382633940142668383e-01
9.322623846404073378e-01
9.146252436848700818e-01
9.430162138511722913e-01
9.498741231074774305e-01
9.468162862899065502e-01
9.523423679873214143e-01
9.543332997986597732e-01
9.523423679873290748e-01
1.000000000000000072e-18
