-1.999755713881308683e+00
-1.999022915200933559e+00
-1.997801782971425189e+00
-1.996092615498435530e+00
-1.993895830307847561e+00
-1.991211964043786642e+00
-1.988041672337557353e+00
-1.980245029069304330e+00
-1.975620582119016477e+00
-1.970513518484716675e+00
-1.964925085751153100e+00
-1.958856649094863567e+00
-1.952309690950679189e+00
-1.882923526531021796e+00
-1.893231350580865335e+00
-1.903076684492286619e+00
-1.945285810649631797e+00
-1.912457123186883212e+00
-1.921370375153678367e+00
-1.929814263008972075e+00
-1.872155730401086959e+00
-1.837119371703159532e+00
-1.824539105329790800e+00
-1.811513129379974663e+00
-1.798044625918834738e+00
-1.784136885114766313e+00
-1.849250855315645703e+00
-1.769793304435836934e+00
-1.724183089712812311e+00
-1.708132240613146946e+00
-1.691664118518195536e+00
-1.674782746361605623e+00
-1.739812744817575973e+00
-1.984385729647362373e+00
-1.657492248028246795e+00
-1.937786724028131680e+00
1.999755713881305796e+00
-1.639796847346857378e+00
1.999022915200934447e+00
1.997801782971424744e+00
1.996092615498430867e+00
-1.860930592614177037e+00
-1.603208727758993701e+00
-1.584324946822251778e+00
-1.545401006764025365e+00
-1.565054137293511172e+00
-1.525370356220767665e+00
-1.504967078873619579e+00
1.993895830307844230e+00
1.991211964043809957e+00
1.970513518484721338e+00
1.975620582119022473e+00
1.988041672337551136e+00
1.964925085751161760e+00
1.980245029069316098e+00
-1.484196158960006340e+00
1.958856649094866009e+00
1.952309690950702947e+00
-1.755017387819663766e+00
-1.419728725885619047e+00
-1.397538855557686421e+00
-1.375007585887005002e+00
-1.441571776193483423e+00
-1.352140420950008748e+00
1.945285810649629576e+00
1.903076684492291948e+00
1.912457123186881214e+00
1.921370375153683918e+00
1.929814263008967412e+00
1.893231350580862671e+00
-1.328942946877647469e+00
1.882923526531026015e+00
-1.621700867058176510e+00
-1.305420830490831463e+00
1.872155730401076523e+00
1.798044625918826966e+00
1.811513129379982212e+00
1.824539105329800126e+00
1.837119371703161308e+00
1.784136885114775639e+00
1.849250855315639264e+00
-1.208202024302862387e+00
-1.232964476795574527e+00
-1.463062670527335740e+00
-1.183144424827048846e+00
-1.257425733181759764e+00
-1.157797799591825383e+00
-1.132168340425914632e+00
1.769793304435833381e+00
1.674782746361597852e+00
1.691664118518190207e+00
1.708132240613132513e+00
1.724183089712810091e+00
1.739812744817588630e+00
1.657492248028235249e+00
1.984385729647358376e+00
-1.106262308250397508e+00
1.639796847346850273e+00
-1.026948387029682719e+00
-9.999999999999993339e-01
-9.728073268516214123e-01
1.937786724028128571e+00
1.860930592614164159e+00
1.565054137293519165e+00
1.545401006764028029e+00
1.525370356220769441e+00
1.584324946822260438e+00
1.603208727758995700e+00
1.504967078873613584e+00
1.484196158960001011e+00
-1.053645904823803159e+00
-9.453770103771381716e-01
-9.177157514220780632e-01
1.755017387819657326e+00
-8.898303072480306941e-01
-7.181948489372504962e-01
-7.472805522737174799e-01
-7.761837053444989865e-01
-8.048972475105081736e-01
1.441571776193486532e+00
1.419728725885610165e+00
1.397538855557681536e+00
1.621700867058179174e+00
1.375007585887010553e+00
1.352140420950012523e+00
-6.889337005686692050e-01
1.328942946877649911e+00
1.463062670527340625e+00
1.305420830490829021e+00
1.232964476795586517e+00
1.208202024302872157e+00
-8.334141644519733605e-01
-6.595042552603357366e-01
-5.702782247626153600e-01
-5.402478684704453693e-01
-5.100855371233501412e-01
-4.797985989601959989e-01
-4.493944526595439748e-01
1.257425733181765315e+00
-6.001692700006852066e-01
1.183144424827048846e+00
-4.188805255322879395e-01
-2.958764553206594261e-01
-2.649259084933781594e-01
-3.267547236370628716e-01
1.157797799591820054e+00
1.132168340425906417e+00
1.106262308250405502e+00
-2.339106439441652197e-01
-2.028382382716241161e-01
-3.575531703102620140e-01
-1.717162820331314954e-01
-7.812918591763824694e-02
-4.688514720652047635e-02
-1.562965510476706232e-02
1.562965510476827316e-02
1.026948387029680498e+00
1.053645904823792945e+00
9.999999999999971134e-01
9.728073268516219674e-01
4.688514720652131595e-02
2.339106439441641094e-01
2.028382382716219234e-01
2.649259084933776598e-01
1.717162820331320783e-01
2.958764553206603143e-01
-3.882642717072555816e-01
9.177157514220735113e-01
-1.405523778905850840e-01
-1.093541387531715564e-01
7.812918591763999554e-02
8.048972475105073965e-01
7.761837053444967660e-01
3.267547236370625940e-01
4.188805255322890497e-01
4.493944526595434197e-01
5.402478684704448142e-01
5.100855371233550262e-01
4.797985989601935009e-01
7.181948489372513844e-01
6.889337005686657633e-01
-6.299137022172255351e-01
-8.617274898819436979e-01
8.898303072480345799e-01
5.702782247626128065e-01
9.453770103771302891e-01
3.575531703102600156e-01
7.472805522737208106e-01
6.595042552603310737e-01
8.334141644519746928e-01
1.405523778905858889e-01
1.093541387531711123e-01
6.001692700006844294e-01
3.882642717072559146e-01
8.617274898819410334e-01
6.299137022172238698e-01
1.080086031549348347e+00
1.281579817916052022e+00
-1.080086031549353676e+00
-1.281579817916054020e+00
