4.305677342242847927e-01
4.296480419863695777e-01
4.287150594793748271e-01
4.277686601633381436e-01
4.268087185524113147e-01
4.258351103006300375e-01
4.248477123103729380e-01
4.238464028191308852e-01
4.228310615130642658e-01
4.218015696204183707e-01
4.207578100272031385e-01
4.196996673810150513e-01
4.186270281983798802e-01
4.175397809848186981e-01
4.164378163481876616e-01
4.153210271131065889e-01
4.141893084391629065e-01
4.130425579493749444e-01
4.118806758424711223e-01
4.107035650295817186e-01
4.095111312503082468e-01
4.083032832094655173e-01
4.070799326998740253e-01
4.058409947401914741e-01
4.045863876999301612e-01
4.033160334409272019e-01
4.020298574512403689e-01
4.007277889747573041e-01
3.994097611554493499e-01
3.980757111724081421e-01
3.967255803762508304e-01
3.953593144314357932e-01
3.939768634522606838e-01
3.925781821439700003e-01
3.911632299407150626e-01
3.897319711440210832e-01
3.882843750616116751e-01
3.868204161442869160e-01
3.853400741276871155e-01
3.838433341586097169e-01
3.823301869381232621e-01
3.808006288512985060e-01
3.792546620971395388e-01
3.776922948226929533e-01
3.761135412454042481e-01
3.745184217797494775e-01
3.729069631635208437e-01
3.712791985662088901e-01
3.696351677203412178e-01
3.679749170215948495e-01
3.662984996434826002e-01
3.646059756444368638e-01
3.628974120637867840e-01
3.611728830207830421e-01
3.594324698086146519e-01
3.576762609779596813e-01
3.559043524215341758e-01
3.541168474477022765e-01
3.523138568517182323e-01
3.504954989839560997e-01
3.486618998015633686e-01
3.468131929276656589e-01
3.449495196890507986e-01
3.430710291612699137e-01
3.411778781929816762e-01
3.392702314363943428e-01
3.373482613587066581e-01
3.354121482507546603e-01
3.334620802286845098e-01
3.314982532263047177e-01
3.295208709750584442e-01
3.275301449868619486e-01
3.255262945114799633e-01
3.235095465031347373e-01
3.214801355627182056e-01
3.194383038805635455e-01
3.173843011696179106e-01
3.153183845846225797e-01
3.132408186348739076e-01
3.111518750910887698e-01
3.090518328743580567e-01
3.069409779472228039e-01
3.048196031876345691e-01
3.026880082534398886e-01
3.005464994453445615e-01
2.983953895513773991e-01
2.962349976908206783e-01
2.940656491435181819e-01
2.918876751738763708e-01
2.897014128451443904e-01
2.875072048259275093e-01
2.853053991882654183e-01
2.830963491998627068e-01
2.808804131044129737e-01
2.786579538995797578e-01
2.764293391055373528e-01
2.741949405267978812e-01
2.719551340078806279e-01
2.697102991836337615e-01
2.674608192222408531e-01
2.652070805653817809e-01
2.629494726614790001e-01
2.606883876939739553e-01
2.584242203078437883e-01
2.561573673305000964e-01
2.538882274887499513e-01
2.516172011258093200e-01
2.493446899120178029e-01
2.470710965569930528e-01
2.447968245178818725e-01
2.425222777072950087e-01
2.402478602015563625e-01
2.379739759466246718e-01
2.357010284662958421e-01
2.334294205702597269e-01
2.311595540637926272e-01
2.288918294572324652e-01
2.266266456808800345e-01
2.243643997996150330e-01
2.221054867316833437e-01
2.198502989708285005e-01
2.175992263113454006e-01
2.153526555793982555e-01
2.131109703657848020e-01
2.108745507672337149e-01
2.086437731305933185e-01
2.064190098034089926e-01
2.042006288907307343e-01
2.019889940183272059e-01
1.997844641030153690e-01
1.975873931282630669e-01
1.953981299291807083e-01
1.932170179844302504e-01
1.910443952141014923e-01
1.888805937888548558e-01
1.867259399439383794e-01
1.845807538036976503e-01
1.824453492140703514e-01
1.803200335830769385e-01
1.782051077308143827e-01
1.761008657483488227e-01
1.740075948650625093e-01
1.719255753248477847e-01
1.698550802725688480e-01
1.677963756483885904e-01
1.657497200910903468e-01
1.637153648520615901e-01
1.616935537160834324e-01
1.596845229329519333e-01
1.576885011570961503e-01
1.557057093959703098e-01
1.537363609678690513e-01
1.517806614678951505e-01
1.498388087421133608e-01
1.479109928709825827e-01
1.459973961603266979e-01
1.440981931403045591e-01
1.422135505725923010e-01
1.403436274654092375e-01
1.384885750951765915e-01
1.366485370366454788e-01
1.348236491990938701e-01
1.330140398700084825e-01
1.312198297650245538e-01
1.294411320844484070e-01
1.276780525760093654e-01
1.259306896031850975e-01
1.241991342195878228e-01
1.224834702485372573e-01
1.207837743678770032e-01
1.191001161996026320e-01
1.174325584041706616e-01
1.157811567794659463e-01
1.141459603635640863e-01
1.125270115414359062e-01
1.109243461555621396e-01
1.093379936195465890e-01
1.077679770352897859e-01
1.062143133126412370e-01
1.046770132920161467e-01
1.031560818692615344e-01
1.016515181227784226e-01
1.001633154425041333e-01
9.869146166076001037e-02
9.723593918445586071e-02
9.579672512866643785e-02
9.437379145126044422e-02
9.296710508849058419e-02
9.157662809103210566e-02
9.020231776083570407e-02
8.884412678801893726e-02
8.750200338801417121e-02
8.617589143863238488e-02
8.486573061697490206e-02
8.357145653583288036e-02
8.229300087978430600e-02
8.103029154041578586e-02
7.978325275088793411e-02
7.855180521949436945e-02
7.733586626220484428e-02
7.613534993401725737e-02
7.495016715900644499e-02
7.378022585902770103e-02
7.262543108087382571e-02
7.148568512192912672e-02
7.036088765405593137e-02
6.925093584582027451e-02
6.815572448287529617e-02
6.707514608645186172e-02
6.600909102986876609e-02
6.495744765308258950e-02
6.392010237517707638e-02
6.289693980471612600e-02
6.188784284795113833e-02
6.089269281490779229e-02
5.991136952317242803e-02
5.894375139949978304e-02
5.798971557913805419e-02
5.704913800286215420e-02
5.612189351172159474e-02
5.520785593947951514e-02
5.430689820274734597e-02
5.341889238876300350e-02
5.254370984090399321e-02
5.168122124184276744e-02
5.083129669442130322e-02
4.999380580019267828e-02
4.916861773571819944e-02
4.835560132654720400e-02
4.755462511894976291e-02
4.676555744943616116e-02
4.598826651200677018e-02
4.522262042325875253e-02
4.446848728527114797e-02
4.372573524637710096e-02
4.299423255980528574e-02
4.227384764023230102e-02
4.156444911826625427e-02
4.086590589292760090e-02
4.017808718209584656e-02
3.950086257103622989e-02
3.883410205896888068e-02
3.817767610375501219e-02
3.753145566473284345e-02
3.689531224372331886e-02
3.626911792426348868e-02
3.565274540907836104e-02
3.504606805586560347e-02
3.444895991139563379e-02
3.386129574397830216e-02
3.328295107434743605e-02
3.271380220498440461e-02
3.215372624791686118e-02
3.160260115105235218e-02
3.106030572306261658e-02
3.052671965686587496e-02
3.000172355174681588e-02
2.948519893414780838e-02
2.897702827717073271e-02
2.847709501882296837e-02
2.798528357904992922e-02
2.750147937558444083e-02
2.702556883865365675e-02
2.655743942457603618e-02
2.609697962827936535e-02
2.564407899478541447e-02
2.519862812968239399e-02
2.476051870862562218e-02
2.432964348589823286e-02
2.390589630206394617e-02
2.348917209073942552e-02
2.307936688452476293e-02
2.267637782011552167e-02
2.228010314263135713e-02
2.189044220918454423e-02
2.150729549172350485e-02
2.113056457917470918e-02
2.076015217891349213e-02
2.039596211758257921e-02
2.003789934129998618e-02
1.968586991526382474e-02
1.933978102279079042e-02
1.899954096381002711e-02
1.866505915283156111e-02
1.833624611641783420e-02
1.801301349017537731e-02
1.769527401529828042e-02
1.738294153466894004e-02
1.707593098854984920e-02
1.677415840988403378e-02
1.647754091921506403e-02
1.618599671925875783e-02
1.589944508913251203e-02
1.561780637826836078e-02
1.534100200002457524e-02
1.506895442500766000e-02
1.480158717413012498e-02
1.453882481141083663e-02
1.428059293653830691e-02
1.402681817721104611e-02
1.377742818126508929e-02
1.353235160860759984e-02
1.329151812296626260e-02
1.305485838346912876e-02
1.282230403606596757e-02
1.259378770480170523e-02
1.236924298295932409e-02
1.214860442407263326e-02
1.193180753283227917e-02
1.171878875588332897e-02
1.150948547253216429e-02
1.130383598536940058e-02
1.110177951081757486e-02
1.090325616961194781e-02
1.070820697722524133e-02
1.051657383424050435e-02
1.032829951668417547e-02
1.014332766632315003e-02
9.961602780932676121e-03
9.783070204547982332e-03
9.607676117696280563e-03
9.435367527624131945e-03
9.266092258520418692e-03
9.099798941743978895e-03
8.936437006059764002e-03
8.775956667887968576e-03
8.618308921572418943e-03
8.463445529673110923e-03
8.311319013285672214e-03
8.161882642392745413e-03
8.015090426251455027e-03
7.870897103823335308e-03
7.729258134241446219e-03
7.590129687332185238e-03
7.453468634180729184e-03
7.319232537752880588e-03
7.187379643571900449e-03
7.057868870454271290e-03
6.930659801305858077e-03
6.805712673983426581e-03
6.682988372218838166e-03
6.562448416615573009e-03
6.444054955709985384e-03
6.327770757108604031e-03
6.213559198696345411e-03
6.101384259919653136e-03
5.991210513147899458e-03
5.883003115109928030e-03
5.776727798411222282e-03
5.672350863130795617e-03
5.569839168498867676e-03
5.469160124656411749e-03
5.370281684497700027e-03
5.273172335597201520e-03
5.177801092218661631e-03
5.084137487411468682e-03
4.992151565190003533e-03
4.901813872800634374e-03
4.813095453073099744e-03
4.725967836859647740e-03
4.640403035559699692e-03
4.556373533731854567e-03
4.473852281792371939e-03
4.392812688800830020e-03
4.313228615331897962e-03
4.235074366435379566e-03
4.158324684680950525e-03
4.082954743291159275e-03
4.008940139359543769e-03
3.936256887155807974e-03
3.864881411515575654e-03
3.794790541316906806e-03
3.725961503041136380e-03
3.658371914418511936e-03
3.591999778158140588e-03
3.526823475762320276e-03
3.462821761423468155e-03
3.399973756003973110e-03
3.338258941099664107e-03
3.277657153182811714e-03
3.218148577828687344e-03
3.159713744020903672e-03
3.102333518537921889e-03
3.045989100418463290e-03
2.990662015505552405e-03
2.936334111068692517e-03
2.882987550504145791e-03
2.830604808110342985e-03
2.779168663940913362e-03
2.728662198731884002e-03
2.679068788904137056e-03
2.630372101639142160e-03
2.582556090028122718e-03
2.535604988293460853e-03
2.489503307081872199e-03
2.444235828827690839e-03
2.399787603187369858e-03
2.356143942542262334e-03
2.313290417570269559e-03
2.271212852885560671e-03
2.229897322744854062e-03
2.189330146819585318e-03
2.149497886034650376e-03
2.110387338470401906e-03
2.071985535329514804e-03
2.034279736966092267e-03
1.997257428978078866e-03
1.960906318360003831e-03
1.925214329717553569e-03
1.890169601541333158e-03
1.855760482540162260e-03
1.821975528032595930e-03
1.788803496396594020e-03
1.756233345575317333e-03
1.724254229639884083e-03
1.692855495406632004e-03
1.662026679109823973e-03
1.631757503127840127e-03
1.602037872762547728e-03
1.572857873070928909e-03
1.544207765748976946e-03
1.516077986065814077e-03
1.488459139848416620e-03
1.461342000516052501e-03
1.434717506163043620e-03
1.408576756690127366e-03
1.382911010982921726e-03
1.357711684137204297e-03
1.332970344730303710e-03
1.308678712137947972e-03
1.284828653895444530e-03
1.261412183103257983e-03
1.238421455875995773e-03
1.215848768833690348e-03
1.193686556635894288e-03
1.171927389556304006e-03
1.150563971099075999e-03
1.129589135654884748e-03
1.108995846196665896e-03
1.088777192014242154e-03
1.068926386487583030e-03
1.049436764897623267e-03
1.030301782274256400e-03
1.011515011281221340e-03
9.930701401367177453e-04
9.749609705696595571e-04
9.571814158108725868e-04
9.397254986185760942e-04
9.225873493376959182e-04
9.057612039925839369e-04
8.892414024123331982e-04
8.730223863884507395e-04
8.570986978641308889e-04
8.414649771548695983e-04
8.261159611996855877e-04
8.110464818425489877e-04
7.962514641435952927e-04
7.817259247195116169e-04
7.674649701126956157e-04
7.534637951886905081e-04
7.397176815615238857e-04
7.262219960463170247e-04
7.129721891388152632e-04
6.999637935215711039e-04
6.871924225958427491e-04
6.746537690394409544e-04
6.623436033894898730e-04
6.502577726502067326e-04
6.383921989247323681e-04
6.267428780712378010e-04
6.153058783823044109e-04
6.040773392876307157e-04
5.930534700793937746e-04
5.822305486600967261e-04
5.716049203123706613e-04
5.611729964903578675e-04
5.509312536324877888e-04
5.408762319950061355e-04
5.310045345062675481e-04
5.213128256410583554e-04
5.117978303148601948e-04
5.024563327975917594e-04
4.932851756466695090e-04
4.842812586587691881e-04
4.754415378402392545e-04
4.667630243957822996e-04
4.582427837348492438e-04
4.498779344959421655e-04
4.416656475879594335e-04
4.336031452487000191e-04
4.256877001200046738e-04
4.179166343394312986e-04
4.102873186479283124e-04
4.027971715135130674e-04
3.954436582704488803e-04
3.882242902738146980e-04
3.811366240690433681e-04
3.741782605763815657e-04
3.673468442897812112e-04
3.606400624900871774e-04
3.540556444723577342e-04
3.475913607868649693e-04
3.412450224937081254e-04
3.350144804307367123e-04
3.288976244945689912e-04
3.228923829344413970e-04
3.169967216586792110e-04
3.112086435536569177e-04
3.055261878148239434e-04
2.999474292898509069e-04
2.944704778334213948e-04
2.890934776736711577e-04
2.838146067899401971e-04
2.786320763017044954e-04
2.735441298684778647e-04
2.685490431004468022e-04
2.636451229797551372e-04
2.588307072920755891e-04
2.541041640685178914e-04
2.494638910374662026e-04
2.449083150863309486e-04
2.404358917329596881e-04
2.360451046065085350e-04
2.317344649377519954e-04
2.275025110584942751e-04
2.233478079099868641e-04
2.192689465602505388e-04
2.152645437300413560e-04
2.113332413273975906e-04
2.074737059905202056e-04
2.036846286389816193e-04
1.999647240329065310e-04
1.963127303402214868e-04
1.927274087116283296e-04
1.892075428632922348e-04
1.857519386670310971e-04
1.823594237479276637e-04
1.790288470891973919e-04
1.757590786441634698e-04
1.725490089553157413e-04
1.693975487801670384e-04
1.663036287239152121e-04
1.632661988787534367e-04
1.602842284696667004e-04
1.573567055066588333e-04
1.544826364432630569e-04
1.516610458412360367e-04
1.488909760412896670e-04
1.461714868398226129e-04
1.435016551714660507e-04
1.408805747974144651e-04
1.383073559993494410e-04
1.357811252789477990e-04
1.333010250628149723e-04
1.308662134127594055e-04
1.284758637413361507e-04
1.261291645325121787e-04
1.238253190674171687e-04
1.215635451550685771e-04
1.193430748679526567e-04
1.171631542824310042e-04
1.150230432238243404e-04
1.129220150161482241e-04
1.108593562363631657e-04
1.088343664730897034e-04
1.068463580897248779e-04
1.048946559918050410e-04
1.029785973986454200e-04
1.010975316190956396e-04
9.925081983136157106e-05
9.743783486684522111e-05
9.565796099788545807e-05
9.391059372937240275e-05
9.219513959413484295e-05
9.051101595205001207e-05
8.885765079279636842e-05
8.723448254219439248e-05
8.564095987206510525e-05
8.407654151353461476e-05
8.254069607375576971e-05
8.103290185592784765e-05
7.955264668260942599e-05
7.809942772223967824e-05
7.667275131880484595e-05
7.527213282461092268e-05
7.389709643609368981e-05
7.254717503261014558e-05
7.122191001816920630e-05
6.992085116603149108e-05
6.864355646614672115e-05
6.738959197535751523e-05
6.615853167032847613e-05
6.494995730315866419e-05
6.376345825960627969e-05
6.259863141991853393e-05
6.145508102215776038e-05
6.033241852805469938e-05
5.923026249126783077e-05
5.814823842806269324e-05
5.708597869034114406e-05
5.604312234097198026e-05
5.501931503140442204e-05
5.401420888150150685e-05
5.302746236156206759e-05
5.205874017649432355e-05
5.110771315209919319e-05
5.017405812341088069e-05
4.925745782509877461e-05
4.835760078382948931e-05
4.747418121262652176e-05
4.660689890712431442e-05
4.575545914372298561e-05
4.491957257960927665e-05
4.409895515457807426e-05
4.329332799465943451e-05
4.250241731749304928e-05
4.172595433942750221e-05
4.096367518431968236e-05
4.021532079398093160e-05
3.948063684027414057e-05
3.875937363879714752e-05
3.805128606414692429e-05
3.735613346672350563e-05
3.667367959106007522e-05
3.600369249562746518e-05
3.534594447411273672e-05
3.470021197812429305e-05
3.406627554131197785e-05
3.344391970486658373e-05
3.283293294437949914e-05
3.223310759803594427e-05
3.164423979611685934e-05
3.106612939178465761e-05
3.049857989313337498e-05
2.994139839647878777e-05
2.939439552086002812e-05
2.885738534374077767e-05
2.833018533788216861e-05
2.781261630936277752e-05
2.730450233673418196e-05
2.680567071128409741e-05
2.631595187838836825e-05
2.583517937993277835e-05
2.536318979778678164e-05
2.489982269830821410e-05
2.444492057785497551e-05
2.399832880930008266e-05
2.355989558951387153e-05
2.312947188780866615e-05
2.270691139532337278e-05
2.229207047532916477e-05
2.188480811444727626e-05
2.148498587474940766e-05
2.109246784673787973e-05
2.070712060318193485e-05
2.032881315379438629e-05
1.995741690073888508e-05
1.959280559494559838e-05
1.923485529322700206e-05
1.888344431617287238e-05
1.853845320681683995e-05
1.819976469005541738e-05
1.786726363280782148e-05
1.754083700490406095e-05
1.722037384068340004e-05
1.690576520129891228e-05
1.659690413770547801e-05
1.629368565432445958e-05
1.599600667337352098e-05
1.570376599984455316e-05
1.541686428712370099e-05
1.513520400323477442e-05
1.485868939770495599e-05
1.458722646902872887e-05
1.432072293273043518e-05
1.405908819000697906e-05
1.380223329694601578e-05
1.355007093430105488e-05
1.330251537782385166e-05
1.305948246913512198e-05
1.282088958712676013e-05
1.258665561988851741e-05
1.235670093714398301e-05
1.213094736319404270e-05
1.190931815034850115e-05
1.169173795284852440e-05
1.147813280126209755e-05
1.126843007734614692e-05
1.106255848937031375e-05
1.086044804788968078e-05
1.066203004195929760e-05
1.046723701578465875e-05
1.027600274579648420e-05
1.008826221814526064e-05
9.903951606607584737e-06
9.723008250893784912e-06
9.545370635352899770e-06
9.370978368066304074e-06
9.199772160323366909e-06
9.031693806471096902e-06
8.866686164132458540e-06
8.704693134785582124e-06
8.545659644697138521e-06
8.389531626204793137e-06
8.236255999341857812e-06
8.085780653794841913e-06
7.938054431193153839e-06
7.793027107721855814e-06
7.650649377050741440e-06
7.510872833575962474e-06
7.373649955967343876e-06
7.238934091016764847e-06
7.106679437780777100e-06
6.976841032013315817e-06
6.849374730881654188e-06
6.724237197964147185e-06
6.601385888517582520e-06
6.480779035018507810e-06
6.362375632964823013e-06
6.246135426938395380e-06
6.132018896921799539e-06
6.019987244865360898e-06
5.910002381498972090e-06
5.802026913385050378e-06
5.696024130207382723e-06
5.591957992294178853e-06
5.489793118365154382e-06
5.389494773507190005e-06
5.291028857364931229e-06
5.194361892550751855e-06
5.099461013264315757e-06
5.006293954120478281e-06
4.914829039181685105e-06
4.825035171189872776e-06
4.736881820996487709e-06
4.650339017183142655e-06
4.565377335874708051e-06
4.481967890735782602e-06
4.400082323152618350e-06
4.319692792591414094e-06
4.240771967134999870e-06
4.163293014191819803e-06
4.087229591373643912e-06
4.012555837541292294e-06
3.939246364012615244e-06
3.867276245932346452e-06
3.796621013798600544e-06
3.727256645144591109e-06
3.659159556371929502e-06
3.592306594733961557e-06
3.526675030464217567e-06
3.462242549049920039e-06
3.398987243645686839e-06
3.336887607626609371e-06
3.275922527276339341e-06
3.216071274609891450e-06
3.157313500326701545e-06
3.099629226892684073e-06
3.042998841748840920e-06
2.987403090643541714e-06
2.932823071086986098e-06
2.879240225925039614e-06
2.826636337030116850e-06
2.774993519108380832e-06
2.724294213618576284e-06
2.674521182803403494e-06
2.625657503828567856e-06
2.577686563030233963e-06
2.530592050266348798e-06
2.484357953372166510e-06
2.438968552716013173e-06
2.394408415855660857e-06
2.350662392291325284e-06
2.307715608315244299e-06
2.265553461954578619e-06
2.224161618007510772e-06
2.183526003169481471e-06
2.143632801248707490e-06
2.104468448468802910e-06
2.066019628857707515e-06
2.028273269720235969e-06
1.991216537194024593e-06
1.954836831885925093e-06
1.919121784588695318e-06
1.884059252075742623e-06
1.849637312972560981e-06
1.815844263703666684e-06
1.782668614513798502e-06
1.750099085561353242e-06
1.718124603083701364e-06
1.686734295632088470e-06
1.655917490375538431e-06
1.625663709472524233e-06
1.595962666508325583e-06
1.566804262997923796e-06
1.538178584952824582e-06
1.510075899510207205e-06
1.482486651624068422e-06
1.455401460816496005e-06
1.428811117988474925e-06
1.402706582289004764e-06
1.377078978041190887e-06
1.351919591724668394e-06
1.327219869013098250e-06
1.302971411865793678e-06
1.279165975672486664e-06
1.255795466450214290e-06
1.232851938091457979e-06
1.210327589662548643e-06
1.188214762751437748e-06
1.166505938863798816e-06
1.145193736866979302e-06
1.124270910480315023e-06
1.103730345811470247e-06
1.083565058937931203e-06
1.063768193532257940e-06
1.044333018531196196e-06
1.025252925847035245e-06
1.006521428120970315e-06
9.881321565173790338e-07
9.700788585585021869e-07
9.523553959985586286e-07
9.349557427368436106e-07
9.178739827689222075e-07
9.011043081750235816e-07
8.846410171456288880e-07
8.684785120426077763e-07
8.526112974962829592e-07
8.370339785368613428e-07
8.217412587602276962e-07
8.067279385271927333e-07
7.919889131955405346e-07
7.775191713845741873e-07
7.633137932711518879e-07
7.493679489171163082e-07
7.356768966268646763e-07
7.222359813354452899e-07
7.090406330256664962e-07
6.960863651743721919e-07
6.833687732269737080e-07
6.708835330999603572e-07
6.586263997106884649e-07
6.465932055340410392e-07
6.347798591854798223e-07
6.231823440299489990e-07
6.117967168162469635e-07
6.006191063363451107e-07
5.896457121090940838e-07
5.788728030881011656e-07
5.682967163931764669e-07
5.579138560649595483e-07
5.477206918422260905e-07
5.377137579616403020e-07
5.278896519794169992e-07
5.182450336144017607e-07
5.087766236124440086e-07
4.994812026313769188e-07
4.903556101465118333e-07
4.813967433759871257e-07
4.726015562258130708e-07
4.639670582542070415e-07
4.554903136548855165e-07
4.471684402587823882e-07
4.389986085541612273e-07
4.309780407245761723e-07
4.231040097043773070e-07
4.153738382515000092e-07
4.077848980372152352e-07
4.003346087524559733e-07
3.930204372305280156e-07
3.858398965857960345e-07
3.787905453681797954e-07
3.718699867329728235e-07
3.650758676259856973e-07
3.584058779834305739e-07
3.518577499465299529e-07
3.454292570904114447e-07
3.391182136671278192e-07
3.329224738624918446e-07
3.268399310664351184e-07
3.208685171568467925e-07
3.150062017963140931e-07
3.092509917418458429e-07
3.036009301671328130e-07
2.980540959972104367e-07
2.926086032553216035e-07
2.872626004216423084e-07
2.820142698037364839e-07
2.768618269185674856e-07
2.718035198857588092e-07
2.668376288319090126e-07
2.619624653058595667e-07
2.571763717045870413e-07
2.524777207096294160e-07
2.478649147337663073e-07
2.433363853778359566e-07
2.388905928974709738e-07
2.345260256795785866e-07
2.302411997283702065e-07
2.260346581608101602e-07
2.219049707112294232e-07
2.178507332450832334e-07
2.138705672814731916e-07
2.099631195244901004e-07
2.061270614030787462e-07
2.023610886193177707e-07
1.986639207049199951e-07
1.950343005859040461e-07
1.914709941551524138e-07
1.879727898528155757e-07
1.845384982543665759e-07
1.811669516661966056e-07
1.778570037285756146e-07
1.746075290259026741e-07
1.714174227040378256e-07
1.682856000946450863e-07
1.652109963463923717e-07
1.621925660629220700e-07
1.592292829473667724e-07
1.563201394534314679e-07
1.534641464427979913e-07
1.506603328488240915e-07
1.479077453463670500e-07
1.452054480276486835e-07
1.425525220840298300e-07
1.399480654936229301e-07
1.373911927145803911e-07
1.348810343840114322e-07
1.324167370223970990e-07
1.299974627433842562e-07
1.276223889689076550e-07
1.252907081495072771e-07
1.230016274897510905e-07
1.207543686786754697e-07
1.185481676251595033e-07
1.163822741981153724e-07
1.142559519714515871e-07
1.121684779736740464e-07
1.101191424420633921e-07
1.081072485813647057e-07
1.061321123268594228e-07
1.041930621117754060e-07
1.022894386389524854e-07
1.004205946566808933e-07
9.858589473861952557e-08
9.678471506775439168e-08
9.501644322428814461e-08
9.328047797740559365e-08
9.157622908087241199e-08
8.990311707232459178e-08
8.826057307625387461e-08
8.664803861058027378e-08
8.506496539677365144e-08
8.351081517342178014e-08
8.198505951321962339e-08
8.048717964330605069e-08
7.901666626886896161e-08
7.757301939997798914e-08
7.615574818159450307e-08
7.476437072666432358e-08
7.339841395227489422e-08
7.205741341880807945e-08
7.074091317201874644e-08
6.944846558801362725e-08
6.817963122104323055e-08
6.693397865409929833e-08
6.571108435222315196e-08
6.451053251849360051e-08
6.333191495266299162e-08
6.217483091235838267e-08
6.103888697682559733e-08
5.992369691316469735e-08
5.882888154500504144e-08
5.775406862358556052e-08
5.669889270117714507e-08
5.566299500683625264e-08
5.464602332441781011e-08
5.364763187281295404e-08
5.266748118838472876e-08
5.170523800954794252e-08
5.076057516344956611e-08
4.983317145473966832e-08
4.892271155634605416e-08
4.802888590227346406e-08
4.715139058233872638e-08
4.628992723884352430e-08
4.544420296513103674e-08
4.461393020598694062e-08
4.379882665987596656e-08
4.299861518295297541e-08
4.221302369483121783e-08
4.144178508607363099e-08
4.068463712736968442e-08
3.994132238037894862e-08
3.921158811019760507e-08
3.849518619942568989e-08
3.779187306380328721e-08
3.710140956939443052e-08
3.642356095127285952e-08
3.575809673370275047e-08
