1.072677909612433250e-05
1.072677909372955013e-05
1.072677909127893135e-05
1.072677908877117342e-05
1.072677908620494480e-05
1.072677908357887839e-05
1.072677908089157658e-05
1.072677907814161466e-05
1.072677907532753912e-05
1.072677907244784902e-05
1.072677906950101632e-05
1.072677906648546383e-05
1.072677906339960422e-05
1.072677906024179085e-05
1.072677905701036355e-05
1.072677905370356725e-05
1.072677905031967571e-05
1.072677904685689152e-05
1.072677904331335629e-05
1.072677903968719977e-05
1.072677903597650259e-05
1.072677903217928268e-05
1.072677902829351565e-05
1.072677902431714320e-05
1.072677902024805960e-05
1.072677901608410153e-05
1.072677901182304808e-05
1.072677900746265291e-05
1.072677900300057483e-05
1.072677899843447093e-05
1.072677899376188991e-05
1.072677898898036520e-05
1.072677898408734555e-05
1.072677897908023903e-05
1.072677897395639274e-05
1.072677896871306229e-05
1.072677896334748634e-05
1.072677895785679347e-05
1.072677895223807156e-05
1.072677894648835771e-05
1.072677894060457378e-05
1.072677893458358746e-05
1.072677892842223084e-05
1.072677892211719710e-05
1.072677891566515740e-05
1.072677890906267788e-05
1.072677890230625351e-05
1.072677889539227931e-05
1.072677888831710459e-05
1.072677888107696511e-05
1.072677887366799502e-05
1.072677886608628782e-05
1.072677885832779467e-05
1.072677885038839900e-05
1.072677884226388259e-05
1.072677883394992895e-05
1.072677882544211488e-05
1.072677881673593586e-05
1.072677880782676200e-05
1.072677879870984654e-05
1.072677878938036816e-05
1.072677877983333784e-05
1.072677877006370726e-05
1.072677876006629597e-05
1.072677874983575750e-05
1.072677873936670132e-05
1.072677872865352008e-05
1.072677871769056238e-05
1.072677870647196336e-05
1.072677869499178871e-05
1.072677868324394148e-05
1.072677867122217904e-05
1.072677865892009782e-05
1.072677864633117060e-05
1.072677863344871426e-05
1.072677862026588141e-05
1.072677860677567555e-05
1.072677859297091554e-05
1.072677857884427792e-05
1.072677856438824444e-05
1.072677854959513927e-05
1.072677853445712060e-05
1.072677851896612636e-05
1.072677850311393524e-05
1.072677848689212436e-05
1.072677847029207092e-05
1.072677845330495221e-05
1.072677843592176599e-05
1.072677841813323723e-05
1.072677839992996387e-05
1.072677838130223213e-05
1.072677836224016731e-05
1.072677834273362534e-05
1.072677832277225886e-05
1.072677830234545964e-05
1.072677828144236532e-05
1.072677826005189333e-05
1.072677823816265784e-05
1.072677821576302232e-05
1.072677819284111645e-05
1.072677816938473957e-05
1.072677814538142165e-05
1.072677812081843858e-05
1.072677809568271723e-05
1.072677806996091008e-05
1.072677804363935277e-05
1.072677801670406249e-05
1.072677798914071762e-05
1.072677796093467972e-05
1.072677793207097325e-05
1.072677790253425336e-05
1.072677787230882624e-05
1.072677784137864398e-05
1.072677780972726060e-05
1.072677777733786758e-05
1.072677774419323965e-05
1.072677771027578903e-05
1.072677767556749594e-05
1.072677764004988996e-05
1.072677760370413988e-05
1.072677756651090792e-05
1.072677752845045313e-05
1.072677748950253821e-05
1.072677744964647014e-05
1.072677740886108665e-05
1.072677736712469522e-05
1.072677732441513916e-05
1.072677728070974003e-05
1.072677723598523998e-05
1.072677719021789668e-05
1.072677714338340876e-05
1.072677709545686498e-05
1.072677704641281707e-05
1.072677699622520015e-05
1.072677694486735470e-05
1.072677689231199101e-05
1.072677683853119764e-05
1.072677678349637708e-05
1.072677672717829822e-05
1.072677666954703877e-05
1.072677661057199374e-05
1.072677655022179918e-05
1.072677648846441354e-05
1.072677642526702107e-05
1.072677636059603522e-05
1.072677629441708678e-05
1.072677622669504759e-05
1.072677615739388658e-05
1.072677608647682387e-05
1.072677601390616820e-05
1.072677593964333551e-05
1.072677586364890998e-05
1.072677578588247628e-05
1.072677570630274155e-05
1.072677562486740666e-05
1.072677554153320009e-05
1.072677545625585758e-05
1.072677536899006458e-05
1.072677527968944940e-05
1.072677518830656297e-05
1.072677509479284657e-05
1.072677499909861326e-05
1.072677490117302750e-05
1.072677480096404759e-05
1.072677469841842396e-05
1.072677459348167545e-05
1.072677448609804865e-05
1.072677437621046879e-05
1.072677426376055498e-05
1.072677414868857105e-05
1.072677403093334430e-05
1.072677391043233320e-05
1.072677378712149527e-05
1.072677366093528542e-05
1.072677353180668978e-05
1.072677339966708176e-05
1.072677326444624570e-05
1.072677312607230916e-05
1.072677298447177002e-05
1.072677283956937617e-05
1.072677269128812216e-05
1.072677253954922544e-05
1.072677238427203493e-05
1.072677222537407165e-05
1.072677206277086100e-05
1.072677189637602594e-05
1.072677172610113963e-05
1.072677155185570336e-05
1.072677137354713645e-05
1.072677119108068300e-05
1.072677100435937978e-05
1.072677081328400024e-05
1.072677061775299363e-05
1.072677041766246795e-05
1.072677021290608161e-05
1.072677000337503323e-05
1.072676978895797016e-05
1.072676956954092581e-05
1.072676934500730780e-05
1.072676911523778611e-05
1.072676888011027789e-05
1.072676863949979327e-05
1.072676839327847601e-05
1.072676814131546968e-05
1.072676788347685330e-05
1.072676761962561759e-05
1.072676734962151930e-05
1.072676707332105750e-05
1.072676679057740581e-05
1.072676650124027855e-05
1.072676620515589013e-05
1.072676590216690077e-05
1.072676559211223024e-05
1.072676527482712552e-05
1.072676495014293391e-05
1.072676461788707243e-05
1.072676427788297028e-05
1.072676392994987912e-05
1.072676357390288486e-05
1.072676320955271970e-05
1.072676283670572818e-05
1.072676245516371814e-05
1.072676206472390313e-05
1.072676166517871094e-05
1.072676125631578871e-05
1.072676083791777086e-05
1.072676040976226380e-05
1.072675997162166978e-05
1.072675952326305812e-05
1.072675906444808731e-05
1.072675859493287453e-05
1.072675811446778733e-05
1.072675762279742324e-05
1.072675711966037773e-05
1.072675660478917982e-05
1.072675607791008540e-05
1.072675553874300101e-05
1.072675498700124495e-05
1.072675442239148803e-05
1.072675384461353499e-05
1.072675325336018222e-05
1.072675264831704667e-05
1.072675202916246081e-05
1.072675139556716428e-05
1.072675074719427855e-05
1.072675008369903747e-05
1.072674940472861626e-05
1.072674870992196203e-05
1.072674799890961088e-05
1.072674727131344390e-05
1.072674652674651951e-05
1.072674576481288537e-05
1.072674498510731755e-05
1.072674418721514258e-05
1.072674337071199866e-05
1.072674253516361539e-05
1.072674168012560708e-05
1.072674080514316957e-05
1.072673990975089383e-05
1.072673899347250339e-05
1.072673805582061718e-05
1.072673709629641921e-05
1.072673611438951452e-05
1.072673510957753112e-05
1.072673408132590143e-05
1.072673302908759464e-05
1.072673195230278125e-05
1.072673085039855360e-05
1.072672972278862766e-05
1.072672856887303137e-05
1.072672738803775223e-05
1.072672617965442732e-05
1.072672494308003836e-05
1.072672367765651529e-05
1.072672238271044149e-05
1.072672105755260660e-05
1.072671970147775235e-05
1.072671831376409654e-05
1.072671689367299257e-05
1.072671544044854824e-05
1.072671395331717174e-05
1.072671243148720914e-05
1.072671087414847343e-05
1.072670928047185149e-05
1.072670764960885347e-05
1.072670598069110120e-05
1.072670427282998088e-05
1.072670252511600443e-05
1.072670073661849780e-05
1.072669890638497922e-05
1.072669703344066452e-05
1.072669511678799285e-05
1.072669315540607097e-05
1.072669114825009051e-05
1.072668909425080283e-05
1.072668699231396501e-05
1.072668484131967077e-05
1.072668264012183707e-05
1.072668038754755369e-05
1.072667808239641740e-05
1.072667572343999493e-05
1.072667330942098786e-05
1.072667083905272095e-05
1.072666831101837815e-05
1.072666572397029107e-05
1.072666307652922071e-05
1.072666036728361548e-05
1.072665759478885730e-05
1.072665475756647555e-05
1.072665185410335939e-05
1.072664888285091914e-05
1.072664584222424942e-05
1.072664273060134821e-05
1.072663954632213088e-05
1.072663628768757471e-05
1.072663295295888368e-05
1.072662954035638057e-05
1.072662604805871757e-05
1.072662247420175978e-05
1.072661881687768749e-05
1.072661507413382716e-05
1.072661124397172991e-05
1.072660732434603649e-05
1.072660331316332699e-05
1.072659920828102310e-05
1.072659500750625139e-05
1.072659070859458631e-05
1.072658630924891686e-05
1.072658180711809471e-05
1.072657719979576703e-05
1.072657248481895683e-05
1.072656765966681274e-05
1.072656272175919448e-05
1.072655766845525321e-05
1.072655249705204073e-05
1.072654720478297126e-05
1.072654178881637130e-05
1.072653624625387706e-05
1.072653057412890981e-05
1.072652476940501228e-05
1.072651882897418173e-05
1.072651274965518263e-05
1.072650652819182383e-05
1.072650016125112724e-05
1.072649364542154569e-05
1.072648697721103001e-05
1.072648015304520956e-05
1.072647316926527642e-05
1.072646602212612523e-05
1.072645870779417465e-05
1.072645122234533957e-05
1.072644356176279495e-05
1.072643572193478027e-05
1.072642769865237526e-05
1.072641948760708416e-05
1.072641108438850467e-05
1.072640248448189359e-05
1.072639368326561383e-05
1.072638467600860015e-05
1.072637545786772144e-05
1.072636602388510751e-05
1.072635636898531661e-05
1.072634648797259444e-05
1.072633637552791628e-05
1.072632602620601226e-05
1.072631543443237219e-05
1.072630459450005908e-05
1.072629350056655137e-05
1.072628214665040562e-05
1.072627052662800730e-05
1.072625863422998447e-05
1.072624646303777215e-05
1.072623400647994476e-05
1.072622125782850434e-05
1.072620821019510962e-05
1.072619485652712203e-05
1.072618118960362972e-05
1.072616720203135137e-05
1.072615288624038741e-05
1.072613823447995945e-05
1.072612323881396680e-05
1.072610789111639888e-05
1.072609218306674600e-05
1.072607610614522214e-05
1.072605965162781993e-05
1.072604281058133180e-05
1.072602557385816783e-05
1.072600793209112620e-05
1.072598987568789589e-05
1.072597139482556456e-05
1.072595247944486380e-05
1.072593311924435508e-05
1.072591330367437349e-05
1.072589302193092740e-05
1.072587226294933044e-05
1.072585101539771495e-05
1.072582926767038957e-05
1.072580700788098667e-05
1.072578422385543882e-05
1.072576090312477730e-05
1.072573703291778491e-05
1.072571260015331681e-05
1.072568759143259588e-05
1.072566199303114726e-05
1.072563579089059233e-05
1.072560897061026478e-05
1.072558151743844547e-05
1.072555341626358210e-05
1.072552465160506508e-05
1.072549520760383553e-05
1.072546506801281727e-05
1.072543421618693876e-05
1.072540263507299071e-05
1.072537030719913471e-05
1.072533721466423576e-05
1.072530333912668646e-05
1.072526866179320926e-05
1.072523316340709965e-05
1.072519682423624908e-05
1.072515962406084947e-05
1.072512154216073004e-05
1.072508255730230623e-05
1.072504264772517628e-05
1.072500179112842634e-05
1.072495996465636313e-05
1.072491714488409566e-05
1.072487330780239374e-05
1.072482842880240236e-05
1.072478248265976157e-05
1.072473544351825872e-05
1.072468728487314700e-05
1.072463797955373721e-05
1.072458749970581504e-05
1.072453581677318765e-05
1.072448290147897267e-05
1.072442872380618085e-05
1.072437325297779549e-05
1.072431645743623367e-05
1.072425830482216016e-05
1.072419876195280514e-05
1.072413779479945176e-05
1.072407536846436121e-05
1.072401144715706941e-05
1.072394599416969767e-05
1.072387897185192286e-05
1.072381034158474820e-05
1.072374006375382002e-05
1.072366809772177046e-05
1.072359440179965716e-05
1.072351893321769327e-05
1.072344164809491681e-05
1.072336250140802162e-05
1.072328144695907013e-05
1.072319843734243703e-05
1.072311342391048246e-05
1.072302635673823238e-05
1.072293718458698670e-05
1.072284585486668894e-05
1.072275231359717960e-05
1.072265650536811113e-05
1.072255837329769749e-05
1.072245785898999819e-05
1.072235490249102005e-05
1.072224944224311625e-05
1.072214141503816074e-05
1.072203075596906908e-05
1.072191739837971005e-05
1.072180127381330097e-05
1.072168231195893455e-05
1.072156044059637434e-05
1.072143558553921543e-05
1.072130767057581748e-05
1.072117661740851143e-05
1.072104234559069718e-05
1.072090477246176263e-05
1.072076381307994619e-05
1.072061938015270723e-05
1.072047138396493840e-05
1.072031973230466387e-05
1.072016433038608976e-05
1.072000508077019485e-05
1.071984188328238876e-05
1.071967463492753595e-05
1.071950322980181853e-05
1.071932755900171411e-05
1.071914751052973289e-05
1.071896296919679203e-05
1.071877381652130692e-05
1.071857993062460803e-05
1.071838118612269515e-05
1.071817745401429356e-05
1.071796860156471734e-05
1.071775449218579053e-05
1.071753498531138926e-05
1.071730993626856229e-05
1.071707919614405720e-05
1.071684261164608976e-05
1.071660002496088191e-05
1.071635127360446999e-05
1.071609619026871414e-05
1.071583460266201545e-05
1.071556633334408014e-05
1.071529119955478845e-05
1.071500901303672088e-05
1.071471957985123684e-05
1.071442270018781265e-05
1.071411816816643211e-05
1.071380577163259776e-05
1.071348529194489332e-05
1.071315650375468566e-05
1.071281917477765125e-05
1.071247306555686947e-05
1.071211792921715937e-05
1.071175351121026164e-05
1.071137954905056097e-05
1.071099577204099633e-05
1.071060190098874929e-05
1.071019764791030208e-05
1.070978271572549602e-05
1.070935679794024997e-05
1.070891957831726101e-05
1.070847073053450443e-05
1.070800991783087589e-05
1.070753679263859087e-05
1.070705099620183869e-05
1.070655215818104525e-05
1.070603989624237547e-05
1.070551381563182481e-05
1.070497350873329848e-05
1.070441855461011076e-05
1.070384851852936419e-05
1.070326295146838851e-05
1.070266138960276352e-05
1.070204335377513109e-05
1.070140834894402239e-05
1.070075586361228685e-05
1.070008536923385904e-05
1.069939631959868743e-05
1.069868815019435272e-05
1.069796027754422005e-05
1.069721209852076972e-05
1.069644298963346775e-05
1.069565230629015996e-05
1.069483938203125933e-05
1.069400352773535441e-05
1.069314403079578153e-05
1.069226015426674611e-05
1.069135113597808347e-05
1.069041618761762733e-05
1.068945449378008165e-05
1.068846521098115557e-05
1.068744746663602812e-05
1.068640035800070611e-05
1.068532295107528760e-05
1.068421427946783148e-05
1.068307334321750685e-05
1.068189910757579394e-05
1.068069050174445750e-05
1.067944641756902393e-05
1.067816570818611877e-05
1.067684718662374814e-05
1.067548962435270807e-05
1.067409174978804095e-05
1.067265224673885000e-05
1.067116975280528435e-05
1.066964285772105990e-05
1.066807010164023519e-05
1.066644997336654162e-05
1.066478090852413439e-05
1.066306128766807552e-05
1.066128943433315447e-05
1.065946361301972168e-05
1.065758202711499696e-05
1.065564281674841077e-05
1.065364405657999278e-05
1.065158375351984407e-05
1.064945984437808320e-05
1.064727019344356181e-05
1.064501258999038265e-05
1.064268474571105601e-05
1.064028429207524934e-05
1.063780877761341533e-05
1.063525566512392945e-05
1.063262232880359134e-05
1.062990605130067012e-05
1.062710402068968900e-05
1.062421332736821668e-05
1.062123096087518633e-05
1.061815380663053363e-05
1.061497864259704836e-05
1.061170213586423300e-05
1.060832083915513878e-05
1.060483118725723992e-05
1.060122949337843016e-05
1.059751194542942558e-05
1.059367460223507608e-05
1.058971338967612519e-05
1.058562409676448967e-05
1.058140237165470676e-05
1.057704371759514715e-05
1.057254348882321882e-05
1.056789688640792260e-05
1.056309895404635128e-05
1.055814457381764555e-05
1.055302846190235375e-05
1.054774516427253176e-05
1.054228905236069749e-05
1.053665431871570382e-05
1.053083497265375470e-05
1.052482483591532836e-05
1.051861753833704061e-05
1.051220651355111620e-05
1.050558499472369673e-05
1.049874601034554772e-05
1.049168238008954906e-05
1.048438671074929912e-05
1.047685139227621520e-05
1.046906859393107826e-05
1.046103026056989346e-05
1.045272810908254685e-05
1.044415362500521064e-05
1.043529805932944130e-05
1.042615242552963268e-05
1.041670749683479906e-05
1.040695380376971650e-05
1.039688163199232398e-05
1.038648102045647852e-05
1.037574175992895967e-05
1.036465339189213667e-05
1.035320520786404494e-05
1.034138624916985825e-05
1.032918530719894124e-05
1.031659092418286779e-05
1.030359139453247607e-05
1.029017476677048945e-05
1.027632884609907491e-05
1.026204119764225808e-05
1.024729915040283935e-05
1.023208980197501581e-05
1.021640002405464062e-05
1.020021646878764852e-05
1.018352557599928385e-05
1.016631358134511045e-05
1.014856652542590270e-05
1.013027026390582851e-05
1.011141047867500858e-05
1.009197269009459911e-05
1.007194227036171472e-05
1.005130445802971612e-05
1.003004437371734927e-05
1.000814703703826408e-05
9.985597384777741828e-06
9.962380290343334616e-06
9.938480584508914005e-06
9.913883077470839764e-06
9.888572582228052961e-06
9.862533939293867486e-06
9.835752042742500838e-06
9.808211867586102246e-06
9.779898498472711733e-06
9.750797159688926049e-06
9.720893246442543193e-06
9.690172357395774856e-06
9.658620328406905515e-06
9.626223267435452929e-06
9.592967590552876038e-06
9.558840058993415601e-06
9.523827817170909846e-06
9.487918431577235887e-06
9.451099930468642561e-06
9.413360844236316473e-06
9.374690246347748302e-06
9.335077794737221387e-06
9.294513773511147537e-06
9.252989134828299903e-06
9.210495540803337558e-06
9.167025405275133458e-06
9.122571935271144629e-06
9.077129171996009026e-06
9.030692031159392322e-06
8.983256342459471598e-06
8.934818888027168900e-06
8.885377439635566607e-06
8.834930794477325515e-06
8.783478809306677121e-06
8.731022432746571432e-06
8.677563735561775112e-06
8.623105938698358988e-06
8.567653438897283194e-06
8.511211831693889565e-06
8.453787931621771956e-06
8.395389789447328508e-06
8.336026706274716921e-06
8.275709244367621925e-06
8.214449234551227179e-06
8.152259780070770522e-06
8.089155256798591018e-06
8.025151309699536694e-06
7.960264845483053676e-06
7.894514021387841467e-06
7.827918230067812085e-06
7.760498080566801717e-06
7.692275375392180657e-06
7.623273083719444596e-06
7.553515310780729356e-06
7.483027263514750899e-06
7.411835212574113172e-06
7.339966450811241656e-06
7.267449248382398108e-06
7.194312804630294321e-06
7.120587196924893688e-06
7.046303326661350812e-06
6.971492862627364083e-06
6.896188181971055027e-06
6.820422309012972616e-06
6.744228852154993264e-06
6.667641939154127916e-06
6.590696151031642156e-06
6.513426454898810172e-06
6.435868135980778393e-06
6.358056729125132393e-06
6.280027950079160280e-06
6.201817626820012438e-06
6.123461631216128241e-06
6.044995811293247767e-06
5.966455924370564377e-06
5.887877571323300666e-06
5.809296132216119991e-06
5.730746703540655775e-06
5.652264037275802356e-06
5.573882481974193332e-06
5.495635926064081047e-06
5.417557743537001252e-06
5.339680742175748019e-06
5.262037114459345472e-06
5.184658391262387976e-06
5.107575398449483045e-06
5.030818216445767374e-06
4.954416142848133089e-06
4.878397658121718988e-06
4.802790394411522998e-06
4.727621107479845723e-06
4.652915651766127831e-06
4.578698958548697485e-06
4.504995017175024208e-06
4.431826859312139041e-06
4.359216546157349292e-06
4.287185158537134041e-06
4.215752789811839674e-06
4.144938541494423142e-06
4.074760521482692502e-06
4.005235844797979789e-06
3.936380636715845939e-06
3.868210038170555873e-06
3.800738213309531576e-06
3.733978359071878486e-06
3.667942716662165055e-06
3.602642584789618859e-06
3.538088334542120023e-06
3.474289425764740304e-06
3.411254424813739587e-06
3.348991023557897594e-06
3.287506059502332816e-06
3.226805536911710617e-06
3.166894648813694343e-06
3.107777799766748368e-06
3.049458629280852349e-06
2.991940035783754250e-06
2.935224201029870498e-06
2.879312614854358007e-06
2.824206100179146300e-06
2.769904838183347396e-06
2.716408393555182878e-06
2.663715739748299432e-06
2.611825284169869018e-06
2.560734893233645723e-06
2.510441917215777029e-06
2.460943214856435302e-06
2.412235177655052487e-06
2.364313753811851204e-06
2.317174471772814500e-06
2.270812463339716464e-06
2.225222486311145200e-06
2.180398946624520043e-06
2.136335919972900928e-06
2.093027172874221865e-06
2.050466183173880552e-06
2.008646159965163941e-06
1.967560062914779262e-06
1.927200620983908467e-06
1.887560350537774119e-06
1.848631572839123925e-06
1.810406430923672373e-06
1.772876905857135059e-06
1.736034832376053955e-06
1.699871913915884965e-06
1.664379737031726655e-06
1.629549785218453918e-06
1.595373452138261876e-06
1.561842054264900344e-06
1.528946842954850258e-06
1.496679015956592430e-06
1.465029728369963454e-06
1.433990103068207058e-06
1.403551240595951566e-06
1.373704228556773136e-06
1.344440150504428821e-06
1.315750094352141861e-06
1.287625160314487202e-06
1.260056468396698849e-06
1.233035165446183571e-06
1.206552431781129699e-06
1.180599487411074528e-06
1.155167597864198128e-06
1.130248079636024989e-06
1.105832305274030663e-06
1.081911708112503637e-06
1.058477786671774421e-06
1.035522108735666770e-06
1.013036315120808495e-06
9.910121231510871228e-07
9.694413298502917816e-07
9.483158148656398986e-07
9.276275431345506376e-07
9.073685673067091425e-07
8.875310299331061930e-07
8.681071654334056318e-07
8.490893018526159471e-07
8.304698624177108834e-07
8.122413669044565447e-07
7.943964328244109675e-07
7.769277764416206268e-07
7.598282136282827426e-07
7.430906605682139779e-07
7.267081343167062885e-07
7.106737532249389221e-07
6.949807372368628311e-07
6.796224080660797867e-07
6.645921892599932661e-07
6.498836061581375023e-07
6.354902857513546562e-07
6.214059564481475549e-07
6.076244477542800557e-07
5.941396898714204372e-07
5.809457132203487762e-07
5.680366478940054335e-07
5.554067230453900002e-07
5.430502662150978174e-07
5.309617026030423186e-07
5.191355542886869808e-07
5.075664394038859933e-07
4.962490712622550903e-07
4.851782574487469756e-07
4.743488988729728369e-07
4.637559887895630554e-07
4.533946117887449138e-07
4.432599427600957236e-07
4.333472458323013614e-07
4.236518732915766693e-07
4.141692644812630367e-07
4.048949446849714129e-07
3.958245239955082964e-07
3.869536961716901582e-07
3.782782374850215281e-07
3.697940055581084215e-07
3.614969381965473361e-07
3.533830522159404739e-07
3.454484422655696834e-07
3.376892796501772825e-07
3.301018111511960985e-07
3.226823578487000688e-07
3.154273139452374773e-07
3.083331455926621063e-07
3.013963897229654533e-07
2.946136528840727205e-07
2.879816100814793076e-07
2.814970036265413842e-07
2.751566419921796940e-07
2.689573986766931710e-07
2.628962110763203402e-07
2.569700793671447100e-07
2.511760653968770455e-07
2.455112915870166534e-07
2.399729398458337252e-07
2.345582504925869633e-07
2.292645211933430438e-07
2.240891059087280473e-07
2.190294138539134336e-07
2.140829084710944292e-07
2.092471064146983395e-07
2.045195765495259436e-07
1.998979389620009090e-07
1.953798639846813591e-07
1.909630712341563888e-07
1.866453286624358940e-07
1.824244516219128858e-07
1.782983019439624540e-07
1.742647870312237791e-07
1.703218589635867942e-07
1.664675136179002770e-07
1.626997898013908382e-07
1.590167683987790146e-07
1.554165715330566804e-07
1.518973617398822598e-07
1.484573411555416494e-07
1.450947507184011570e-07
1.418078693837855160e-07
1.385950133521883309e-07
1.354545353107264911e-07
1.323848236877351373e-07
1.293843019203959753e-07
1.264514277352858880e-07
1.235846924417218047e-07
1.207826202377811287e-07
1.180437675288637181e-07
1.153667222586615488e-07
1.127501032523980341e-07
1.101925595721941828e-07
1.076927698844152304e-07
1.052494418388520813e-07
1.028613114595842750e-07
1.005271425473733466e-07
9.824572609343207886e-08
9.601587970441291659e-08
9.383644703845893625e-08
9.170629725215945132e-08
8.962432445825111741e-08
8.758944719390394487e-08
8.560060789943477666e-08
8.365677240728689824e-08
8.175692944111486954e-08
7.990009012481818254e-08
7.808528750136136532e-08
7.631157606122264065e-08
7.457803128031450388e-08
7.288374916721701797e-08
7.122784581956842127e-08
6.960945698945690306e-08
6.802773765766033966e-08
6.648186161657952667e-08
6.497102106171340770e-08
6.349442619152661279e-08
6.205130481555813784e-08
6.064090197062579277e-08
5.926247954497820110e-08
5.791531591025079859e-08
5.659870556108268237e-08
5.531195876225271059e-08
5.405440120319507875e-08
5.282537365975686899e-08
5.162423166306111384e-08
5.045034517534102064e-08
4.930309827261223329e-08
4.818188883405366780e-08
4.708612823796619391e-08
4.601524106418366962e-08
4.496866480280976335e-08
4.394584956915824026e-08
4.294625782477411792e-08
4.196936410441692815e-08
4.101465474888752674e-08
4.008162764358318852e-08
3.916979196266596329e-08
3.827866791873305994e-08
3.740778651787794686e-08
3.655668932003433720e-08
3.572492820449536024e-08
3.491206514050409756e-08
3.411767196281144479e-08
3.334133015210003201e-08
3.258263062017525215e-08
3.184117349982474467e-08
3.111656793925052694e-08
3.040843190097970651e-08
2.971639196516038221e-08
2.904008313715255151e-08
2.837914865932395417e-08
2.773323982696359775e-08
2.710201580822692512e-08
2.648514346802770545e-08
2.588229719579445679e-08
2.529315873700949282e-08
2.471741702845117776e-08
2.415476803706117460e-08
2.360491460235956365e-08
2.306756628233321301e-08
2.254243920272300115e-08
2.202925590963792678e-08
2.152774522542506450e-08
2.103764210772567791e-08
2.055868751164961170e-08
2.009062825500094124e-08
1.963321688648934390e-08
1.918621155686329388e-08
1.874937589290189737e-08
1.832247887420378928e-08
1.790529471271301510e-08
1.749760273492222840e-08
1.709918726669576791e-08
1.670983752065543267e-08
