7.722992116905378346e-01
7.722966261223151996e-01
7.722939802834909440e-01
7.722912727695171453e-01
7.722885021431297181e-01
7.722856669335901314e-01
7.722827656359086967e-01
7.722797967100422101e-01
7.722767585800832668e-01
7.722736496334257073e-01
7.722704682199071913e-01
7.722672126509412260e-01
7.722638811986184404e-01
7.722604720947948698e-01
7.722569835301581476e-01
7.722534136532644977e-01
7.722497605695639589e-01
7.722460223404004065e-01
7.722421969819772691e-01
7.722382824643162502e-01
7.722342767101831873e-01
7.722301775939832691e-01
7.722259829406463716e-01
7.722216905244699836e-01
7.722172980679451459e-01
7.722128032405550790e-01
7.722082036575393937e-01
7.722034968786364306e-01
7.721986804067929588e-01
7.721937516868471185e-01
7.721887081041766132e-01
7.721835469833179255e-01
7.721782655865565559e-01
7.721728611124751840e-01
7.721673306944837334e-01
7.721616713992978109e-01
7.721558802253966070e-01
7.721499541014353873e-01
7.721438898846270105e-01
7.721376843590843642e-01
7.721313342341239450e-01
7.721248361425292472e-01
7.721181866387798465e-01
7.721113821972277469e-01
7.721044192102471948e-01
7.720972939863305351e-01
7.720900027481386596e-01
7.720825416305220346e-01
7.720749066784750037e-01
7.720670938450594489e-01
7.720590989892730516e-01
7.720509178738687028e-01
7.720425461631266195e-01
7.720339794205726136e-01
7.720252131066469570e-01
7.720162425763127390e-01
7.720070630766228126e-01
7.719976697442088032e-01
7.719880576027401409e-01
7.719782215603008257e-01
7.719681564067195634e-01
7.719578568108306227e-01
7.719473173176824021e-01
7.719365323456696126e-01
7.719254961836068407e-01
7.719142029877362754e-01
7.719026467786607171e-01
7.718908214382135258e-01
7.718787207062508537e-01
7.718663381773750443e-01
7.718536672975798707e-01
7.718407013608220568e-01
7.718274335055113067e-01
7.718138567109219528e-01
7.717999637935254453e-01
7.717857474032320253e-01
7.717712000195555699e-01
7.717563139476837364e-01
7.717410813144636172e-01
7.717254940642900296e-01
7.717095439549104263e-01
7.716932225531241141e-01
7.716765212303885457e-01
7.716594311583275800e-01
7.716419433041329379e-01
7.716240484258665155e-01
7.716057370676538962e-01
7.715869995547637306e-01
7.715678259885889734e-01
7.715482062415065512e-01
7.715281299516141278e-01
7.715075865173628422e-01
7.714865650920550433e-01
7.714650545782308910e-01
7.714430436219195109e-01
7.714205206067593634e-01
7.713974736480003758e-01
7.713738905863516404e-01
7.713497589817058797e-01
7.713250661067183600e-01
7.712997989402432530e-01
7.712739441606191182e-01
7.712474881388098336e-01
7.712204169313884305e-01
7.711927162733662744e-01
7.711643715708635938e-01
7.711353678936140321e-01
7.711056899673048859e-01
7.710753221657444811e-01
7.710442485028637938e-01
7.710124526245278886e-01
7.709799178001780495e-01
7.709466269142837280e-01
7.709125624576074198e-01
7.708777065182768062e-01
7.708420407726574997e-01
7.708055464760339426e-01
7.707682044530760335e-01
7.707299950881008055e-01
7.706908983151279369e-01
7.706508936077030025e-01
7.706099599685133361e-01
7.705680759187728546e-01
7.705252194873730698e-01
7.704813681998057273e-01
7.704364990668367552e-01
7.703905885729449565e-01
7.703436126645075710e-01
7.702955467377263776e-01
7.702463656263093261e-01
7.701960435888659529e-01
7.701445542960544399e-01
7.700918708174461225e-01
7.700379656081076662e-01
7.699828104948999163e-01
7.699263766624935279e-01
7.698686346390748447e-01
7.698095542817684489e-01
7.697491047617389670e-01
7.696872545489801265e-01
7.696239713968073826e-01
7.695592223259931641e-01
7.694929736086042471e-01
7.694251907514830791e-01
7.693558384793963700e-01
7.692848807178417347e-01
7.692122805754858517e-01
7.691380003262653364e-01
7.690620013910974828e-01
7.689842443192472787e-01
7.689046887692910781e-01
7.688232934897171189e-01
7.687400162991248065e-01
7.686548140660350859e-01
7.685676426882931400e-01
7.684784570720656349e-01
7.683872111104282920e-01
7.682938576615214732e-01
7.681983485262945388e-01
7.681006344258007879e-01
7.680006649780692918e-01
7.678983886745158749e-01
7.677937528559172220e-01
7.676867036879174711e-01
7.675771861360780601e-01
7.674651439404528430e-01
7.673505195896938025e-01
7.672332542946718181e-01
7.671132879616119338e-01
7.669905591647416809e-01
7.668650051184329186e-01
7.667365616488488467e-01
7.666051631650798726e-01
7.664707426297736603e-01
7.663332315292334940e-01
7.661925598430129325e-01
7.660486560129682321e-01
7.659014469117961799e-01
7.657508578110227004e-01
7.655968123484694354e-01
7.654392324951665438e-01
7.652780385217315962e-01
7.651131489642002403e-01
7.649444805893044208e-01
7.647719483592110290e-01
7.645954653956963387e-01
7.644149429437850918e-01
7.642302903348213716e-01
7.640414149490043494e-01
7.638482221773503777e-01
7.636506153831367216e-01
7.634484958627699713e-01
7.632417628061236581e-01
7.630303132563331925e-01
7.628140420690496804e-01
7.625928418711659384e-01
7.623666030190153764e-01
7.621352135560495178e-01
7.618985591700004889e-01
7.616565231495537880e-01
7.614089863405067993e-01
7.611558271014617905e-01
7.608969212590391828e-01
7.606321420626386276e-01
7.603613601387471110e-01
7.600844434448321696e-01
7.598012572228139971e-01
7.595116639521544144e-01
7.592155233025665861e-01
7.589126920863797920e-01
7.586030242105785693e-01
7.582863706285384309e-01
7.579625792914895799e-01
7.576314950997391495e-01
7.572929598536713991e-01
7.569468122045799330e-01
7.565928876053501506e-01
7.562310182610291198e-01
7.558610330793468224e-01
7.554827576211923246e-01
7.550960140511296936e-01
7.547006210879791954e-01
7.542963939555169528e-01
7.538831443333514626e-01
7.534606803080371451e-01
7.530288063244771068e-01
7.525873231376826178e-01
7.521360277649589143e-01
7.516747134385783902e-01
7.512031695590363212e-01
7.507211816489355316e-01
7.502285313076134665e-01
7.497249961665782836e-01
7.492103498458538846e-01
7.486843619113142667e-01
7.481467978331357571e-01
7.475974189454336338e-01
7.470359824072220212e-01
7.464622411647939826e-01
7.458759439156462667e-01
7.452768350740733849e-01
7.446646547385546988e-01
7.440391386610744062e-01
7.434000182185163119e-01
7.427470203862637232e-01
7.420798677141842159e-01
7.413982783051259462e-01
7.407019657961141368e-01
7.399906393423986151e-01
7.392640036045414753e-01
7.385217587387258309e-01
7.377636003904635142e-01
7.369892196919098915e-01
7.361983032629840773e-01
7.353905332165017183e-01
7.345655871675326187e-01
7.337231382472155783e-01
7.328628551212441611e-01
7.319844020132774132e-01
7.310874387334992397e-01
7.301716207125900082e-01
7.292365990413567367e-01
7.282820205162876537e-01
7.273075276912968068e-01
7.263127589359421599e-01
7.252973485003817444e-01
7.242609265873676261e-01
7.232031194315668987e-01
7.221235493864992527e-01
7.210218350194077530e-01
7.198975912143563693e-01
7.187504292838673425e-01
7.175799570894234591e-01
7.163857791711392142e-01
7.151674968869344839e-01
7.139247085615226807e-01
7.126570096455430159e-01
7.113639928851658301e-01
7.100452485024865146e-01
7.087003643870399827e-01
7.073289262987537684e-01
7.059305180826688231e-01
7.045047218957197765e-01
7.030511184459214968e-01
7.015692872442288452e-01
7.000588068694013621e-01
6.985192552461352289e-01
6.969502099367503867e-01
6.953512484467122556e-01
6.937219485442152056e-01
6.920618885940932330e-01
6.903706479062635681e-01
6.886478070989137112e-01
6.868929484766111981e-01
6.851056564235052937e-01
6.832855178117478445e-01
6.814321224252501974e-01
6.795450633988587841e-01
6.776239376729931152e-01
6.756683464637803782e-01
6.736778957486420083e-01
6.716521967673114712e-01
6.695908665381581359e-01
6.674935283896956673e-01
6.653598125070867564e-01
6.631893564934140395e-01
6.609818059454304340e-01
6.587368150434714797e-01
6.564540471551130185e-01
6.541331754521620967e-01
6.517738835404438547e-01
6.493758661018386169e-01
6.469388295479243656e-01
6.444624926845333723e-01
6.419465873864549366e-01
6.393908592814407932e-01
6.367950684426282315e-01
6.341589900883664033e-01
6.314824152884264130e-01
6.287651516754462211e-01
6.260070241604117625e-01
6.232078756509000783e-01
6.203675677707218838e-01
6.174859815795397111e-01
6.145630182909539441e-01
6.115985999874853363e-01
6.085926703307956709e-01
6.055451952654341552e-01
6.024561637143255322e-01
5.993255882641383980e-01
5.961535058386411290e-01
5.929399783580517891e-01
5.896850933823908347e-01
5.863889647367415137e-01
5.830517331163240780e-01
5.796735666692330868e-01
5.762546615546602080e-01
5.727952424744076065e-01
5.692955631754776924e-01
5.657559069215202241e-01
5.621765869309226504e-01
5.585579467793350128e-01
5.549003607644422686e-01
5.512042342308394183e-01
5.474700038528871326e-01
5.436981378734849768e-01
5.398891362967707108e-01
5.360435310328128811e-01
5.321618859924577283e-01
5.282447971305764822e-01
5.242928924360887866e-01
5.203068318672173787e-01
5.162873072306104483e-01
5.122350420030457041e-01
5.081507910946416740e-01
5.040353405526170061e-01
4.998895072048266108e-01
4.957141382424849474e-01
4.915101107416683379e-01
4.872783311233785941e-01
4.830197345521598518e-01
4.787352842734733938e-01
4.744259708902217598e-01
4.700928115790623529e-01
4.657368492473508148e-01
4.613591516317772090e-01
4.569608103399803722e-01
4.525429398366567213e-01
4.481066763758718707e-01
4.436531768815370480e-01
4.391836177781850981e-01
4.346991937744105750e-01
4.302011166015246024e-01
4.256906137101708065e-01
4.211689269278227066e-01
4.166373110802569224e-01
4.120970325802417178e-01
4.075493679868508190e-01
4.029956025389070939e-01
3.984370286662022309e-01
3.938749444822333690e-01
3.893106522622629129e-01
3.847454569106074085e-01
3.801806644210755093e-01
3.756175803345266351e-01
3.710575081975364675e-01
3.665017480261344440e-01
3.619515947785764132e-01
3.574083368410552741e-01
3.528732545302132317e-01
3.483476186162285382e-01
3.438326888701622730e-01
3.393297126391556784e-01
3.348399234529216284e-01
3.303645396648557386e-01
3.259047631309349713e-01
3.214617779294086652e-01
3.170367491241070645e-01
3.126308215740222218e-01
3.082451187916007695e-01
3.038807418520047543e-01
2.995387683553789038e-01
2.952202514439555836e-01
2.909262188755983303e-01
2.866576721551802320e-01
2.824155857249678880e-01
2.782009062149454204e-01
2.740145517538179476e-01
2.698574113411968955e-01
2.657303442812515293e-01
2.616341796779242390e-01
2.575697159915770751e-01
2.535377206567494546e-01
2.495389297605140055e-01
2.455740477807431543e-01
2.416437473834027183e-01
2.377486692778502109e-01
2.338894221289354314e-01
2.300665825245822027e-01
2.262806949973640847e-01
2.225322720984974079e-01
2.188217945225339467e-01
2.151497112809539480e-01
2.115164399227588699e-01
2.079223668000930725e-01
2.043678473768492654e-01
2.008532065781578890e-01
1.973787391786225864e-01
1.939447102271137369e-01
1.905513555059212827e-01
1.871988820220437666e-01
1.838874685283895527e-01
1.806172660726632073e-01
1.773883985717273903e-01
1.742009634092470394e-01
1.710550320544471092e-01
1.679506506998507398e-01
1.648878409159051095e-01
1.618666003204450310e-01
1.588869032609980803e-01
1.559487015079858707e-01
1.530519249569425033e-01
1.501964823379255409e-01
1.473822619303734593e-01
1.446091322817159575e-01
1.418769429281337147e-01
1.391855251159203888e-01
1.365346925219857177e-01
1.339242419721077826e-01
1.313539541556212054e-01
1.288235943353000235e-01
1.263329130512769460e-01
1.238816468179073788e-01
1.214695188125687331e-01
1.190962395554542169e-01
1.167615075794942447e-01
1.144650100896092981e-01
1.122064236105690394e-01
1.099854146227927237e-01
1.078016401855053791e-01
1.056547485467067699e-01
1.035443797394948046e-01
1.014701661643213071e-01
9.943173315683251356e-02
9.742869954098760943e-02
9.546067816720724131e-02
9.352727643535056756e-02
9.162809680236561061e-02
8.976273727450173601e-02
8.793079188401436985e-02
8.613185115033221428e-02
8.436550252569159636e-02
8.263133082527918116e-02
8.092891864195377039e-02
7.925784674564936849e-02
7.761769446758721991e-02
7.600804006945287294e-02
7.442846109771222851e-02
7.287853472326694115e-02
7.135783806666651241e-02
6.986594850910955723e-02
6.840244398948674975e-02
6.696690328772851586e-02
6.555890629473250242e-02
6.417803426916005027e-02
6.282387008139642126e-02
6.149599844497721790e-02
6.019400613579588277e-02
5.891748219940306369e-02
5.766601814672171061e-02
5.643920813849929302e-02
5.523664915882217641e-02
5.405794117802034671e-02
5.290268730528677188e-02
5.177049393134033894e-02
5.066097086145472661e-02
4.957373143917829378e-02
4.850839266106468650e-02
4.746457528273137494e-02
4.644190391656051464e-02
4.544000712135148196e-02
4.445851748423023525e-02
4.349707169511522753e-02
4.255531061403629994e-02
4.163287933159452725e-02
4.072942722284750294e-02
3.984460799489751570e-02
3.897807972845394875e-02
3.812950491363580052e-02
3.729855048027137104e-02
3.648488782294894567e-02
3.568819282106262120e-02
3.490814585409237475e-02
3.414443181235023855e-02
3.339674010341745630e-02
3.266476465449161259e-02
3.194820391085422678e-02
3.124676083066518090e-02
3.056014287628066109e-02
2.988806200228767695e-02
2.923023464043925101e-02
2.858638168166951349e-02
2.795622845536094650e-02
2.733950470602979077e-02
2.673594456758964649e-02
2.614528653534748184e-02
2.556727343587953186e-02
2.500165239492988661e-02
2.444817480346818395e-02
2.390659628203775297e-02
2.337667664351949365e-02
2.285817985443233669e-02
2.235087399488590310e-02
2.185453121729495282e-02
2.136892770396218305e-02
2.089384362362942810e-02
2.042906308709445742e-02
1.997437410198417071e-02
1.952956852677310493e-02
1.909444202412980893e-02
1.866879401367071631e-02
1.825242762419776107e-02
1.784514964549074878e-02
1.744677047972339329e-02
1.705710409256737392e-02
1.667596796404607895e-02
1.630318303919619030e-02
1.593857367859179142e-02
1.558196760878371306e-02
1.523319587270248639e-02
1.489209278007196970e-02
1.455849585787693384e-02
1.423224580092571565e-02
1.391318642254712502e-02
1.360116460545717637e-02
1.329603025283042882e-02
1.299763623960719511e-02
1.270583836406715024e-02
1.242049529969636683e-02
1.214146854737433584e-02
1.186862238790489452e-02
1.160182383491332667e-02
1.134094258813061508e-02
1.108585098708367647e-02
1.083642396520967215e-02
1.059253900440997563e-02
1.035407609005938555e-02
1.012091766648350911e-02
9.892948592916801093e-03
9.670056099952643175e-03
9.452129746495009990e-03
9.239061377221004234e-03
9.030745080562041158e-03
8.827077147210695904e-03
8.627956029159196752e-03
8.433282299274936708e-03
8.242958611417165044e-03
8.056889661098694255e-03
7.874982146695358107e-03
7.697144731205557422e-03
7.523288004561375954e-03
7.353324446492170118e-03
7.187168389941165150e-03
7.024735985034852130e-03
6.865945163604343648e-03
6.710715604257833783e-03
6.558968698002330504e-03
6.410627514412875483e-03
6.265616768346560748e-03
6.123862787199013322e-03
5.985293478699764760e-03
5.849838299243558318e-03
5.717428222753477216e-03
5.587995710072316165e-03
5.461474678877579168e-03
5.337800474115994044e-03
5.216909838952621392e-03
5.098740886229886395e-03
4.983233070431291115e-03
4.870327160144788739e-03
4.759965211020377937e-03
4.652090539216400047e-03
4.546647695328987111e-03
4.443582438798950908e-03
4.342841712790244425e-03
4.244373619534148878e-03
4.148127396133247449e-03
4.054053390819022280e-03
3.962103039657204409e-03
3.872228843694536671e-03
3.784384346540943089e-03
3.698524112380833281e-03
3.614603704407359785e-03
3.532579663673418840e-03
3.452409488353136609e-03
3.374051613407668716e-03
3.297465390649012562e-03
3.222611069195730534e-03
3.149449776314293577e-03
3.077943498639965341e-03
3.008055063771017043e-03
2.939748122230188918e-03
2.872987129787374447e-03
2.807737330137417657e-03
2.743964737927043034e-03
2.681636122125025199e-03
2.620718989729645641e-03
2.561181569807597855e-03
2.502992797858560360e-03
2.446122300499667043e-03
2.390540380464261684e-03
2.336218001909170019e-03
2.283126776025128177e-03
2.231238946944648534e-03
2.180527377942094534e-03
2.130965537920398618e-03
2.082527488179281537e-03
2.035187869459606676e-03
1.988921889258812685e-03
1.943705309412183373e-03
1.899514433935097424e-03
1.856326097121093442e-03
1.814117651891057267e-03
1.772866958388518831e-03
1.732552372816464599e-03
1.693152736510874492e-03
1.654647365246429214e-03
1.617016038769814165e-03
1.580238990556163004e-03
1.544296897784243989e-03
1.509170871526044474e-03
1.474842447146493306e-03
1.441293574909164286e-03
1.408506610783754644e-03
1.376464307451399395e-03
1.345149805503727432e-03
1.314546624831816049e-03
1.284638656201154234e-03
1.255410153008842998e-03
1.226845723219311757e-03
1.198930321474913274e-03
1.171649241377770287e-03
1.144988107939396132e-03
1.118932870194611680e-03
1.093469793976330337e-03
1.068585454847937677e-03
1.044266731189924004e-03
1.020500797437621067e-03
9.972751174668313418e-04
9.745774381242859998e-04
9.523957828999055812e-04
9.307184457378437454e-04
9.095339849834347887e-04
8.888312174631508682e-04
8.685992126947678950e-04
8.488272872249810188e-04
8.295049990917670053e-04
8.106221424088408964e-04
7.921687420696019426e-04
7.741350485680435897e-04
7.565115329340908138e-04
7.392888817809596105e-04
7.224579924620998326e-04
7.060099683354027029e-04
6.899361141323403406e-04
6.742279314298026517e-04
6.588771142223983452e-04
6.438755445930656549e-04
6.292152884798679494e-04
6.148885915368762977e-04
6.008878750871289890e-04
5.872057321656454264e-04
5.738349236505528063e-04
5.607683744804053527e-04
5.479991699558201109e-04
5.355205521235956992e-04
5.233259162415082773e-04
5.114088073220291950e-04
4.997629167532350149e-04
4.883820789952265798e-04
4.772602683503962334e-04
4.663915958059291979e-04
4.557703059469522160e-04
4.453907739387796979e-04
4.352475025767355878e-04
4.253351194020694960e-04
4.156483738825037487e-04
4.061821346559967971e-04
3.969313868363221962e-04
3.878912293790964089e-04
3.790568725069349849e-04
3.704236351924070146e-04
3.619869426975335465e-04
3.537423241685586301e-04
3.456854102847843721e-04
3.378119309602566197e-04
3.301177130971445902e-04
3.225986783896550017e-04
3.152508411773645176e-04
3.080703063468708544e-04
3.010532672806891371e-04
2.941960038523400373e-04
2.874948804666058286e-04
2.809463441439435569e-04
2.745469226480748816e-04
2.682932226557893283e-04
2.621819279680193235e-04
2.562097977612606153e-04
2.503736648784513096e-04
2.446704341584105577e-04
2.390970808029880981e-04
2.336506487810752100e-04
2.283282492686553857e-04
2.231270591240862625e-04
2.180443193978258973e-04
2.130773338758299167e-04
2.082234676558669141e-04
2.034801457560140529e-04
1.988448517546102519e-04
1.943151264609609781e-04
1.898885666161077206e-04
1.855628236229835181e-04
1.813356023052962388e-04
1.772046596944951093e-04
1.731678038441882385e-04
1.692228926713946081e-04
1.653678328240274918e-04
1.616005785740169275e-04
1.579191307355001881e-04
1.543215356075086371e-04
1.508058839406058009e-04
1.473703099269329879e-04
1.440129902131378613e-04
1.407321429356701294e-04
1.375260267779383847e-04
1.343929400488375970e-04
1.313312197821645748e-04
1.283392408564496586e-04
1.254154151347447812e-04
1.225581906239180867e-04
1.197660506530139469e-04
1.170375130702484753e-04
1.143711294582192163e-04
1.117654843669191572e-04
1.092191945641511662e-04
1.067309083029508137e-04
1.042993046056322337e-04
1.019230925640840762e-04
9.960101065594359981e-05
9.733182607629460201e-05
9.511433408453434017e-05
9.294735736606987199e-05
9.082974540850521873e-05
8.876037389199325036e-05
8.673814409343176177e-05
8.476198230418966026e-05
8.283083926105770905e-05
8.094368959012316397e-05
7.909953126327831988e-05
7.729738506707351203e-05
7.553629408363803294e-05
7.381532318339313029e-05
7.213355852929149688e-05
7.049010709232200072e-05
6.888409617802358006e-05
6.731467296375896411e-05
6.578100404650518199e-05
6.428227500092205068e-05
6.281768994746376328e-05
6.138647113031057067e-05
5.998785850489155957e-05
5.862110933478634174e-05
5.728549779779058262e-05
5.598031460093695865e-05
5.470486660427019323e-05
5.345847645317573636e-05
5.224048221906936419e-05
5.105023704825737362e-05
4.988710881878153280e-05
4.875047980506835610e-05
4.763974635020544316e-05
4.655431854567109129e-05
4.549361991834833694e-05
4.445708712465816010e-05
4.344416965165067801e-05
4.245432952489454408e-05
4.148704102301281100e-05
4.054179039871163350e-05
3.961807560615613445e-05
3.871540603454871388e-05
3.783330224776892904e-05
3.697129572993638439e-05
3.612892863676442004e-05
3.530575355256968987e-05
3.450133325281215323e-05
3.371524047203802564e-05
3.294705767710329539e-05
3.219637684555832721e-05
3.146279924907527311e-05
3.074593524180488976e-05
3.004540405354923281e-05
2.936083358764228913e-05
2.869186022343055354e-05
2.803812862324885010e-05
2.739929154379017745e-05
2.677500965176844591e-05
2.616495134377768000e-05
2.556879257025117220e-05
2.498621666342810881e-05
2.441691416923630017e-05
2.386058268300177184e-05
2.331692668889859580e-05
2.278565740305340455e-05
2.226649262022192103e-05
2.175915656395577594e-05
2.126337974018076041e-05
2.077889879410844466e-05
2.030545637040558367e-05
1.984280097654707247e-05
1.939068684928027701e-05
1.894887382412948495e-05
1.851712720787175809e-05
1.809521765391643752e-05
1.768292104052197878e-05
1.728001835178611509e-05
1.688629556134559103e-05
1.650154351872430380e-05
1.612555783826933358e-05
1.575813879061607528e-05
1.539909119662484637e-05
1.504822432373280591e-05
1.470535178466613579e-05
1.437029143845872673e-05
1.404286529372516782e-05
1.372289941413624031e-05
1.341022382604722524e-05
1.310467242822981233e-05
1.280608290365967816e-05
1.251429663331319609e-05
1.222915861192720086e-05
1.195051736567742007e-05
1.167822487173171488e-05
1.141213647963547826e-05
1.115211083448763056e-05
1.089800980186612080e-05
1.064969839446359444e-05
1.040704470039369456e-05
1.016991981313053583e-05
9.938197763043748006e-06
9.711755450493008636e-06
9.490472580446422020e-06
9.274231598588170074e-06
9.062917628881269250e-06
8.856418412552763438e-06
8.654624248468484587e-06
8.457427934865973046e-06
8.264724712414674832e-06
8.076412208573027641e-06
7.892390383213084240e-06
7.712561475483682680e-06
7.536829951883963907e-06
7.365102455519726836e-06
7.197287756515753017e-06
7.033296703557578568e-06
6.873042176537123695e-06
6.716439040277072874e-06
6.563404099309374829e-06
6.413856053683821819e-06
6.267715455783347916e-06
6.124904668123052710e-06
5.985347822110559126e-06
5.848970777745821413e-06
5.715701084238956766e-06
5.585467941525248302e-06
5.458202162656845787e-06
5.333836137051161404e-06
5.212303794576571144e-06
5.093540570456199257e-06
4.977483370971253520e-06
4.864070539945684871e-06
4.753241825994340521e-06
4.644938350517243824e-06
4.539102576423011968e-06
4.435678277564811332e-06
4.334610508872578161e-06
4.235845577165686220e-06
4.139331012630535310e-06
4.045015540947960590e-06
3.952849056055615918e-06
3.862782593530829996e-06
3.774768304579963096e-06
3.688759430620214625e-06
3.604710278440609803e-06
3.522576195928797140e-06
3.442313548350905075e-06
3.363879695171765816e-06
3.287232967403225691e-06
3.212332645468539112e-06
3.139138937571039377e-06
3.067612958555643305e-06
2.997716709251965678e-06
2.929413056288008347e-06
2.862665712363781017e-06
2.797439216974323844e-06
2.733698917571959385e-06
2.671410951157654827e-06
2.610542226291839594e-06
2.551060405515068309e-06
2.492933888169156706e-06
2.436131793609750520e-06
2.380623944801345001e-06
2.326380852286047550e-06
2.273373698517628400e-06
2.221574322552447873e-06
2.170955205089199004e-06
2.121489453849494108e-06
2.073150789291531385e-06
2.025913530649242821e-06
1.979752582289542356e-06
1.934643420380383051e-06
1.890562079862579953e-06
1.847485141718440943e-06
1.805389720530507202e-06
1.764253452323690372e-06
1.724054482684472279e-06
1.684771455150760273e-06
1.646383499866268420e-06
1.608870222493405100e-06
1.572211693378769968e-06
1.536388436965487116e-06
1.501381421446788050e-06
1.467172048655313967e-06
1.433742144182780731e-06
1.401073947724768886e-06
1.369150103645484744e-06
1.337953651757503096e-06
1.307468018311585733e-06
1.277677007191784127e-06
1.248564791311162285e-06
1.220115904203552460e-06
1.192315231806896381e-06
1.165148004433787317e-06
1.138599788924960683e-06
1.112656480981571904e-06
1.087304297672154497e-06
1.062529770110335344e-06
1.038319736299348317e-06
1.014661334139611282e-06
9.915419945956014115e-07
9.689494350184329386e-07
9.468716526205622428e-07
9.252969180991859674e-07
9.042137694049073007e-07
8.836110056523974833e-07
8.634776811697887126e-07
8.438030996836575406e-07
8.245768086364875070e-07
8.057885936336255332e-07
7.874284730167416298e-07
7.694866925609467302e-07
7.519537202927268588e-07
7.348202414259477615e-07
7.180771534132452240e-07
7.017155611101646856e-07
6.857267720494883003e-07
6.701022918232285660e-07
6.548338195698486459e-07
6.399132435643022190e-07
6.253326369085517674e-07
6.110842533202807456e-07
5.971605230175545722e-07
5.835540486972545208e-07
5.702576016051371775e-07
5.572641176954368209e-07
5.445666938779767879e-07
5.321585843507815102e-07
5.200331970162535385e-07
5.081840899790092019e-07
4.966049681235064649e-07
4.852896797696549788e-07
