5.783110048866374475e-01
5.783095250668350840e-01
5.783077425133026361e-01
5.783055952684460488e-01
5.783030086827199989e-01
5.782998928094544855e-01
5.782961392625437513e-01
5.782916174252539232e-01
5.782861698745698220e-01
5.782796068565909664e-01
5.782716996129416698e-01
5.782621723146287307e-01
5.782506923060862780e-01
5.782368582957950753e-01
5.782201860474246446e-01
5.782000910226235968e-01
5.781758672975008118e-01
5.781466619120604333e-01
5.781114436050993621e-01
5.780689646229293377e-01
5.780177139504777406e-01
5.779558598733369745e-01
5.778811792060298824e-01
5.777909697702464653e-01
5.776819417167993187e-01
5.775500819753276449e-01
5.773904843786794583e-01
5.771971357023920612e-01
5.769626448015678921e-01
5.766778979884753520e-01
5.763316185008580117e-01
5.759098010582658356e-01
5.753949837992223815e-01
5.747653091479013598e-01
5.739933124772094164e-01
5.730443635376146760e-01
5.718746724142614868e-01
5.704287632425675270e-01
5.686363224376684844e-01
5.664083563077756400e-01
5.636326652395257097e-01
5.601687861323551010e-01
5.558428064198878138e-01
5.504428463437794905e-01
5.437165558895297179e-01
5.353726372485793084e-01
5.250890299638287795e-01
5.125306637574130741e-01
4.973790969014735275e-01
4.793743671023250608e-01
4.583657232595859110e-01
4.343631092543309702e-01
4.075770288659478213e-01
3.784332833259106965e-01
3.475531150837735117e-01
3.156983075457857058e-01
2.836915098487734488e-01
2.523295970518817932e-01
2.223087728337826141e-01
1.941745216763074988e-01
1.683007509895750875e-01
1.448945908511985459e-01
1.240188317532974899e-01
1.056231401214364485e-01
8.957680177045496128e-02
7.569829682580458963e-02
6.377941400485127865e-02
5.360336477636273161e-02
4.495739379535433622e-02
3.764085099834465348e-02
3.146979359933817222e-02
2.627909292170718669e-02
2.192284738085598095e-02
1.827371612836201781e-02
1.522162056705363142e-02
1.267212496307212020e-02
1.054470350985918514e-02
8.771025351672094225e-03
7.293335670694636730e-03
6.062974560907170157e-03
5.039051452350820116e-03
4.187277683609299909e-03
3.478950719301257630e-03
2.890078486997912401e-03
2.400629954969162819e-03
1.993897409622773752e-03
1.655956252700055203e-03
1.375209078127444685e-03
1.142002016386413094e-03
9.483026659931053249e-04
7.874302545816500194e-04
6.538299212941189875e-04
5.428841539606962851e-04
4.507554349861193389e-04
3.742550472213039482e-04
3.107337708103758084e-04
2.579908733200728219e-04
2.141983693682314200e-04
1.778380138807595116e-04
1.476489060794823106e-04
