5.740814206632568473e-01
5.740788280903726948e-01
5.740757053018533673e-01
5.740719438553236742e-01
5.740674131264189572e-01
5.740619557701859277e-01
5.740553822532640238e-01
5.740474642663844218e-01
5.740379267875165281e-01
5.740264385187270335e-01
5.740126003627541440e-01
5.739959315363828418e-01
5.739758528343298360e-01
5.739516664566566284e-01
5.739225316907455854e-01
5.738874355911531833e-01
5.738451576215860550e-01
5.737942270057547756e-01
5.737328712696371236e-01
5.736589541358714239e-01
5.735699005388348315e-01
5.734626060498028144e-01
5.733333274156039439e-01
5.731775501958730201e-01
5.729898286028394239e-01
5.727635915648435772e-01
5.724909077050237549e-01
5.721622002945132568e-01
5.717659012431759447e-01
5.712880307638877886e-01
5.707116864273827916e-01
5.700164218768070112e-01
5.691774915179363958e-01
5.681649331937059788e-01
5.669424565834874086e-01
5.654661016661293171e-01
5.636826306169120393e-01
5.615276207364392480e-01
5.589232400427183167e-01
5.557757182618572322e-01
5.519725848774629240e-01
5.473798472697077866e-01
5.418394432811333150e-01
5.351675399380491083e-01
5.271545682789482434e-01
5.175682577742435342e-01
5.061612784793598774e-01
4.926852408385664628e-01
4.769124664113955081e-01
4.586658007684979443e-01
4.378545753394682549e-01
4.145118098700724119e-01
3.888247203782120853e-01
3.611490629364240146e-01
3.319993911099828887e-01
3.020125138422699029e-01
2.718889593631280688e-01
2.423240260792118295e-01
2.139429126021861194e-01
1.872522430364575718e-01
1.626144231628074144e-01
1.402445868709075727e-01
1.202250052196508767e-01
1.025298111436589166e-01
8.705334184604567038e-02
7.363720641481033558e-02
6.209328240923704667e-02
5.222158155999573337e-02
4.382307518034762178e-02
3.670817767240464741e-02
3.070180347102512489e-02
2.564589702698239632e-02
2.140020790971974146e-02
1.784192053640928227e-02
1.486459168667645693e-02
1.237671671443053151e-02
1.030014173713903608e-02
8.568462043109795895e-03
7.125491965656640010e-03
5.923853570246955316e-03
4.923706252368220855e-03
4.091623151270652216e-03
3.399610392157992236e-03
2.824259547325112720e-03
2.346020902999243398e-03
1.948584117969235675e-03
1.618352967077914262e-03
1.344001610460047579e-03
1.116100911372893247e-03
9.268045453717780506e-04
7.695858801653079721e-04
6.390177875362289088e-04
5.305886378478655860e-04
4.405487065212267475e-04
3.657820861935354791e-04
3.036999515654750640e-04
2.521516740276025497e-04
2.093508399168413385e-04
1.738137002584538003e-04
1.443079815016932196e-04
