2.794149199537910731e-06
2.810732722462716679e-06
2.830707630276172763e-06
2.854767471229393910e-06
2.883747625727593558e-06
2.918654311068261611e-06
2.960699517534470726e-06
3.011343088715931619e-06
3.072343406903580776e-06
3.145818443059474105e-06
3.234319290533349527e-06
3.340918734831488246e-06
3.469317933302916041e-06
3.623974906575505287e-06
3.810259299548166291e-06
4.034638779616088190e-06
4.304903534564710483e-06
4.630436649207934754e-06
5.022539722337500779e-06
5.494824985827553515e-06
6.063687466657782198e-06
6.748873460388770076e-06
7.574164840624216466e-06
8.568202599710159390e-06
9.765477589667493992e-06
1.120752178809161731e-05
1.294433959862536417e-05
1.503612568339012052e-05
1.755532343915690383e-05
2.058908600667973653e-05
2.424220864989893922e-05
2.864060550817909234e-05
3.393540146194888238e-05
4.030769453693695397e-05
4.797400413688256669e-05
5.719233489538859888e-05
6.826861982927712842e-05
8.156300050879792412e-05
9.749485922184528293e-05
1.165445864469619701e-04
1.392485231276308598e-04
1.661810731962786553e-04
1.979143688455086770e-04
2.349411307900587005e-04
2.775415921747899622e-04
3.255742079562121702e-04
3.781808349473133159e-04
4.334346271529288842e-04
4.880373070870310187e-04
5.372811511562746931e-04
5.755520512126662772e-04
5.975124734726404560e-04
5.996838344538712876e-04
5.816831799898973835e-04
5.463703329864903931e-04
4.988092548796638302e-04
4.446865200214674199e-04
3.889912060567549817e-04
3.353570046896239549e-04
2.860008751109256319e-04
2.419893626199177256e-04
2.035937802627592027e-04
1.706036381335311711e-04
1.425559852997657876e-04
1.188844459931374633e-04
9.900734046624007616e-05
8.237490890324553484e-05
6.849122016899339372e-05
5.692141384035814713e-05
4.729101054743329322e-05
3.928132400656158320e-05
3.262328066211249721e-05
2.709090168307998062e-05
2.249508566116277810e-05
1.867798062937106192e-05
1.550804264906325772e-05
1.287577851023095434e-05
1.069012220120924753e-05
8.875375422133866536e-06
7.368638152472418615e-06
6.117658579146139954e-06
5.079038368696129203e-06
4.216737077196647523e-06
3.500827278501176757e-06
2.906459204172220292e-06
2.413000105940735840e-06
2.003319125820601467e-06
1.663193228271117263e-06
1.380813789487809789e-06
1.146376840168523343e-06
9.517428086638229959e-07
7.901539934084027029e-07
6.559999799559039724e-07
5.446228722064290278e-07
4.521555837633923200e-07
3.753875797211621912e-07
3.116534102419662340e-07
2.587401674346155398e-07
2.148106533783904647e-07
1.783395922266848067e-07
