-2.483282489849612546e-04
-1.521418623695850771e-02
-3.017062148739931005e-02
-4.511086099652535791e-02
-6.002816132772111068e-02
-7.491582035546966167e-02
-8.976718944611174200e-02
-1.045756851865295434e-01
-1.193348009072320859e-01
-1.340381179151811375e-01
-1.486793163959494180e-01
-1.632521859469713010e-01
-1.777506357061034437e-01
-1.921687040419166603e-01
-2.065005677752585755e-01
-2.207405509042013048e-01
-2.348831328075662306e-01
-2.489229559053431629e-01
-2.628548327576261667e-01
-2.766737525862210112e-01
-2.903748872074978782e-01
-3.039535963669484087e-01
-3.174054324700452123e-01
-3.307261447065627524e-01
-3.439116825693043777e-01
-3.569581988201707135e-01
-3.698620516155373683e-01
-3.826198065142870086e-01
-3.952282374572837487e-01
-4.076843274018303598e-01
-4.199852683395606801e-01
-4.321284609804348364e-01
-4.441115133379111013e-01
-4.559322398172240276e-01
-4.675886588392655918e-01
-4.790789906276351484e-01
-4.904016543758709101e-01
-5.015552650536262425e-01
-5.125386298485525849e-01
-5.233507442701915702e-01
-5.339907879440147775e-01
-5.444581201216170951e-01
-5.547522749354125704e-01
-5.648729564227751299e-01
-5.748200333489532632e-01
-5.845935338516823343e-01
-5.941936399354741383e-01
-6.036206818389615592e-01
-6.128751322992714856e-01
-6.219576007377835003e-01
-6.308688273869706986e-01
-6.396096773824800907e-01
-6.481811348377489734e-01
-6.565842969221444836e-01
-6.648203679590843906e-01
-6.728906535618156548e-01
-6.807965548221861507e-01
-6.885395625662344976e-01
-6.961212516910948445e-01
-7.035432755937034432e-01
-7.108073607044091968e-01
-7.179153011333189172e-01
-7.248689534398782275e-01
-7.316702315329793871e-01
-7.383211017075209659e-01
-7.448235778255061224e-01
-7.511797166445203233e-01
-7.573916132990904382e-01
-7.634613969369685726e-01
-7.693912265147488938e-01
-7.751832867526164961e-01
-7.808397842509288145e-01
-7.863629436881686141e-01
-7.917550045273319403e-01
-7.970182172713485835e-01
-8.021548404227637485e-01
-8.071671373582676168e-01
-8.120573734015230638e-01
-8.168278130509190049e-01
-8.214807173583006383e-01
-8.260183414543822433e-01
-8.304429322202769859e-01
-8.347567260988602023e-01
-8.389619470442625238e-01
-8.430608046045173776e-01
-8.470554921339544796e-01
-8.509481851308179357e-01
-8.547410396958190493e-01
-8.584361911083830954e-01
-8.620357525147063216e-01
-8.655418137242133492e-01
-8.689564401113740733e-01
-8.722816716148064087e-01
-8.755195218338673868e-01
-8.786719772158214647e-01
-8.817409963294980946e-01
-8.847285092223370340e-01
-8.876364168564748747e-01
-8.904665906191816527e-01
-8.932208719049216095e-01
-8.959010717637199139e-01
-8.985089706146158761e-01
-9.010463180175793951e-01
-9.035148325027534399e-01
-9.059162014530726115e-01
-9.082520810360801278e-01
-9.105240961833209745e-01
-9.127338406128814308e-01
-9.148828768933934263e-01
-9.169727365460118573e-01
-9.190049201809805668e-01
-9.209808976689288773e-01
-9.229021083404486125e-01
-9.247699612152295856e-01
-9.265858352565458089e-01
-9.283510796496180495e-01
-9.300670141008074987e-01
-9.317349291583827409e-01
-9.333560865492587233e-01
-9.349317195334150288e-01
-9.364630332210522878e-01
-9.379512051316746257e-01
-9.393973853490436010e-01
-9.408026970672438427e-01
-9.421682369701397386e-01
-9.434950756500258828e-01
-9.447842580341795360e-01
-9.460368038152769943e-01
-9.472537078872967919e-01
-9.484359407841503886e-01
-9.495844491212124261e-01
-9.507001560378735006e-01
-9.517839616419414561e-01
-9.528367434533308034e-01
-9.538593568476110285e-01
-9.548526354987871834e-01
-9.558173918195226326e-01
-9.567544174001392232e-01
-9.576644834440083409e-01
-9.585483412007537174e-01
-9.594067223948494760e-01
-9.602403396511485223e-01
-9.610498869160064572e-01
-9.618360398729470795e-01
-9.625994563550043237e-01
-9.633407767505256514e-01
-9.640606244048839368e-01
-9.647596060152531239e-01
-9.654383120214635738e-01
-9.660973169894943036e-01
-9.667371799896229412e-01
-9.673584449684370368e-01
-9.679616411147899946e-01
-9.685472832195914927e-01
-9.691158720282920802e-01
-9.696678945886786360e-01
-9.702038245909392344e-01
-9.707241227015608320e-01
-9.712292368914280383e-01
-9.717196027565899730e-01
-9.721956438334562467e-01
-9.726577719068586481e-01
-9.731063873123442232e-01
-9.735418792317311887e-01
-9.739646259823278029e-01
-9.743749953005518272e-01
-9.747733446185581352e-01
-9.751600213351823143e-01
-9.755353630808299981e-01
-9.758996979757732504e-01
-9.762533448842105610e-01
-9.765966136597170610e-01
-9.769298053878509025e-01
-9.772532126212574166e-01
-9.775671196095713222e-01
-9.778718025241183165e-01
-9.781675296769609673e-01
-9.784545617348275881e-01
-9.787331519274150571e-01
-9.790035462859311144e-01
-9.792659836753816460e-01
-9.795206962937681450e-01
-9.797679095985891706e-01
-9.800078425776987956e-01
-9.802407079374008125e-01
-9.804667122701649085e-01
-9.806860562362975653e-01
-9.808989346537260179e-01
-9.811055368152122869e-01
-9.813060464910813296e-01
-9.815006421581293772e-01
-9.816894971337165599e-01
-9.818727797210587971e-01
-9.820506533501135449e-01
-9.822232767192619063e-01
-9.823908039161569627e-01
-9.825533845661135190e-01
-9.827111639456240777e-01
-9.828642831106823019e-01
-9.830128790157844909e-01
