1.000000000000000021e-02
2.021191919191919339e+01
4.041383838383838167e+01
6.061575757575757706e+01
8.081767676767677244e+01
1.010195959595959607e+02
1.212215151515151632e+02
1.414234343434343373e+02
1.616253535353535256e+02
1.818272727272727138e+02
2.020291919191919021e+02
2.222311111111110904e+02
2.424330303030303071e+02
2.626349494949494670e+02
2.828368686868686837e+02
3.030387878787878435e+02
3.232407070707070602e+02
3.434426262626262769e+02
3.636445454545454368e+02
3.838464646464646535e+02
4.040483838383838133e+02
4.242503030303030300e+02
4.444522222222221899e+02
4.646541414141414066e+02
4.848560606060606233e+02
5.050579797979797831e+02
5.252598989898989430e+02
5.454618181818182165e+02
5.656637373737373764e+02
5.858656565656565363e+02
6.060675757575756961e+02
6.262694949494949697e+02
6.464714141414141295e+02
6.666733333333332894e+02
6.868752525252525629e+02