1.000000000000000072e-18
1.000000000000000072e-18
1.000000000000000072e-18
1.000000000000000072e-18
1.000000000000000072e-18
1.000000000000000072e-18
1.000000000000000072e-18
1.000000000000000072e-18
1.000000000000000072e-18
1.000000000000000072e-18
1.000000000000000072e-18
1.000000000000000072e-18
1.000000000000000072e-18
1.000000000000000072e-18
1.000000000000000072e-18
1.000000000000000072e-18
1.000000000000000072e-18
1.000000000000000072e-18
1.000000000000000072e-18
1.000000000000000072e-18
1.000000000000000072e-18
1.000000000000000072e-18
1.000000000000000072e-18
1.000000000000000072e-18
1.000000000000000072e-18
1.000000000000000072e-18
1.000000000000000072e-18
1.000000000000000072e-18
3.085310289238662776e-09
1.586050780029507930e-08
3.750035063049819012e-02
1.115815909567703141e-12
9.179611529746586287e-14
1.980523440827026652e-07
3.628381428638067878e-05
2.743937260621324156e-18
1.000000000000000072e-18
1.000000000000000072e-18
1.000000000000000072e-18
1.000000000000000072e-18
1.000000000000000072e-18
1.000000000000000072e-18
1.000000000000000072e-18
1.000000000000000072e-18
1.000000000000000072e-18
1.000000000000000072e-18
1.000000000000000072e-18
3.343607481980839690e-17
3.344117853421712795e-05
6.926374777968240570e-08
1.568121525050665397e-07
2.821610569838975922e-03
2.076491003858516604e-16
1.000000000000000072e-18
1.000000000000000072e-18
1.000000000000000072e-18
1.000000000000000072e-18
1.000000000000000072e-18
1.000000000000000072e-18
1.000000000000000072e-18
1.000000000000000072e-18
1.000000000000000072e-18
1.000000000000000072e-18
1.000000000000000072e-18
2.180702393948917185e-17
3.548182311536767775e-01
2.250301743036471912e-05
6.318310457317530324e-13
1.887372510425005418e-12
4.870431750273982417e-03
1.733485393976132007e-10
6.528292105277670080e-11
1.000000000000000072e-18
1.000000000000000072e-18
1.000000000000000072e-18
1.000000000000000072e-18
1.000000000000000072e-18
1.000000000000000072e-18
1.000000000000000072e-18
1.000000000000000072e-18
1.000000000000000072e-18
1.000000000000000072e-18
1.000000000000000072e-18
1.000000000000000072e-18
1.000000000000000072e-18
1.000000000000000072e-18
1.000000000000000072e-18
1.000000000000000072e-18
1.000000000000000072e-18
1.000000000000000072e-18
1.000000000000000072e-18
1.000000000000000072e-18
1.000000000000000072e-18
1.000000000000000072e-18
1.000000000000000072e-18
1.000000000000000072e-18
1.000000000000000072e-18
1.000000000000000072e-18
1.000000000000000072e-18
1.000000000000000072e-18
2.958634259529364895e-06
1.309634922964650859e-02
1.114651913727088049e-06
7.171395263124847901e-09
1.787410743614830919e-07
7.355327092273092858e-03
7.077305437967089823e-06
1.896840532208017842e-05
2.628255959133426675e-02
6.199023801013492417e-04
3.708305670008806344e-08
1.041055331252726352e-03
3.087286689908958639e-06
1.380066350015295023e-07
9.405726431054634744e-05
7.793193992460304385e-04
7.466902399132483608e-05
5.254528730437824872e-04
7.426648222309870045e-06
7.176471404981522142e-06
6.269045809538935669e-04
8.637246520474198145e-04
1.870093278980135081e-04
2.407802567368499611e-02
3.020588458018153726e-04
3.646109363869438620e-04
4.466366508281430442e-04
2.422050002172726002e-04
2.885419575575909595e-04
1.104949303147946885e-03
3.378090615577696213e-06
1.044201994688200892e-05
6.973688937941891820e-05
2.641619763297306869e-03
2.323725250670820753e-04
3.010547334456633532e-03
4.503906585592302024e-06
1.264347547844975198e-03
2.339763368503618973e-07
6.504313470940903744e-03
8.568409787835655793e-04
9.133277412701284418e-05
1.388805261355231108e-02
9.391570457355851668e-04
1.539047876545394128e-05
1.429354484699406000e-02
1.043881933818180330e-06
7.052965388117859847e-07
7.955993412052388104e-06
1.840731370188449041e-06
4.441914943847902300e-06
1.159691138579666887e-04
2.572767238910368703e-04
6.077910922088913120e-02
1.116521157547936162e-03
3.623016735825477369e-02
2.378504728843771829e-02
2.494313911099018451e-03
1.077928929306403751e-02
3.243949866527815010e-05
2.132406651022980741e-07
1.745395868754485590e-06
2.086868324966349562e-05
1.280499337914305881e-07
1.399593729478917914e-02
1.013892483648223992e-02
1.314419838861385947e-04
4.431869719725407646e-05
3.125259190669650773e-04
5.853339826404461388e-06
8.297521540451446159e-03
7.800965690719727924e-04
2.811272322787985306e-02
4.136288823197908726e-06
1.319865957267827954e-02
4.912965247601550414e-04
1.192132552653174136e-03
1.366834395862069835e-03
1.262315666521856006e-01
3.661552732423533382e-04
2.010580630807703908e-03
2.292172495588427319e-04
1.706808573088146146e-03
1.826010214715702989e-04
1.873793502797553383e-04
1.392535127500417155e-04
1.324769674590660893e-04
1.956654009531570736e-04
2.019481681513935964e-02
2.266547905427297640e-04
3.185694544477698262e-04
2.179769368511323853e-04
2.950536021568583476e-05
1.597000081960485277e-04
1.406853294843429525e-01
3.498406268550449476e-05
1.564844304286087994e-03
4.169868094798670293e-04
1.600192786219859463e-03
9.853253355906232730e-05
2.515699804382445239e-04
4.024807246566146037e-05
3.392613188229308060e-03
3.362097826538896334e-04
2.501686368908006717e-04
2.945936427423384818e-05
1.670850638284597197e-04
3.515737924748211607e-04
2.673108509928912687e-13
3.589937261002671404e-13
3.378180669488082227e-13
2.625961112668442919e-13
1.543849323013755209e-07
3.886519411546104225e-03
2.260484193432939042e-03
2.392811250677517969e-07
3.917683913644143950e-02
8.113399108425144168e-03
6.052367908859003220e-01
9.461251780542384582e-02
2.468228786938922795e-02
3.135765738867711365e-03
8.960337156436782172e-07
3.451185106909865677e-04
4.813061286544855627e-02
3.224120964004532214e-02
4.114625107266060150e-02
5.207099207250524137e-02
1.511743347159926198e-01
1.428512599735629052e-04
2.477037644124702870e-03
1.023695046836106161e-02
1.483698774946639876e-01
2.683713271014239159e-03
2.543982361297384993e-03
1.317586011639547384e-04
3.421664882603223188e-03
1.974904454338968773e-03
1.539190812572759359e-01
2.182900172740193101e-02
8.729788887692066165e-03
2.316579479230001799e-04
1.423974549203236651e-03
2.033730981705824954e-04
3.169830803158771044e-03
1.176383754433047530e-03
5.385638485255312378e-04
2.543908913316121189e-03
6.982970166976754274e-04
1.425165361689090509e-04
6.530757877084422875e-05
3.553656494885043624e-03
5.805244816480944825e-05
2.356969396519930596e-03
3.469317519786129650e-02
6.713100800056640005e-02
9.652899183738291667e-04
9.107125974726253473e-03
2.341686965129196121e-02
3.446264853230457658e-05
9.517112726875808990e-03
2.003308051809053227e-04
3.212252397381029200e-05
5.215443080104919388e-03
3.533263686799875382e-05
7.498873495363855488e-03
2.249311065715237329e-04
3.887678199494554193e-05
8.228622225694924228e-03
8.984880337238992367e-04
1.607653941826159630e-02
7.566798584692658453e-03
1.294484160066638502e-02
5.303680210466666517e-03
8.847640021256960099e-04
8.924566051770797814e-03
1.047154108130468990e-06
1.160027674265065878e-05
6.323328978359272308e-04
3.898982701621692875e-04
2.095151832005673134e-15
1.238864445060064113e-14
2.420494960205190913e-15
2.371380790731601185e-15
1.039381965389227745e-02
1.292973854841310624e-02
2.652800399011314737e-03
1.030513895484692390e-02
7.181610923551642817e-06
3.328769281162636146e-05
2.604884413559478999e-05
3.037410367808295530e-05
4.391141737926703564e-03
1.168957559226201787e-03
1.273707202019033887e-03
1.178463302618816544e-04
3.755704348743587467e-02
9.649687600324760930e-03
1.462007846852847969e-04
9.191848216659130599e-03
1.319436701714079641e-03
1.761407718326947665e-04
1.454409568773823598e-04
1.540360895029607615e-04
9.391130557572564428e-04
1.528120594900164502e-03
5.814868249374135004e-04
9.324149409694036401e-04
3.112111407229902014e-03
4.849476571129123187e-04
1.744664964068633750e-01
1.219881210509986909e-04
1.694701486065992640e-03
6.683313578360750972e-04
5.918657596829091788e-02
2.352960013618783652e-02
2.157047897334056849e-05
2.273607750521234108e-03
7.083393605388405533e-03
5.527327904497703146e-04
1.066014240797659787e-02
2.305199948824350649e-03
1.417255806978380030e-03
6.036689271197516471e-02
1.752805921859235507e-03
2.001369088459946637e-03
2.012987912491711467e-03
6.755984394336707582e-05
8.693203934383579579e-02
1.378844473704855245e-01
5.305444973921961613e-03
4.994217433007226981e-01
7.088661197749432721e-03
6.743136129795422075e-03
8.098416192145739198e-03
1.017808236372501904e-03
7.298282618001646072e-03
1.160014360835086213e-03
4.829357743633591171e-04
6.163327589186379935e-03
3.144554270106834221e-02
5.087357586358918701e-03
1.861434884474230667e-01
8.200445437912252901e-04
4.516207852565422287e-02
2.687767460933560351e-02
1.009914903857250324e-03
8.219241867457479644e-01
2.586144060086365427e-03
1.753664576831685806e-02
5.879552285415680368e-02
7.840023604287523762e-01
7.943318792769827885e-01
1.923858054818176552e-02
2.911019743125216053e-01
8.411215862135511950e-03
5.054558886052831074e-02
4.030755597165192744e-02
1.906690026840988927e-01
1.592261287119920432e-01
8.634072342142570800e-03
1.211619946058354290e-02
3.845838549572771492e-01
1.320932595387542263e-01
2.054510702369494179e-02
5.916709510034339203e-01
8.301002087175924282e-05
2.973295230681088092e-13
2.364569560697307566e-05
1.306004820380797238e-01
1.484981486483569896e-02
9.080259426481274154e-01
8.042453456808638934e-02
5.027669384900193550e-03
1.639999563730772797e-02
1.823582685139668981e-03
1.934634597737756173e-03
3.283208175816211827e-01
5.491063111279320674e-02
7.365442795932251041e-01
2.225070317051845992e-01
3.970468514704155030e-05
3.568082110599009038e-01
3.760997133823384964e-02
1.981581321258818050e-04
7.597292644823203213e-15
7.879124234513334990e-02
3.152660606187727976e-02
1.462163741373334949e-02
3.504315089381085380e-02
3.647374998595432488e-02
1.374050974272227749e-02
6.386911829077596137e-01
4.216067869706126292e-02
6.911014064124035988e-03
1.756482739470318494e-03
1.848424315640874753e-03
6.782728613830644182e-01
2.105134633980902947e-01
1.000000000000000072e-18
