1.000000000000000072e-18
1.000000000000000072e-18
1.000000000000000072e-18
1.000000000000000072e-18
1.000000000000000072e-18
1.000000000000000072e-18
1.000000000000000072e-18
1.000000000000000072e-18
1.000000000000000072e-18
1.000000000000000072e-18
1.000000000000000072e-18
1.000000000000000072e-18
1.000000000000000072e-18
1.000000000000000072e-18
1.000000000000000072e-18
1.000000000000000072e-18
1.000000000000000072e-18
1.000000000000000072e-18
1.000000000000000072e-18
1.000000000000000072e-18
1.000000000000000072e-18
1.000000000000000072e-18
1.000000000000000072e-18
1.000000000000000072e-18
1.000000000000000072e-18
1.000000000000000072e-18
1.000000000000000072e-18
1.000000000000000072e-18
1.461485414822359090e-12
3.167107071380009313e-11
3.023581897313011232e-03
2.135137031319819951e-14
5.854745413569374683e-15
9.836313579167506143e-08
3.758937950590519624e-08
1.000000000000000072e-18
1.000000000000000072e-18
1.000000000000000072e-18
1.000000000000000072e-18
1.000000000000000072e-18
1.000000000000000072e-18
1.000000000000000072e-18
1.000000000000000072e-18
1.000000000000000072e-18
1.000000000000000072e-18
1.000000000000000072e-18
1.000000000000000072e-18
1.059530629089217084e-16
4.031328175485448558e-05
8.597752660980945348e-07
1.147564074984435398e-06
1.899418291740845397e-04
1.079044295597855191e-16
1.000000000000000072e-18
1.000000000000000072e-18
1.000000000000000072e-18
1.000000000000000072e-18
1.000000000000000072e-18
1.000000000000000072e-18
1.000000000000000072e-18
1.000000000000000072e-18
1.000000000000000072e-18
1.000000000000000072e-18
1.000000000000000072e-18
2.850491048481152168e-16
7.233341848394191365e-01
7.106912077883775715e-05
9.411596629909568638e-12
4.681658873169741547e-12
2.963296374517635900e-05
7.703966540403846031e-10
9.326858101855182560e-12
1.000000000000000072e-18
1.000000000000000072e-18
1.000000000000000072e-18
1.000000000000000072e-18
1.000000000000000072e-18
1.000000000000000072e-18
1.000000000000000072e-18
1.000000000000000072e-18
1.000000000000000072e-18
1.000000000000000072e-18
1.000000000000000072e-18
1.000000000000000072e-18
1.000000000000000072e-18
1.000000000000000072e-18
1.000000000000000072e-18
1.000000000000000072e-18
1.000000000000000072e-18
1.000000000000000072e-18
1.000000000000000072e-18
1.000000000000000072e-18
1.000000000000000072e-18
1.000000000000000072e-18
1.000000000000000072e-18
1.000000000000000072e-18
1.000000000000000072e-18
1.000000000000000072e-18
1.000000000000000072e-18
1.000000000000000072e-18
5.299211210678682417e-10
3.398369908365049012e-07
2.380788743868883761e-10
3.083314722774924963e-12
4.667020680554915777e-09
2.813008632010025999e-04
3.462528266081375097e-08
1.196216173939130514e-04
1.020357126943848724e-06
4.237981749667462479e-07
1.304081867993303477e-11
2.783416432121949556e-07
6.445773540580926030e-06
3.933190251263771315e-09
5.293754118051950054e-06
1.623834896037920725e-04
2.427043459664772640e-06
1.455781811292191480e-04
9.085443665820196841e-05
8.495347212232566146e-05
5.146465114142584719e-07
1.928535291680534275e-06
6.513460000893975659e-08
7.502147479834345341e-07
6.719495920128520945e-09
6.980545721618668601e-09
1.662981197673518162e-08
1.659348553263103373e-08
1.929290489172895396e-04
1.008210497704986380e-04
3.989608454419040175e-06
5.989862940084162736e-06
5.060227699889425908e-09
1.429865034600756288e-08
6.369713124455092376e-09
1.387388211525721520e-08
7.247012319327487219e-06
6.063204087750832631e-05
1.233150478241389449e-07
9.485675315615500801e-04
1.355095192771173398e-07
1.421871373181811457e-07
4.257617383446780088e-07
1.369789474913187792e-07
1.133030240780033302e-07
3.680993641894923118e-05
8.601052704664650788e-08
6.475464085153048463e-08
3.870716415589551441e-07
1.304583722805011962e-07
2.509046654272456800e-07
2.847586054914992707e-08
1.237704771862855067e-07
2.594838752354392325e-07
1.398867667360709814e-07
2.120905163610684478e-07
3.278554729006165806e-07
5.625188114795048869e-07
5.755910812859788486e-07
1.604743988405473807e-08
4.387117667262517527e-09
8.743048480975669631e-09
5.381560677556210421e-08
3.627306399590944762e-09
2.338721028776215690e-06
9.382958999941929881e-07
5.117667659551913127e-08
2.079351043595776313e-08
3.568899024878424089e-06
2.906613110291694401e-08
2.677423945619021925e-05
1.857526082281053274e-07
1.725179549176058603e-05
1.053894876796210956e-05
1.113663958956843932e-05
1.341420879211098363e-04
1.364364150185616781e-04
1.421618325567520515e-04
1.306398756144845722e-05
1.625074262774907038e-04
8.592896131389861285e-06
3.568710617871694417e-06
5.481205828413849814e-06
6.072144817093189830e-06
6.730454332778253148e-06
1.451955440575777215e-05
1.617392806422682315e-05
7.713502450914649176e-06
1.240906182504992436e-05
4.132849183898414661e-07
4.718078714563998853e-06
7.313809144185101999e-07
1.879172329077687151e-06
2.941213342518781475e-05
4.900378620224143250e-03
2.113210692209876319e-06
9.336626226227247718e-08
1.802300070254670701e-07
1.214132584641271105e-07
7.246018322774578891e-08
6.696931468217635550e-05
2.324849200168307484e-06
4.473653398277387810e-04
1.085911702387412940e-04
1.222236258309405779e-07
2.897471021396956845e-08
1.051883995213150765e-07
1.077911428311154655e-07
1.940259029349372506e-12
1.971132179781132159e-12
1.943298175272071907e-12
1.954486652269409764e-12
7.305231586412840389e-08
1.064739728969560373e-02
1.583658739357652950e-03
1.234467417563293178e-07
1.051641587087068404e-02
4.934037125348018915e-03
1.543342779146196497e-01
1.181580189831148986e-01
1.465304450327352404e-02
5.611791624319964304e-03
6.267362138926665691e-07
1.006600073844318537e-03
1.144333940286844098e-01
3.266430496046833776e-01
3.903903269992665126e-01
7.077929007122217564e-02
5.834392635519489097e-05
1.691522709513052685e-03
7.291309802773302635e-04
1.106643591805156999e-03
1.106446244307473098e-01
2.495153393446179765e-05
2.784758772336201095e-03
6.204331762148427128e-06
1.878029941352629337e-02
9.683064999075017068e-03
2.966739453704011487e-01
1.988796376219873485e-01
6.185036891237496309e-02
8.580522196300609814e-04
6.715424288619239838e-03
7.332168066197442729e-04
6.114933166369874984e-05
1.905939459214117627e-03
5.237062025467546268e-05
8.806542489958265902e-04
9.222812308097342077e-06
9.509735204577637500e-06
1.107763675391222257e-05
9.208111508687655025e-06
2.494676051400697967e-04
1.401533347241200962e-04
9.392468857687680250e-02
1.883211115624121301e-02
2.236518053213079615e-03
4.754012897585729869e-02
8.699665237799504135e-04
2.107068427444548533e-04
4.729847257494623411e-04
3.494727371056709755e-06
1.585725972489262005e-06
2.694513975164142887e-05
3.036271142431837146e-08
3.404434645404541245e-05
2.735058336969750707e-09
5.188171238973669561e-08
7.139807122442970444e-02
1.114793450567075177e-03
1.006686533129867861e-01
8.522739537164085444e-04
3.067769213321207972e-02
2.468739536816908289e-02
1.141884404102549728e-03
4.640277303604208037e-02
5.850972767142184294e-10
1.484387077173643684e-09
7.222714306743154009e-06
3.611242874053049811e-06
3.033397687416523655e-14
1.825547887894265485e-13
3.511432873576063134e-14
3.439227520842550117e-14
1.021630514817861452e-03
4.432077857037555746e-02
1.756257452499314820e-04
2.202453895505296268e-03
1.924574366384556918e-06
3.990322082514758349e-05
1.867776894045391703e-05
3.207925232672267636e-05
3.206121849144550717e-04
5.150936102984417437e-05
6.021910909759216693e-05
4.021389414878202996e-06
2.302206011586844375e-02
3.998572642051669707e-02
4.621096136599372540e-04
4.082139567661977747e-02
1.483662457887015588e-03
4.455115928933428169e-04
4.056399299772673510e-04
4.166122344846970825e-04
2.384644953920084538e-05
8.115181042268791126e-05
9.414170985126983811e-05
2.581811958908384694e-05
3.585045725984735681e-03
5.376553207845771037e-03
2.263011088735991314e-03
9.579065040134435161e-04
4.418716011656838956e-05
1.419891847221515717e-05
1.235223174191811503e-05
1.218265413735970633e-05
4.887344979939571880e-05
3.798626010287489436e-03
2.025813261911047544e-03
5.883904908206711573e-04
1.203550441830136071e-05
2.153274706271300135e-05
7.577311861595116202e-05
1.235560202104272047e-05
8.942266236440147122e-05
8.084193648601858192e-05
2.429416087705575140e-05
9.387109078047431711e-06
1.387115813778366236e-01
7.481532821104317291e-03
3.891880342979649144e-04
1.826859085242033172e-03
8.981527953881631452e-04
7.461374211085127677e-04
1.581902923354829981e-04
1.652597768432631227e-04
9.890107783491017702e-04
2.143171973219142959e-05
1.600185036774506639e-05
3.391450301297228333e-04
1.531300980820238187e-07
1.311463101741445094e-07
1.218444420373716697e-06
1.328567108851167941e-04
4.119780998841217172e-04
9.969999336334080773e-07
1.647949505884539104e-08
3.598959698744345578e-04
1.016585162864304001e-08
7.094947751591457413e-05
2.260350660066527026e-07
1.027485074154163650e-04
7.340048087018146150e-01
3.549401796703582739e-07
1.697945369775187867e-04
2.195552863313495297e-08
5.858931589094600089e-06
3.593958126921220071e-07
1.407223480386294262e-05
3.630889625556765667e-03
1.555086474950413916e-05
2.872095402309286435e-04
9.040483078132730818e-06
4.980045004353849530e-03
9.912393615527986745e-08
5.006379934863763344e-05
6.377080731067402683e-08
1.912988011378360431e-12
7.030931205569010628e-05
1.981843575441920649e-02
4.273982016312864859e-04
1.685407386762024784e-01
8.245232720346423738e-02
3.062241008202359497e-05
1.370480861658769367e-01
8.844539733579947008e-03
1.917698856543607216e-04
9.242315115388976475e-06
1.694691015102136114e-02
9.073334221917019222e-04
2.905610121640745964e-04
5.607629796577264371e-08
7.316491268619895738e-01
1.301667155703738199e-02
2.689240821702976743e-09
1.115850740005175790e-13
1.421312750202047824e-04
3.454670300078883312e-06
4.035297376405545811e-02
2.355468477199490138e-02
7.073388604465574714e-03
1.696829258949696009e-05
2.351063603589581986e-03
1.229240473887541392e-05
3.768993404577538568e-03
3.066559593812656306e-05
9.332358956865469363e-05
2.019756229423453914e-03
8.032633430867702762e-02
1.000000000000000072e-18
