1.000000000000000072e-18
1.000000000000000072e-18
1.000000000000000072e-18
1.000000000000000072e-18
1.000000000000000072e-18
1.000000000000000072e-18
1.000000000000000072e-18
1.000000000000000072e-18
1.000000000000000072e-18
1.000000000000000072e-18
1.000000000000000072e-18
1.000000000000000072e-18
1.000000000000000072e-18
1.000000000000000072e-18
1.000000000000000072e-18
1.000000000000000072e-18
1.000000000000000072e-18
1.000000000000000072e-18
1.000000000000000072e-18
1.000000000000000072e-18
1.000000000000000072e-18
1.000000000000000072e-18
1.000000000000000072e-18
1.000000000000000072e-18
1.000000000000000072e-18
1.000000000000000072e-18
1.000000000000000072e-18
1.000000000000000072e-18
1.439260644245863913e-09
7.702938984826978014e-09
3.540287990816584629e-02
9.955391564399505717e-13
9.210492354264378246e-14
2.146386742595745197e-07
2.407777064336706301e-05
2.811444266138425387e-18
1.000000000000000072e-18
1.000000000000000072e-18
1.000000000000000072e-18
1.000000000000000072e-18
1.000000000000000072e-18
1.000000000000000072e-18
1.000000000000000072e-18
1.000000000000000072e-18
1.000000000000000072e-18
1.000000000000000072e-18
1.000000000000000072e-18
3.735363675692841271e-17
3.729522017969203905e-05
7.753717199909059430e-08
1.755464195893674970e-07
2.960120488883660229e-03
2.329909750939556386e-16
1.000000000000000072e-18
1.000000000000000072e-18
1.000000000000000072e-18
1.000000000000000072e-18
1.000000000000000072e-18
1.000000000000000072e-18
1.000000000000000072e-18
1.000000000000000072e-18
1.000000000000000072e-18
1.000000000000000072e-18
1.000000000000000072e-18
2.449662535650504749e-17
3.858539837464640132e-01
2.552611849802475987e-05
7.081846260216483932e-13
2.085739504632359732e-12
2.684464124852274907e-03
1.923923617092239658e-10
7.892789777689092649e-11
1.000000000000000072e-18
1.000000000000000072e-18
1.000000000000000072e-18
1.000000000000000072e-18
1.000000000000000072e-18
1.000000000000000072e-18
1.000000000000000072e-18
1.000000000000000072e-18
1.000000000000000072e-18
1.000000000000000072e-18
1.000000000000000072e-18
1.000000000000000072e-18
1.000000000000000072e-18
1.000000000000000072e-18
1.000000000000000072e-18
1.000000000000000072e-18
1.000000000000000072e-18
1.000000000000000072e-18
1.000000000000000072e-18
1.000000000000000072e-18
1.000000000000000072e-18
1.000000000000000072e-18
1.000000000000000072e-18
1.000000000000000072e-18
1.000000000000000072e-18
1.000000000000000072e-18
1.000000000000000072e-18
1.000000000000000072e-18
5.390981370810917265e-07
2.419723050132128680e-04
2.430273622401926953e-07
3.069052923298142030e-09
2.322191513225263648e-07
6.279172048139354013e-03
9.246394471186400671e-06
2.107532861643471349e-05
6.757885925109949950e-04
3.607318407434281500e-04
1.318392919837688443e-08
2.639322870310669171e-04
3.532076356719677967e-06
1.785627815631926386e-07
8.867221929982361519e-05
7.979868916324721600e-04
6.702793119205512616e-05
5.461725740017919946e-04
8.354771709918501995e-06
8.077142204979761658e-06
4.143766691690632512e-04
7.925595036395905076e-04
6.446104683553149765e-05
5.610928292409786324e-04
5.036307182352851446e-06
5.279995400573993247e-06
1.550090305306292530e-05
1.601313029111432057e-05
3.349083527041916172e-04
1.344144544841513727e-03
3.891862197223270201e-06
1.216651023610056798e-05
3.416738547031770940e-06
1.226091949586253862e-05
4.708049521881210758e-06
1.182982074108379059e-05
5.165648610250366081e-06
1.500643037161138605e-03
2.731663558606591296e-07
6.631221192950787803e-03
1.327742576751701005e-04
9.004367633755063990e-05
3.081599481405233572e-04
1.339270787578573257e-04
2.054860247037321874e-05
1.470391659312146951e-02
1.283398493200366494e-06
8.636358822227964663e-07
9.990266273186250510e-06
2.276270960403893502e-06
5.543283005358294949e-06
2.838092404210694998e-05
1.161947352156840073e-04
2.093982688136950888e-04
1.361008126461872689e-04
1.810085079066654551e-04
2.502177976836128547e-04
3.101676635055791199e-04
3.953911920535512674e-04
7.271435230411302745e-06
1.888133737037487359e-07
1.167022964707643176e-06
2.485076627785117039e-05
1.178359237480570505e-07
1.338914022705036278e-03
6.001159435550008654e-04
2.492103081931925859e-05
9.581690615559675789e-06
2.530342591563869057e-04
7.474254669165772340e-06
3.611103245845406155e-03
1.725168903866723235e-04
6.410074547413145175e-03
4.564046785573632351e-06
6.732054196619203026e-03
5.188867387029927423e-04
1.215203438886204058e-03
1.386059485582792107e-03
8.596447432685380696e-03
3.919001176424050797e-04
1.127147753228856459e-03
1.959288009151680609e-04
8.917744201835778360e-04
1.715605781609875818e-04
1.773269134087995000e-04
1.420529939534686452e-04
1.362293161657370368e-04
1.866981141197855416e-04
4.806037744074601395e-03
2.275642797422963628e-04
4.073213339560453113e-04
2.593041401432506516e-04
2.933779392604469869e-05
1.670853780069749548e-04
1.244611973252238296e-01
3.465705443127900011e-05
6.347619872676155497e-05
1.632871436337084939e-04
1.119595598238570474e-04
2.779325629550528215e-05
2.663596021299963375e-04
3.974381322586409952e-05
4.001115296348623125e-03
3.578169699487023067e-04
5.341336997890863279e-05
1.008593385907931910e-05
4.217986392094409144e-05
5.462865167623811848e-05
2.979085455962178592e-13
3.993196953256289019e-13
3.758887747895743464e-13
2.927032571009543977e-13
1.671591281255630880e-07
4.295334739973573346e-03
2.457553456271434171e-03
2.595047602318908034e-07
4.319421413079693739e-02
9.214605837996443782e-03
6.320746179534504350e-01
1.055619163120462278e-01
2.786624041406623314e-02
3.451889558014996709e-03
9.768126483372572260e-07
3.902716420400942441e-04
5.377958065644861119e-02
3.607230220038732532e-02
4.591874164319408036e-02
5.596317828645436948e-02
2.477495851653284051e-02
1.602468825177438979e-04
2.640879811125372654e-03
1.190201886512348359e-02
1.629804160277229519e-01
2.120097502668351428e-03
2.784420523571677457e-03
1.298408898301735650e-04
3.850743156963541778e-03
2.223534682456705831e-03
1.676969235803722202e-01
2.448325456148201310e-02
9.813651186903840987e-03
2.619603638501556719e-04
1.603965197428372427e-03
2.300453885763958429e-04
2.796863122258529816e-03
1.284231638429109536e-03
5.917467232837037450e-04
2.692485691519367046e-03
8.447465991689780563e-04
1.704354913285802825e-04
6.891458922940455118e-05
3.379852627714568722e-03
6.517819095697730014e-05
2.199896500174945094e-03
3.826283029005829450e-02
6.910387066896880870e-02
1.067003537367503755e-03
1.012091677041663390e-02
2.184072053123793655e-02
3.837898625163975452e-05
1.090989889426510762e-02
2.339176625618387710e-04
3.823243510104069594e-05
4.561025796028270012e-03
2.090835041488707931e-05
6.153812748171575732e-03
2.139894155358171816e-06
2.955254506123772260e-05
9.168570924562182908e-03
9.867600728036302494e-04
1.787222965259693819e-02
7.760033875089313894e-03
1.437128972784555356e-02
5.891030562449009467e-03
9.721540013517357024e-04
9.917881530549392533e-03
2.716728770031062326e-07
9.672517168359126885e-07
7.122427506007424514e-04
4.394293106819317568e-04
2.351053396626244637e-15
1.389522471906901253e-14
2.716033249070220420e-15
2.660936362948672202e-15
1.113099350911360766e-02
1.430754126987911386e-02
2.785610558817992743e-03
1.134187915231059385e-02
8.017093566210504234e-06
3.712350041871056918e-05
2.900164158623978587e-05
3.386232659918851206e-05
4.571564399413132092e-03
1.231755943667382260e-03
1.343564224049401427e-03
1.277498320842373406e-04
4.122807397813967739e-02
1.077907304347858197e-02
1.633356835026493026e-04
1.026954645571311053e-02
1.466318512712175542e-03
1.967290958075933920e-04
1.624835238337592701e-04
1.720724312533946504e-04
9.655435221830694845e-04
1.612774657160458407e-03
6.175807661995939574e-04
9.641486573597654293e-04
3.473300229160144331e-03
5.427561243703685288e-04
1.362215471741952122e-01
1.364669730496045051e-04
1.728814326010524307e-03
6.982971498083695525e-04
7.785093930970703180e-03
6.579813269482408938e-03
2.410337166678004772e-05
2.511907684280605124e-03
7.734542886394466139e-03
6.135924984748020606e-04
5.046500003622309688e-03
2.144510906380826375e-03
1.474835293682060303e-03
7.803897627218822630e-03
1.807425252991586972e-03
2.056785471465775918e-03
1.935838769998735401e-03
7.438935499426749774e-05
9.556234124136366026e-02
1.359980768339612844e-01
5.707256009091596360e-03
2.478946475455655885e-01
7.566257096514596506e-03
7.179180878109646911e-03
7.803457128394591588e-03
1.122629337041085350e-03
7.798477652015738115e-03
1.175158374630747146e-03
5.121105280973331985e-04
6.418489335954576970e-03
1.232081693972441737e-04
9.475257949205879375e-05
9.604258964583945986e-04
8.031029882482772480e-04
2.812981158445575572e-02
6.669700053202350489e-04
1.473621652447150328e-05
1.312168296577040927e-01
8.247077616924586757e-06
9.066725284103363536e-03
1.893686130353154163e-04
5.463256937629702020e-02
8.430304105282120375e-01
2.663163311945206503e-04
5.619905677877182204e-02
1.814985089241532971e-05
3.459158837237595596e-03
2.768560386001269673e-04
8.255825496571680966e-03
1.194780452723010339e-01
3.138517510281969413e-03
9.785352930545360151e-03
6.441729791113848247e-03
1.187658296243135903e-01
7.951560940631600537e-05
2.915126429008637471e-02
2.414866079751134756e-05
3.310934680892341911e-13
2.619018843644029489e-05
1.303177461072261289e-01
1.341758072990913153e-02
9.038993074924147608e-01
8.858693126515443383e-02
3.576609289879528492e-03
1.841154810239128969e-02
2.053353637335489455e-03
1.905685085660981191e-03
6.458660753593391431e-03
5.686420040972440387e-02
2.160499645330673513e-01
6.516729037067091335e-02
3.101684325255406950e-05
3.880320698093505660e-01
3.994656996181196462e-02
2.095066520684216865e-06
8.522336506996565331e-15
4.071167420619734717e-02
1.880779426825896633e-03
1.610740233836874258e-02
3.853935211546438699e-02
3.825607728032426325e-02
5.033352080993568241e-03
2.909049012259377065e-01
7.418714193024607446e-03
7.312350133097663546e-03
1.749742094058836768e-03
1.901493403182891780e-03
2.931442745103234881e-01
2.217187009355861826e-01
1.000000000000000072e-18
