-6.000000000000000000e+00
-5.878787878787878896e+00
-5.757575757575757791e+00
-5.636363636363636687e+00
-5.515151515151515582e+00
-5.393939393939393590e+00
-5.272727272727272485e+00
-5.151515151515151381e+00
-5.030303030303030276e+00
-4.909090909090909172e+00
-4.787878787878788067e+00
-4.666666666666666075e+00
-4.545454545454544970e+00
-4.424242424242423866e+00
-4.303030303030302761e+00
-4.181818181818181657e+00
-4.060606060606060552e+00
-3.939393939393939448e+00
-3.818181818181818343e+00
-3.696969696969696795e+00
-3.575757575757575690e+00
-3.454545454545454586e+00
-3.333333333333333037e+00
-3.212121212121211933e+00
-3.090909090909090828e+00
-2.969696969696969724e+00
-2.848484848484848619e+00
-2.727272727272727071e+00
-2.606060606060605966e+00
-2.484848484848484862e+00
-2.363636363636363313e+00
-2.242424242424242209e+00
-2.121212121212121104e+00
-2.000000000000000000e+00
-1.878787878787878896e+00
-1.757575757575757791e+00
-1.636363636363636687e+00
-1.515151515151514694e+00
-1.393939393939393590e+00
-1.272727272727272485e+00
-1.151515151515151381e+00
-1.030303030303030276e+00
-9.090909090909091717e-01
-7.878787878787880672e-01
-6.666666666666660745e-01
-5.454545454545449701e-01
-4.242424242424238656e-01
-3.030303030303027612e-01
-1.818181818181816567e-01
-6.060606060606055223e-02
6.060606060606055223e-02
1.818181818181816567e-01
3.030303030303027612e-01
4.242424242424247538e-01
5.454545454545458583e-01
6.666666666666669627e-01
7.878787878787880672e-01
9.090909090909091717e-01
1.030303030303030276e+00
1.151515151515151381e+00
1.272727272727273373e+00
1.393939393939394478e+00
1.515151515151515582e+00
1.636363636363636687e+00
1.757575757575757791e+00
1.878787878787878896e+00
2.000000000000000000e+00
2.121212121212121104e+00
2.242424242424242209e+00
2.363636363636363313e+00
2.484848484848484418e+00
2.606060606060605522e+00
2.727272727272726627e+00
2.848484848484849508e+00
2.969696969696970612e+00
3.090909090909091717e+00
3.212121212121212821e+00
3.333333333333333925e+00
3.454545454545455030e+00
3.575757575757576134e+00
3.696969696969697239e+00
3.818181818181818343e+00
3.939393939393939448e+00
4.060606060606060552e+00
4.181818181818181657e+00
4.303030303030302761e+00
4.424242424242423866e+00
4.545454545454544970e+00
4.666666666666667851e+00
4.787878787878788955e+00
4.909090909090910060e+00
5.030303030303031164e+00
5.151515151515152269e+00
5.272727272727273373e+00
5.393939393939394478e+00
5.515151515151515582e+00
5.636363636363636687e+00
5.757575757575757791e+00
5.878787878787878896e+00
6.000000000000000000e+00
-2.599690412896907610e+00
-2.596572267651619637e+00
-2.600342125502136170e+00
-2.605045930646647356e+00
2.598450000309341146e+00
2.589838353304649399e+00
2.596767631252101083e+00
2.587404265089745081e+00
-2.588179047649175502e+00
-2.591492479390136605e+00
-2.603260991470407681e+00
-2.590063482604240352e+00
2.582925726135783417e+00
2.598609884800547221e+00
2.593908462584093133e+00
2.589455526233079397e+00
2.594244633845410153e+00
2.589347795643767380e+00
2.586106566239914528e+00
2.586042993140913460e+00
-2.591724137340334355e+00
-2.586617567636585679e+00
-2.584097233127119253e+00
-2.588385347083840937e+00
-2.568179859883493954e+00
-2.568449782671887061e+00
-2.576611201069435975e+00
-2.578373594746538267e+00
2.572778822448991143e+00
2.574734920100055113e+00
2.581008075223529818e+00
2.577866520146081086e+00
-2.565455737995916419e+00
-2.572961897972060541e+00
-2.567779513782425305e+00
-2.572724865743017730e+00
2.566837021661350082e+00
2.570810040741650759e+00
2.560652099358683209e+00
2.574051270889127441e+00
-2.534031347210203400e+00
-2.539276172019423239e+00
-2.526180297304405631e+00
-2.533870120315360186e+00
2.520216528007411139e+00
2.529102264075778095e+00
2.536732253464822673e+00
2.537661725574883675e+00
2.533319647135474195e+00
2.535575074173130883e+00
2.534113237948864228e+00
2.517358840151472599e+00
-2.536505035844045075e+00
-2.528485603802232529e+00
-2.533575809590778327e+00
-2.529748297857274508e+00
-2.527282643510561311e+00
-2.513039312047606444e+00
-2.525137057566825494e+00
-2.507888601469182355e+00
2.511218911626749595e+00
2.513904673782776378e+00
2.518802707493371429e+00
2.510354425702186809e+00
-2.522027175569545143e+00
-2.523803118401090728e+00
-2.509931618408612231e+00
-2.508381380345952483e+00
2.358478223272048702e+00
2.374011205798045587e+00
2.363133152197647746e+00
2.369506011426795400e+00
-2.367287121767382541e+00
-2.375786402368718964e+00
-2.368280678607181056e+00
-2.359323844337881670e+00
-2.360612544184478523e+00
-2.360764956260029912e+00
-2.367874061347072789e+00
-2.358731404696753575e+00
2.364707507742830561e+00
2.357381823814654442e+00
2.365057953283722814e+00
2.354229881078563569e+00
2.353898951837432918e+00
2.340245105700386574e+00
2.339281409857669747e+00
2.353505261544647897e+00
-2.343191535441294437e+00
-2.335150698683748249e+00
-2.338996592278585140e+00
-2.336406489430706834e+00
2.322577549084814841e+00
2.336905271676302132e+00
2.330901846951034972e+00
2.322749472867515763e+00
-2.327423247155157693e+00
-2.332564866074821719e+00
-2.330618452414200181e+00
-2.321277112476441751e+00
2.335216472612975380e+00
2.322886486273613382e+00
2.327399484641935246e+00
2.334535076511393470e+00
-2.323489858153410470e+00
-2.319717048640809853e+00
-2.322189961898953214e+00
-2.324940975151234213e+00
2.188368126668627678e+00
2.204235223269726873e+00
2.201705875934132361e+00
2.186843931382390416e+00
-2.000608603500965366e+00
-1.983513280533195866e+00
-1.984842826670016436e+00
-1.999551445967879593e+00
1.991844168724832054e+00
1.992730519162206893e+00
1.984089035290793168e+00
1.985636400870230300e+00
-1.980051147272853251e+00
-1.983864923904016253e+00
-1.996727309429149777e+00
-1.989417353382659348e+00
1.986726373580198102e+00
1.977732762798518396e+00
1.978948728627777820e+00
1.989799933628514372e+00
-1.975840465595287254e+00
-1.990034309329103968e+00
-1.985813170192608279e+00
-1.978747197140985570e+00
-1.981181748347947247e+00
-1.974491412951631997e+00
-1.984346507932485570e+00
-1.971369073496026969e+00
1.967462202142073791e+00
1.964574918211569265e+00
1.981814456368730548e+00
1.975560549084791617e+00
1.971789089959887775e+00
1.956048356577525071e+00
1.963065777666464617e+00
1.955515267500397059e+00
-1.926723601286730148e+00
-1.917047277251159754e+00
-1.928138766609165389e+00
-1.921190651207956845e+00
1.922285705496329600e+00
1.924604992838333528e+00
1.914598305861888949e+00
1.921278505128000358e+00
-1.912222463323932864e+00
-1.923827376675837808e+00
-1.919412507078558816e+00
-1.918680928358859950e+00
1.882943446650079844e+00
1.879932024873347096e+00
1.888300166842362682e+00
1.898159819311152630e+00
-1.886053719616209490e+00
-1.892030550472651784e+00
-1.896414962690073480e+00
-1.888753899160290128e+00
-1.878486788823761522e+00
-1.888538373532222536e+00
-1.874525653390143765e+00
-1.879227742051718497e+00
1.876913512373200588e+00
1.884934712637620358e+00
1.877775192374012247e+00
1.887894553988159529e+00
1.875943684763621500e+00
1.880284008410169960e+00
1.884831394529257409e+00
1.879943504036659441e+00
-1.871399608293374373e+00
-1.873344310254988931e+00
-1.884095659846608539e+00
-1.883592225666938180e+00
1.791735591733851773e+00
1.802972483752864008e+00
1.792688545394154120e+00
1.792553652608636305e+00
1.849618613744805073e-01
1.866878254800669878e-01
1.816946147402354883e-01
1.858539947504244949e-01
-1.904259577947899074e-01
-1.818384936077449276e-01
-1.834723758523400805e-01
-1.822823060724704236e-01
1.826230429902116204e-01
1.793017105852318660e-01
1.796823555416516283e-01
1.915371579403078728e-01
-1.726001106590726308e-01
-1.733247332922349671e-01
-1.779794892184761723e-01
-1.733561578413215232e-01
-1.675361478001951010e-01
-1.627944158589622048e-01
-1.619504204240196366e-01
-1.622213817388353241e-01
1.766171291433241419e-01
1.803292109263159027e-01
1.634919303649072508e-01
1.769993466118166547e-01
-1.461274447534584575e-01
-1.485127912538661277e-01
-1.441606765715134908e-01
-1.530424099989190490e-01
1.347524406692509613e-01
1.492787318901661608e-01
1.434131006902122363e-01
1.438401968325812574e-01
-1.299029695542753271e-01
-1.395721506654462041e-01
-1.429213174463407066e-01
-1.347380764184257507e-01
1.443791559284393344e-01
1.378730333583213508e-01
1.292504437565267505e-01
1.434056903142409967e-01
1.297496070787431399e-01
1.327848374750379423e-01
1.372219832743548917e-01
1.229327673793273179e-01
-8.222986144114959386e-03
-9.844969001064480391e-03
-1.362551168543940823e-02
-1.126646462864644600e-02
-5.350621550546039162e-04
-2.544604958151517118e-04
2.655221035551136831e-03
-1.544456077606133626e-02
-6.762453289720672667e-04
8.632652732683637059e-03
9.825443955494853054e-03
1.086174291907581954e-03
-2.596772981628544752e+00
2.595834400809423848e+00
-2.594573930261382166e+00
2.592433554085813441e+00
2.590018334458898952e+00
-2.588193001228229928e+00
-2.574761893503285215e+00
2.574266179601648830e+00
-2.570761360118967165e+00
2.570369979661337290e+00
-2.529322628373354309e+00
2.528687143393919090e+00
2.527330084995806914e+00
-2.526924350645158412e+00
-2.517569904314617357e+00
2.516694502681134260e+00
-2.515030596787277695e+00
2.368309039806296479e+00
-2.367704376447691050e+00
-2.363176262699633323e+00
2.362496244727024575e+00
2.347759777732170594e+00
-2.343670225339900881e+00
2.330911404484056426e+00
-2.328895047360346915e+00
2.326140607643326863e+00
-2.321036070024532272e+00
2.195445430355637662e+00
-1.991746756896549897e+00
1.991163278762487998e+00
-1.987179907886715169e+00
1.983743827802859405e+00
-1.980710575656047912e+00
-1.974846839148317157e+00
1.974277018492157421e+00
1.964189491297781309e+00
-1.923178075258554554e+00
1.920506406382036291e+00
-1.918649352448834833e+00
1.888785571072951308e+00
-1.887277718240485402e+00
-1.879331280108107904e+00
1.878792899778091385e+00
1.875484002810259510e+00
-1.874493991283075145e+00
1.799986616443724818e+00
1.884466127955125858e-01
-1.882554484028214070e-01
1.868718879502744290e-01
-1.726304066915998192e-01
-1.707315759191457838e-01
1.704874664783879168e-01
-1.443963100487936912e-01
1.435505319197998564e-01
-1.368921540417610827e-01
1.361428489175530721e-01
1.298985507708623754e-01
-1.114557507702225794e-02
-6.158584866778533430e-03
5.399124367775302337e-03
