1.000000000000000072e-18
1.000000000000000072e-18
1.000000000000000072e-18
1.000000000000000072e-18
1.000000000000000072e-18
1.000000000000000072e-18
1.000000000000000072e-18
1.000000000000000072e-18
1.000000000000000072e-18
1.000000000000000072e-18
1.000000000000000072e-18
1.000000000000000072e-18
1.000000000000000072e-18
1.000000000000000072e-18
1.000000000000000072e-18
1.000000000000000072e-18
1.000000000000000072e-18
1.000000000000000072e-18
1.000000000000000072e-18
1.000000000000000072e-18
1.000000000000000072e-18
1.000000000000000072e-18
1.000000000000000072e-18
1.000000000000000072e-18
1.000000000000000072e-18
1.000000000000000072e-18
1.000000000000000072e-18
1.000000000000000072e-18
1.000000000000000072e-18
1.000000000000000072e-18
1.000000000000000072e-18
1.000000000000000072e-18
6.538265145284762048e-02
4.388470748779342845e-01
1.992230724115237606e-01
1.476177115064609691e-01
2.292973167270723295e-07
6.108670672617755315e-01
6.001079125112123158e-01
2.441217431226151182e-16
1.000000000000000072e-18
1.000000000000000072e-18
1.000000000000000072e-18
1.000000000000000072e-18
1.000000000000000072e-18
1.000000000000000072e-18
1.000000000000000072e-18
4.972660754587752280e-02
1.427961072403217402e-01
1.734735456600476899e-01
1.844585702810606909e-01
3.358243126952921709e-01
2.215706764696206421e-01
1.000000000000000072e-18
1.000000000000000072e-18
1.000000000000000072e-18
1.000000000000000072e-18
1.000000000000000072e-18
1.000000000000000072e-18
1.000000000000000072e-18
7.207432147656383894e-18
3.824189778522912864e-02
6.620687143202737268e-02
6.334256396106204775e-08
1.962240448625887090e-01
6.357913355407522615e-02
1.525769039189031895e-01
1.377943494769348805e-02
1.000000000000000072e-18
1.000000000000000072e-18
1.000000000000000072e-18
1.000000000000000072e-18
1.000000000000000072e-18
1.000000000000000072e-18
1.000000000000000072e-18
1.000000000000000072e-18
1.000000000000000072e-18
1.000000000000000072e-18
1.000000000000000072e-18
1.000000000000000072e-18
1.000000000000000072e-18
1.000000000000000072e-18
1.000000000000000072e-18
1.000000000000000072e-18
1.000000000000000072e-18
1.000000000000000072e-18
1.000000000000000072e-18
1.000000000000000072e-18
1.000000000000000072e-18
1.000000000000000072e-18
1.000000000000000072e-18
1.000000000000000072e-18
1.000000000000000072e-18
1.000000000000000072e-18
1.000000000000000072e-18
1.000000000000000072e-18
1.000000000000000072e-18
1.000000000000000072e-18
1.000000000000000072e-18
1.000000000000000072e-18
2.155927185763345033e-13
3.892894109534496241e-18
7.837510924664499543e-05
4.514254516651933841e-17
2.353549126275740477e-02
2.223647512847987181e-14
1.117159347125176554e-02
7.713142090109063875e-02
7.963076043963758846e-18
2.524971178096982460e-03
3.838077937926100461e-04
2.478154941545321517e-03
3.980623999762784165e-02
6.870104961757290460e-16
1.967449364910932641e-15
2.293841287806639129e-13
2.559753627431221979e-11
1.742597905718436668e-15
6.639788025525439341e-02
1.220706392905292208e-15
1.024771646090574349e-05
1.858530529754572058e-01
6.556919574929210848e-01
1.636382164625166391e-01
3.685171434385702428e-03
2.773098023462808315e-01
3.085759420968745340e-09
1.474055365505082976e-11
6.919364656299230310e-02
1.980398182729622633e-02
8.994817620829748117e-02
1.299776843416311674e-02
1.845987936502588647e-02
1.811983621328573310e-03
1.627804558804728241e-02
3.387544737645210857e-02
9.123533456070590658e-03
3.427419981483013217e-02
4.688965437018843829e-02
2.115189580724415389e-02
7.655133287234995934e-04
2.368605617096108777e-03
1.766871496693088288e-03
6.739058484040712227e-02
6.522923071809543227e-01
5.243157288584737730e-02
3.639077898719298571e-02
1.299188422316446129e-02
1.129689594925858964e-02
1.820956916433068415e-03
5.999194055200742642e-03
9.465376765102624657e-03
1.720662119166667392e-02
1.339938996714683597e-02
4.905461563331636396e-03
1.332976659780286607e-02
1.848472236825702067e-02
6.141637785099540205e-03
8.264885476397129116e-01
7.298369585272438884e-03
3.321131852390324379e-02
2.590194223498543113e-01
9.022184941758510934e-01
4.150050317236826658e-02
1.671022681615473571e-02
3.468660517326917492e-01
5.828376154694849508e-03
1.442137991510867613e-02
2.974880414909870929e-02
5.959010519732196864e-02
3.687537490094502241e-02
2.180651876609533413e-01
3.091354901136916800e-02
1.009037493814466183e-02
4.623598486201915131e-03
1.456116802925416613e-02
2.641667413912219403e-02
4.160215648160032337e-02
2.435098086172628878e-02
1.722484131327345694e-02
1.371526306336964644e-02
1.239330981538782316e-02
1.327313417562988630e-02
7.625335805480598465e-03
2.182511612577205107e-01
4.056407692000304349e-02
1.435160267624572272e-01
4.435035711394386126e-02
3.554581596188254727e-02
5.721457122401366058e-02
6.207784277757901620e-02
4.455852265682255092e-02
1.298919150988613047e-02
1.207746581721012152e-01
9.792267707586658002e-03
1.195712096850857185e-02
1.131227034524053127e-01
3.367635167025668230e-01
5.492223756689218472e-02
9.174752162408304768e-02
1.689930410477156336e-02
2.310076192855806468e-02
1.048266166388823854e-02
1.096348726814193666e-02
9.420274936204936500e-01
9.911214221185861428e-02
7.638639844915579014e-02
7.348490814823356587e-02
1.460840842739537758e-02
3.931896005584380877e-02
7.684177328939199858e-02
3.631103779078578148e-02
7.136115165693586448e-02
5.314603704477310897e-02
6.233616481462780218e-02
6.355789889926314329e-01
7.768144155524296934e-01
2.061379248485501609e-02
1.800849027803176974e-02
6.064007472801477006e-01
8.325366170898407248e-02
2.948066188465147675e-01
1.485474871069490110e-01
8.944377830114595695e-02
1.118085994847869621e-02
2.500823655936947748e-02
1.609300854345439846e-02
1.594076586820604990e-01
8.387250588980483812e-01
1.416680823761492791e-01
6.638222716653903455e-02
2.888692961154161742e-01
2.033004720023786835e-02
1.192332746827218758e-02
1.503608955019613766e-02
2.184175557647931309e-02
2.230995383834607770e-01
3.374513460385458741e-02
6.036505427485610031e-01
1.294344741154353218e-01
2.733642090892512977e-01
1.927569278122843663e-02
2.172940597049153044e-01
1.151750231842810397e-02
7.854613457045156455e-02
4.005875647307348408e-02
1.382451548266559749e-01
2.751641737125542359e-02
9.682738208698304927e-02
1.959685171195983400e-01
8.165853357202972340e-01
7.074583775883847014e-02
2.697149239778571031e-02
2.445098569770493696e-02
2.854805361019753171e-02
4.237753033934646418e-01
1.265988270751506606e-01
7.218043237333973683e-02
3.833060442470662132e-01
8.555223483179480448e-02
5.171872658182595506e-02
1.046816339916682159e-01
5.448724001406750617e-01
5.595426481617040704e-01
9.426551397331972559e-02
8.691943808140878414e-01
4.172990301789903933e-01
1.153037064358443942e-01
5.097588517083850163e-02
4.888711240625234211e-01
1.480706764571544098e-01
4.953117049316527881e-02
2.651094151239773988e-01
1.845985446447446776e-01
1.106401219611026915e-01
1.839899879399293225e-01
2.164012984357261138e-01
2.421214117717857273e-01
6.703140823974915730e-01
4.243540944443653928e-01
7.971577555559680728e-02
4.154400821345847206e-01
3.042322429238967368e-02
9.338080156767260276e-02
4.346922011096301386e-01
1.231700377607145569e-01
5.431532715441869108e-01
6.162320630702134983e-01
2.852047473882177164e-02
2.775083166861204778e-02
6.915232190253949029e-02
4.066472497394596486e-02
3.833712632449067237e-01
2.282409494494362090e-01
3.323423151731667025e-01
1.911949382339405423e-01
2.939770414151013020e-02
1.445231295366919966e-01
6.214666562107241249e-02
2.033250266893723568e-01
3.328639029621952572e-01
2.112847744224435331e-01
1.961918922331090387e-01
2.473470710099525127e-01
2.025469895905255002e-01
3.018670503704165217e-02
4.854528873988692844e-02
1.507777287518308751e-01
1.743924333549407568e-01
1.776168803119359263e-01
1.737050668977347390e-01
2.169701497504507304e-01
2.620106283385395876e-02
1.888280183491608255e-01
4.491445590075433120e-02
3.927848033534601102e-01
4.544772179928825984e-01
6.926681539991788039e-01
7.423773076010773894e-03
5.716367562385344936e-01
6.085932201327603520e-03
1.285241224834692275e-01
2.673115854922577042e-02
8.804561812968491816e-03
2.340932797388142923e-03
2.779498066268105841e-04
2.604257725667314949e-01
2.139508720211536763e-01
1.627259771889580451e-04
5.417922674948929575e-03
1.834249550927676995e-03
8.454970694375334161e-03
2.018264648509190129e-01
5.875091582066306432e-03
5.459828224190531321e-02
9.070750080951345273e-02
7.732464257899547277e-01
3.587343894703615699e-01
4.180283465341714799e-01
2.487958192008428004e-04
3.551315066687704136e-01
8.667374444302988756e-02
1.344315507918982799e-01
9.807407441187900032e-02
6.736205986767385134e-02
8.001958785828790222e-02
7.800614153368466697e-02
5.871192519859307762e-02
5.853154748103438915e-02
5.730643305157036294e-02
4.630616696937127630e-01
5.866193886294327614e-02
1.296138085412892327e-01
9.749933175679262876e-01
4.461681444616218406e-01
1.451199066688974026e-01
7.985052742404769033e-02
7.053460528139135488e-02
5.495038829779404221e-02
7.726466485790078886e-02
1.646029398988173020e-01
1.300653044120804180e-01
2.025332866344926319e-01
2.756351067030349822e-01
1.209486928891626845e-01
1.315771513404729587e-01
5.583907797210317658e-02
1.601830467379005973e-01
2.000048988642695313e-01
1.516325271451500201e-01
1.767946227903298417e-01
7.560886428156087247e-01
5.858325567418905949e-02
7.205551807086391092e-02
7.665567200702827488e-02
7.729001404704007039e-02
1.884111381582359024e-01
2.372064060877949465e-01
3.005493829368683367e-01
5.479901422937792921e-01
6.094368936100906520e-02
1.001120133217527491e-01
8.355401695409234164e-02
9.184593360424128661e-02
1.829882922052138428e-01
3.327514357525542255e-01
1.975210119390967412e-01
3.451251258637818009e-01
6.132199546586799416e-02
1.245416464168436765e-01
6.277831306451796267e-02
7.066616595466375383e-02
2.046540103235199581e-01
2.768592927882340127e-01
3.900897619752867196e-01
2.092531059901318047e-01
7.492006877344405957e-01
1.362658634512438349e-01
7.738669735743623768e-02
2.898996845365642283e-01
6.456665309302870304e-01
2.655109332610730011e-01
5.746709036482453570e-01
2.487155643324054644e-01
5.398019802089611963e-01
1.037266154777397448e-01
1.353970418024001976e-01
6.384286727109012016e-02
2.711972938227460994e-01
2.755062083342675883e-01
2.428705703491613466e-01
5.778469291804306796e-01
6.667674826245294506e-01
7.902576584198948983e-02
6.846008254074320565e-02
2.551499981837773712e-01
2.220100894066560360e-01
2.763845409711853107e-01
2.279098971106831573e-01
3.505436369924240236e-01
7.363579733427756679e-02
2.406770144812812595e-01
1.249230142176471076e-01
7.174854492072611778e-02
2.546028898914373118e-01
7.459083087962784520e-01
2.273805998588397104e-01
2.592617093513374660e-01
1.019536942735518731e-01
6.733274704589557735e-02
1.120070394733977265e-01
4.449838596433461357e-01
9.469144127495340291e-01
2.191735637820284577e-01
9.528872740486978854e-01
2.217516082009936551e-01
6.737907525971909006e-02
6.879008505163222709e-02
4.564656140153185993e-01
1.533813251108687159e-01
2.738722142157632988e-01
3.090318946130397593e-01
3.293684242886398827e-01
2.727972412002220293e-01
7.513452801466304065e-02
6.772460761770277005e-02
2.426287472958264801e-01
1.567984498800706061e-01
1.971321854528843009e-01
1.695147478100292870e-01
2.869455938829615360e-01
5.138027104981948145e-01
1.136282151126053880e-01
1.138298935560032171e-01
1.254135389326318517e-01
9.791450368160749262e-02
1.513051564292700879e-01
1.478891796192827734e-01
8.655877919626473460e-01
4.409413525987670446e-01
4.062051978097749394e-04
6.693120510342102285e-05
1.544830625739751218e-01
9.785463013658289577e-02
5.035868429079830982e-02
6.992516528870263981e-01
1.963094734650109863e-01
6.828686284148943622e-05
8.807194992482245436e-05
1.698853470628710271e-04
5.370815287368346097e-02
8.242933505653530159e-06
1.746436258865673540e-06
1.428418512733930309e-06
8.602915063591880996e-08
1.181491871804714213e-06
1.448853044060533692e-05
1.777858997944656294e-01
2.270235283786848079e-01
2.091201186903321430e-04
9.721342504926539291e-06
1.732017893528479548e-05
3.030902526804412408e-05
1.984032664472683283e-02
1.008449579219986431e-01
7.299706299776387297e-02
4.727136328551578143e-02
7.441818391848400993e-02
8.957078089799931100e-05
8.928366023497427695e-02
4.186858597182093744e-01
4.981104424560053867e-01
2.226937974661037933e-01
7.359434294049227443e-02
3.218562818414384408e-01
7.408095128531211326e-02
8.554709061667750691e-02
2.834430969647437348e-01
3.942286247060414750e-01
2.826831039366227705e-01
7.296225589165573899e-02
1.960283016797066680e-01
1.388677027995777746e-01
7.173927874384293524e-02
3.310264269877304932e-01
2.669679100699471896e-01
4.104930453396259393e-01
4.224513435613488910e-01
7.291567935447514082e-02
1.331408119226556719e-01
7.182793117696430196e-02
3.447613256230937506e-01
3.364425824404126408e-01
5.019024946014656319e-01
4.693278751226995782e-01
4.538631301527469852e-01
9.261121685980748530e-02
1.691944701417072150e-01
2.449484138294744928e-01
1.583628479563228830e-01
4.058545584461270561e-01
3.951133361014269041e-01
4.485292597890536692e-01
4.029908196814629417e-01
2.799558610181431262e-01
2.085368436126037728e-01
7.968685056244249887e-02
6.349291913784292918e-01
5.646603450325982099e-01
5.231138798704516590e-01
4.780083146216613788e-01
5.419190339605196582e-01
3.157980782973601741e-01
9.672634228837664883e-02
7.851045421120302070e-02
8.600633270119076301e-02
4.610004404166584968e-01
5.113748383659276753e-01
5.825662716614942171e-01
4.648117442320864878e-01
5.637393285183289748e-01
9.333674931329095648e-01
8.861743780365069489e-02
6.710154831706587053e-02
5.065873734127658290e-01
4.976898098562366202e-01
4.597574699949014132e-01
5.323394336171320962e-01
1.668220329468167729e-01
1.255408946499364242e-01
6.614998182350434464e-02
6.651038160904429453e-02
5.960216838445295817e-01
5.221113992368255907e-01
6.145762648020511865e-01
5.624254717723512487e-01
7.089058862020063134e-02
8.117536055097017422e-02
6.630663162153958845e-02
9.551902505208509364e-01
6.002303515272301437e-01
4.420475033533651232e-01
6.406778511495778705e-01
5.804903524803053383e-01
6.511035784502029744e-02
8.463627051047582783e-02
3.369757328776697980e-01
5.667927391451411945e-02
6.760314480950424532e-01
6.510333985898034692e-01
6.579695334423988351e-01
5.693304975819654112e-01
5.157522989630630023e-02
5.157240074578721412e-02
1.400302319537890805e-01
4.439541058384736671e-01
5.393438586055254724e-01
6.043314804425776732e-01
6.054746511946753618e-01
6.107258319094956978e-01
7.315001122910737008e-01
4.886881544603765420e-02
2.808830380063769838e-01
1.052530696605436522e-01
5.428882061901543210e-01
6.114477227228737322e-01
5.057989795518165188e-01
5.995995346615715649e-01
6.340903671061508262e-02
6.353063258415006520e-02
4.772085256015724808e-02
5.047142912705376849e-02
5.143851935397422137e-01
5.055025890293186608e-01
4.887239207251196094e-01
6.073220838501109942e-01
4.611057814462985599e-02
8.865092137037224040e-02
6.017106266077700688e-02
6.831555758761244379e-02
6.905284532627881111e-01
5.437905172231890516e-01
6.923117719992726293e-01
6.673453677675744711e-01
3.811643188296604673e-02
6.634147299493380057e-02
6.792768193573497926e-02
1.514523949900907773e-01
5.752016172460143739e-01
6.713432703321654538e-01
4.334152347775230285e-01
4.515223880849368321e-01
4.543188180958033368e-02
9.311919897926846934e-01
3.293196685765063803e-02
3.500074101780163705e-02
4.116098782902529729e-01
5.266768158113945830e-01
6.769823268017122198e-01
4.008150811341499864e-01
3.399359141546107882e-02
3.199710134829959057e-02
6.280662349608288897e-02
3.589915134674354774e-02
5.880230732651079428e-01
5.607083243504326076e-01
5.015820595482296529e-01
5.669398095957171035e-01
3.210564963721783405e-02
3.124227191465814291e-02
2.087050173485540394e-01
7.382060189333397582e-02
3.701944224630603353e-01
7.191299618979964947e-01
5.745010715321511308e-01
6.437106041902229681e-01
2.927518093565794829e-02
2.663294557989110550e-02
3.390558186174259803e-02
3.515070646379518660e-02
3.678983424775427724e-01
5.140879508966529343e-01
3.642144494282517075e-01
7.091976915819320215e-01
2.020826713316191750e-02
2.223888091210777032e-02
2.014165982732703600e-02
2.427868909285288077e-02
6.138773776399188975e-01
2.792159712163987950e-01
3.737310920094404909e-01
3.631340253766462967e-01
7.753593105851556144e-01
2.546208352493915458e-02
2.050037936542332961e-01
3.539547853576401754e-02
4.413823844524698004e-01
7.425244614589268100e-01
2.824687454113656848e-01
7.412688628668453461e-01
1.938960233705423405e-02
2.464241169553207655e-01
2.030183198368342573e-02
1.087283001326501408e-02
5.614475420382256665e-01
4.881230400482894360e-01
3.867906200233325875e-01
1.751854081174272770e-01
6.554671902672852893e-03
1.889563656958247878e-02
1.110878096565659848e-02
1.242841533563496803e-01
2.366388633813666931e-01
2.229698439593656156e-01
3.664812611059138914e-01
8.235247881587473562e-02
2.224759611993813169e-01
8.395158142268907596e-04
2.296479313314437123e-02
7.203468843450440764e-03
8.538055134797487011e-02
1.445865728047724015e-02
1.144084681183592245e-01
6.820957396855021893e-01
6.833493393535144140e-07
2.344652854815422460e-03
8.116626332936055944e-04
5.367029738732926117e-03
3.726783663926008100e-02
2.592364345430399138e-05
6.945194630985894197e-04
2.528089223553627377e-02
1.036778113523549590e-07
4.083598871109239429e-11
2.390936771066392783e-03
2.568384324312851692e-03
2.348743296930141423e-04
5.109318873540399375e-01
6.197415937539851177e-02
2.669704320492113947e-09
5.315524939652663261e-03
1.120323878743483038e-11
5.252521952681167908e-03
3.123063137383281368e-02
1.027814261112200027e-05
1.586331615009283370e-04
1.237431443478049279e-07
1.136860819631634604e-10
1.000000000000000072e-18
1.000000000000000072e-18
1.000000000000000072e-18
1.000000000000000072e-18
1.932346045838189303e-08
1.828760510608937567e-07
3.139465795850375496e-02
2.484232913923110075e-01
7.261376950986859027e-05
2.062272990787381019e-07
2.693454353245377901e-03
1.871204723999920614e-09
4.698610320510294285e-09
7.998849446243974847e-08
1.142206154838360382e-01
8.096714225309456029e-06
3.963384763006904408e-07
2.623336897243592667e-09
1.082649964452747117e-02
3.163922507612565438e-02
7.196417309011778140e-08
3.124777575823919906e-01
1.125433436942022483e-02
6.350866336698224313e-02
8.973184411465776750e-03
4.833154223952228386e-03
2.397381746794874430e-07
8.877503132527339927e-03
2.238616494740042762e-01
1.179498505775050665e-01
1.985217454664326420e-01
2.446305858849822101e-01
5.452638702626526335e-02
9.171068437421274477e-02
5.835384617868642765e-02
5.012261924000791305e-03
9.789974849017415992e-02
1.205667354389137608e-01
3.004999801769334122e-01
6.345622999918380802e-02
2.152524031207391289e-02
5.125790358907625910e-01
5.921482477487655799e-02
8.074313745784361673e-02
2.316653516122849921e-01
1.818561673085403452e-01
2.048054029793602571e-01
2.942047117655087196e-01
3.725725587450096077e-02
2.984650482785750070e-01
5.458963771741978666e-02
4.874125766365421109e-02
3.089418429660574783e-01
2.743001237081195143e-01
1.803343615064821603e-01
2.954772151456681040e-01
3.353006688817399689e-02
1.635345633039047841e-01
3.131570410512893310e-02
4.150808685939380571e-02
2.919479231898872706e-01
2.282533316222285502e-01
3.223641000335002449e-01
3.128185244341181726e-01
4.916373262765361130e-02
7.761326078859366595e-02
5.229995857430077416e-02
5.877940427576856808e-02
2.250325785101255083e-01
2.919775480480044094e-01
3.306037575375653792e-01
3.302196251600945653e-01
7.903878091240670312e-01
6.936530728947164215e-02
1.835898829972308077e-01
6.028896165540939545e-02
3.491191755107657668e-01
2.656276079957163305e-01
2.604106388179083242e-01
3.322636421446378829e-01
7.304382376850315772e-02
6.119907630735123977e-02
6.533310355185728557e-02
1.170721310143728877e-01
2.806736400245008478e-01
2.707106409374800404e-01
3.042743521256686678e-01
2.658718800765493828e-01
1.686830361417017698e-01
6.394347068884222995e-01
8.919869703417989681e-01
8.717468542462905590e-02
2.970199791406261669e-01
3.750647343174399184e-01
3.909511200312857371e-01
2.976482717271512479e-01
7.918084888817381040e-02
2.535236711170780755e-01
1.733945392697133492e-01
8.863218535612982230e-02
2.744729339248040412e-01
2.704991383186082232e-01
3.057019781316067664e-01
3.685589839354056485e-01
9.734394999206394394e-02
1.168812036613666033e-01
5.607160765041352413e-01
1.331399754289128157e-01
3.112443907627031603e-01
4.869394411300630998e-01
4.397871702951213768e-01
3.225302483575872570e-01
1.988467409095267258e-01
3.055870061736064569e-01
1.098546339435171881e-01
1.278827152648392418e-01
4.073857820603707380e-01
2.655914898038370664e-01
2.677975470171497507e-01
4.422756148564087608e-01
1.520274879066748630e-01
5.769051900108460584e-01
1.286444833605243365e-01
1.527506376946151379e-01
2.830318094225819925e-01
3.599799693285000157e-01
5.088245315691046766e-01
2.670466571212256057e-01
4.772208638625239363e-01
2.313235052906067457e-01
6.041719824770028779e-01
6.929423986644950295e-01
4.954224880072785053e-01
2.969953821949117279e-01
2.857656659151857625e-01
2.818523605964661782e-01
3.534012140076479569e-01
3.589389483684227722e-01
4.043534673383948896e-01
2.212608371873604762e-01
2.496500677251630718e-01
3.567832347318942721e-01
2.837177694456453625e-01
3.618531171707965455e-01
2.730028725986571869e-02
6.110845596700638094e-01
4.167927358149047801e-01
4.545968877300810562e-01
1.273493488037590604e-01
1.567447767068200215e-01
2.365473894041108249e-01
1.996708569207197859e-01
5.603831011002867457e-02
1.051843059302868949e-01
3.868481023574959349e-02
5.174742999295834922e-01
8.443623644285184193e-01
4.687774997236981989e-01
5.733631007181169137e-01
3.991745729445608792e-01
1.417496000504714360e-01
8.347572099825544267e-01
1.365606183842233978e-01
7.878967825270997150e-01
1.801900117348474717e-01
1.703013636642320972e-01
7.345718062956589911e-01
2.297249334412606869e-01
1.164844107052098732e-01
2.932395868817787576e-01
1.691548346066146791e-01
5.123552380185634192e-01
4.011807041246838734e-01
3.306707572238679060e-01
2.433475280739101909e-01
5.040117883441141977e-01
3.510244494555764816e-01
8.271954605369113978e-01
4.328364880947922488e-01
4.521535366158186964e-01
1.666518937708012515e-01
3.887925145481509470e-01
7.217287663725641123e-01
1.761586326937321645e-01
3.144014655468950203e-01
3.408543681021194427e-01
4.207755048034310663e-01
1.824878863217642699e-01
1.630109073128974406e-01
7.006243986727911377e-01
5.769266684369040998e-01
1.674662669179706465e-01
8.260668993499279411e-01
9.519426047419489167e-01
8.256779846042877624e-01
9.518885513417965072e-01
8.250230788756240941e-01
9.517980313675804549e-01
8.240907320435520989e-01
9.516702514266225377e-01
8.228665093076893422e-01
9.515061918184033463e-01
8.213176426709090094e-01
9.513032447120520763e-01
8.195752509808389430e-01
9.511643810688007461e-01
8.171017709248684646e-01
9.508423137986812268e-01
8.141512764322170748e-01
9.506355750034731766e-01
8.099383798536358148e-01
9.507369535805904048e-01
7.909431539600578764e-01
9.566902915889451409e-01
9.456904052780332748e-01
8.105383656241758050e-01
9.460010391526592066e-01
8.034735437220235088e-01
9.451433147639245469e-01
7.974591739733513096e-01
9.436769633249449951e-01
7.906907855523885864e-01
9.412651051750287046e-01
7.821563576874788204e-01
9.357549244051622805e-01
7.688991501359367930e-01
8.509567688902969218e-01
6.073763542099634982e-01
7.912057439235130607e-01
9.460161718351428606e-01
7.656442681595844180e-01
9.403159377491983051e-01
7.485857573858275549e-01
9.353994743828807357e-01
7.306467394874998078e-01
9.295046621790514774e-01
9.215150186457180537e-01
7.091482877652287575e-01
9.094066820734915124e-01
6.819845154864033754e-01
8.894011299748092458e-01
6.454634453797540861e-01
8.521969306081246254e-01
5.932245258076508376e-01
7.716327024126360401e-01
5.130524968408793907e-01
5.670913825493780758e-01
3.858207284155962813e-01
1.268197818416288702e-01
1.067917206575395503e-03
3.425523258299533191e-01
8.533345276105748223e-01
9.255325509122741545e-01
9.034599739378544880e-01
9.693351591570830150e-01
9.309999073969499328e-01
9.345920438223581650e-01
9.440863870600445518e-01
8.947543922209351130e-01
9.501886591683124106e-01
8.576408124874140837e-01
9.527316043138571722e-01
8.248544024389038443e-01
9.540891096663460802e-01
7.830648512831145380e-01
9.509927161974965903e-01
7.460345625051482132e-01
9.476559516207428979e-01
7.040563124302513520e-01
9.417429264196213179e-01
6.549446665295991510e-01
9.324959524656980525e-01
6.006678015677284765e-01
9.152913021283324291e-01
5.294413681547436301e-01
8.900690997674574056e-01
4.431742456118075713e-01
8.486535066187053111e-01
3.383519741666496938e-01
7.825313110031020258e-01
2.177347198579751009e-01
6.847848463302967925e-01
9.839572713846586605e-02
5.707142590399031379e-01
1.808238511016730873e-02
1.693127683499560213e-06
3.165644998753648631e-02
1.012046573085426983e-02
2.366148877168250397e-01
8.029422603250024881e-02
4.868984698049145798e-01
1.805764385666093208e-01
6.798334779620448520e-01
2.756126498957778281e-01
8.041518783894067157e-01
3.516398323758079814e-01
8.788471230418766211e-01
4.076332165706147426e-01
9.223672695111210240e-01
4.464250578418823556e-01
9.468364463250210639e-01
4.712132823791152503e-01
9.600106069361418193e-01
4.828815124396373393e-01
9.661870028127373944e-01
4.784724234399105325e-01
9.669455224179992481e-01
4.195600389371688110e-01
9.144493929664143650e-01
6.707281317730775516e-01
9.564916204900724139e-01
5.513150034861796778e-01
9.538500164345687926e-01
5.203801773757091853e-01
9.487843216241717004e-01
4.950764616151051012e-01
9.425409945551644908e-01
4.678201837047809564e-01
9.350617389989779316e-01
4.351733480311521518e-01
9.232692169041276653e-01
3.811145361065005344e-01
9.443058676653470762e-01
4.048095484694874124e-01
9.244464825237473926e-01
3.471394926594115193e-01
9.162015963260686791e-01
3.001585441136584986e-01
9.094370257446543482e-01
2.527389500390723187e-01
9.034191993752533900e-01
2.042533793529866248e-01
8.980325038512184666e-01
1.566931180535187651e-01
8.933115236283716287e-01
1.114315614502377760e-01
8.893137242524625785e-01
7.091575638480394905e-02
8.861135999554621279e-01
3.763893271845222821e-02
8.837740554655324487e-01
1.392168859171196219e-02
8.823478897603523885e-01
1.568282534121908647e-03
1.000000000000000072e-18
1.295591328858323402e-03
9.413438517138708050e-01
1.155084624574759591e-02
9.408096761499346039e-01
3.149279589905734644e-02
9.399166802907730212e-01
6.005436701271873318e-02
9.386602775516462716e-01
9.579620447715112008e-02
9.370359119638737022e-01
1.370686713803785928e-01
9.350366488792504205e-01
1.822985082549797020e-01
9.324147678715720700e-01
2.288019876507144390e-01
9.297473259872037765e-01
2.767415531845450749e-01
9.264210640092981341e-01
3.240019055437764472e-01
9.223573528768419516e-01
3.706360438968897553e-01
9.121110590709141652e-01
3.985740939939464433e-01
9.160514581370861054e-01
4.448168285804696143e-01
9.101131860655212735e-01
4.782012001053135286e-01
9.039376645957803991e-01
5.034265826046024905e-01
8.967783935374519233e-01
5.154123336551528212e-01
8.874899137155922713e-01
4.954105343864416700e-01
8.698470102496473899e-01
3.173154249558605700e-01
6.361877503403121636e-01
6.813065696272243565e-01
8.825753653065370186e-01
8.523827258493937853e-01
8.709557589436378588e-01
8.203133244478317820e-01
8.605053496768456656e-01
8.166947866053158034e-01
8.502774469907431465e-01
8.219237833577928143e-01
8.401834619547489114e-01
1.000000000000000072e-18
