1.000000000000000072e-18
1.000000000000000072e-18
1.000000000000000072e-18
1.000000000000000072e-18
1.000000000000000072e-18
1.000000000000000072e-18
1.000000000000000072e-18
1.000000000000000072e-18
1.000000000000000072e-18
1.000000000000000072e-18
1.000000000000000072e-18
1.000000000000000072e-18
1.000000000000000072e-18
1.000000000000000072e-18
1.000000000000000072e-18
1.000000000000000072e-18
1.000000000000000072e-18
1.000000000000000072e-18
1.000000000000000072e-18
1.000000000000000072e-18
1.000000000000000072e-18
1.000000000000000072e-18
1.000000000000000072e-18
1.000000000000000072e-18
1.000000000000000072e-18
1.000000000000000072e-18
1.000000000000000072e-18
1.000000000000000072e-18
1.000000000000000072e-18
1.000000000000000072e-18
1.423590095901803177e-04
1.000000000000000072e-18
1.000000000000000072e-18
2.235172834626444198e-18
1.418529444090452750e-03
1.000000000000000072e-18
1.000000000000000072e-18
1.000000000000000072e-18
1.000000000000000072e-18
1.000000000000000072e-18
1.000000000000000072e-18
1.000000000000000072e-18
1.000000000000000072e-18
1.000000000000000072e-18
1.000000000000000072e-18
1.000000000000000072e-18
1.000000000000000072e-18
1.000000000000000072e-18
2.012552563535883320e-08
1.000000000000000072e-18
1.000000000000000072e-18
2.667838708283805995e-10
1.000000000000000072e-18
1.000000000000000072e-18
1.000000000000000072e-18
1.000000000000000072e-18
1.000000000000000072e-18
1.000000000000000072e-18
1.000000000000000072e-18
1.000000000000000072e-18
1.000000000000000072e-18
1.000000000000000072e-18
1.000000000000000072e-18
1.000000000000000072e-18
1.000000000000000072e-18
3.097731895082321627e-06
1.000000000000000072e-18
1.000000000000000072e-18
1.000000000000000072e-18
5.065550584732546850e-05
1.000000000000000072e-18
1.000000000000000072e-18
1.000000000000000072e-18
1.000000000000000072e-18
1.000000000000000072e-18
1.000000000000000072e-18
1.000000000000000072e-18
1.000000000000000072e-18
1.000000000000000072e-18
1.000000000000000072e-18
1.000000000000000072e-18
1.000000000000000072e-18
1.000000000000000072e-18
1.000000000000000072e-18
1.000000000000000072e-18
1.000000000000000072e-18
1.000000000000000072e-18
1.000000000000000072e-18
1.000000000000000072e-18
1.000000000000000072e-18
1.000000000000000072e-18
1.000000000000000072e-18
1.000000000000000072e-18
1.000000000000000072e-18
1.000000000000000072e-18
1.000000000000000072e-18
1.000000000000000072e-18
1.000000000000000072e-18
1.000000000000000072e-18
1.000000000000000072e-18
1.000000000000000072e-18
1.000000000000000072e-18
1.000000000000000072e-18
1.000000000000000072e-18
3.118385322026036593e-10
1.506335906792669141e-08
1.000000000000000072e-18
1.694352376656724571e-18
2.672270189109603506e-07
2.280679034872088315e-08
3.283721925200642855e-06
1.729315699440635107e-07
1.000000000000000072e-18
2.639112223946010950e-05
1.000000000000000072e-18
2.742609273240239067e-18
3.408904791319531972e-18
1.867330319059100108e-07
6.023997978207376026e-07
3.530718444269250830e-07
6.544916877859239465e-06
2.190112353198594568e-11
1.188068652486202997e-09
2.002017853092564199e-11
6.980247680197540631e-07
2.881441608692387398e-06
1.000000000000000072e-18
2.207940436533759721e-07
1.000000000000000072e-18
6.361184352789518437e-09
1.000000000000000072e-18
1.000000000000000072e-18
1.000000000000000072e-18
1.702620443829904407e-06
1.000000000000000072e-18
5.942517079794364283e-04
1.000000000000000072e-18
1.000000000000000072e-18
3.086539940950621473e-08
7.024998484820307845e-10
2.008668379097385658e-10
7.886225404661444449e-07
1.269043492005262147e-14
1.000000000000000072e-18
1.000000000000000072e-18
1.000000000000000072e-18
5.437858239344212135e-09
1.000000000000000072e-18
2.997875036065801272e-08
4.400263886516557173e-04
3.869413578238647191e-15
5.222257826145077311e-11
4.120441384473976448e-14
1.514777866601885688e-14
2.613528459251552095e-14
2.303855230298151004e-14
3.218359661618949066e-06
1.480162351116722308e-05
1.079898693970727126e-06
3.160206028433625502e-04
4.991290144345568438e-14
1.814142569323391773e-10
3.707753768794111271e-10
3.137140995276943814e-11
3.224358950005032598e-06
2.876977251143160325e-06
8.001671363542085762e-12
1.871811728069086018e-08
1.501385355824061822e-08
6.680867127948791652e-17
1.700671084709031382e-14
1.502181947063701870e-14
2.282359081277373233e-07
1.317379497302645006e-04
4.474284656477316765e-04
1.540609721664330822e-06
3.593497924061109534e-11
1.968306811108135297e-06
9.516609169258812913e-13
2.815074641774499975e-09
2.816870130212794279e-11
6.887183383512905113e-11
1.102843987953273806e-07
4.351617264846573247e-08
4.300817105394957480e-15
3.274295741175263154e-14
4.393779438154785986e-15
1.756267465351713972e-04
1.780869293882183442e-11
6.625468240318717127e-10
8.804045104389052876e-12
1.570869381844796755e-08
5.146666279725067525e-08
1.259513252997062849e-08
1.587314479537065964e-08
1.401311871245660738e-12
2.393839425726334702e-07
2.550606762662329901e-10
8.820520216129388409e-12
8.001915558640314031e-12
1.422078581955246431e-04
9.953535430628857641e-14
5.410237718146998245e-07
2.331487557761451968e-04
7.461305710176847558e-03
7.082058784597938225e-09
2.163909970516265699e-14
1.600463790191171847e-14
3.047208452810263679e-16
2.807478129128086243e-12
9.058887850420303471e-16
2.420578019715335667e-13
1.455483079641382404e-11
1.898785602889647418e-08
1.124879947480488343e-04
4.702201336536072156e-11
6.780542532548742781e-13
2.205248472563941784e-08
2.175143633507021912e-13
9.073354234351289834e-17
1.944306841858197827e-09
1.083442161529039758e-11
6.372472343093073259e-11
2.944167712096900074e-10
1.003939910213753919e-07
2.478238101893131042e-15
2.441630027996072394e-11
1.680375897251440627e-07
1.965104537690784624e-10
2.963142341854157626e-11
9.260182189300389432e-05
1.571270927774328570e-15
1.578350261419163155e-13
1.136837737037519223e-08
8.139335610074241864e-11
6.888260963611249828e-12
2.901624055924547675e-12
1.530591873411568418e-11
1.627483192254970072e-13
2.977292603981695509e-08
1.117469586652318328e-17
1.569514162678917166e-18
1.314330043334579115e-18
1.000000000000000072e-18
5.490155480166248176e-16
8.162735667805804535e-03
8.214854522626990684e-09
6.680664768407699155e-16
2.499717042441881431e-03
1.110870858276577204e-06
3.896527995068763399e-12
1.330464544611721111e-05
5.617615418118584308e-04
1.147347134981290508e-08
1.261628183758882854e-16
7.092172113077330270e-09
2.804352215517733257e-10
7.506588861839832728e-06
1.061052785804614205e-06
3.576989396091869071e-06
1.089283661826246166e-08
1.339308735761733856e-11
9.850866990720321043e-12
6.945972292117864994e-07
1.921502018096873047e-12
6.517431859870161090e-14
2.947521682826547387e-14
1.325234025977283263e-04
4.568444484839021801e-13
2.629227770590845744e-08
7.988554632104027600e-09
1.255410847187648217e-08
3.182860711333848747e-13
1.145329242089255795e-08
2.241360249016723770e-06
3.304656184902275945e-05
1.360559267573580526e-06
2.364094498635632433e-05
1.660593762078933207e-12
1.391496222946118437e-09
7.455730030634264090e-09
1.868159399251017325e-05
8.078516113327086042e-09
7.226087774393310095e-09
1.155523091948630317e-06
1.022962908849929734e-09
3.111587715628461185e-14
1.183644239973062822e-06
9.958430041130799823e-10
5.976202123573684236e-15
4.169666297245066718e-12
1.338844919948643465e-12
8.363416899464064247e-02
1.893254114154135394e-03
2.514694842329662390e-05
1.900629126400705558e-08
1.254544859940870079e-11
3.462718989202564368e-08
7.705007538693795193e-12
9.460077255224558116e-15
5.361108867403192435e-15
3.148530684426803010e-18
2.082191136878963067e-01
1.638158503447801912e-03
7.064962558514746961e-09
8.179412487502207060e-04
7.454040300779809354e-09
1.212127663416433936e-07
1.472878861491776935e-16
1.470291757889683949e-14
2.519947804047453629e-12
1.448797322534107454e-06
1.452029235358165311e-17
1.350729427832258697e-18
4.959796644895003595e-05
7.312644872015455828e-08
1.088882180907175362e-13
1.851904409077444785e-05
1.064063178460822294e-06
1.513131494345585714e-18
6.479940644894222400e-17
3.049099349089761299e-08
1.223987101356074581e-14
3.528721959896928741e-08
4.895926219149712743e-05
1.673190695787277072e-08
3.628302181478129242e-08
3.612115551785709163e-05
1.236730191393291892e-06
6.360259405727724606e-10
2.054205914768796239e-14
2.464312259163744716e-15
2.982797005819254614e-04
1.080863231678880543e-05
5.147607711603623722e-15
4.079614488544694348e-18
1.292752884591078248e-16
2.390733669846076736e-18
5.576537160037131747e-09
3.998297805759160832e-14
2.809489562115188247e-03
2.814497055246020730e-12
9.425448795515549870e-12
3.404895813789595386e-08
7.216204716311492766e-07
3.415909786587149149e-18
5.333114911649861218e-17
8.900206422272660317e-15
3.951756329854863715e-10
5.742278110723731798e-04
2.440610421852428409e-13
1.113269876541928027e-05
2.218007169699278794e-17
1.305717401137152382e-15
1.430827457049581263e-17
7.796764411639127449e-07
1.444167659390739600e-03
1.246977942139347562e-16
2.116203845757870899e-10
8.148435784748524695e-06
1.628201318145461709e-03
5.348251190748530757e-12
1.054329330015710049e-07
1.691112206990338443e-06
9.167803067184308789e-07
4.751092137815765452e-06
8.235327339237200038e-15
4.263787822488397485e-11
2.478183721998586907e-03
7.981504340095578747e-10
3.051067836601094392e-07
3.395933145694846771e-05
1.090114889209964921e-06
3.201096847898945805e-09
1.551358016476946087e-06
4.055050250670450643e-11
1.928771724349083181e-09
2.200244043161453486e-04
6.816677886032401438e-12
5.171248225488170270e-04
3.691806644699753511e-11
4.824136495902622147e-11
1.488161880386951790e-10
1.506828087649341182e-05
2.337323803935325819e-05
6.093765898773938446e-11
1.592811285346160295e-03
2.318847523379531167e-05
7.324790544937622250e-10
4.330823123586755002e-11
3.511997710012357385e-04
1.832519680718326348e-06
7.865069398619688084e-10
8.987897905598323753e-11
9.338479731456514221e-06
3.314576199482149948e-06
4.259557585909386042e-06
2.048674451362238040e-10
1.127413166371930366e-08
9.649957410944018510e-11
6.672964344690180589e-11
4.384258892262499173e-08
8.828692521338412661e-10
5.221699387351598207e-06
5.367420216465607591e-09
2.157615711071940210e-10
2.351711548765560752e-09
8.600912240745983094e-11
2.675344372117246341e-09
3.550397615031826071e-10
1.527538705986928505e-08
3.139350671863783718e-09
3.370901317908479714e-09
3.406581808774505902e-09
1.761231674681435875e-08
3.967575342382305689e-10
3.328805482997505030e-05
7.800578011884926280e-11
1.489678558411665691e-10
6.507040252627450270e-08
1.827371279641747593e-10
7.775829098751865994e-16
4.383881629079672425e-10
2.932838550323978863e-09
9.123417980364759844e-05
1.006197609571022960e-04
5.661744270823206981e-05
1.518714718453007226e-05
1.747203177853270050e-04
2.664379565467000409e-09
2.420481405171941733e-11
4.937873199560834320e-09
1.094362138491206513e-10
2.021951925291750836e-15
2.332883815944845385e-07
1.179798077163503927e-10
2.887452937970960871e-03
3.374309424390296675e-09
2.196449842067906667e-10
2.713482017266098101e-09
1.899052977105032257e-11
9.685483348773540987e-07
4.862760256651805301e-17
8.434581562191189775e-11
2.358786858791743452e-06
3.500228966545238782e-17
1.300467092858310427e-09
4.116581250354507920e-05
1.806114913225364713e-18
2.374499478988375047e-12
3.593772833573401738e-06
1.000000000000000072e-18
1.970962060190879162e-06
7.251279454033940796e-13
6.069323415534148250e-14
3.377290714508432213e-09
3.383371285294318211e-09
3.494387486025803460e-07
6.992115884188539433e-08
1.000000000000000072e-18
9.332736901203483263e-05
3.322654853067813874e-06
8.753561241284303390e-05
4.309320361097926349e-18
7.573589551043730091e-08
1.115126360666160792e-15
1.000000000000000072e-18
6.464344589417010143e-10
1.866094520292274662e-08
3.211045947909632241e-06
8.349663886402637983e-05
1.000000000000000072e-18
1.000000000000000072e-18
1.000000000000000072e-18
1.000000000000000072e-18
1.000000000000000072e-18
1.000000000000000072e-18
1.918365880667464532e-06
8.833982155364639159e-08
1.863388562921781109e-12
4.587583618234347650e-07
1.000000000000000072e-18
4.594005023472799272e-08
1.956796685627186596e-06
1.602422712705760890e-06
4.292732113799067504e-06
5.609846651223363420e-06
7.410370404478422996e-15
5.706139151338134717e-15
3.461512970011675348e-07
4.642222059195188525e-18
1.704158161907274973e-18
3.871680185759091463e-16
2.445778375323220105e-07
3.160670164573291226e-06
5.185505428219548983e-15
4.942110481883072358e-08
2.338465114529450167e-18
1.884942772124675474e-16
9.025928801927572426e-05
4.702550496389586535e-06
5.485590460850475775e-08
9.797160382150675036e-08
8.203953717918126570e-18
9.440394336824820418e-06
2.071210917866179565e-07
2.466716728996102426e-07
1.000000000000000072e-18
3.201752916716346770e-11
1.927355152297265059e-07
1.703265112950289580e-06
1.478853491120959603e-12
4.425198716667544814e-08
3.507307874266488260e-06
4.428843584124125433e-14
1.912046915787033532e-07
4.605453429257613443e-05
5.865318627720832929e-08
1.911437590303441945e-07
5.495671754680278034e-08
4.287558979549282709e-11
9.634200386865300419e-06
4.450653965475902063e-07
2.866904603585169639e-06
1.613310397130977548e-07
1.674337119275752292e-05
2.150344970804159199e-05
6.881280148210443392e-08
5.362026617597772120e-05
4.073573695545375111e-06
1.254627047217743782e-07
1.645250931324029206e-06
3.460989654996077221e-06
5.316202832129518644e-08
9.724471327398136919e-08
1.067497367822808468e-05
5.376266275639416959e-07
5.764153504996556193e-07
1.501271149641310013e-06
6.570526603398541780e-06
4.907409254527240021e-08
9.164282907869747419e-05
8.594595374951979694e-08
2.633115484860540250e-07
6.166103995491177054e-12
4.392643415803850074e-06
4.156155115970097054e-10
9.743958663616582688e-08
1.728377139408385307e-13
2.490038496197520961e-07
1.518942539190397091e-07
2.345203976304078222e-13
3.281728547439902415e-05
1.695915322554034508e-10
9.255249451958227035e-06
7.009093996716745067e-07
3.561873854922651141e-07
4.199527928483271657e-10
8.273203089494909568e-14
2.136204185031944699e-13
3.632902119166781571e-07
2.326696412581367310e-11
2.115926020950250120e-12
2.923487748330591206e-11
1.611981769636857309e-07
1.300705815615246417e-14
5.335372183076894785e-13
2.048324694151577188e-11
4.082345073584153934e-05
3.860894912561959290e-04
5.968189600147976927e-06
7.434825069984989053e-13
5.460543924520972940e-09
2.141873118082175524e-04
6.369112048591101319e-04
5.214739706447224193e-10
1.524099872065486877e-13
1.317068900714641097e-16
8.409693719755598968e-17
4.953504649954481585e-11
3.892076455057377892e-09
2.844086210595932571e-16
1.124736738903560403e-13
4.370297724786143903e-16
4.240300393745076255e-07
1.414494185427623891e-05
2.343534033203468277e-11
3.691286907403178039e-08
9.208944886312336561e-05
2.854946243893666680e-04
1.561975630713585301e-05
3.941203167163002952e-04
8.194325567294372128e-09
5.847954418043638625e-08
1.840514156298287553e-13
3.394171450627485691e-08
1.185294489049897136e-10
1.539054853540612475e-09
1.527020377589520685e-05
1.497351963879925662e-10
3.764215843882105362e-13
8.809592496806290296e-14
6.989264753023904416e-08
3.118530015988466923e-08
2.191669000871653444e-11
1.307455531857301565e-08
3.251289990305420438e-05
4.285505021707392990e-05
4.662316586052406930e-15
7.545953233419358899e-16
2.516486467244592571e-13
1.214292185350385834e-08
1.558712765596159640e-11
2.339270116739211461e-04
6.593718816297501911e-10
1.979775473036623568e-04
1.187867097027334222e-12
6.743979454804415038e-14
3.893469094929640384e-12
1.504437864096030631e-12
1.748550660879378215e-04
1.631787420157099453e-07
5.050473043333753071e-09
1.914460621345364325e-07
9.537281159816805560e-08
3.613417425529606817e-08
5.706992720783429123e-08
9.823772007328243122e-08
9.342826573463465928e-09
2.016113049570558962e-05
7.735396823269824990e-09
1.987213651591513998e-07
3.741161473735921954e-16
3.054050175561730214e-05
2.320931261060992954e-11
6.997613328365451782e-12
7.933244244839539777e-06
2.058832531547986949e-07
2.777752337377543529e-10
4.089869539288653114e-03
3.684128518407278130e-07
2.485861368217420457e-16
1.033040956355549695e-11
2.846102676343684592e-07
4.713156677042773003e-03
1.037535224987607096e-04
1.442881951634838623e-05
4.063396655543567266e-07
1.185580313103244158e-10
4.126379275780906112e-10
6.462607754691402483e-12
2.124695924429492867e-10
6.065914277367543166e-16
2.769431565035686507e-06
1.706163770255864980e-07
4.039179126059900055e-10
6.726813192562483570e-08
1.000000000000000072e-18
6.669087015783708588e-07
1.000000000000000072e-18
5.878395836480349048e-06
1.333540823701913232e-05
9.487562257312792712e-05
1.449813818218970152e-02
3.907038737810978168e-18
1.575678391007065249e-09
2.653626538263108339e-11
1.034317108817810375e-09
2.775736424604237250e-06
2.418102525319063001e-02
1.598826559452125119e-09
1.420051567724941969e-07
6.268602585824619629e-12
5.231701717315420417e-12
7.395358824863589104e-11
2.129544445948331768e-11
2.200505837773237692e-08
1.953286109435762039e-07
1.000000000000000072e-18
1.608675136555676868e-06
5.249631708149652014e-07
1.000000000000000072e-18
2.190431871479222616e-03
3.472234230587695900e-15
2.169537014817508083e-07
2.840495640803136117e-07
1.000000000000000072e-18
1.000000000000000072e-18
1.000000000000000072e-18
1.000000000000000072e-18
5.590909273726092905e-09
4.484950669004710611e-12
2.076156980337488018e-11
3.202564127586796732e-07
1.671460816745594566e-06
1.000000000000000072e-18
3.148313462456127886e-03
6.513261317462263461e-05
8.018873197009071245e-15
1.332834154947098398e-05
5.939802618873826927e-17
8.275802516855139219e-12
1.000000000000000072e-18
3.841152609765994520e-18
3.501096958413931371e-05
1.000000000000000072e-18
1.313104882373943663e-15
4.200026069731799349e-13
1.000000000000000072e-18
1.000000000000000072e-18
1.000000000000000072e-18
1.000000000000000072e-18
7.933130246250373286e-11
1.150429122094901423e-09
9.813841705405797894e-11
5.993105945599351484e-08
1.000000000000000072e-18
1.131802266346445684e-11
6.265241380133725275e-12
2.697960664661468913e-09
1.000000000000000072e-18
1.000000000000000072e-18
1.000000000000000072e-18
8.757848366049982498e-08
1.000000000000000072e-18
1.231933088027766560e-07
1.384561744729179043e-10
1.000000000000000072e-18
7.086530106631192755e-15
1.068853637820590485e-17
1.000000000000000072e-18
1.042992347370858720e-08
1.017189413288497406e-09
5.543234927497555959e-16
3.136283720336128261e-06
1.255857134162984739e-04
2.633502725976978493e-11
7.417850217495790330e-18
1.000000000000000072e-18
2.210773524029732128e-09
4.569579556726961796e-07
6.624350144784175175e-15
3.056962126894569026e-05
2.001671534714175276e-09
8.763213486093439250e-18
1.133368948483306434e-12
1.008296386344408156e-11
1.000000000000000072e-18
5.926805415824173806e-08
2.753760145987331812e-09
8.132177791195748526e-10
5.322488460192836952e-09
9.239497427940916357e-12
3.242606941734623852e-10
1.854201271315121856e-11
2.665882528505522126e-15
8.628493796081649596e-10
1.284099931541957138e-15
1.727826556453082876e-14
8.309645924621579072e-16
3.813531187598754952e-10
2.759403881165454348e-15
7.855451366823099846e-10
3.634122716329091946e-09
6.379235944131245514e-10
5.221538057313315701e-10
3.619411451934176018e-10
6.332152202887059655e-05
1.820683910214715214e-05
2.407282171175385697e-08
1.161757753789304313e-07
9.673900636877933291e-12
3.823283052633739550e-10
4.429125737722681025e-10
5.592432442784160285e-10
9.405234519654448681e-10
1.282504801347626339e-13
6.121267460954374834e-13
2.281549742841392746e-12
2.021720541740974933e-11
6.080387878639894129e-08
4.652881967156041852e-09
1.239381897087357115e-10
3.905300465480996893e-09
2.183840883384403474e-11
7.966631126243578906e-14
2.300593566460873208e-09
1.189766418966797900e-11
4.821871947157740019e-10
2.154281221030366687e-07
6.649376746285628844e-10
1.408538751079902893e-09
1.044005869011614297e-09
8.634197421684959627e-12
8.774899627507503804e-12
4.664937040312262640e-12
5.042885199098203007e-10
4.997600277345998031e-10
4.520619297447963279e-10
1.343005430556237155e-05
7.381537124006012464e-12
4.003996018479339196e-07
9.975454450960189960e-07
2.369624863618585145e-04
1.089316962042974901e-01
1.252588771588100496e-03
1.034196006740401929e-07
5.362965415086390667e-08
1.513316770793680375e-12
1.255426104054202017e-12
2.308051311744930817e-07
3.674585956345181198e-07
4.322832889793908115e-07
2.844548454334350296e-09
5.453349999088007104e-10
1.112430862364004931e-08
2.330105465726707049e-03
5.835163293143553650e-06
1.310590483270375473e-03
7.003605228816268584e-09
1.888840261915111259e-11
1.379108893998854435e-11
4.586223331208224265e-07
6.381072915816897728e-07
1.197135892817012464e-11
3.797394619737679782e-12
3.592273520670370688e-12
1.130736598277399109e-04
2.741070850970042861e-11
2.064203003067387462e-06
1.681803995192725219e-07
4.072526631365395892e-08
1.004807180861767167e-12
6.946563584212138858e-14
6.088330969566931657e-05
1.421758435335299244e-06
5.790470947755606848e-08
3.197669825468166173e-14
1.777371369642702107e-07
2.807840530032700701e-10
8.762439863775086450e-09
1.202301436369472478e-03
2.422776332998378621e-03
8.687219655690023301e-02
5.058190798048689507e-08
3.469946439143970209e-07
4.569279340726934308e-06
3.461199338153126118e-06
6.583030755411833096e-13
3.818361554670847164e-03
7.727322731429752930e-04
1.253838261782467159e-13
9.291485380577215238e-18
1.122479256817514166e-05
9.399843983958238262e-17
4.176197510433369056e-07
1.000000000000000072e-18
1.000000000000000072e-18
1.177926388297859610e-18
1.000000000000000072e-18
3.584154924474174877e-15
3.728395574329082546e-11
4.727168479292545412e-14
8.678532895352512931e-10
1.145204151626559705e-04
2.876817760967803939e-06
4.513343878449848477e-12
2.955628400736329316e-14
5.767108752332735932e-07
1.280849560893763211e-15
4.598177773548936668e-06
1.280378686582474492e-14
1.333301040153171088e-13
6.708711941163680176e-12
1.648896127832677450e-04
1.942987043603126452e-07
1.361127032202328932e-05
6.531840427723375729e-09
6.570368786975330779e-07
1.008105759123444438e-08
7.720857024851776120e-12
6.888492815528961598e-13
2.715446959004345557e-07
1.038977005736054871e-04
1.003455197965471163e-08
7.626275191745313178e-09
4.223992501731839358e-06
3.093360963680508261e-08
1.064170441736257916e-06
1.414719129909631245e-06
2.177491906404228386e-08
7.047829598078339421e-09
1.196404833746531709e-08
6.728807795949621800e-09
2.662256728586517860e-06
9.077723744105663630e-07
6.540834518343075671e-09
2.030750885963816825e-08
6.643017119512312997e-09
2.743470755559829460e-07
1.885776597053235312e-06
3.324152812357015845e-10
1.168695747086134079e-02
8.915612551935884674e-10
2.438413489364521324e-05
2.826088259265987027e-09
1.107073175406914196e-05
8.164033008915891202e-05
4.940912840479541333e-07
3.040230924305210505e-07
6.549990118763472039e-05
7.922338401884496179e-09
3.301817848359174829e-06
8.078552530501291515e-08
1.803929403988357213e-03
1.088232523196537247e-05
2.360902902394623715e-04
4.643764068834650179e-06
1.682113931874509860e-02
1.871267406705707792e-01
3.071245369610612802e-08
4.634562291578880411e-09
3.531611012493815889e-06
6.289326645075515591e-06
7.676465535317222779e-05
5.355684590341209552e-05
7.000445742889317658e-04
8.498078315222669257e-05
2.873642510673907495e-04
2.458751370214894943e-08
7.736727023604412778e-01
6.845509661004419368e-09
3.980347009224644559e-04
1.989063278813745377e-08
1.445407656418715939e-04
1.037111476711289401e-18
1.345614118717119851e-07
1.111306070153784964e-02
2.264757604605296005e-03
2.667507263737731865e-02
5.244976898128082907e-04
8.563064860987938676e-02
4.123846330329949614e-04
1.535441737311480648e-01
4.706839722152851619e-06
1.053635669717188159e-06
2.901766589739505561e-03
5.843077765081654404e-04
2.611225920807725212e-02
6.225046977177567281e-07
5.252948957894182716e-03
2.520646814495268892e-06
4.767969062712756369e-03
1.312462282183876693e-05
3.011874965412947303e-02
4.238170524403421193e-05
1.223314969062895147e-06
9.475716372864383000e-06
7.196349263926212431e-06
5.620554980587702355e-07
1.123271142581971525e-04
5.138478250427275285e-07
3.002471726453669401e-03
8.629851156315684532e-06
1.932442178686083652e-03
6.852800572346137278e-06
1.247918753690849085e-03
1.695576665951628874e-04
3.864631901260139890e-01
7.386317525762631231e-02
1.206379032630685932e-04
5.087500687142602809e-04
1.402337133893891141e-01
1.287774389957610064e-06
3.939864241470489498e-04
4.756825958055272567e-06
1.813488399575488672e-04
5.788493132166052811e-05
1.449990371612238716e-05
5.297536491637901377e-06
4.992144235063770864e-07
2.522340972326135057e-03
3.496091760653621794e-04
5.776601389302766750e-05
1.509451045895098356e-04
1.396676933707322304e-03
3.800451681054648487e-04
1.756942325527509645e-06
3.896112577132050236e-03
7.330921100178364885e-07
7.142294534136880979e-03
1.915367669887034442e-07
1.450132935060426467e-03
1.000000000000000072e-18
5.164702064146819444e-08
1.416823841549959343e-06
6.192808625119536756e-07
4.338489236142321903e-03
2.463110623040070450e-06
9.504415635720193229e-06
3.869967867199731020e-06
1.511724167772952678e-07
8.382493082235153992e-04
3.456137803618420821e-07
5.304308754333217224e-06
2.675440979378137886e-06
7.693938366687738854e-07
9.079529098008791215e-05
2.222560343801421601e-05
7.265833209783890154e-05
3.971211549456341852e-05
4.867569277879602415e-05
1.116777646028153286e-03
2.399938890129695111e-03
8.022862516176358888e-05
8.180359027176153908e-05
1.185172869333530815e-11
1.677614696383547576e-04
2.053757935156730677e-02
3.163385780375428733e-09
4.115654244483841095e-09
6.181777910767984963e-04
1.234512763525831862e-04
1.703584755600620279e-08
9.161792173115310047e-05
4.270359628493994308e-02
1.584908452000758028e-05
1.237479615029829185e-06
3.327478484269078010e-06
5.232039997321116999e-08
3.899225490092830372e-06
7.572348675082024684e-09
2.510244755814154335e-03
3.242032789034092209e-07
1.164339375339009134e-03
6.310757479330201201e-07
3.810472300239201851e-04
2.303875782188927423e-06
1.429898082505678698e-04
3.163222019768079964e-08
9.302965943980034957e-02
2.347648161941295365e-03
3.600344936760755126e-04
1.690302721333346176e-06
9.013187094254917228e-10
1.085562913366525974e-02
2.567934434274828093e-02
4.801300738862634457e-09
7.851232811590003982e-10
4.313719203177539990e-05
3.608069995946749787e-10
5.388788244961507012e-06
1.000000000000000072e-18
3.394599743676811291e-08
3.145530152081569033e-10
3.689733209309432676e-09
1.542391363028578714e-03
4.415966193707016148e-08
1.331011389984715853e-04
4.616777112132855270e-08
3.666115555347203346e-05
1.144455269874282172e-08
4.431153600638220962e-07
3.250624917437711900e-05
4.603463559917767337e-05
8.639059490549928271e-08
8.453692049423869168e-07
5.307550785977193937e-05
5.797698350761642429e-06
7.218580554074699188e-06
1.536913775699225347e-05
1.395168030545758647e-04
4.225482070613451415e-04
2.132523782753739886e-08
2.077266031022911809e-04
1.364528832891556177e-07
4.202989818817132444e-04
4.072662614921246692e-07
6.883899880947062875e-04
2.340913151764548866e-03
1.188832339074446243e-01
6.733662842736874384e-05
6.486752500385102838e-08
3.272874540398994052e-03
1.112033232745594734e-08
3.403742541920008469e-01
1.067863190158823904e-08
1.117178777666238271e-02
5.485286458594090471e-10
1.000000000000000072e-18
6.140924359599324406e-07
2.032016757155338804e-02
9.031690355288845206e-04
7.174544827341695381e-06
7.948744370807950458e-06
2.702756098915905150e-04
1.580237463584618940e-06
7.485439674580443461e-05
4.657232985021287178e-08
1.000000000000000072e-18
