4.986765393746055337e-05
1.004503913734173665e-01
1.988356025276244166e-01
2.933497424843580781e-01
3.824282715200088001e-01
4.648859394986374904e-01
5.399525881650844017e-01
6.072603463194117257e-01
6.667940088170551949e-01
7.188198507078866761e-01
7.638073738688597736e-01
8.023550959599471399e-01
8.351272161459998289e-01
8.628041111504555216e-01
8.860467644509603113e-01
9.054735191433604946e-01
9.216467777107325565e-01
9.350671525335948475e-01
9.461728207828745685e-01
9.553422475749268061e-01
9.628988794159003550e-01
9.691168051716286813e-01
9.742267051526276589e-01
9.784216561778938948e-01
9.818625397854612302e-01
9.846829248135599011e-01
9.869933774768855361e-01
9.888852033004185138e-01
9.904336550857811838e-01
9.917006564783407141e-01
9.927370967676307778e-01
9.935847528609360602e-01
9.942778913491091553e-01
9.948445988365384185e-01
9.953078832541656373e-01
9.956865833386421283e-01
9.959961182001013658e-01
9.962491041014350790e-01
9.964558613107328267e-01
9.966248301773790175e-01
9.967629123953168913e-01
9.968757507089315295e-01
9.969679580343600023e-01
9.970433050570328692e-01
9.971048737725158873e-01
9.971551831144391809e-01
9.971962917179731933e-01
9.972298819628743205e-01
9.972573286948422933e-01
9.972797554107232232e-01
9.972980801892536995e-01
9.973130532354623767e-01
9.973252875676676954e-01
9.973352840980291845e-01
9.973434521299130440e-01
9.973501261089136039e-01
9.973555793118032975e-01
9.973600350328475361e-01
9.973636757248194318e-01
9.973666504685392287e-01
9.973690810764832548e-01
9.973710670801883005e-01
9.973726898055352841e-01
9.973740157026991238e-01
9.973750990670632310e-01
9.973759842624752014e-01
9.973767075378586755e-01
9.973772985115534340e-01
9.973777813841545603e-01
9.973781759295092808e-01
9.973784983044461372e-01
9.973787617103940795e-01
9.973789769339791444e-01
9.973791527887383435e-01
9.973792964760356261e-01
9.973794138799594311e-01
9.973795098082793853e-01
9.973795881893254833e-01
9.973796522328562952e-01
9.973797045614991585e-01
9.973797473181493789e-01
9.973797822537220359e-01
9.973798107988545159e-01
9.973798341224904274e-01
9.973798531797497535e-01
9.973798687510411209e-01
9.973798814740200136e-01
9.973798918697025506e-01
9.973799003637988658e-01
9.973799073041487162e-01
9.973799129749645331e-01
9.973799176084707785e-01
9.973799213944123387e-01
9.973799244878266412e-01
9.973799270153913543e-01
9.973799290806119044e-01
9.973799307680608628e-01
9.973799321468403978e-01
9.973799332734124556e-01
9.973799341939113550e-01
