1.000000000000000021e-02
1.006020100502512626e+01
2.011040201005025452e+01
3.016060301507538099e+01
4.021080402010050392e+01
5.026100502512563395e+01
6.031120603015075687e+01
7.036140703517588690e+01
8.041160804020101693e+01
9.046180904522614696e+01
1.005120100502512770e+02
1.105622110552763928e+02
1.206124120603015228e+02
1.306626130653266387e+02
1.407128140703517545e+02
1.507630150753768987e+02
1.608132160804020145e+02
1.708634170854271304e+02
1.809136180904522746e+02
1.909638190954773904e+02
2.010140201005025347e+02
2.110642211055276505e+02
2.211144221105527663e+02
2.311646231155779105e+02
2.412148241206030264e+02
2.512650251256281422e+02
2.613152261306532864e+02
2.713654271356784307e+02
2.814156281407035181e+02
2.914658291457286623e+02
3.015160301507538065e+02
3.115662311557788939e+02
3.216164321608040382e+02
3.316666331658291824e+02
3.417168341708542698e+02
3.517670351758794141e+02
3.618172361809045583e+02
3.718674371859296457e+02
3.819176381909547899e+02
3.919678391959799342e+02
4.020180402010050784e+02
4.120682412060301658e+02
4.221184422110553101e+02
4.321686432160804543e+02
4.422188442211055417e+02
4.522690452261306859e+02
4.623192462311558302e+02
4.723694472361809176e+02
4.824196482412060618e+02
4.924698492462312061e+02
5.025200502512562934e+02
5.125702512562814945e+02
5.226204522613065819e+02
5.326706532663316693e+02
5.427208542713568704e+02
5.527710552763819578e+02
5.628212562814070452e+02
5.728714572864322463e+02
5.829216582914573337e+02
5.929718592964824211e+02
6.030220603015076222e+02
6.130722613065327096e+02
6.231224623115577970e+02
6.331726633165829980e+02
6.432228643216080854e+02
6.532730653266331728e+02
6.633232663316583739e+02
6.733734673366834613e+02
6.834236683417085487e+02
6.934738693467337498e+02
7.035240703517588372e+02
7.135742713567839246e+02
7.236244723618091257e+02
7.336746733668342131e+02
7.437248743718593005e+02
7.537750753768845016e+02
7.638252763819095890e+02
7.738754773869346764e+02
7.839256783919598774e+02
7.939758793969849648e+02
8.040260804020101659e+02
8.140762814070352533e+02
8.241264824120603407e+02
8.341766834170855418e+02
8.442268844221106292e+02
8.542770854271357166e+02
8.643272864321609177e+02
8.743774874371860051e+02
8.844276884422110925e+02
8.944778894472362936e+02
9.045280904522613810e+02
9.145782914572864684e+02
9.246284924623116694e+02
9.346786934673367568e+02
9.447288944723618442e+02
9.547790954773870453e+02
9.648292964824121327e+02
9.748794974874372201e+02
9.849296984924624212e+02
9.949798994974875086e+02
1.005030100502512596e+03
1.015080301507537797e+03
1.025130502512562998e+03
1.035180703517587972e+03
1.045230904522613173e+03
1.055281105527638374e+03
1.065331306532663348e+03
1.075381507537688549e+03
1.085431708542713750e+03
1.095481909547738724e+03
1.105532110552763925e+03
1.115582311557789126e+03
1.125632512562814100e+03
1.135682713567839301e+03
1.145732914572864502e+03
1.155783115577889475e+03
1.165833316582914676e+03
1.175883517587939878e+03
1.185933718592964851e+03
1.195983919597990052e+03
1.206034120603015253e+03
1.216084321608040227e+03
1.226134522613065428e+03
1.236184723618090629e+03
1.246234924623115603e+03
1.256285125628140804e+03
1.266335326633166005e+03
1.276385527638190979e+03
1.286435728643216180e+03
1.296485929648241381e+03
1.306536130653266355e+03
1.316586331658291556e+03
1.326636532663316757e+03
1.336686733668341731e+03
1.346736934673366932e+03
1.356787135678392133e+03
1.366837336683417107e+03
1.376887537688442308e+03
1.386937738693467509e+03
1.396987939698492482e+03
1.407038140703517684e+03
1.417088341708542885e+03
1.427138542713567858e+03
1.437188743718593059e+03
1.447238944723618260e+03
1.457289145728643234e+03
1.467339346733668435e+03
1.477389547738693636e+03
1.487439748743718610e+03
1.497489949748743811e+03
1.507540150753769012e+03
1.517590351758793986e+03
1.527640552763819187e+03
1.537690753768844388e+03
1.547740954773869362e+03
1.557791155778894563e+03
1.567841356783919764e+03
1.577891557788944738e+03
1.587941758793969939e+03
1.597991959798995140e+03
1.608042160804020341e+03
1.618092361809045315e+03
1.628142562814070516e+03
1.638192763819095717e+03
1.648242964824120691e+03
1.658293165829145892e+03
1.668343366834171093e+03
1.678393567839196066e+03
1.688443768844221267e+03
1.698493969849246469e+03
1.708544170854271442e+03
1.718594371859296643e+03
1.728644572864321844e+03
1.738694773869346818e+03
1.748744974874372019e+03
1.758795175879397220e+03
1.768845376884422194e+03
1.778895577889447395e+03
1.788945778894472596e+03
1.798995979899497570e+03
1.809046180904522771e+03
1.819096381909547972e+03
1.829146582914572946e+03
1.839196783919598147e+03
1.849246984924623348e+03
1.859297185929648322e+03
1.869347386934673523e+03
1.879397587939698724e+03
1.889447788944723698e+03
1.899497989949748899e+03
1.909548190954774100e+03
1.919598391959799073e+03
1.929648592964824275e+03
1.939698793969849476e+03
1.949748994974874449e+03
1.959799195979899650e+03
1.969849396984924851e+03
1.979899597989949825e+03
1.989949798994975026e+03
2.000000000000000000e+03
