1.000000000000000072e-18
1.000000000000000072e-18
1.000000000000000072e-18
1.000000000000000072e-18
1.000000000000000072e-18
1.000000000000000072e-18
1.000000000000000072e-18
1.000000000000000072e-18
1.000000000000000072e-18
1.000000000000000072e-18
1.000000000000000072e-18
1.000000000000000072e-18
1.000000000000000072e-18
1.000000000000000072e-18
1.000000000000000072e-18
1.000000000000000072e-18
1.000000000000000072e-18
1.000000000000000072e-18
1.000000000000000072e-18
1.000000000000000072e-18
1.000000000000000072e-18
1.000000000000000072e-18
1.000000000000000072e-18
1.000000000000000072e-18
1.000000000000000072e-18
1.000000000000000072e-18
1.000000000000000072e-18
1.000000000000000072e-18
1.000000000000000072e-18
1.000000000000000072e-18
1.000000000000000072e-18
1.000000000000000072e-18
1.000000000000000072e-18
1.237577812705343858e-05
6.322672617333013889e-02
3.088189148300635178e-01
3.496686211362690644e-01
1.832783578133316271e-01
5.389068478204668278e-01
2.762009404811019420e-01
4.260553618392372566e-01
7.321110550029126252e-01
3.891373100428401344e-01
3.376396745351974982e-01
5.083595019624889133e-01
6.586645271737558982e-01
6.608395422275008535e-01
5.536788353670207830e-01
4.344907537869022174e-01
3.682929983799584917e-01
3.682929983799584917e-01
4.344907537869022174e-01
5.536788353670207830e-01
6.608395422274346842e-01
6.586645271736857321e-01
5.083595019624401745e-01
3.376396745351974982e-01
3.891373100428401344e-01
7.321110550029126252e-01
4.260553618392372566e-01
2.762009404811212598e-01
5.389068478205767398e-01
1.832783578133314051e-01
3.496686211362690644e-01
3.088189148300635178e-01
6.322672617333013889e-02
1.237577812705343858e-05
1.000000000000000072e-18
1.000000000000000072e-18
1.000000000000000072e-18
1.000000000000000072e-18
1.000000000000000072e-18
1.000000000000000072e-18
1.000000000000000072e-18
1.000000000000000072e-18
1.000000000000000072e-18
1.000000000000000072e-18
1.000000000000000072e-18
1.000000000000000072e-18
1.000000000000000072e-18
1.000000000000000072e-18
1.000000000000000072e-18
1.000000000000000072e-18
1.000000000000000072e-18
1.000000000000000072e-18
1.000000000000000072e-18
1.000000000000000072e-18
1.000000000000000072e-18
1.000000000000000072e-18
1.000000000000000072e-18
1.000000000000000072e-18
1.000000000000000072e-18
1.000000000000000072e-18
1.000000000000000072e-18
1.000000000000000072e-18
1.000000000000000072e-18
1.000000000000000072e-18
1.000000000000000072e-18
1.000000000000000072e-18
1.000000000000000072e-18
2.309371635353940505e-14
1.160454317286924655e-18
2.947715170877219723e-02
2.476172038734601039e-03
1.000000000000000072e-18
2.441959500495582589e-05
3.778224747117879740e-11
4.941029602794132919e-16
1.130782453280227036e-02
3.643103292667852564e-17
1.928858113280355791e-13
1.372044028905621471e-08
6.680315607353788827e-03
6.581849599053415240e-03
5.101369106245139118e-03
1.297582708472917518e-15
8.873289336550034836e-09
4.327705707843076954e-04
3.535687302602702475e-03
1.785933629714715060e-02
9.981687710574000186e-04
1.202123322655472212e-02
3.726622895287821490e-03
1.017501376412305314e-02
9.458031158847989006e-03
2.994871974092168654e-01
6.886432792374793006e-03
5.339549331118834674e-01
5.766851822113613912e-02
6.115876335954525955e-02
1.579947059857042882e-02
8.322560276278663238e-01
1.394956485427681359e-02
6.888865656497850098e-02
9.643344335934486700e-02
2.929402914009921616e-02
2.023042088111669939e-02
1.322303872257842364e-02
1.376420322485836546e-02
1.538125924727683745e-02
2.167896904613985515e-02
3.426285987180324039e-02
9.056871478516609342e-02
8.290797989157229209e-01
2.478281717593108779e-02
3.995718006068562089e-01
4.178163183037401918e-02
7.574158793204888163e-02
2.576932679568752493e-02
3.049925793392829071e-02
7.407517490411968941e-02
2.011846201557832003e-02
5.377859557123761125e-02
2.071286099753832932e-01
2.922443044120255906e-01
7.371860665845755833e-02
1.669999395245805873e-01
5.590966190940233060e-01
5.668418630398734670e-02
9.645431837807909303e-02
3.946218698705898920e-01
5.012712089024298767e-02
5.129336409456473067e-01
4.354428659372812371e-02
6.336576121756559710e-02
3.064252515649196207e-02
5.666450836561860438e-01
1.783531550459757087e-01
3.978274844054475318e-02
2.832354665950171935e-01
4.504217670102580312e-02
4.219004877784340857e-02
6.613794123453310692e-02
4.859621770561811660e-02
1.338810096687515494e-01
4.269749732444133583e-02
3.519405464974097175e-02
9.621382078103080104e-01
1.539463716062446641e-01
1.582562435228734299e-01
9.391747282961153687e-01
1.144558004029789522e-01
6.388227776146769565e-02
2.577905879225113606e-01
1.034789454955084287e-01
7.823611768818534984e-02
1.192453501727104292e-01
1.785499914529080079e-01
9.739096238870392774e-02
8.471852616446140516e-02
8.874522370283458583e-01
7.653553608935712016e-02
9.656983438520967689e-02
1.321981112589001583e-01
8.718146705498103222e-02
8.346237053798752359e-02
1.230181472575577056e-01
2.971927268316258974e-01
9.249500319752863853e-02
1.085570025997633359e-01
1.018746271741544640e-01
5.135490917560965318e-01
9.239922543465403648e-02
1.039670897962442775e-01
1.731510699496388861e-01
1.994758865901911093e-01
1.120622913334830273e-01
6.682808424915913370e-02
9.769718922152220708e-02
5.402755895564096411e-01
2.450141134742299942e-01
4.494785390944640580e-01
2.371252596602623774e-01
1.708532491260187081e-01
8.176411186810190745e-01
1.200131432972217638e-01
8.931601832831170817e-01
1.819829097713856758e-01
2.193451421833142734e-01
2.743504190385509522e-01
1.382590626818623047e-01
4.606937205983620554e-01
1.257306228394267367e-01
3.480379552844020119e-01
1.410303901814984606e-01
1.424616458997450819e-01
3.523297644933343076e-01
1.417584996972286182e-01
2.210793218362802348e-01
1.301503175351505781e-01
1.151098483985313059e-01
1.126451213368782345e-01
2.890951189324074411e-02
2.476512221611981007e-02
1.058405652177699108e-02
7.286127245723289514e-02
3.034897811847822036e-01
9.699459294158200295e-01
7.403977664622374277e-01
4.071836182555855776e-01
5.142014987700510575e-01
6.624836514739376736e-02
1.435749802704346934e-01
3.970964108701782042e-02
9.824136708314969851e-03
7.269288310758987605e-03
3.519885798521960176e-13
6.205180888598877308e-07
5.131161300343325404e-01
1.529286415864867799e-01
1.496753584347551846e-01
1.626087796192775270e-01
8.119399024262693163e-17
4.843085378238806374e-13
3.275749682936608741e-04
1.000000000000000072e-18
1.849815156574171338e-01
2.807096902261525719e-04
4.844882026229341917e-10
6.135126823463366070e-14
1.473617937115398631e-02
6.800363807582567033e-03
7.400184900109407237e-13
1.322269943996141547e-02
6.148357282043048766e-02
7.332717849788115971e-02
6.698247767649000151e-02
1.094666048287761123e-01
3.974676538103848467e-01
3.570806412017611398e-01
6.329378287464734187e-01
1.771247921642499779e-01
2.036077020632115764e-01
5.792588273475810512e-01
2.063167543620507416e-01
3.046857350414140519e-01
2.208217509660020117e-01
1.775200290839734907e-01
5.751856706279867559e-01
1.779659713552817490e-01
6.608157452498321094e-01
3.011844241375791764e-01
2.040700414206598201e-01
1.668508607603133298e-01
1.972641227610150150e-01
4.178335374668816216e-01
3.874801381544076273e-01
3.045254812979431569e-01
2.079642596605291160e-01
4.900435779301214878e-01
1.954795700405701775e-01
1.906042353865609051e-01
1.152022145832318199e-06
7.074883400118291505e-09
9.663913935287393731e-01
7.510452148102293810e-04
2.221488821203931874e-01
5.434843777143297597e-03
5.160320218098961124e-03
3.515111578935613962e-02
2.256989730002825073e-02
1.871669893189097100e-02
2.042204236704257478e-02
2.333397206190121823e-02
7.229664019644210793e-02
8.868078778973970122e-03
1.244565687731919411e-02
2.200810423627538870e-02
8.764636612920213843e-03
1.380891999133019438e-02
1.126864232210378000e-02
2.647590169879579514e-02
5.157620405249554313e-02
1.683521449482627483e-02
5.474438312596596745e-02
4.550551834122969208e-02
1.944295290659317499e-02
3.577787394421696326e-02
1.567234849313476480e-02
1.455806325705591257e-02
5.217421108894634285e-01
2.975078889768880686e-01
3.905611510517780771e-01
7.755065983632343229e-01
6.754229938959313562e-02
1.980202730665930055e-01
1.645783928980237842e-02
3.349836038053420617e-02
1.569394494856494460e-01
8.873931644578461619e-02
2.339938062646627209e-02
9.973810647476404334e-01
3.068786242579756296e-01
1.086523728958190271e-01
1.880642206119374216e-01
1.106944681292485466e-01
9.884859216892770695e-01
2.512450890919215585e-01
6.859752499084973421e-01
4.727869984346504961e-01
2.745468148979373080e-01
2.164484773605668821e-01
8.802955378884311788e-01
4.279976409294120043e-01
4.041124553991645718e-01
6.051791606407580515e-01
5.293073555118589235e-01
2.271225205757651799e-01
6.812458734629672774e-01
3.242886133862096232e-01
8.155835334478578336e-01
4.270429530557152686e-01
8.590859040724372342e-01
2.921404555554209526e-01
8.825102785894547441e-01
4.060852966022784338e-01
3.084955384656969390e-01
2.523996953398957230e-02
5.405517391499038010e-02
9.698230216546685489e-02
1.274243459121970068e-01
4.358661676813740948e-02
5.558097431441928749e-02
5.239570237110374729e-02
5.929187710983455789e-02
1.403166694024071681e-01
8.325586547002497007e-01
8.864664034198115328e-01
7.025854944919790457e-02
1.477420072431430143e-01
9.555795066664235504e-02
3.691070957189004909e-02
1.505103910623264152e-01
3.679876567687918876e-02
1.750586642977059182e-01
4.672611767081310402e-02
6.458943708331116307e-02
1.211184274026011337e-01
1.203387695029894677e-01
8.579189926128835131e-01
2.950761566970837024e-01
9.517170796628910967e-01
2.767148253225164556e-01
2.814137963768231221e-01
6.004289388270219602e-02
2.009826603472441853e-01
5.505323168736399320e-02
5.710072036235387671e-02
3.141387723523150211e-01
3.268705475475914835e-01
2.681734471898865046e-01
7.767036524897835692e-01
4.346517641057080494e-01
3.359349629328652886e-01
4.816843896332560493e-01
2.838533364162497685e-01
7.151921738937006001e-02
6.286673519682248190e-02
3.462437154694007480e-01
6.348742262165207872e-02
1.223020381571976734e-01
1.149232583783142136e-01
8.673798417148334550e-02
9.515218967289880425e-02
1.233116804417809520e-01
1.018464259696978541e-01
1.362646225118490095e-01
1.146101461807658706e-01
9.875888194006524068e-02
1.087837890392043816e-01
1.216007901274327035e-01
1.282975700054888035e-01
1.042418804673566346e-01
1.025643677484286975e-01
1.786277945390544741e-01
8.382525666743233239e-02
2.743863400894155924e-01
1.178720662587131734e-01
1.566631140124952193e-01
1.220554817573208661e-01
1.560466402916050876e-01
9.638127271520458006e-02
1.210673382987703106e-01
1.129494511622760877e-01
7.625502685016970483e-01
4.713942004118608087e-01
4.749587289455033390e-01
3.386383986058226214e-01
9.577825510747011162e-01
4.611064573492845153e-01
9.986707055379847597e-01
5.932984294019975069e-01
7.163749709760013351e-01
1.966176295091161541e-01
6.724069494642637146e-01
2.141642360133549639e-01
3.430010619069839839e-01
8.364155794528393972e-01
6.287888300599568936e-01
4.839210893964198124e-01
5.053347682580703326e-01
2.770848939274694334e-01
5.685166790318260110e-01
3.022029526859431048e-01
9.555895702181240736e-01
2.961856292741841812e-01
7.764835330884068965e-01
7.061984385507129591e-01
9.913630241947763988e-01
4.174425109487925889e-01
7.306630865977252753e-01
5.992482717093199351e-01
1.436591176733821584e-01
1.069437736621772217e-01
1.150310909237279300e-01
1.079306266259530411e-01
1.692658173085000439e-01
1.400804505376395115e-01
1.528073863712949565e-01
9.325359541374083072e-01
1.314859713628310223e-01
2.126049748227227254e-01
1.392484202914152924e-01
1.926038417018293702e-01
1.314945866493187343e-01
8.255942706058607694e-01
1.258534135810401855e-01
1.258772540976000331e-01
9.896609481533820141e-01
1.223083746608242400e-01
1.271722278358470848e-01
1.519557826198831008e-01
6.194280474901751044e-01
1.135134129699023053e-01
1.254868910194465448e-01
8.967371631615835836e-01
2.565238402257870032e-01
8.457476043710552283e-01
1.488172349237538716e-01
2.271153714802099377e-01
8.773499645779730960e-01
5.517740792142436859e-03
9.256190935741167788e-03
3.992169470190777211e-03
4.048294934203846562e-01
4.236511070999987583e-01
4.827812064225782684e-01
3.734661150550828146e-01
5.166598370069318547e-01
9.524396730205028083e-01
9.991974151038651719e-01
1.438108178378244839e-01
4.485769259783866647e-01
7.220516211607533874e-01
4.382962175250245118e-01
5.746562470190881289e-01
3.435480780992288818e-01
8.112763705805123848e-01
4.874095889387957126e-01
3.297348986892757461e-01
6.743144288023532607e-01
4.252705551685928009e-01
8.608219906731749971e-01
9.999788417808044283e-01
3.069980785561314818e-01
2.815769022500611007e-02
2.540604437435944885e-01
3.258720735686040926e-02
6.663391798872553284e-02
9.078983292657819004e-02
8.587475928449199714e-01
8.743581677587303203e-02
8.151345424356039038e-01
1.971973917001015042e-01
7.167181652207011977e-01
1.739398994803341980e-01
1.720670766298138810e-01
1.782392545254512239e-01
1.820708575503129367e-01
8.712483032673487005e-01
1.896458085076100364e-01
9.888351001076451929e-01
4.989435214335878888e-01
8.501359470244935768e-01
1.665307166372329561e-01
2.449283908992273828e-01
8.168178431652001192e-01
5.770514704882091506e-01
1.735367210210903288e-01
9.856559159466203868e-01
9.924108672643505713e-01
1.955735183461245752e-01
3.291409234668559169e-01
2.389458639344573254e-01
3.322533819984903602e-01
4.554921713829204744e-01
1.996213444143352111e-01
7.846642500132384734e-01
4.656580820372427931e-01
1.977845634989971457e-01
6.726532161250295960e-01
4.212248642628931838e-01
9.067827255683469367e-01
3.232538004196653936e-01
3.856778295858953043e-01
3.823207095981938641e-01
6.383952957356393565e-01
4.444074654126956014e-01
3.777735058694647874e-01
9.208302376788092269e-01
9.587032780956616929e-01
3.963257360434512266e-01
2.717015767677828375e-01
9.561704470052968530e-01
7.493212386426092442e-01
2.765969756397017032e-01
4.321541061178867937e-01
7.277439648919576953e-01
3.818963331221013613e-01
3.612269476169287508e-01
4.485153789075920772e-01
6.215122958410997933e-01
6.119212638629615286e-01
7.234390048322619782e-01
4.297245691093762310e-01
9.985961371924552132e-01
9.931653583058972501e-01
7.640964617397854042e-01
8.690744467406739115e-01
8.306213649232773166e-01
8.974937252543059296e-01
3.829088938289558763e-01
4.732136534121519911e-01
4.166335890823492094e-01
7.188870683313048904e-01
4.906989513103595102e-01
2.129590262841666026e-01
9.857148874577056352e-01
2.044586942599050661e-01
3.418561754195512670e-01
9.386551713995890944e-01
2.667400042402616189e-01
9.822773330806582326e-01
2.331637842066482946e-01
5.196282790384584294e-01
2.530101367947116264e-01
9.643075720307813237e-01
3.195832107458832505e-01
3.611100999238048836e-01
1.577406581444041889e-01
1.748257445849707437e-01
4.329796674719385563e-01
6.540720394297122597e-01
2.815282289569401852e-01
2.243572713008493147e-01
2.379168798254482631e-01
2.730576041188901848e-01
2.860136088056131065e-01
3.899106649569283878e-01
2.658169158279759525e-01
4.147174013020708538e-01
9.251799369661021233e-01
9.999613617133297216e-01
6.310012692347276575e-01
2.596188829470148507e-01
4.177284945273505024e-01
3.133583939039060184e-01
3.717977402155709932e-01
3.715521950519776184e-01
2.876059769162040980e-01
4.835216857388192624e-01
6.628756475653276858e-01
9.017630485796299666e-01
7.241382227436272689e-01
6.653403426809403332e-01
7.501840683381983954e-01
9.987485910841383818e-01
9.907946117593878776e-01
3.546692209288406228e-01
9.071759217700045008e-01
8.165810549218865955e-01
6.604232839128939547e-01
3.410954347097066575e-01
3.059642101438235229e-01
3.740538930733985912e-01
9.746553500062190567e-01
6.065215307880232887e-01
7.622604966924624303e-01
8.846178211328512564e-01
4.068183208090426772e-01
6.442603012040921673e-01
4.494072458207476473e-01
9.068221140411986125e-01
7.788956620842464318e-01
4.502979471708842274e-01
9.801587328245769948e-01
5.148510785239162058e-01
7.381761667805784022e-01
8.377137335522055750e-01
8.371173792249546608e-01
9.303901462795777233e-01
6.646888325387081409e-01
4.808760181382816246e-01
6.857078248408601251e-01
5.491874890191513758e-01
6.843073769273665397e-01
9.933304315259462447e-01
6.460729885201611511e-01
9.998044538539504478e-01
4.398042397919845192e-01
5.403532870048121106e-01
8.815404377461517615e-01
9.531878677140953604e-01
6.876194075200160460e-01
7.311496220654855049e-01
6.875468143415649491e-01
9.004337089690901408e-01
4.038717011651755118e-01
6.970082753513812124e-01
6.270367626474506739e-01
3.954003540761758528e-01
6.437576026276048413e-01
3.688181163039923605e-01
2.903266747335280229e-01
7.755141216852865504e-01
7.938893779731215350e-01
7.682342089415228337e-01
9.337996084444156741e-01
6.372009456651579473e-01
4.545355490616742600e-01
4.562293077233331440e-01
5.011617033834900869e-01
5.120990485256382563e-01
5.267904973539705438e-01
9.970782555156684213e-01
6.862390048380953012e-01
7.747826908981022553e-01
7.782705018983651080e-01
5.686623226790263885e-01
5.838528731999348409e-01
9.460839433023769951e-01
2.940047532049337997e-01
8.233998549968721825e-01
9.877366268232725677e-01
6.586710891501706966e-01
8.531840399796344343e-01
3.487550487203519567e-01
9.914826388274463609e-01
7.958487310161067585e-01
8.407581857565055161e-01
9.516344592402934399e-01
6.226026840547527197e-01
9.514576858881680366e-01
6.694027777341353680e-01
9.366460202788083889e-01
5.966464315265727070e-01
8.597413258455917084e-01
9.327314015585186358e-01
9.227024353760712172e-01
4.652392031197591371e-01
5.200975916773608043e-01
9.975902885462013536e-01
4.492558185430776119e-01
4.554802064517766147e-01
9.310176004593450072e-01
4.891078129238861649e-01
9.823780594169714275e-01
7.372263210725513716e-01
6.574307238675088927e-01
4.459197349179619962e-01
8.852455049486936955e-01
5.554078472217574003e-01
9.964099723190309454e-01
6.588274028689583561e-01
9.991963387501345828e-01
9.992150840414206758e-01
5.313079261778548279e-01
9.979267721482595332e-01
5.992213825633535551e-01
8.713702741757152204e-01
6.093154620325841320e-01
7.371911626512936966e-01
7.806390609640867506e-01
7.579840910247210850e-01
8.752005244770386660e-01
9.974735413986781651e-01
3.613511591044148430e-01
9.891084579110975827e-01
4.044248513982930393e-01
8.617072645058351243e-01
9.122790722070175384e-01
3.515049374546602157e-01
6.098513250076230685e-01
3.875154258690159947e-01
4.817134166613125656e-01
9.222498091029481815e-01
6.626972452261850055e-01
9.554697745867187786e-01
4.212538980987642900e-01
3.403199433941002661e-01
8.279003523589363311e-01
5.491373966537237417e-01
6.080150538792432613e-01
7.006305809482780145e-01
9.930317639511522243e-01
6.599586401717401074e-01
5.246913285835350660e-01
6.964255166640348493e-01
7.238221374400858332e-01
5.527393640877208414e-01
9.612452163592525300e-01
7.110320168452087808e-01
4.414763629866914063e-01
4.340809556150366788e-01
7.168050082741737050e-01
6.395533951066070255e-01
5.887627888152832112e-01
6.229195271075484985e-01
8.852706665988764323e-01
5.124625882101763175e-01
9.878581904901635458e-01
7.239049793005727373e-01
8.718687791983275037e-01
9.989457797855595400e-01
7.600736086089734389e-01
4.736675509991801758e-01
4.803022551160448517e-01
6.409822965401003048e-01
9.072805345227257234e-01
9.640498210967146653e-01
9.761949354405238255e-01
9.979512829034246080e-01
4.689350340622373547e-01
4.964624936919352360e-01
6.277112063341909742e-01
7.420745529341372659e-01
5.355625195016893159e-01
9.862749506750895234e-01
6.079953089322904791e-01
9.201556024710431103e-01
6.162380380859417972e-01
6.188120051219228035e-01
9.982336149338643105e-01
5.872921423201651336e-01
8.142730879533828237e-01
3.973105503793230020e-01
7.351882644170937287e-01
9.999499892994434536e-01
4.409267473458327036e-01
3.826182467088600769e-01
4.534677345121435055e-01
4.444436525878771027e-01
7.157230623060768515e-01
5.067821178062369425e-01
9.494652001004426634e-01
6.482971407003219610e-01
5.836328122767434623e-01
6.079606454628266876e-01
7.501728598871222342e-01
4.998288057217838976e-01
8.736531946445345032e-01
4.462924674359937671e-01
9.196464212147614781e-01
9.227734808254914878e-01
5.838090161413435064e-01
4.274955055221993372e-01
4.695762891413983731e-01
9.435797564351873223e-01
9.524387412355986848e-01
5.193654518062530423e-01
7.048176082678899723e-01
5.902449268806988503e-01
4.550406251077618869e-01
9.119141304074180887e-01
9.784389724801133559e-01
4.256276141962929693e-01
4.496258168077191253e-01
4.289656338231040977e-01
9.979682625428283327e-01
5.253929859597434859e-01
7.302518682947252149e-01
7.844816262777249971e-01
9.989959467473132904e-01
6.348769440597497038e-01
7.211220073752303561e-01
6.140532024836951042e-01
5.554807305180726740e-01
5.244515142919190520e-01
4.319115436602292690e-01
7.485116518440787514e-01
9.995628472934443565e-01
9.998389114808481359e-01
8.115568259131180628e-01
5.701918395689925534e-01
9.453404601999227941e-01
9.280900380465357813e-01
6.824074724468437436e-01
5.722883923799384487e-01
4.904419521404234095e-01
4.190067853064643466e-01
4.087874614680661045e-01
9.861635724063005926e-01
3.577325692804241841e-01
4.770836279044234907e-01
6.517734547085805019e-01
4.965158501622338738e-01
5.226720940968785367e-01
7.584125532393174440e-01
4.004073948736278088e-01
4.887348168420146410e-01
9.220373726996644592e-01
4.064892176823358128e-01
4.940248327900310654e-01
8.809995231183345155e-01
5.657895755079387357e-01
4.110312817560271004e-01
8.982231641498935604e-01
4.315294559650499906e-01
5.856294670312447437e-01
4.515400969633490136e-01
8.291147003786799585e-01
9.324911460339271319e-01
4.710992863144819465e-01
5.276389030595591834e-01
9.546048605274686238e-01
4.574669135109510898e-01
5.402370288195600390e-01
9.311687858517747607e-01
4.551939688013399987e-01
6.586763511157839313e-01
9.477529033555290860e-01
7.768123910807194221e-01
6.908552303303694408e-01
9.958068795564272158e-01
8.308122901943280070e-01
6.397447326243594912e-01
7.005755118582571717e-01
9.452962027749031160e-01
5.889624694081961875e-01
5.854735763277630900e-01
8.411194964619197467e-01
4.090454183404772515e-01
8.854427081570387381e-01
7.482912004716972820e-01
5.312849539000976673e-01
3.213449387915562339e-01
7.818931791529372122e-01
8.947767508554239635e-01
9.934414035056764458e-01
3.879069258053017277e-01
2.557797791021725886e-01
4.238750060844960754e-01
9.112226589152535583e-01
5.045514378175066650e-01
3.757154024964646233e-01
4.511128369156526818e-01
2.881787134605734990e-01
9.936987411430755479e-01
9.442736119916598225e-01
8.455167054881943534e-01
1.000000000000028422e+00
1.000000000000013545e+00
1.000000000000011990e+00
9.999999999999950040e-01
9.999999999999990008e-01
1.000000000000000888e+00
9.999999999999956701e-01
1.000000000000000888e+00
9.999999999999988898e-01
1.000000000000002220e+00
9.999999999999997780e-01
1.000000000000002887e+00
9.999999999999991118e-01
1.000000000000000888e+00
9.999999999999977796e-01
9.999999999999994449e-01
1.000000000000003109e+00
9.999999999999970024e-01
1.000000000000000888e+00
9.999999999999975575e-01
9.999999999999988898e-01
9.999999999999981126e-01
9.999999999999971134e-01
9.999999999999986677e-01
9.999999999999991118e-01
9.999999999999993339e-01
9.999999999999993339e-01
1.000000000000002442e+00
1.000000000000001776e+00
9.999999999999984457e-01
1.000000000000002220e+00
1.000000000000001110e+00
9.999999999999972244e-01
9.999999999999998890e-01
9.999999999999990008e-01
9.999999999999982236e-01
9.999999999999834577e-01
1.000000000000000888e+00
9.999999999999897859e-01
9.999999999999962252e-01
9.999999999999995559e-01
9.999999999999980016e-01
9.999999999999964473e-01
1.000000000000000888e+00
9.999999999999982236e-01
1.000000000000004219e+00
1.000000000000001998e+00
9.999999999999964473e-01
9.999999999999895639e-01
9.999999999999966693e-01
1.000000000000001776e+00
9.999999999999966693e-01
1.000000000000001998e+00
1.000000000000001776e+00
1.000000000000000888e+00
1.000000000000001554e+00
1.000000000000001776e+00
1.000000000000002442e+00
9.999999999999995559e-01
1.000000000000000222e+00
9.999999999999990008e-01
1.000000000000000888e+00
1.000000000000000888e+00
1.000000000000000888e+00
9.999999999999965583e-01
9.999999999999994449e-01
1.000000000000004441e+00
1.000000000000001776e+00
1.000000000000006217e+00
1.000000000000001332e+00
1.000000000000001332e+00
1.000000000000002665e+00
9.999999999999998890e-01
1.000000000000000000e+00
1.000000000000000000e+00
1.000000000000001776e+00
9.999999999999983347e-01
1.000000000000000444e+00
9.999999999999995559e-01
9.999999999999991118e-01
9.999999999999982236e-01
9.999999999999993339e-01
1.000000000000002442e+00
1.000000000000001554e+00
1.000000000000000888e+00
9.999999999999985567e-01
1.000000000000001776e+00
1.000000000000001332e+00
1.000000000000000000e+00
1.000000000000001998e+00
9.999999999999991118e-01
9.999999999999995559e-01
1.000000000000000222e+00
9.999999999999968914e-01
1.000000000000000000e+00
9.999999999999986677e-01
1.000000000000001110e+00
1.000000000000000888e+00
1.000000000000001110e+00
1.000000000000001554e+00
9.999999999999988898e-01
9.999999999999964473e-01
9.999999999999995559e-01
9.999999999999975575e-01
9.999999999999978906e-01
9.999999999999971134e-01
9.999999999999984457e-01
9.999999999999973355e-01
9.999999999999988898e-01
9.999999999999980016e-01
1.000000000000002442e+00
9.999999999999967804e-01
9.999999999999977796e-01
1.000000000000000444e+00
9.999999999999984457e-01
9.999999999999997780e-01
9.999999999999990008e-01
1.000000000000001776e+00
1.000000000000001332e+00
1.000000000000001554e+00
1.000000000000001998e+00
9.999999999999982236e-01
9.999999999999993339e-01
9.999999999999995559e-01
9.999999999999975575e-01
1.000000000000001332e+00
1.000000000000000888e+00
9.999999999999990008e-01
1.000000000000000666e+00
9.999999999999995559e-01
9.999999999999978906e-01
9.999999999999970024e-01
1.000000000000001998e+00
1.000000000000000222e+00
1.000000000000001776e+00
1.000000000000003109e+00
1.000000000000000444e+00
1.000000000000004441e+00
1.000000000000001998e+00
9.999999999999986677e-01
1.000000000000000888e+00
9.999999999999996669e-01
9.999999999999982236e-01
9.999999999999980016e-01
1.000000000000000666e+00
1.000000000000000000e+00
1.000000000000000000e+00
9.999999999999998890e-01
9.999999999999983347e-01
1.000000000000002665e+00
1.000000000000000222e+00
1.000000000000002887e+00
1.000000000000001998e+00
1.000000000000003775e+00
9.999999999999960032e-01
1.000000000000000222e+00
1.000000000000001110e+00
1.000000000000000888e+00
1.000000000000001110e+00
9.999999999999986677e-01
1.000000000000000888e+00
1.000000000000002220e+00
1.000000000000000666e+00
1.000000000000000222e+00
9.999999999999995559e-01
9.999999999999992228e-01
1.000000000000001332e+00
9.999999999999987788e-01
9.999999999999967804e-01
9.999999999999934497e-01
1.000000000000001998e+00
9.999999999999984457e-01
9.999999999999982236e-01
9.999999999999996669e-01
1.000000000000002887e+00
9.999999999999974465e-01
1.000000000000002220e+00
9.999999999999998890e-01
9.999999999999973355e-01
9.999999999999982236e-01
9.999999999999985567e-01
9.999999999999985567e-01
1.000000000000000444e+00
9.999999999999973355e-01
1.000000000000002887e+00
9.999999999999993339e-01
1.000000000000000888e+00
9.999999999999984457e-01
9.999999999999995559e-01
9.999999999999993339e-01
1.000000000000001110e+00
1.000000000000001554e+00
1.000000000000003553e+00
1.000000000000000888e+00
1.000000000000002665e+00
9.999999999999981126e-01
1.000000000000001998e+00
1.000000000000000444e+00
1.000000000000000888e+00
1.000000000000000072e-18
