1.000000000000000072e-18
6.631926560997255356e-11
1.322897120872449409e-10
1.980430549149680379e-10
2.637025167453744755e-10
3.293839410435482912e-10
3.951967618344803011e-10
4.612448518118991136e-10
5.276272672656466469e-10
5.944389052001957502e-10
6.617710855027872135e-10
7.297120689613678011e-10
7.983475202397056237e-10
8.677609235194416174e-10
9.380339573604765678e-10
1.009246834366980875e-09
1.081478610441832820e-09
1.154807467737807607e-09
1.229310974847354021e-09
1.305066327295110413e-09
1.382150570993326957e-09
1.460640810978301468e-09
1.540614407454756898e-09
1.622149160927442977e-09
1.705323487987753392e-09
1.790216589142037470e-09
1.876908609913643684e-09
1.965480796317492794e-09
2.056015645691904360e-09
2.148597053774329694e-09
2.243310458822983368e-09
2.340242983514122785e-09
2.439483575282022514e-09
2.541123145715271202e-09
2.645254709577114906e-09
2.751973523978325079e-09
2.861377228197548385e-09
2.973565984616167829e-09
3.088642621210593183e-09
3.206712776025410351e-09
3.327885044034583367e-09
3.452271126784838687e-09
3.579985985205436057e-09
3.711147995960806070e-09
3.845879111717418367e-09
3.984305025693352232e-09
4.126555340857822060e-09
4.272763744148882096e-09
4.423068186080145461e-09
4.577611066111276997e-09
4.736539424163221286e-09
4.900005138665806662e-09
5.068165131534720616e-09
5.241181580484319932e-09
5.419222139094679199e-09
5.602460165063842956e-09
5.791074957090732280e-09
5.985252000849251034e-09
6.185183224531802260e-09
6.391067264458113622e-09
6.603109741265392818e-09
6.821523547217056014e-09
7.046529145189769999e-09
7.278354879923279848e-09
7.517237302142994963e-09
7.763421506192955787e-09
8.017161481846360215e-09
8.278720480991585856e-09
8.548371399924927521e-09
8.826397178016285536e-09
9.113091213550834312e-09
9.408757797589516913e-09
9.713712566732191582e-09
1.002828297571190074e-08
1.035280879079492939e-08
1.068764260501064131e-08
1.103315037628775789e-08
1.138971198962782076e-08
1.175772184450649004e-08
1.213758946875368984e-08
1.252974016022966927e-08
1.293461565768322949e-08
1.335267484225094086e-08
1.378439447113415402e-08
1.423026994507244528e-08
1.469081611131819149e-08
1.516656810390985682e-08
1.565808222313731050e-08
1.616593685619709274e-08
1.669073344114285997e-08
1.723309747635270210e-08
1.779367957785745778e-08
1.837315658700240724e-08
1.897223273105420892e-08
1.959164083950868946e-08
2.023214361901048807e-08
2.089453498995985394e-08
2.157964148805367748e-08
2.228832373419514335e-08
2.302147797639966856e-08
2.378003770753358610e-08
2.456497536294324562e-08
2.537730410226439917e-08
2.621807967995415219e-08
2.708840240934859344e-08
2.798941922533347297e-08
2.892232585101216928e-08
2.988836907407398202e-08
3.088884913890488110e-08
3.192512226084048293e-08
3.299860326934658983e-08
3.411076838731897625e-08
3.526315815412741235e-08
3.645738050049477710e-08
3.769511398379104285e-08
3.897811119285019728e-08
4.030820233197648239e-08
4.168729899440405104e-08
4.311739813611227470e-08
4.460058626157603345e-08
4.613904383375983929e-08
4.773504992143628431e-08
4.939098709773682347e-08
5.110934660472964593e-08
5.289273379976210987e-08
5.474387390031460811e-08
5.666561804519572921e-08
5.866094969105880342e-08
6.073299136446603399e-08
6.288501179103603304e-08
6.512043342464213989e-08
6.744284040113800123e-08
6.985598694271471788e-08
7.236380624074483886e-08
7.497041984682588760e-08
7.768014760375638481e-08
8.049751815031750666e-08
8.342728003605175358e-08
8.647441348471044823e-08
8.964414284770255739e-08
9.294194979174890639e-08
9.637358726802350938e-08
9.994509431337134935e-08
1.036628117377681943e-07
1.075333987560063285e-07
1.115638506257425896e-07
1.157615173584764758e-07
1.201341235748352090e-07
1.246897895807064549e-07
1.294370537463370385e-07
1.343848962765431434e-07
1.395427644666618025e-07
1.449205995459006170e-07
1.505288652173252260e-07
1.563785780119085997e-07
1.624813395829535611e-07
1.688493710767682383e-07
1.754955497258750523e-07
1.824334478222735489e-07
1.896773742404602313e-07
1.972424186931291199e-07
2.051444989168020523e-07
2.134004110001840448e-07
2.220278830849387505e-07
2.310456326869017705e-07
2.404734279057115509e-07
2.503321528125036128e-07
2.606438773289115937e-07
2.714319319363139846e-07
2.827209875822360617e-07
2.945371411813213727e-07
3.069080071415575854e-07
3.198628153827249559e-07
3.334325163536800993e-07
3.476498935983870097e-07
3.625496844679556262e-07
3.781687096277194739e-07
3.945460120650984874e-07
4.117230063660669757e-07
4.297436390961197643e-07
4.486545611962827451e-07
4.685053133866466077e-07
4.893485256599048080e-07
5.112401320462715765e-07
5.342396019399927816e-07
5.584101893973767518e-07
5.838192019482176067e-07
6.105382906079116326e-07
6.386437629379810401e-07
6.682169211798874429e-07
6.993444276827673507e-07
7.321187000621524352e-07
7.666383387664058340e-07
8.030085899929458129e-07
8.413418471907093274e-07
8.817581947117801448e-07
9.243859975378799162e-07
9.693625414107033520e-07
1.016834728143695677e-06
1.066959831392839470e-06
1.119906318721108912e-06
1.175854746413273934e-06
1.234998734192481561e-06
1.297546027766999831e-06
1.363719658005444213e-06
1.433759206513622118e-06
1.507922188479887802e-06
1.586485564884577804e-06
1.669747397550566929e-06
1.758028662067417831e-06
1.851675235375204303e-06
1.951060076772571406e-06
2.056585623350247673e-06
2.168686423381242403e-06
2.287832034066010005e-06
2.414530213283558401e-06
2.549330438694699973e-06
2.692827791748468369e-06
2.845667248933140530e-06
3.008548428080065358e-06
3.182230843776516576e-06
3.367539733095249677e-06
3.565372521048246516e-06
3.776706004589015228e-06
4.002604344820435368e-06
4.244227969549838818e-06
4.502843502744864624e-06
4.779834854114289281e-06
5.076715621355272562e-06
5.395142980037717397e-06
5.736933262192159411e-06
6.104079455089985648e-06
6.498770887249600592e-06
6.923415410321134184e-06
7.380664434345573203e-06
7.873441231339429856e-06
8.404972989904632198e-06
8.978827183649045287e-06
9.598952911116562627e-06
1.026972797771054233e-05
1.099601262448541372e-05
1.178321096927294068e-05
1.263734141807326603e-05
1.356511753600915560e-05
1.457404114615090368e-05
1.567250976208752722e-05
1.686994086991850894e-05
1.817691607457803821e-05
1.960534873583351473e-05
2.116867946851061849e-05
2.288210480468924163e-05
2.476284545786308289e-05
2.683046204838615681e-05
2.910722792103969506e-05
3.161857090689916962e-05
3.439359868062781230e-05
3.746572590893147687e-05
4.087342589860725443e-05
4.466113522964984349e-05
4.888034729733234455e-05
5.359094032304191152e-05
5.886279795548475551e-05
6.477779706943984929e-05
7.143225915562982046e-05
7.893999069852076231e-05
8.743607684758385981e-05
9.708164530778806841e-05
1.080698891442234970e-04
1.206337359559474785e-04
1.350556880467628483e-04
1.516805506076037661e-04
1.709320374948921696e-04
1.933346344203164409e-04
2.195426640612917473e-04
2.503793235915949354e-04
2.868896860534013958e-04
3.304134791103543046e-04
3.826861950303840697e-04
4.459812221981033662e-04
5.233119046329392414e-04
6.187215736449875507e-04
7.377021767595522183e-04
8.877961914708884560e-04
1.079439067060840134e-03
1.327033291776908873e-03
1.649875900206140399e-03
2.070918943267149436e-03
2.604435625975832797e-03
3.201356262896382435e-03
3.776367070700052675e-03
6.690896476384829150e-03
1.382167106291437228e-02
2.475320770168883480e-02
4.290915089188345605e-02
5.731442277234582300e-02
3.527587255049473292e-02
4.198802897965174530e-02
2.665798947650618866e-02
1.736316263977927959e-02
1.209307656666830030e-02
8.927792927001477682e-03
6.903461115421953738e-03
5.537199843846058595e-03
4.573374348686075515e-03
3.868380236789273341e-03
3.337101324423940706e-03
2.926685254142694786e-03
2.602974656819202412e-03
2.343121313726923872e-03
2.131379848912083076e-03
1.956614586904242403e-03
1.810768851884926242e-03
1.687895438986244294e-03
1.583525302982917741e-03
1.494246205385570819e-03
1.417415198089176133e-03
1.350958478015568945e-03
1.293229520677498636e-03
1.242906854222199054e-03
1.198919280343039261e-03
1.160390411031698554e-03
1.126597003696156677e-03
1.096937290255396193e-03
1.070906638153284931e-03
1.048078655083101293e-03
1.028090381044574533e-03
1.010630581658234373e-03
9.954304175598545877e-04
9.822559505308450269e-04
9.709020808067576024e-04
9.611876074293173059e-04
9.529511753900096489e-04
9.460479271678944252e-04
9.403467172874736650e-04
9.357277802666790888e-04
9.320807671850433107e-04
9.293030856852672883e-04
9.272984936303212003e-04
9.259759086728482254e-04
9.252484052796070089e-04
9.250323778104372350e-04
9.252468535190233731e-04
9.258129431880480955e-04
9.266534198270418845e-04
9.276924176696844633e-04
9.288552447694140707e-04
9.300683029215485627e-04
9.312591085192536240e-04
9.323564073470751948e-04
9.332903752953823672e-04
9.339928956168970769e-04
9.343979017327718991e-04
9.344417728393021507e-04
9.340637677930900161e-04
9.332064811016230676e-04
9.318163034620996574e-04
9.298438683148295110e-04
9.272444654331837757e-04
9.239784027576868975e-04
9.200112985564140589e-04
9.153142875695081081e-04
9.098641270317855100e-04
9.036431912704689538e-04
8.966393468021647498e-04
8.888457033211071695e-04
8.802602394694788654e-04
8.708853055887008903e-04
8.607270085527826556e-04
8.497944860883155024e-04
8.380990795348750239e-04
8.256534146867856470e-04
8.124704001309824165e-04
7.985621513640257536e-04
7.839388470052738355e-04
7.686075207601444611e-04
7.525707896401858527e-04
7.358255156245893137e-04
7.183613948972169660e-04
7.001594666726404211e-04
6.811905334320691617e-04
6.614134876747155157e-04
6.407735494937086447e-04
6.192004382828863096e-04
5.966065368232378397e-04
5.728851666025053116e-04
5.479091946839505624e-04
5.215303581402989681e-04
4.935799570732743230e-04
4.638719820322983393e-04
4.322103739261049069e-04
3.984030431060364545e-04
3.622865609505762120e-04
3.237670464167111649e-04
2.828843811677950919e-04
2.399075206395216535e-04
1.954660778551623552e-04
1.507133845909728025e-04
1.074931193764745485e-04
6.844172228352597557e-05
3.691133893616175611e-05
1.658048570633932853e-05
1.069777203454959253e-05
2.111589892438566304e-05
4.752251892923546226e-05
8.731865212968592473e-05
1.362820724075562088e-04
1.896883700457018213e-04
2.433492135616637322e-04
2.942029854206946148e-04
3.404220884344320332e-04
3.812107837913859517e-04
4.164938953142261163e-04
4.466261200452134508e-04
4.721738862752919734e-04
4.937733858521157516e-04
5.120486691208592797e-04
5.275705191706633749e-04
5.408402989125491236e-04
5.522877680919278899e-04
5.622759298244899657e-04
5.711088395085623520e-04
5.790401516950876562e-04
5.862812869491784143e-04
5.930087304323180489e-04
5.993703133925730713e-04
6.054904994015978528e-04
6.114747735413003302e-04
6.174132587195953681e-04
6.233836839077221527e-04
6.294538181586415088e-04
6.356834691383723068e-04
6.421261292903873404e-04
6.488303383720946463e-04
6.558408186062744368e-04
6.631994281969365171e-04
6.709459703351302196e-04
6.791188878335869617e-04
6.877558679255595109e-04
6.968943773034470433e-04
7.065721439467932165e-04
7.168275995206338340e-04
7.277002939691709074e-04
7.392312922703549692e-04
7.514635620617795631e-04
7.644423599254690374e-04
7.782156234727642631e-04
7.928343759584776393e-04
8.083531499443999315e-04
8.248304365037306511e-04
8.423291665953550836e-04
8.609172315313860747e-04
8.806680499102358074e-04
9.016611889921617631e-04
9.239830492613500647e-04
9.477276218581119757e-04
9.729973296913497095e-04
9.999039643729104240e-04
1.028569732673825050e-03
1.059128428012582300e-03
1.091726744576314995e-03
1.126525754077137070e-03
1.163702567890248030e-03
1.203452210438694502e-03
1.245989733209105707e-03
1.291552602721940564e-03
1.340403400141074999e-03
1.392832874965155114e-03
1.449163400327569545e-03
1.509752882701522825e-03
1.574999184014148641e-03
1.645345118905897162e-03
1.721284093472306292e-03
1.803366453275198882e-03
1.892206606155807632e-03
1.988490977090763643e-03
2.092986834541930592e-03
2.206551995377922619e-03
2.330145361101433523e-03
2.464838151175962385e-03
2.611825564618963039e-03
2.772438397589978201e-03
2.948153843405246916e-03
3.140604263227778949e-03
3.351582089753079186e-03
3.583038149057159606e-03
3.837069483191585511e-03
4.115891150785391112e-03
4.421784412989752423e-03
4.757011169462582213e-03
5.123681610901448941e-03
5.523559166643339687e-03
5.957784756936115172e-03
6.426502632967030955e-03
6.928375244862792007e-03
7.459988350331759124e-03
8.015174549470968635e-03
8.584327537169870320e-03
9.153840413967811313e-03
9.705869400018926618e-03
1.021867340003958409e-02
1.066776757404903388e-02
1.102800983216178574e-02
1.127649774221310859e-02
1.139584515115745454e-02
1.137716625955801503e-02
1.122205854221744632e-02
1.094304446307023046e-02
1.056209760987915879e-02
1.010693988135080192e-02
9.605418310494783646e-03
9.080186230437534145e-03
8.546934485171268567e-03
8.016420521586065800e-03
7.497085544527735956e-03
6.996059505987835617e-03
6.518993263243284646e-03
6.069779292806589711e-03
5.650578810285391586e-03
5.262095258709832690e-03
4.903936211725117705e-03
4.574958104080841664e-03
4.273549376735806364e-03
3.997843967067253590e-03
3.745873012526696084e-03
3.515667388323265134e-03
3.305323464447324552e-03
3.113042463157984947e-03
2.937151474482551164e-03
2.776112107314290985e-03
2.628521077725148349e-03
2.493105758943326387e-03
2.368716776884939069e-03
2.254319058411966090e-03
2.148982261072086928e-03
2.051871179778582896e-03
1.962236496853132003e-03
1.879406086705776371e-03
1.802776983056022294e-03
1.731808049155915494e-03
1.666013348717606700e-03
1.604956189272541481e-03
1.548243794982706546e-03
1.495522558666369239e-03
1.446473820363650478e-03
1.400810120357766884e-03
1.358271876974112124e-03
1.318624442891992623e-03
1.281655497590884979e-03
1.247172737573070712e-03
1.215001829944286531e-03
1.184984598668411540e-03
1.156977416273198642e-03
1.130849776941637288e-03
1.106483029772143854e-03
1.083769253539125510e-03
1.062610256551672124e-03
1.042916687213985873e-03
1.024607242661032406e-03
1.007607964400876856e-03
9.918516112642917614e-04
9.772771011647284241e-04
9.638290142271437998e-04
9.514571507709014683e-04
9.401161384461027360e-04
9.297650835387649216e-04
9.203672620910635389e-04
9.118898470396642492e-04
9.043036680680192722e-04
8.975830013061823504e-04
8.917053864018048819e-04
8.866514688356042558e-04
8.824048656695122460e-04
8.789520532014956280e-04
8.762822752623648055e-04
8.743874711311992818e-04
8.732622222711114305e-04
8.729037172997316163e-04
8.733117348122537834e-04
8.744886438724503450e-04
8.764394221817427061e-04
8.791716921313201278e-04
8.826957751404082043e-04
8.870247648882180133e-04
8.921746202611004293e-04
8.981642790634495558e-04
9.050157937844827052e-04
9.127544909774234268e-04
9.214091560969926318e-04
9.310122459606397097e-04
9.416001313539901956e-04
9.532133726979285723e-04
9.658970321405577512e-04
9.797010259401342947e-04
9.946805215741943811e-04
1.010896384655799026e-03
1.028415681472422084e-03
1.047312243799891846e-03
1.067667303598609152e-03
1.089570206289797085e-03
1.113119212555374648e-03
1.138422400028744983e-03
1.165598677869763471e-03
1.194778929072481998e-03
1.226107297467657429e-03
1.259742638783342521e-03
1.295860157845779006e-03
1.334653257065872810e-03
1.376335624784135467e-03
1.421143595846730391e-03
1.469338820942934012e-03
1.521211285700240770e-03
1.577082725200295915e-03
1.637310484251821912e-03
1.702291878104234164e-03
1.772469111769697488e-03
1.848334817893636803e-03
1.930438271855527705e-03
2.019392336476140415e-03
2.115881174285337910e-03
2.220668738129217765e-03
2.334608003982879734e-03
2.458650832685673176e-03
2.593858224167941255e-03
2.741410534934898141e-03
2.902616931614655001e-03
3.078922896995921546e-03
3.271913910285002749e-03
3.483312370632338315e-03
3.714963243568628320e-03
3.968801518244657357e-03
4.246790978216994673e-03
4.550818443029269397e-03
4.882519731561406166e-03
5.243002052455781985e-03
5.632411013732080939e-03
6.049267642675976338e-03
6.489471263291634283e-03
6.944830496361682586e-03
7.400958394260298903e-03
7.834381007154781612e-03
8.208839203186889949e-03
8.471178121227832675e-03
8.548230180019204816e-03
8.348171137540659134e-03
7.773286458160870264e-03
6.754890509981292812e-03
5.320047156621138425e-03
3.681675235061483437e-03
2.298246602173208749e-03
1.803119845728560914e-03
2.746193269025600479e-03
5.269427937554884561e-03
8.976297364836165887e-03
1.311884673612295077e-02
1.694386332365587292e-02
1.995054349631026833e-02
2.195497419269137537e-02
2.301464141877655398e-02
2.331190899154954310e-02
2.306057351643917008e-02
2.245317403532358369e-02
2.164106312711917834e-02
2.073329588263376350e-02
1.980350792357616491e-02
1.889863175389179528e-02
1.804672602827648090e-02
1.726308680695283482e-02
1.655465804844204886e-02
1.592304474091234961e-02
1.536646398391032162e-02
1.488090543577815991e-02
1.446068093506311728e-02
1.409844412949259364e-02
1.378464934557433776e-02
1.350627108122744516e-02
1.324437668388014216e-02
1.296976315519193963e-02
1.263525601316474456e-02
1.216253398014604040e-02
1.142181701077361368e-02
1.021123319349390157e-02
8.283158807214476352e-03
5.570738042688832062e-03
2.734528364012259530e-03
1.210938840801972912e-03
1.684160889234512064e-03
3.360603792133260662e-03
5.241708294830187478e-03
6.841316653755607873e-03
8.026760719209295389e-03
8.795276032012352280e-03
9.179200423890303273e-03
9.222262082861995211e-03
8.977877610439147574e-03
8.509048758142314511e-03
7.884216123036491899e-03
7.170063680217028494e-03
6.424437408075777019e-03
5.691863699680467341e-03
5.002292390116978849e-03
4.372042956441156772e-03
3.804704863514384462e-03
3.286789472108030651e-03
2.756893654256853832e-03
1.963913285815455795e-03
8.774256556066565649e-04
9.220834355452864426e-04
1.050708259021695175e-03
1.028684491534536576e-03
9.516831563149668726e-04
8.608117399165059495e-04
7.709949571057213898e-04
6.875777348024448904e-04
6.122007722970966353e-04
5.449970797003214022e-04
4.854857517118625881e-04
4.329598438188582248e-04
3.866606698051834189e-04
3.458559149963962519e-04
3.098724701830304126e-04
2.781074517190773848e-04
2.500287358567337406e-04
2.251706524667349517e-04
2.031276991557196693e-04
1.835477248212601369e-04
1.661252980678357529e-04
1.505955895935854108e-04
1.367288940461537292e-04
1.243258112310108331e-04
1.132130541033718766e-04
1.032398274259881371e-04
9.427471298704379358e-05
8.620299743373082324e-05
7.892438295775354017e-05
7.235102698048193450e-05
6.640586338241365714e-05
6.102116405109987073e-05
5.613730526715638271e-05
5.170170858097041368e-05
4.766793032762027565e-05
4.399487781256754759e-05
4.064613352921847469e-05
3.758937160452440948e-05
3.479585307408659880e-05
3.223998862373817268e-05
2.989895915460599046e-05
2.775238598094003801e-05
2.578204369600990258e-05
2.397160977659726247e-05
2.230644587119212619e-05
2.077340645651100200e-05
1.936067117281707595e-05
1.805759767884736240e-05
1.685459231707481115e-05
1.574299626223965619e-05
1.471498515125177436e-05
1.376348046957918398e-05
1.288207120559556784e-05
1.206494448633329826e-05
1.130682408092658882e-05
1.060291580618493663e-05
9.948858995906972557e-06
9.340683304879977223e-06
8.774770212657276582e-06
8.247818673380894958e-06
7.756814428033952715e-06
7.299002556141545425e-06
6.871862896462431169e-06
6.473088011774657093e-06
6.100563412428919198e-06
5.752349787771401631e-06
5.426667024520925141e-06
5.121879817340776588e-06
4.836484699691562445e-06
4.569098343027493455e-06
4.318446989897133368e-06
4.083356901848029891e-06
3.862745716503261781e-06
3.655614620016908769e-06
3.461041251532269376e-06
3.278173265448445623e-06
3.106222485397760470e-06
2.944459590988554456e-06
2.792209284692295205e-06
2.648845891849821038e-06
2.513789351732572949e-06
2.386501561993692454e-06
2.266483042750563015e-06
2.153269890014273387e-06
2.046430991270603187e-06
1.945565478770820289e-06
1.850300398544177858e-06
1.760288575334458649e-06
1.675206655619853807e-06
1.594753312624430366e-06
1.518647598795884047e-06
1.446627432626310382e-06
1.378448207950457860e-06
1.313881514984705126e-06
1.252713963382829486e-06
1.194746098496492288e-06
1.139791402847394863e-06
1.087675375556197952e-06
1.038234683138556585e-06
9.913163756778689712e-07
9.467771629260677257e-07
9.044827453723439988e-07
8.643071957616736032e-07
8.261323869449373294e-07
7.898474623039574028e-07
7.553483453229410811e-07
7.225372851747445992e-07
6.913224354600412931e-07
6.616174634823376971e-07
6.333411876638624396e-07
6.064172409097820945e-07
5.807737579116692920e-07
5.563430845488578494e-07
5.330615076984670186e-07
5.108690039038690212e-07
4.897090054781378163e-07
4.695281827344452940e-07
4.502762411410806452e-07
4.319057322951033509e-07
4.143718776967838113e-07
3.976324043877131120e-07
3.816473915891132595e-07
3.663791275445834077e-07
3.517919758333679961e-07
3.378522504769506276e-07
3.245280992139622110e-07
3.117893943660135113e-07
2.996076307610641850e-07
2.879558302211631678e-07
2.768084521584430165e-07
2.661413098573830644e-07
2.559314920525882542e-07
2.461572894403051841e-07
2.367981257883721610e-07
2.278344933338274260e-07
2.192478921799918387e-07
2.110207734256022835e-07
2.031364857778421203e-07
1.955792254188138024e-07
1.883339889113694211e-07
1.813865289453947707e-07
1.747233127395647842e-07
1.683314829265846688e-07
1.621988207618681694e-07
1.563137115066764378e-07
1.506651118470378824e-07
1.452425192192173689e-07
1.400359429213615959e-07
1.350358768990815792e-07
1.302332741003029816e-07
1.256195223017754944e-07
1.211864213161045987e-07
1.169261614942752363e-07
1.128313034442248810e-07
1.088947588912682956e-07
1.051097726110436783e-07
1.014699053701461792e-07
9.796901781384712690e-08
9.460125524419268984e-08
9.136103323541808444e-08
8.824302403702844150e-08
8.524214371802422358e-08
8.235354000873004737e-08
7.957258079940877690e-08
7.689484325741017692e-08
7.431610352700460823e-08
7.183232697826343980e-08
6.943965897344567484e-08
6.713441612128859101e-08
6.491307799141183901e-08
6.277227926275440545e-08
6.070880228153438996e-08
5.871957000571904830e-08
5.680163931437129089e-08
5.495219466153869772e-08
5.316854205557149316e-08
5.144810334588149838e-08
4.978841080023429143e-08
4.818710195665191041e-08
4.664191473494256345e-08
4.515068279375438593e-08
4.371133111986334426e-08
4.232187183718329275e-08
4.098040022370497692e-08
3.968509092524760886e-08
3.843419435554878396e-08
3.722603327280783792e-08
3.605899952336741257e-08
3.493155094373804392e-08
3.384220841266850913e-08
3.278955304543295892e-08
3.177222352293602266e-08
3.078891354865699620e-08
2.983836942683488475e-08
2.891938775566136252e-08
2.803081322959458805e-08
2.717153654522321433e-08
2.634049240542005571e-08
2.553665761680351804e-08
2.475904927580098443e-08
2.400672303885708940e-08
2.327877147256890863e-08
2.257432247975966076e-08
2.189253779770783733e-08
2.123261156495529977e-08
2.059376895330247619e-08
1.997526486177705122e-08
1.937638266953340825e-08
1.879643304479370034e-08
1.823475280709548063e-08
1.769070384024864746e-08
1.716367205353847308e-08
1.665306638883795363e-08
1.615831787140948672e-08
1.567887870229003002e-08
1.521422139025745769e-08
1.476383792147617825e-08
1.432723896501564497e-08
1.390395311252146959e-08
1.349352615040520295e-08
1.309552036299679123e-08
1.270951386517707087e-08
1.233509996308139374e-08
1.197188654152690179e-08
1.161949547688279547e-08
1.127756207415838087e-08
1.094573452714004301e-08
1.062367340046012400e-08
1.031105113252787527e-08
1.000755155829931104e-08
9.712869450903886325e-09
9.426710081184934113e-09
9.148788794248256099e-09
8.878830602144808419e-09
8.616569791845551460e-09
8.361749547693125062e-09
8.114121587539974730e-09
7.873445811805048808e-09
7.639489964699219140e-09
7.412029306886348784e-09
7.190846298859266959e-09
6.975730294319059163e-09
6.766477242852965883e-09
6.562889401207204843e-09
6.364775052449994504e-09
6.171948232313515964e-09
5.984228461991656412e-09
5.801440486655356495e-09
5.623414018922721579e-09
5.449983486493620952e-09
5.280987783119909392e-09
5.116270022037312596e-09
4.955677290929315620e-09
4.799060407425041075e-09
4.646273674053577845e-09
4.497174631479990145e-09
4.351623808733903837e-09
4.209484469006284855e-09
4.070622349428327285e-09
3.934905393056663922e-09
3.802203471062723509e-09
3.672388092856305468e-09
3.545332101556179483e-09
3.420909351841044027e-09
3.298994366764428261e-09
3.179461969577249068e-09
3.062186885956154851e-09
2.947043311259740497e-09
2.833904436497733245e-09
2.722641925566110637e-09
2.613125334924241478e-09
2.505221465211680038e-09
2.398793632246854552e-09
2.293700842320083284e-09
2.189796853567510305e-09
2.086929101328230040e-09
1.984937460536160513e-09
1.883652812106895722e-09
1.782895372583497192e-09
1.682472736524087687e-09
1.582177568597014973e-09
1.481784866224431088e-09
1.381048692684120912e-09
1.279698253200571994e-09
1.177433150443449777e-09
1.073917607794681741e-09
9.687733841913393814e-10
8.615710167545768720e-10
7.518189072633036515e-10
6.389496018012590180e-10
5.223023786314643141e-10
4.011009257003162070e-10
2.744244069849406457e-10
1.411695088794729441e-10
1.000000000000000072e-18
1.681284308170701534e-03
1.535380513582447872e-03
1.670017903735331348e-03
1.664850038213579273e-03
1.609424826193105390e-03
1.853055969549039514e-03
2.108923794358688163e-03
1.735685726774150676e-03
2.030781050075919272e-03
1.572862154655851451e-03
1.514201133352397009e-03
2.037657843382561715e-03
2.025819450880351601e-03
1.520137303585787549e-03
1.534711666214320057e-03
1.856243159553994625e-03
1.845531592157890295e-03
1.579823268032161951e-03
1.956533833978267838e-03
1.740345902042323128e-03
1.699877683089953987e-03
1.670091588784412351e-03
1.778520230143824151e-03
2.180270402698887902e-03
1.732812002200732242e-03
2.189641304569784740e-03
1.587846231163329543e-03
1.801657604846088707e-03
1.926148031741483496e-03
1.781632827018298686e-03
1.759109025138515204e-03
1.798497747181128197e-03
1.848605246514179422e-03
1.548434801165378405e-03
2.188626306101480908e-03
2.165982473020787794e-03
1.711388262844307619e-03
1.579869786277960948e-03
1.519027093827703036e-03
1.704039369724532314e-03
8.100093763931049328e-04
8.142072233209264815e-04
8.459673059139455288e-04
8.138958039056330609e-04
7.412548791927488787e-04
7.177120771834422704e-04
7.619335459913368974e-04
7.980878394699587744e-04
7.452471318243956803e-04
7.443501022642836978e-04
7.200617332803464126e-04
7.337222719823237272e-04
7.861203328956221622e-04
8.116300540575014559e-04
7.674256497256443446e-04
8.014264966673959522e-04
8.209145294663659949e-04
8.453916729065307596e-04
8.601973404187058560e-04
8.224092791434127773e-04
8.344086227307560919e-04
7.620438416187536469e-04
8.175890630148790897e-04
8.568147023437247501e-04
7.428314231152663514e-04
8.381308524945062753e-04
7.480645714952269005e-04
7.532746974151470747e-04
8.128093159642886447e-04
8.000270652975600321e-04
8.382774798491076165e-04
8.454567396000371021e-04
8.319327465536881889e-04
8.115240667549201590e-04
7.600820417233744618e-04
7.602066196353412251e-04
8.621243747681179345e-04
7.376503917682726216e-04
8.511329610408152830e-04
7.669114961520542319e-04
5.733306896571127576e-02
5.644201141632508578e-02
5.190314896621782415e-02
5.656505228663619850e-02
4.659003781805059335e-02
5.733975583544435178e-02
4.947725567952432346e-02
4.740895904839979857e-02
4.645004070391020590e-02
5.735817966091695530e-02
5.637933586568143196e-02
4.947252748162037778e-02
5.197653305098769855e-02
4.956993345741089046e-02
4.978521463348301729e-02
4.544987239907029297e-02
5.276907073637865375e-02
5.280765728335595766e-02
4.700727001583578091e-02
5.712688644351592709e-02
4.434046836297112631e-02
4.706137152298144055e-02
4.452650790956894783e-02
5.737219481292052392e-02
5.509545478586395928e-02
5.583428828065056804e-02
5.645720022631205148e-02
5.591590645522197256e-02
5.530030498791202453e-02
5.683173031069659736e-02
5.512949603066676085e-02
5.581345116619141483e-02
5.558895167471662735e-02
5.646483322798635102e-02
4.633953012670012639e-02
4.418322268006348585e-02
5.563167396134005571e-02
4.921335375329615597e-02
4.754433408777108266e-02
5.144855236021320111e-02
7.375884712165852418e-03
7.317285456591856099e-03
6.911146259112346119e-03
7.367358219880226072e-03
7.107517221516129052e-03
7.574630442649415117e-03
7.667599791293762054e-03
6.916744862238576388e-03
6.572942021532634203e-03
6.477416450560199122e-03
7.562345432350136426e-03
6.486773320191312198e-03
7.492726384266124029e-03
7.215756676047049324e-03
7.183680877648099608e-03
7.155820785170298806e-03
6.629609423887961039e-03
7.086652458739145337e-03
6.625582309385825638e-03
7.493046892455933541e-03
7.540886570131780445e-03
6.735659084404520443e-03
6.847463667548656790e-03
6.932782660822024885e-03
7.165113453140354097e-03
6.771380744890148282e-03
7.634701613980198094e-03
7.185017570238565708e-03
6.915867916596271127e-03
6.649815420167413775e-03
7.374966096978635352e-03
6.623198392462166344e-03
7.559644693285322292e-03
7.261084723538824455e-03
7.601810770510150118e-03
7.078784238431609817e-03
7.428925458048721633e-03
6.958889026209143583e-03
7.669036640167767489e-03
7.040839283225667003e-03
9.364853927684974435e-04
9.364274784217096765e-04
9.334062750667647358e-04
9.382192436347891115e-04
9.337834649578314467e-04
9.361053251366129556e-04
9.383791751397117971e-04
9.345247779701633872e-04
9.355554360162720478e-04
9.389096126471283736e-04
9.333045072577378018e-04
9.333986875518956224e-04
9.344457433967917181e-04
9.363130951891725489e-04
9.393597036466845010e-04
9.373087147918610952e-04
9.382071595168335913e-04
9.347374627338306827e-04
9.333228518658147517e-04
9.400911701710430507e-04
9.349877681862864710e-04
9.373324935322447250e-04
9.339775349113139252e-04
9.390354390767370564e-04
9.390948373604817529e-04
9.397903452081154832e-04
9.355813265048420427e-04
9.377954976830042396e-04
9.391396367230183534e-04
9.359766098245897361e-04
9.348586636212750109e-04
9.387824606191709368e-04
9.379218837882068779e-04
9.402964112139968519e-04
9.383047429201407099e-04
9.352055481521403656e-04
9.391898483854654997e-04
9.401918753247557638e-04
9.387548832977089331e-04
9.352634231868316942e-04
1.890647240094138481e-02
1.906106432338333656e-02
1.959515435988654422e-02
1.965567176566202987e-02
1.846573654950861565e-02
1.856991366898105844e-02
1.854013859213866910e-02
1.929827733718278773e-02
1.849348469307966758e-02
1.853398239333556644e-02
1.870659400683863036e-02
1.900653669811741900e-02
1.871162676253078708e-02
1.932469424079360024e-02
1.936777426218884088e-02
1.940271294927106704e-02
1.864178585351804543e-02
1.891345541435306143e-02
1.959568839343531557e-02
1.941770130149216012e-02
1.840938932216607676e-02
1.866590151140891038e-02
1.917616119862645963e-02
1.920637652549990818e-02
1.921543475687180133e-02
1.845827797976662757e-02
1.866339356311145364e-02
1.885600557035728084e-02
1.919150996997717046e-02
1.913632275199549093e-02
1.919751603584604616e-02
1.903772377409885738e-02
1.876281656805520517e-02
1.926200307456877106e-02
1.851467246754829113e-02
1.878493811592844842e-02
1.917438274856819377e-02
1.851138660659430377e-02
1.920677155166412506e-02
1.894513875078819923e-02
9.265453069779393518e-04
9.258375741101365934e-04
9.257052676871266707e-04
9.256284998388609022e-04
9.256731592885366917e-04
9.258332224563659745e-04
9.257137673698708717e-04
9.263974844130970108e-04
9.259493038859594946e-04
9.261784353310699609e-04
9.261948223359807528e-04
9.256656516001282326e-04
9.257638718990104758e-04
9.264109748448526435e-04
9.258068745455019267e-04
9.255319537334861200e-04
9.261754048405399994e-04
9.262879081983077132e-04
9.259473627921794257e-04
9.266220723554218852e-04
9.266869952605913049e-04
9.256435557910070496e-04
9.259499253812514654e-04
9.266314433825388261e-04
9.262331877097030805e-04
9.260953301070500281e-04
9.261573093090280867e-04
9.257213714200271219e-04
9.263329651856737693e-04
9.257381800149502718e-04
9.258609866836576587e-04
9.265855063466529266e-04
9.257033220608578512e-04
9.256113296372126117e-04
9.265549465473569939e-04
9.265317711517207910e-04
9.257555082905330381e-04
9.260163707150040422e-04
9.255092956701930053e-04
9.259247612338538996e-04
7.522799565946831218e-03
7.718836128236927774e-03
9.675802597264844193e-03
8.546010933176072591e-03
4.717597657876459495e-03
5.903807822018900496e-03
6.921376452280283455e-03
9.026697406748301900e-03
8.230011811335972982e-03
6.150626698373601320e-03
5.112493485742474961e-03
6.940127852068009827e-03
4.307109226496515925e-03
7.667350764043246066e-03
5.954482092420403452e-03
6.310141577205761500e-03
7.697750660928075889e-03
8.202316754251698719e-03
6.436274784310778291e-03
5.117921562808823085e-03
8.123342519433163558e-03
7.091034980003057403e-03
7.226672816932840776e-03
8.995274183315145333e-03
6.344798551056763172e-03
9.710728033216615290e-03
7.948031313269376952e-03
9.859455264101478142e-03
5.300828972001660200e-03
9.645911462728584684e-03
7.535718682922461047e-03
6.975845441863638176e-03
4.568858903316861710e-03
5.905589544194765790e-03
5.838111929308360294e-03
5.854893452087655409e-03
9.499303491520106474e-03
8.215772652511098631e-03
7.806042339287968396e-03
9.497547297636518143e-03
3.254264396865671604e-03
3.218835129111341595e-03
3.355071995698442368e-03
3.308055977103072347e-03
3.342776468854861179e-03
3.364325000331333960e-03
3.130709222587267377e-03
3.469400709759225872e-03
3.355020662841966868e-03
3.167936619588405858e-03
3.218680935192448894e-03
3.455259839535449861e-03
3.195975878984434488e-03
3.331854589634173931e-03
3.373444117346631726e-03
3.135369816806579668e-03
3.171398194792879495e-03
3.292082697535137718e-03
3.336060414519194210e-03
3.307517195175183142e-03
3.278960362928394403e-03
3.233698590204549857e-03
3.227708522690691650e-03
3.427108044650634643e-03
3.181232197820361204e-03
3.331729071945472003e-03
3.471904778278008061e-03
3.292978886248378728e-03
3.219091102384412893e-03
3.206798588510749535e-03
3.413751299851243252e-03
3.135420752722164854e-03
3.200425102123530784e-03
3.250036046469532633e-03
3.138688046351902506e-03
3.215514807331277831e-03
3.382832115199527982e-03
3.416290582991537202e-03
3.336745092031870741e-03
3.129269271988769675e-03
8.346141583814501580e-03
8.461406126513226419e-03
8.532599511448834759e-03
8.382436266401987329e-03
8.118546445741774142e-03
8.347522428466754713e-03
7.938860980528412645e-03
7.892959376846623090e-03
7.899016671375453519e-03
8.541509569984362740e-03
8.445285212577684913e-03
8.171160145855239573e-03
8.041389252835155071e-03
7.924667268671000200e-03
8.332199746688343303e-03
8.385244246031644741e-03
8.484931589878695612e-03
7.887165581400693015e-03
8.600169356470226123e-03
8.032054664385690837e-03
8.040352549399779752e-03
7.828405547325046482e-03
8.600129458560635404e-03
8.098211421567174523e-03
7.810830072717765346e-03
7.781027586887448617e-03
8.636848275629225094e-03
8.081202488772176382e-03
8.281535550788971314e-03
8.612325990221290917e-03
8.391048761131792919e-03
8.553969838497205505e-03
8.391133226729621461e-03
7.993355185509488578e-03
7.781859430444742695e-03
8.549292863007320123e-03
8.637489932022759248e-03
7.780430312792895389e-03
8.370602977200734818e-03
7.821167585576839151e-03
8.331090516165219270e-03
7.602839061038682046e-03
7.558278784804043672e-03
8.117403948480724982e-03
8.087034700543532795e-03
8.194897203346233547e-03
7.923209581754049949e-03
7.697313611602243574e-03
8.244292492217952448e-03
8.400601105158184839e-03
7.519297316102203747e-03
8.139549259563694586e-03
7.759116491064949050e-03
8.098434677562041037e-03
7.577088371114416160e-03
7.548984286806897578e-03
7.855017873583643520e-03
8.336726197296081414e-03
8.156892155078023995e-03
7.786962899531565258e-03
8.389224910535043878e-03
8.216441282265658438e-03
7.966235528931789323e-03
7.905533484388322166e-03
8.174176659399168959e-03
7.873188374223460961e-03
7.626161842048083395e-03
8.328184362445180400e-03
8.240183892936417398e-03
8.402024260845316825e-03
7.647356090536044058e-03
7.737283589618208605e-03
7.581567345710553928e-03
8.268259702324145047e-03
8.109884099845737077e-03
7.590584225886258529e-03
7.835160692883759784e-03
8.154205920733802876e-03
7.846269851760876574e-03
7.589483595901268601e-03
1.819718189092326766e-03
7.876642311124196607e-04
5.735071136508428785e-02
7.092652021061293839e-03
9.365126190987594756e-04
1.898534874955073309e-02
9.260497145493716813e-04
7.044928348103180610e-03
3.299580166931781206e-03
8.210626412558305609e-03
1.000000000000000072e-18
