1.000000000000000072e-18
1.000000000000000072e-18
1.000000000000000072e-18
1.000000000000000072e-18
1.000000000000000072e-18
1.000000000000000072e-18
1.000000000000000072e-18
1.000000000000000072e-18
1.000000000000000072e-18
1.000000000000000072e-18
1.069600874944404402e-18
1.236805237982853096e-18
1.418515349005198346e-18
1.615838388359360055e-18
1.829963086244585283e-18
2.062165719984312730e-18
2.313816558703343879e-18
2.586386789550837905e-18
2.881455962288334120e-18
3.200719991956376412e-18
3.545999762460961618e-18
3.919250377304606842e-18
4.322571107343829289e-18
4.758216089411634825e-18
5.228605833923908736e-18
5.736339604218744593e-18
6.284208735391157318e-18
6.875210965809056063e-18
7.512565860370320186e-18
8.199731410921273850e-18
8.940421906142659795e-18
9.738627170674243665e-18
1.059863328133052097e-17
1.152504487702326969e-17
1.252280918850269475e-17
1.359724192432519261e-17
1.475405516061867734e-17
1.599938739432813793e-17
1.733983593275799422e-17
1.878249180648179582e-17
2.033497740816088991e-17
2.200548707660246523e-17
2.380283086362445350e-17
2.573648174109065983e-17
2.781662652699105818e-17
3.005422083280948732e-17
3.246104835981330836e-17
3.504978489950914718e-17
3.783406742351457738e-17
4.082856868073594290e-17
4.404907775524227090e-17
4.751258707684660732e-17
5.123738641844443135e-17
5.524316445990337584e-17
5.955111854811975554e-17
6.418407333710037429e-17
6.916660905102975730e-17
7.452520017765718432e-17
8.028836546952891881e-17
8.648683020706620579e-17
9.315370176091776504e-17
1.003246595819821210e-16
1.080381608467411951e-16
1.163356630938681960e-16
1.252618653062750222e-16
1.348649690218478568e-16
1.451969611970927779e-16
1.563139207018820179e-16
1.682763504917922685e-16
1.811495376884200234e-16
1.950039439991475601e-16
2.099156291277626750e-16
2.259667100678506191e-16
2.432458594341741471e-16
2.618488462753318182e-16
2.818791231264730667e-16
3.034484634063459216e-16
3.266776536414129943e-16
3.516972454146090497e-16
3.786483723909002379e-16
4.076836382704171755e-16
4.389680820667207232e-16
4.726802277077264820e-16
5.090132256153389910e-16
5.481760946427376937e-16
5.903950735422096875e-16
6.359150920086475162e-16
6.850013723022912795e-16
7.379411735079903939e-16
7.950456916469257756e-16
8.566521301312254710e-16
9.231259564545538143e-16
9.948633625553805443e-16
1.072293947989828581e-15
1.155883646923409626e-15
1.246137922014378558e-15
1.343605250535962573e-15
1.448880930592562747e-15
1.562611238051864743e-15
1.685497967867324054e-15
1.818303396835745358e-15
1.961855708556057833e-15
2.117054925466441480e-15
2.284879397380629049e-15
2.466392900966735333e-15
2.662752410167401105e-15
2.875216603706336380e-15
3.105155182628914696e-15
3.354059078357902883e-15
3.623551640088880941e-15
3.915400899597009930e-15
4.231533021778179059e-15
4.574047060616127170e-15
4.945231152883105845e-15
5.347580295883142366e-15
5.783815871097139989e-15
6.256907092864317533e-15
6.770094580433756246e-15
7.326916273070961576e-15
7.931235931652339194e-15
8.587274496613689514e-15
9.299644601548180294e-15
1.007338857453259956e-14
1.091402029579731330e-14
1.182757132109176809e-14
1.282064172554041675e-14
1.390045617349976343e-14
1.507492577655607840e-14
1.635271636506831877e-14
1.774332386936384822e-14
1.925715758576875872e-14
2.090563219111657745e-14
2.270126946840086287e-14
2.465781081715404749e-14
2.679034174639686388e-14
2.911542968735030529e-14
3.165127661939164631e-14
3.441788817816245737e-14
3.743726111173833886e-14
4.073359117211051442e-14
4.433350377808998707e-14
4.826631006566276302e-14
5.256429125689284040e-14
5.726301463329672738e-14
6.240168479943834746e-14
6.802353437332787241e-14
7.417625874882592164e-14
8.091250014944344800e-14
8.829038684153983902e-14
9.637413410803916872e-14
1.052347144130049527e-13
1.149506051258433737e-13
1.256086232367402209e-13
1.373048576993681654e-13
1.501457114027425902e-13
1.642490663240977710e-13
1.797455871747147268e-13
1.967801808507685518e-13
2.155136312757253055e-13
2.361244318091262231e-13
2.588108403442524216e-13
2.837931855764122536e-13
3.113164567549058198e-13
3.416532136046760295e-13
3.751068580986658771e-13
4.120153154719779150e-13
4.527551784015415388e-13
4.977463757546317657e-13
5.474574358806453238e-13
6.024114242501975996e-13
6.631926465284034853e-13
7.304542211308527873e-13
8.049266402139655159e-13
8.874274552021670727e-13
9.788722427091649875e-13
1.080287029485471219e-12
1.192822381305299449e-12
1.317769391061036567e-12
1.456577836427636272e-12
1.610876818071717027e-12
1.782498236424504978e-12
1.973503519587391763e-12
2.186214078255379965e-12
2.423246037111522313e-12
2.687549877714872729e-12
2.982455727539253995e-12
3.311725145958032518e-12
3.679610393495846671e-12
4.090922328994086652e-12
4.551108264513610641e-12
5.066341324629177876e-12
5.643623110970321629e-12
6.290901771232977887e-12
7.017207922531408869e-12
7.832811291558513167e-12
8.749401420141119951e-12
9.780296358263221452e-12
1.094068394408892740e-11
1.224790107188014025e-11
1.372175729794983966e-11
1.538491026079554575e-11
1.726330172915687898e-11
1.938666468304211647e-11
2.178911372872313465e-11
2.450983341110975489e-11
2.759388169083219907e-11
3.109312909012367623e-11
3.506735789254797321e-11
3.958555044275218303e-11
4.472740120015187420e-11
5.058509395884149764e-11
5.726539380571781811e-11
6.489211325846809845e-11
7.360902398542392448e-11
8.358330003105466311e-11
9.500959613739269914e-11
1.081148862872567094e-10
1.231642139015832727e-10
1.404675373254775546e-10
1.603878937431636645e-10
1.833511532354809290e-10
2.098576945535051019e-10
2.404964081248372620e-10
2.759615233698372370e-10
3.170728710637990253e-10
3.648003329331429991e-10
4.202934071798372457e-10
4.849170394744801254e-10
5.602951460565715503e-10
6.483636042622072687e-10
7.514349258627364312e-10
8.722773856973878521e-10
1.014212085580604316e-09
1.181232334906449413e-09
1.378150881810856801e-09
1.610782007235453364e-09
1.886167397881532456e-09
2.212857174314149892e-09
2.601260642504301844e-09
3.064085495241719758e-09
3.616889629218580377e-09
4.278776889920083584e-09
5.073277487932655068e-09
6.029466336229569833e-09
7.183389221992029778e-09
8.579889044660416734e-09
1.027495440224070296e-08
1.233875349497858820e-08
1.485957172584332380e-08
1.794894729974796356e-08
2.174840381784957519e-08
2.643832420413177942e-08
3.224971349579712236e-08
3.947988421997461148e-08
4.851350433079174469e-08
5.985102913877168121e-08
7.414737818649296805e-08
9.226494140548542889e-08
1.153467992283165325e-07
1.449187185306123135e-07
1.830325119724352700e-07
2.324694741360445698e-07
2.970320489023223061e-07
3.819666333323620574e-07
4.945838123342645423e-07
6.451799994280144905e-07
8.484262224809448189e-07
1.125492951515355610e-06
1.507355737670429132e-06
2.040033112316557173e-06
2.793056453853255141e-06
3.873479124155972997e-06
5.449641993180582829e-06
7.792660317417299137e-06
1.135124738246373697e-05
1.689182821147860045e-05
2.577265989403662756e-05
4.050863510855574537e-05
6.600987898875219754e-05
1.125144043089384884e-04
2.032382447501276707e-04
3.970303165809932846e-04
8.682301598822677983e-04
2.270404697733968431e-03
8.248775179816042122e-03
5.847069469517952173e-02
6.854218555623185771e-02
2.184742885533064866e-02
1.343721149160962032e-02
1.170248007308243368e-02
1.297555917684264579e-02
1.817496082444050240e-02
3.500917096247509880e-02
1.297533424810486391e-01
6.815411255069433460e-01
5.927623616657522188e-02
1.709607486765973156e-02
7.788581838338303441e-03
4.419054390900222298e-03
2.857780462487143503e-03
2.018389370097465468e-03
1.519957081445498948e-03
1.202338209957903772e-03
9.891547885319117595e-04
8.404240984334558195e-04
7.336611189800900301e-04
6.554838658883921278e-04
5.975567998931371420e-04
5.544929601926055097e-04
5.227067327387361750e-04
4.997564798152824127e-04
4.839527226411761236e-04
4.741167204863965218e-04
4.694275937083855314e-04
4.693234753804337539e-04
4.734368247755503588e-04
4.815522170901785160e-04
4.935796933322003123e-04
5.095396811271507087e-04
5.295574246848247946e-04
5.538662715358768718e-04
5.828203587058775623e-04
6.169184533733990897e-04
6.568421675749053787e-04
7.035137979339034248e-04
7.581821427977959802e-04
8.225496980852510650e-04
8.989632362059706006e-04
9.907049883228495786e-04
1.102449546413060769e-03
1.241004784798838741e-03
1.416561177208518901e-03
1.644897028595165497e-03
1.951487197033909384e-03
2.379671843698343264e-03
3.008248135351605183e-03
3.993395533686362742e-03
5.682871026812636242e-03
8.990437273803608687e-03
1.701819322243684068e-02
4.640144690121550397e-02
3.307956240479394960e-01
1.423186493461617852e-01
2.643870980775470461e-02
9.993814235273849184e-03
5.031644069706447259e-03
2.948354501373133367e-03
1.897834609446451357e-03
1.302531011794647075e-03
9.367459253969703196e-04
6.982069992346118725e-04
5.353824693541875054e-04
4.201451233825029144e-04
3.361520040180969882e-04
2.734178772494707393e-04
2.255847957212923243e-04
1.884621735658481079e-04
1.592057606000521974e-04
1.358358007276369496e-04
1.169437338392506322e-04
1.015079289797985796e-04
8.877467109712993516e-05
7.817939539113698440e-05
6.929341613941531451e-05
6.178719262670851213e-05
5.540455262395015449e-05
4.994431701612305060e-05
4.524701112399715896e-05
4.118512781365023392e-05
3.765590680312535068e-05
3.457592036423850265e-05
3.187697181953296611e-05
2.950295896776631343e-05
2.740745422994578814e-05
2.555182237407104228e-05
2.390374513830075047e-05
2.243605647093531249e-05
2.112581678673589115e-05
1.995357252731372219e-05
1.890276040138777033e-05
1.795922534216661028e-05
1.711082841103469656e-05
1.634712627276916198e-05
1.565910794647123360e-05
1.503897764162414387e-05
1.447997486855116789e-05
1.397622484817350331e-05
1.352261367045023926e-05
1.311468376276512417e-05
1.274854610225936122e-05
1.242080629482007772e-05
1.212850218975767373e-05
1.186905113477363540e-05
1.164020532481651286e-05
1.144001397943598876e-05
1.126679131063668617e-05
1.111908942817626942e-05
1.099567548046288870e-05
1.089551245354424776e-05
1.081774315355430592e-05
1.076167698369609238e-05
1.072677919883152089e-05
1.071266238179009852e-05
1.071907993785029822e-05
1.074592144933682359e-05
1.079320977244804711e-05
1.086109979457589428e-05
1.094987880362039261e-05
1.105996845211306821e-05
1.119192832923793251e-05
1.134646118390900699e-05
1.152441987273381029e-05
1.172681613877850628e-05
1.195483136139149188e-05
1.220982945485150092e-05
1.249337213528062279e-05
1.280723682224058607e-05
1.315343749501226958e-05
1.353424888527237798e-05
1.395223445952728115e-05
1.441027872839086487e-05
1.491162451818495715e-05
1.545991595651283510e-05
1.605924806119861321e-05
1.671422398591817786e-05
1.743002117162211078e-05
1.821246788742714748e-05
1.906813192658961498e-05
2.000442356308608087e-05
2.102971528537275281e-05
2.215348132246911772e-05
2.338646058411196653e-05
2.474084737703994582e-05
2.623051516583472270e-05
2.787127976000334549e-05
2.968120968088795402e-05
3.168099315841191673e-05
3.389437331272243442e-05
3.634866569737763204e-05
3.907537565778865669e-05
4.211093707088243244e-05
4.549759921288166694e-05
4.928449505643730231e-05
5.352893262574421685e-05
5.829796166546570552e-05
6.367028150409440002e-05
6.973857354431429816e-05
7.661236453694838838e-05
8.442155636861434372e-05
9.332079678998161747e-05
1.034949164333592891e-04
1.151657248750956027e-04
1.286005482809944264e-04
1.441230115388036741e-04
1.621267302527844159e-04
1.830927988591644082e-04
2.076122636973288149e-04
2.364151876736860728e-04
2.704084949520317019e-04
3.107256015457394126e-04
3.587919971788271559e-04
4.164126051709524773e-04
4.858891534693179654e-04
5.701793158345644244e-04
6.731146128126567867e-04
7.997019257905509841e-04
9.565454706736019243e-04
1.152444655610246295e-03
1.399252513898946101e-03
1.713126361010548640e-03
2.116379186930799228e-03
2.640268880103441382e-03
3.329282687716181993e-03
4.247861771344101783e-03
5.491211901552704201e-03
7.203155535599138973e-03
9.606509152006897576e-03
1.305653346938290965e-02
1.813853099163990207e-02
2.585334379490147536e-02
3.798466119312347150e-02
5.785238150763118148e-02
9.187177066237264822e-02
1.524996002391957872e-01
2.610145048700455717e-01
4.312181903141574235e-01
5.852721675430334614e-01
5.705182301379175813e-01
4.425377987672993729e-01
3.243102652233245120e-01
2.429820296415895475e-01
1.895211845987735122e-01
1.536425444597901424e-01
1.287049725379393605e-01
1.107758010942599680e-01
9.752250038661999798e-02
8.752838511828078816e-02
7.990964288647445235e-02
7.410221427391169846e-02
6.974082417912629006e-02
6.658837807337120163e-02
6.449314081657570030e-02
6.336064734712672231e-02
6.313140399133752856e-02
6.375601226693961010e-02
6.515702922894277271e-02
6.716273390622544415e-02
6.939789437085279455e-02
7.114153773669965042e-02
7.125326792642999729e-02
6.842176083904803752e-02
6.192903649263672983e-02
5.244661153897017813e-02
4.182958468720957695e-02
3.194301698640530929e-02
2.379783443026884868e-02
1.756474110486146503e-02
1.297776842318766784e-02
9.657803573709202935e-03
7.262231364132230513e-03
5.525641050529279084e-03
4.255700556725164514e-03
3.316989299726006389e-03
2.615085330730668178e-03
2.084131790433220964e-03
1.677929371670198186e-03
1.363786897900569079e-03
1.118337138226111176e-03
9.246982503667503916e-04
7.705417583672264596e-04
6.467686493507326202e-04
5.465943212050212042e-04
4.649100327180585336e-04
3.978328387340550635e-04
3.423851754319583033e-04
2.962644806869833489e-04
2.576759485090706183e-04
2.252099831387202058e-04
1.977516015563817993e-04
1.744128811923684598e-04
1.544821786476331205e-04
1.373856578184691978e-04
1.226579268344144479e-04
1.099194683176592724e-04
9.885917410544158110e-05
8.922074295149304084e-05
8.079202171263000698e-05
7.339660408737169132e-05
6.688717166666640832e-05
6.114018770752510190e-05
5.605164717765733992e-05
5.153365611724204903e-05
4.751166555519296172e-05
4.392222465292299090e-05
4.071114772237152966e-05
3.783201267669461390e-05
3.524492608109625210e-05
3.291550357615409609e-05
3.081402501035096129e-05
2.891473186182821502e-05
2.719524099176735027e-05
2.563605386094691506e-05
2.422014436622013179e-05
2.293261165076137774e-05
2.176038679163278539e-05
2.069198430963726861e-05
1.971729108710269899e-05
1.882738660273259270e-05
1.801438946410794054e-05
1.727132608886416747e-05
1.659201809511356914e-05
1.597098554200707476e-05
1.540336363751379568e-05
1.488483092250293124e-05
1.441154726395286890e-05
1.398010025835072423e-05
1.358745886932410669e-05
1.323093330953945014e-05
1.290814033260050433e-05
1.261697323152580804e-05
1.235557595081249023e-05
1.212232081274587907e-05
1.191578943848091516e-05
1.173475651298748930e-05
1.157817610228333112e-05
1.144517028322224875e-05
1.133501989193728192e-05
1.124715723814319152e-05
1.118116066999715867e-05
1.113675090911241689e-05
1.111378910854314218e-05
1.111227661899238379e-05
1.113235648100754571e-05
1.117431669440304251e-05
1.123859535151971404e-05
1.132578775921495516e-05
1.143665571681522177e-05
1.157213916496656529e-05
1.173337047492620301e-05
1.192169171117822064e-05
1.213867527453698439e-05
1.238614842080685201e-05
1.266622225489577419e-05
1.298132592610484737e-05
1.333424690219946382e-05
1.372817838413144390e-05
1.416677514785817587e-05
1.465421937458439132e-05
1.519529836858208700e-05
1.579549647857391727e-05
1.646110405497580432e-05
1.719934691728588596e-05
1.801854060726051511e-05
1.892827470767819423e-05
1.993963376972352671e-05
2.106546298750209894e-05
2.232068878142616459e-05
2.372270702839631695e-05
2.529185497058072745e-05
2.705198706380792259e-05
2.903118047980129062e-05
3.126260303796883058e-05
3.378558552569173670e-05
3.664695235944841802e-05
3.990268026854673942e-05
4.361997539736050693e-05
4.787988660835910401e-05
5.278060911084439039e-05
5.844168093156580385e-05
6.500933936586674833e-05
7.266339104218084652e-05
8.162606516186820486e-05
9.217347488456354386e-05
1.046505198483313698e-04
1.194903401876115564e-04
1.372397996240119886e-04
1.585929555483419381e-04
1.844350902822193279e-04
2.159006440599343349e-04
2.544492949101188569e-04
3.019654022695576843e-04
3.608868793067044212e-04
4.343698772118799456e-04
5.264946973126324046e-04
6.425148598532724135e-04
7.891435745822283302e-04
9.748584708554247419e-04
1.210187046750018074e-03
1.507919436919539970e-03
1.883204032340844714e-03
2.353560078401308649e-03
2.939053922362026665e-03
3.663285464406775688e-03
4.556411934131021461e-03
5.662150855984854521e-03
7.051730584511342950e-03
8.850155323024102433e-03
1.128715523597179950e-02
1.480588515627610791e-02
2.032685122270928846e-02
2.999502194407762182e-02
4.975472846127367704e-02
1.010590869809962766e-01
2.966837062058435004e-01
7.607003426216126796e-01
2.179782540065555441e-01
7.121309648630240463e-02
3.284466336457876612e-02
1.837960313162788351e-02
1.158620434592693219e-02
7.921021770715422350e-03
5.747785024234033230e-03
4.368658884906787693e-03
3.448038219758941571e-03
2.809425095284948277e-03
2.353389560440036828e-03
2.020817094524855230e-03
1.775049238685568603e-03
1.592623722166275606e-03
1.458220746496012013e-03
1.361799436954824229e-03
1.296945725016702793e-03
1.259939664385353007e-03
1.249298304386835864e-03
1.265695171033446795e-03
1.312268467727234445e-03
1.395459616133895141e-03
1.526744249489347168e-03
1.726086176241358686e-03
2.029079556467092062e-03
2.502818901754332200e-03
3.284986678269231301e-03
4.694773280415944113e-03
7.618022133229309864e-03
1.533638639122653254e-02
4.896636882302667776e-02
6.066405199954287841e-01
8.211334861833449739e-02
1.876268259017732642e-02
8.082870744041062080e-03
4.564291819349146524e-03
3.015070181789827018e-03
2.221189620884945169e-03
1.784735153067943921e-03
1.549798895711968156e-03
1.454231797215401172e-03
1.487703962780469007e-03
1.696099812873490915e-03
2.259516896818472391e-03
3.939445124241645370e-03
1.297764260051642062e-02
8.882260083468339340e-02
4.551999349095373418e-03
1.048372526034213473e-03
3.869701024851106112e-04
1.773594155232660304e-04
9.217683045561469589e-05
5.205090877380528391e-05
3.119102501853891703e-05
1.955003990928341198e-05
1.269524610571028697e-05
8.484466956534154886e-06
5.807647401252928687e-06
4.056866292198113574e-06
2.883875588306356990e-06
2.081580829330654900e-06
1.522871702740925670e-06
1.127584700349545078e-06
8.439579947011945968e-07
6.378698924050001338e-07
4.864108712714708392e-07
3.739452813705021816e-07
2.896434276999517462e-07
2.259036079905414907e-07
1.773247405446011217e-07
1.400264153476236278e-07
1.111921214948704856e-07
8.875818752241030635e-08
7.119928324932428902e-08
5.737879087422139432e-08
4.644330666881074922e-08
3.774751641360022532e-08
3.080020338918442804e-08
2.522510812634652202e-08
2.073232441874999822e-08
1.709723614486413071e-08
1.414489582167628463e-08
1.173836075339760034e-08
9.769928573801928920e-09
8.154511677541211664e-09
6.824599880801766388e-09
5.726409763337944305e-09
4.816925907945053827e-09
4.061616248971479827e-09
3.432659649535372966e-09
2.907564687773713530e-09
2.468088680917749256e-09
2.099388203981058130e-09
1.789348895539137059e-09
1.528054710531952825e-09
1.307366077680334633e-09
1.120583443474821653e-09
9.621780167439347820e-10
8.275755936568896465e-10
7.129824568878307089e-10
6.152447374818740924e-10
5.317344772042863675e-10
4.602570626750032058e-10
3.989758180182848318e-10
3.463504138172314368e-10
3.010864327713355292e-10
2.620939691882677357e-10
2.284535628520972036e-10
1.993881028803000566e-10
1.742396031530976067e-10
1.524499626472008114e-10
1.335449930692311319e-10
1.171211315431822811e-10
1.028343647731744241e-10
9.039097856962148204e-11
7.953981720957614256e-11
7.006579420029842365e-11
6.178444231660311850e-11
5.453732841671781990e-11
4.818818920028197046e-11
4.261966910420619743e-11
3.773056201402411368e-11
3.343347526263615555e-11
2.965284818714302045e-11
2.632326887469542965e-11
2.338804209927968742e-11
2.079796919604997915e-11
1.851030703243052913e-11
1.648787855448029554e-11
1.469831180715401979e-11
1.311338800651019878e-11
1.170848230987196311e-11
1.046208349233298668e-11
9.355380881589117768e-12
8.371908699139724969e-12
7.497239463151292210e-12
6.718719375039696909e-12
6.025239678079566860e-12
5.407038875133444779e-12
4.855531451278527634e-12
4.363159388450368535e-12
3.923263302092176728e-12
3.529970489945009002e-12
3.178097573654142986e-12
2.863065745751909968e-12
2.580826916984845907e-12
2.327799299546834510e-12
2.100811167008636055e-12
1.897051707004145023e-12
1.714028032590252708e-12
1.549527546480397750e-12
1.401584962283918057e-12
1.268453381201587766e-12
1.148578903632810552e-12
1.040578324799157919e-12
9.432195234369840938e-13
8.554042042619071173e-13
7.761526994568684067e-13
7.045905728955813938e-13
6.399368040510137211e-13
5.814933572911411954e-13
5.286359671592347999e-13
4.808059918133619345e-13
4.375032055169706931e-13
3.982794173246752244e-13
3.627328172316863797e-13
3.305029633404916863e-13
3.012663342943960274e-13
2.747323805466988658e-13
2.506400161615392531e-13
2.287544999358802066e-13
2.088646608279905011e-13
1.907804280946954635e-13
1.743306312786445227e-13
1.593610393364245237e-13
1.457326118345657307e-13
1.333199383290163695e-13
1.220098448421702874e-13
1.117001488091179367e-13
1.022985460248182710e-13
9.372161502373597575e-14
8.589392599549958062e-14
7.874724281294270511e-14
7.221980804686698719e-14
6.625570198669710785e-14
6.080426769662748897e-14
5.581959502913482251e-14
5.126005730638220642e-14
4.708789507735222773e-14
4.326884197563453060e-14
3.977178824918545581e-14
3.656847801742500193e-14
3.363323674022459699e-14
3.094272576400109637e-14
2.847572114803789246e-14
2.621291427425965346e-14
2.413673201034843836e-14
2.223117443322785976e-14
2.048166833088863216e-14
1.887493488831869042e-14
1.739887013056907817e-14
1.604243684502212853e-14
1.479556683784740735e-14
1.364907249818385157e-14
1.259456674941967098e-14
1.162439056146006502e-14
1.073154728231492604e-14
9.909643122844966966e-15
9.152833196028224463e-15
8.455772572540607078e-15
7.813571868553842178e-15
7.221756930115410933e-15
6.676232221917340248e-15
6.173247567204553370e-15
5.709367920512019934e-15
5.281445886279159862e-15
4.886596724541823239e-15
4.522175610198272747e-15
4.185756935074264312e-15
3.875115462451518358e-15
3.588209162109852013e-15
3.323163570476132277e-15
3.078257535371819037e-15
2.851910218265788489e-15
2.642669239029747772e-15
2.449199859093015916e-15
2.270275108721026891e-15
2.104766773011522528e-15
1.951637159205561469e-15
1.809931575138162992e-15
1.678771455182853221e-15
1.557348075943188431e-15
1.444916809279180913e-15
1.340791865079616674e-15
1.244341480555647541e-15
1.154983516781518743e-15
1.072181426783915990e-15
9.954405627217828762e-16
9.243047926327729584e-16
8.583533998838499089e-16
7.971982408756551668e-16
7.404811387385973571e-16
6.878714927447895547e-16
6.390640849619322638e-16
5.937770673125131959e-16
5.517501136882208724e-16
5.127427231205114092e-16
4.765326612365324569e-16
4.429145283459447598e-16
4.116984435202157129e-16
3.827088349499460590e-16
3.557833277070050663e-16
3.307717208042954467e-16
3.075350461432965227e-16
2.859447025753078760e-16
2.658816588813500152e-16
2.472357200037350411e-16
2.299048513439313076e-16
2.137945563804404306e-16
1.988173032613525729e-16
1.848919963920029928e-16
1.719434893721690270e-16
1.599021359424031452e-16
1.487033758776645690e-16
1.382873530212195134e-16
1.285985628845214689e-16
1.195855274516500281e-16
1.112004950216483865e-16
1.033991631001372655e-16
9.614042251467278141e-17
8.938612107747533584e-17
8.310084525580470731e-17
7.725171843540520129e-17
7.180821447705451955e-17
6.674198537133447971e-17
6.202670189302006933e-17
5.763790624476582716e-17
5.355287576076529376e-17
4.975049681529548551e-17
4.621114814925084109e-17
4.291659289029542240e-17
3.984987859969092390e-17
3.699524473160292966e-17
3.433803693909384199e-17
3.186462770553160786e-17
2.956234282101294646e-17
2.741939326098501569e-17
2.542481205881322667e-17
2.356839579579634481e-17
2.184065036137501535e-17
2.023274066315623807e-17
1.873644399112036750e-17
1.734410676316077545e-17
1.604860440006044873e-17
1.484330409733119594e-17
1.372203027911647942e-17
1.267903253574466083e-17
1.170895586162109819e-17
1.080681302405464773e-17
9.967958906448878578e-18
9.188066681111867985e-18
8.463105677845950552e-18
7.789320824546547530e-18
7.163213545315417612e-18
6.581524010168811331e-18
6.041214638323968398e-18
5.539454764349520662e-18
5.073606383209452299e-18
4.641210896452080357e-18
4.239976787551919141e-18
3.867768159723500680e-18
3.522594074437983408e-18
3.202598633414169049e-18
2.906051751049532005e-18
2.631340568139758384e-18
2.376961461322238471e-18
2.141512605998802061e-18
1.923687053565049268e-18
1.722266286613860129e-18
1.536114218412627531e-18
1.364171605386591195e-18
1.205450843596466723e-18
1.059031122284723748e-18
1.000000000000000072e-18
1.000000000000000072e-18
1.000000000000000072e-18
1.000000000000000072e-18
1.000000000000000072e-18
1.000000000000000072e-18
1.000000000000000072e-18
1.000000000000000072e-18
1.000000000000000072e-18
1.000000000000000072e-18
1.000000000000000072e-18
1.000000000000000072e-18
7.054826694309877799e-02
2.827943648973419918e-02
6.604704303324838988e-02
6.404229050716940541e-02
4.534735853536604050e-02
1.206710691442213351e-01
6.073040869744363024e-02
9.359773191312009688e-02
7.821745774664691508e-02
3.589451849587892845e-02
2.475573842433225619e-02
7.645627983388060545e-02
7.951355482977749689e-02
2.569266805815641902e-02
2.816022363762768141e-02
1.205211622935792870e-01
1.208315474596624722e-01
3.752904761197280170e-02
9.921710829942416432e-02
9.554093416616096790e-02
7.829502651433561944e-02
6.607591313786544129e-02
1.097924926724703210e-01
4.921215283869718321e-02
9.238748174433840388e-02
4.795884775726252242e-02
3.950642143762451292e-02
1.160502883042702493e-01
1.078395164555425723e-01
1.107629338470289410e-01
1.030053128216957548e-01
1.153340827385379019e-01
1.207993241598035450e-01
3.071757202455083213e-02
4.809203858146638561e-02
5.122896979234659032e-02
8.321710957959936594e-02
3.754022096874014280e-02
2.551454479728258382e-02
8.006765120106898448e-02
5.593474252724693618e-02
4.769854694765333913e-02
1.803678012745552409e-02
4.825636224375338262e-02
2.395696725739546867e-02
1.037270185512306764e-02
5.992616799835311786e-02
8.799411236520840451e-02
2.825052144325818082e-02
2.720637261603827892e-02
1.117324465394044231e-02
1.789322775936190435e-02
1.167322740678160137e-01
5.256689687728135357e-02
7.673878170486536643e-02
7.790883790797910324e-02
3.747942929455722050e-02
1.829295580500312976e-02
1.313992948950631900e-02
3.561217206977006222e-02
2.448846043060425026e-02
6.023249101193468846e-02
4.214034188248545060e-02
1.409470144547501566e-02
2.554670868939089984e-02
2.207188169238954306e-02
3.187080180285671582e-02
4.017241302345025966e-02
5.026715015314783125e-02
8.207390134344372257e-02
2.198415558490418933e-02
1.826371679081049970e-02
2.632179635843218818e-02
5.277972237523980564e-02
5.499406945515242923e-02
5.531343364842175592e-02
1.264154356235940892e-02
2.077031128842798252e-02
1.596827835078248187e-02
7.504677463196364473e-02
8.292156053041523922e-01
8.121617313001310290e-01
2.418729479005335414e-01
8.257992403341729570e-01
1.866392978347886089e-01
6.954953060953135147e-01
1.952908511480098142e-01
2.043320397221398133e-01
1.576134305645847944e-01
7.073727908267000153e-01
8.048092695544191155e-01
2.621344788519938684e-01
2.436598058654196042e-01
1.967252223200847416e-01
2.730430018353842692e-01
1.479959263411352310e-01
4.239901693816057193e-01
2.661475252392292434e-01
1.953509655715355287e-01
6.119465006383140171e-01
1.384355894075987581e-01
1.965253887681879807e-01
1.510565810712639068e-01
8.123332227260953164e-01
6.419417873340506064e-01
4.184069123445362526e-01
4.854641017748357879e-01
4.257867625109909571e-01
3.771170618051836176e-01
8.496284470849752024e-01
6.460416548571908946e-01
4.165757798331984896e-01
7.035552003536105214e-01
8.147777512367726516e-01
1.564973028380069187e-01
1.371607285607689963e-01
7.090699201166098531e-01
2.535898768260972935e-01
2.075001215227460782e-01
3.446790823650308089e-01
2.458194227514939323e-01
3.182842923089230225e-01
5.324169152403392946e-01
2.550098018170243175e-01
7.290874511768403732e-01
1.156577905405512530e-01
8.643108103025791411e-02
5.449824370833766807e-01
1.306587558103647073e-01
9.594406603685928792e-02
1.205146052575972737e-01
9.872611450687936163e-02
1.541420572482838369e-01
5.037533249984812445e-01
5.757502535180887282e-01
6.382819350748762943e-01
1.600078186000237768e-01
7.539167830679348592e-01
1.576387577172236876e-01
1.539593780334639894e-01
1.297005990973248424e-01
2.441186574049049596e-01
4.015826048605195542e-01
5.813122154144887421e-01
6.177525164502173372e-01
2.849545319544110056e-01
9.544727357913085353e-02
5.727082870973602136e-01
5.430081857623486608e-01
1.726550544014434085e-01
2.467894426699956956e-01
1.562588551183125563e-01
1.216201669063639024e-01
4.112393454298569617e-01
1.058384629145894679e-01
7.601717256895654806e-01
1.971927043836008975e-01
6.396699990922578571e-01
8.606505941971563656e-02
7.634274084937706650e-01
2.290660092434345686e-03
2.297127815397957424e-03
2.729582262365430525e-03
2.118568313319806225e-03
2.662754053753449424e-03
2.334092382281272460e-03
2.104526822124543582e-03
2.543917557912855811e-03
2.401346138478594860e-03
2.059834230133835570e-03
2.748439737978693870e-03
2.730975624624495859e-03
2.555872745681691139e-03
2.310058239852062507e-03
2.024018101156175274e-03
2.204066533255887115e-03
2.119640412685975563e-03
2.512521073261817818e-03
2.745013312818281835e-03
1.969528017275406270e-03
2.476951450538092750e-03
2.201704730437959324e-03
2.630129291592187609e-03
2.049634683330082887e-03
2.044871042495224975e-03
1.991409522159168308e-03
2.398053906804721840e-03
2.157135551976027948e-03
2.041299631338864325e-03
2.349348069313932433e-03
2.495116878427507297e-03
2.070293892479941906e-03
2.145418974584517753e-03
1.955000049938834025e-03
2.111027817623727099e-03
2.447148194941755131e-03
2.037318436513738985e-03
1.962359910555137692e-03
2.072583041285646147e-03
2.439399154340065115e-03
7.629675382813978501e-01
7.585701127821246059e-01
4.026807997409435069e-01
3.679778529266627962e-01
4.489832192558675938e-01
5.328877643948466414e-01
5.081595280993974617e-01
6.143347430854262381e-01
4.705311817883019998e-01
5.031072511466430086e-01
6.469076056351525938e-01
7.707373826873989975e-01
6.508962705381136082e-01
5.940193661679763482e-01
5.608453623658139486e-01
5.342763691784457869e-01
5.935428804633678945e-01
7.647901257300583344e-01
4.023598610962591526e-01
5.230461623986962794e-01
4.074942081707811914e-01
6.137332281355643016e-01
7.018070828891577184e-01
6.818310061482267814e-01
6.755625488902068376e-01
4.433111500756440337e-01
6.116468116990848580e-01
7.444571438320024548e-01
6.918521091601419482e-01
7.254187807339924632e-01
6.878457687529767606e-01
7.651207578905548923e-01
6.893591399692179378e-01
6.418100719792951825e-01
4.874224585545359756e-01
7.044712551977909687e-01
7.029325213922728022e-01
4.847799563179960303e-01
6.815600855218937326e-01
7.706780157785007024e-01
3.051014159381126856e-02
1.313818046998999067e-01
2.099602917461181328e-01
2.882113968386311176e-01
2.388243438914303962e-01
1.332207160081936848e-01
2.031204170393450525e-01
3.795397802515852737e-02
9.478401792634238987e-02
5.590248260612086517e-02
5.412817788593326379e-02
2.463265856147944244e-01
1.685263233519014858e-01
3.715941800372761505e-02
1.452211636671919270e-01
4.377074875020072198e-01
5.624072266867902181e-02
4.555645405646618906e-02
9.527958636498463918e-02
2.752512558497084011e-02
2.534942917801290274e-02
2.702416849320519732e-01
9.462618921049123499e-02
2.719295551291928820e-02
5.030756707877873796e-02
6.650305932636332851e-02
5.832970861421678255e-02
1.972603304462058893e-01
4.215902535385790406e-02
1.851206794764807262e-01
1.221129974791731743e-01
2.888565545618423241e-02
2.115704949279669234e-01
3.104690177125123407e-01
3.010747120041205871e-02
3.109032482124483854e-02
1.736856368042123122e-01
7.984226753943154953e-02
4.790973824327347530e-01
1.013567260787733848e-01
3.379830707968635873e-03
3.417752739428958197e-03
3.802925383737339616e-03
3.578651367403357705e-03
2.825782436977077559e-03
3.065412594183252078e-03
3.263589689274746120e-03
3.673254902814757777e-03
3.516960108018336428e-03
3.113840521572535693e-03
2.907228421194077428e-03
3.267216433315628908e-03
2.738448065383610082e-03
3.407788661100158694e-03
3.075381993614508241e-03
3.144985025282174239e-03
3.413671570874444571e-03
3.511568695210138657e-03
3.169542535438143495e-03
2.908333818791107323e-03
3.496206704555887123e-03
3.296391175023169647e-03
3.322602133532007521e-03
3.667037697702380840e-03
3.151738182472943288e-03
3.809976882087895856e-03
3.462162745648092715e-03
3.840100050037167489e-03
2.945390307272969643e-03
3.796896873847713499e-03
3.382328541651038675e-03
3.274123552855339077e-03
2.794497975486981943e-03
3.065763374842227565e-03
3.052465158405942743e-03
3.055775006647689935e-03
3.767413869814362735e-03
3.514187882208299248e-03
3.434639121915772364e-03
3.767061535753579455e-03
1.207776431396203332e-01
1.109113795579082101e-01
1.537743410240133002e-01
1.374247449498663676e-01
1.493276632441522533e-01
1.572031232630564379e-01
8.970913908430387662e-02
2.014258307126377268e-01
1.537555179671913630e-01
9.812096036109160813e-02
1.108702312141895824e-01
1.948843343830604091e-01
1.049736365795153614e-01
1.454807202878605765e-01
1.606527105247712028e-01
9.072130404785218316e-02
9.894217796585667857e-02
1.322610998965234042e-01
1.469507663222736626e-01
1.372474358963638730e-01
1.281605690348683324e-01
1.149496666408286738e-01
1.133050020190009138e-01
1.824206534220193798e-01
1.013128348730612804e-01
1.454370655174221372e-01
2.026040362613563406e-01
1.325457562030860348e-01
1.109797222660611760e-01
1.077444259970823381e-01
1.767627107815281651e-01
9.073242916837488681e-02
1.061040259172977562e-01
1.195561105876109254e-01
9.144892070972238107e-02
1.100286532187770838e-01
1.642780985949963968e-01
1.778258834115569176e-01
1.471914191780893666e-01
8.939871673435072219e-02
5.862123802831914476e-02
6.057015554202235808e-02
6.170677411780334243e-02
5.924867508055882415e-02
5.443779021739394985e-02
5.864533059543662608e-02
5.089961868286180940e-02
4.997278212789939972e-02
5.009550722828367414e-02
6.184518967074045803e-02
6.030542882669417959e-02
5.543910021829757256e-02
5.293868409556003879e-02
5.061382596692033664e-02
5.837702365032190061e-02
5.929670536295841149e-02
6.095167371788466626e-02
4.985528489722179657e-02
6.273434803570304696e-02
5.275509185829089370e-02
5.291831651042391838e-02
4.865811478603503104e-02
6.273375652963326943e-02
5.404605414783972273e-02
4.829832331819756963e-02
4.768675867610751989e-02
6.327032643181391969e-02
5.371649045893939212e-02
5.747524097928165265e-02
6.291372146562816681e-02
5.939575390087544621e-02
6.203728900278729363e-02
5.939719285752967370e-02
5.198933978200862005e-02
4.770385126495771400e-02
6.196538584778815001e-02
6.327956289139212431e-02
4.767448523666253934e-02
5.904545170901732976e-02
4.851002938567517547e-02
9.162211110099398315e-02
1.069380902167058056e-01
1.080990365086137162e-01
9.550507857704396142e-02
9.609290711655316120e-02
9.404709720630967384e-02
9.943556545336833252e-02
1.045777600665210999e-01
9.314799507892174146e-02
9.044732516418817203e-02
1.091410476219646236e-01
9.508235735841637226e-02
1.031037537307740309e-01
9.587113518998201245e-02
1.076051226042007425e-01
1.083452129759377436e-01
1.009185363450592759e-01
9.152533546185775970e-02
9.475473330370071112e-02
1.024567809314452793e-01
9.063682064348554945e-02
9.365212590872167009e-02
9.852848390450436034e-02
9.981454210107004732e-02
9.443116312354621344e-02
1.005178073568457203e-01
1.063428885256848533e-01
9.167212267666233205e-02
9.322191069775694061e-02
9.042369441280480313e-02
1.058092248241804673e-01
1.036183845076983912e-01
1.074883475186313025e-01
9.271990196126515815e-02
9.564975103070033624e-02
1.072542275650781585e-01
1.013612075243499056e-01
9.480528376146621361e-02
1.011129386335377495e-01
1.072827360594470064e-01
1.192092138592515116e-01
1.149644903018380154e-01
8.227858150756711675e-01
7.479541661463868785e-01
2.287637648050026319e-03
7.724101159335607925e-01
7.373838557766053403e-02
3.287479412190408377e-03
1.346609274599588346e-01
5.617772059878940738e-02
1.000000000000000072e-18
