1.000000000000000072e-18
1.000000000000000072e-18
1.000000000000000072e-18
1.000000000000000072e-18
1.000000000000000072e-18
1.000000000000000072e-18
1.000000000000000072e-18
1.000000000000000072e-18
1.000000000000000072e-18
1.000000000000000072e-18
1.000000000000000072e-18
1.000000000000000072e-18
1.000000000000000072e-18
1.000000000000000072e-18
1.000000000000000072e-18
1.000000000000000072e-18
1.000000000000000072e-18
1.000000000000000072e-18
1.000000000000000072e-18
1.000000000000000072e-18
1.000000000000000072e-18
1.000000000000000072e-18
1.000000000000000072e-18
1.000000000000000072e-18
1.000000000000000072e-18
1.000000000000000072e-18
5.790239725263858869e-14
3.772526899855090940e-16
1.356879925454520527e-12
4.822383664948492816e-18
1.000000000000000072e-18
3.414599642906795328e-16
4.725660386678062797e-11
1.000000000000000072e-18
1.000000000000000072e-18
1.000000000000000072e-18
1.000000000000000072e-18
1.000000000000000072e-18
1.000000000000000072e-18
1.000000000000000072e-18
1.000000000000000072e-18
1.000000000000000072e-18
1.000000000000000072e-18
1.000000000000000072e-18
1.000000000000000072e-18
1.000000000000000072e-18
1.000000000000000072e-18
1.000000000000000072e-18
1.185625927401021971e-10
1.402547123958758154e-13
4.525156679847325217e-13
5.534149873515827359e-11
1.000000000000000072e-18
1.000000000000000072e-18
1.000000000000000072e-18
1.000000000000000072e-18
1.000000000000000072e-18
1.000000000000000072e-18
1.000000000000000072e-18
1.000000000000000072e-18
1.000000000000000072e-18
1.000000000000000072e-18
1.000000000000000072e-18
1.000000000000000072e-18
1.000000000000000072e-18
1.000000000000000072e-18
1.143968880806536242e-17
1.115191058682819507e-11
1.550224716917255544e-14
1.398328955651483485e-18
2.463801996107621669e-17
3.386862242468726098e-10
1.051457643956810645e-16
2.280103385228664107e-12
1.000000000000000072e-18
1.000000000000000072e-18
1.000000000000000072e-18
1.000000000000000072e-18
1.000000000000000072e-18
1.000000000000000072e-18
1.000000000000000072e-18
1.000000000000000072e-18
1.000000000000000072e-18
1.000000000000000072e-18
1.000000000000000072e-18
1.000000000000000072e-18
1.000000000000000072e-18
1.000000000000000072e-18
1.000000000000000072e-18
1.000000000000000072e-18
1.000000000000000072e-18
1.000000000000000072e-18
1.000000000000000072e-18
1.000000000000000072e-18
1.000000000000000072e-18
1.000000000000000072e-18
1.000000000000000072e-18
1.000000000000000072e-18
1.000000000000000072e-18
1.000000000000000072e-18
1.342705355187373426e-16
1.830211304093649882e-11
1.728702621250314251e-16
4.337171919599477698e-11
2.647117781320129453e-15
1.117196806191163749e-13
1.349612721277624134e-12
2.928302872217690764e-12
4.838986939613276841e-12
9.295701115779512129e-13
1.238756137228336657e-12
9.854056267504535584e-13
1.874704652395174263e-11
1.902453577724475939e-14
2.217164554463766465e-09
6.256276036545053233e-11
8.442611926518732696e-13
5.123897249775750887e-12
5.065075786732730663e-13
7.661577102038774126e-12
3.232408066820367822e-13
1.140845851859760721e-13
2.319818330658018572e-11
3.485733938284663390e-12
5.101115427327986907e-13
5.278571971227695043e-13
6.372394463186515705e-13
1.043850714336434863e-13
6.869319513740146472e-13
1.938843464014845811e-12
4.426485250398498842e-12
2.961178670042077068e-12
9.880783908700878461e-14
6.371310633354554628e-14
5.681134062876225178e-14
1.339583821558007787e-13
2.887847245848624748e-13
9.597932451227314572e-12
1.617116913563167522e-12
8.363297910601353240e-12
1.866540050802195022e-12
5.207272067151267951e-12
2.728523703572463602e-13
7.153268470282170732e-13
3.283445613343303769e-12
3.015597801262377515e-12
4.681436499478716162e-13
2.945050815801099223e-12
1.518616038684244736e-12
1.818582963173336131e-12
3.040290034089012686e-13
3.851045267291030638e-13
4.511536411145390903e-13
6.343561388539060701e-13
2.893094287489396291e-13
2.609169590960411989e-12
5.020081057139896489e-11
7.672183831247460015e-12
6.159227965310150074e-13
7.721352959623189730e-13
7.215823943098906923e-14
6.844192556340590719e-14
4.184193777273589393e-14
1.633969306847767802e-14
1.579675120915278975e-07
7.171527691729110844e-12
2.937748158969223729e-11
1.539686278594544034e-11
3.283264311348111468e-13
1.740995499593285734e-11
1.619001981447576371e-11
5.200821406796307408e-13
2.678963699754762297e-13
1.653062961236573824e-13
1.482827779601777385e-13
3.388512026341117283e-13
3.285707140259878930e-12
2.389027161560119772e-11
1.282334403836101835e-11
4.273186486533344016e-11
1.066930756160106652e-09
1.171158735320775256e-11
7.708159410637262172e-12
9.958001914583775633e-10
3.762517922455859432e-12
1.226198521495329976e-11
2.727615617096476436e-11
8.594497001230418466e-10
4.087122061140818054e-09
9.316204205436883105e-12
9.991426513311318106e-11
1.850893108834435571e-11
8.204955785724109261e-11
2.919590888129197435e-10
8.836493813640338816e-11
8.467548320345389469e-11
1.522628232992489821e-12
3.930343899759440915e-12
5.627331976585888142e-12
1.323555107554395435e-11
2.574221624985354743e-12
2.053479788058801912e-11
3.789832136953456607e-13
1.932130540953384318e-13
5.995156194678581421e-12
5.995547052158773628e-14
1.915365879139701013e-11
1.866077633770999834e-12
1.409467301250170343e-18
1.849078055804206865e-18
1.783709343838692545e-18
1.622073172838957978e-18
1.741247723258330128e-10
1.243804039466259353e-14
1.348967716450053087e-13
6.839503533895084075e-11
5.253122040497187270e-12
4.903341666422104232e-09
1.222297118613039280e-10
6.908517112565206599e-10
7.899422087710172167e-11
5.095424182679702442e-10
2.199466903530908229e-10
2.704153705827020772e-13
1.781040608435553785e-10
9.512673066557301605e-11
7.643355793010515126e-11
1.009693022849731293e-10
7.860835782758436554e-09
7.098293327385873815e-08
1.715904843761889101e-09
6.901743757043416599e-10
2.103757856180802641e-08
1.494173300448039068e-08
5.673260046958706620e-09
5.679041696844717888e-09
5.225763590739343515e-11
8.136828810926905933e-12
1.300276522865699740e-12
1.133912077517168874e-11
5.310819689670861664e-09
6.336019998842360118e-09
6.631508283013530822e-10
5.831644073927341952e-09
2.165404556588019246e-11
2.686286501541673473e-12
7.494011291959975937e-11
1.243369321574464174e-11
3.266924024969376343e-11
3.335985851753029082e-11
8.665838801368287387e-11
8.630371891712521059e-11
5.058449203204906418e-11
1.359063285569747491e-11
8.874058973016122480e-12
5.302241262768323249e-11
4.692526898512443852e-11
1.521979590543793895e-11
4.620362588181517937e-11
2.179245311669069599e-11
5.053227749678280238e-11
5.333674934795096955e-11
3.792925383467650416e-11
4.440273540334040619e-11
8.415305704232799069e-12
5.596942170868541642e-11
2.343034809192114096e-11
7.999091212555268802e-11
1.279747839609349456e-11
2.041524229485405354e-11
4.310580794486340116e-11
1.232836432089909324e-10
2.106485404629834789e-08
1.282784197578374871e-11
5.885758059464514490e-10
1.350106639073660365e-10
2.516818116703142102e-14
5.450669880818001487e-14
3.467737384025323360e-13
8.162121918443220711e-14
5.967661880563010089e-10
1.706047820304941865e-10
1.024812155737476685e-09
7.317072682578869842e-08
1.036065618091692621e-10
3.488398384214039797e-12
2.417842478349947746e-10
8.427876476716305881e-12
8.856665207619227728e-15
3.316148232960411547e-13
4.126110388929698180e-13
5.283642460902949001e-13
4.121722099688093515e-10
1.897878195847375932e-11
1.503673265267398391e-10
1.759553516521102630e-11
4.430861937504134158e-11
4.773288601979700235e-11
9.396089433151572388e-12
1.636686154941524801e-11
5.412940500991842782e-09
7.793577711579922693e-11
2.469691829769962765e-11
4.925486610205966847e-10
3.100571815972681988e-11
1.725968105861321404e-11
6.191278269047110985e-10
2.716590160634870647e-10
4.705684734027382401e-11
4.718212877508997277e-11
1.731620974532521062e-11
1.210386570886421858e-09
8.245034689271106558e-11
1.097393127346423834e-10
1.138084939324657199e-10
6.348391338885437516e-11
8.734590283550400153e-11
1.259972984166576878e-11
9.674992352765231938e-10
3.239716319928979909e-12
3.475197799550710466e-11
5.232247703405537651e-11
2.820031370490227590e-10
5.945157527716543653e-10
2.008575172360180997e-10
8.299980714011168050e-12
1.228513831452492171e-11
3.191877038571637356e-11
9.140478083645522876e-12
1.518780411213887516e-10
2.534589149925086874e-10
1.359176702945669389e-11
3.478341633741714617e-10
3.431199382992429294e-09
3.044020532228062351e-10
1.246778157338884575e-10
8.121904816943923542e-11
5.616195495766410335e-10
2.991930164205784952e-10
3.256461210536429062e-10
1.300740011450407480e-08
2.809498541919751683e-11
4.839909045948627425e-11
2.988496955409752344e-10
1.337618607205115850e-08
5.246119160408971057e-08
6.360349925279467910e-13
3.718220956957401796e-06
5.199119497692703706e-14
2.947464236744092310e-07
2.500724869250093743e-12
8.064529634985756364e-07
6.914314269547894753e-13
7.065904013911029596e-08
1.256948202459353268e-09
7.659847851888590049e-14
1.323095904501710585e-07
6.595252312322579583e-08
1.379832091168960649e-13
1.467108808195849347e-07
9.447483183933371438e-10
3.175918749902294741e-06
8.435150731160052317e-08
4.410588138555523725e-06
2.034371367113859091e-12
1.233168536787380765e-06
1.850947138036019366e-11
1.460603602548280540e-18
3.062214199503377134e-13
1.067612865602001057e-04
5.789298971807177485e-09
3.057904499194530030e-10
7.618449890535614622e-06
2.460040495993713027e-08
1.194772303302068599e-08
3.157520425986579352e-09
2.201650550263857785e-08
1.792237635681741392e-10
1.256255500641641776e-05
3.117217422256015019e-04
4.490904522842971773e-08
1.573075308189474705e-11
3.413685619649382598e-10
1.006961413855514238e-06
1.136332087302015562e-14
2.209702725094613798e-08
4.839825197520217615e-06
9.726786360753008195e-13
1.751571365555794071e-08
7.245102886646674610e-11
5.120067281837310377e-09
2.907007567558575007e-05
9.216157828802248486e-07
1.052788240429601326e-10
7.867106307159151494e-07
1.399519008230375785e-09
5.850443169824867842e-11
6.674936627246109890e-05
2.611221600802311446e-08
1.000000000000000072e-18
