9.535046511912415035e-01
9.504982805545998392e-01
9.469019892311827391e-01
9.426059519722991276e-01
9.374824675109708627e-01
9.313841630596788601e-01
9.241425289752603911e-01
9.155670728571912997e-01
9.054454850498858676e-01
8.935453204847441100e-01
8.796178099873569467e-01
8.634044899838525522e-01
8.446473402247152151e-01
8.231029859607577048e-01
7.985611865108174223e-01
7.708672379430225874e-01
7.399470462224881917e-01
7.058325466285451100e-01
6.686840486327322308e-01
6.288053009432815754e-01
5.866470051199981217e-01
5.427955010369918121e-01
4.979454878946453222e-01
4.528585984685683519e-01
4.083126654767212926e-01
3.650486742794344375e-01
3.237229498692986152e-01
2.848708817047627129e-01
2.488858855978153817e-01
2.160141994845452551e-01
1.863634089324177068e-01
1.599208955752214889e-01
1.365778537364206180e-01
1.161549175724831268e-01
9.842639396611399527e-02
8.314121798929384466e-02
7.003976084886442965e-02
5.886638462291829410e-02
4.937812492518184326e-02
4.135013000163406671e-02
3.457855765536466813e-02
2.888159515639782821e-02
2.409917463325858544e-02
2.009184396269632356e-02
1.673914304141405421e-02
1.393773887338877436e-02
1.159949432665057650e-02
9.649584718988619622e-03
8.024731515287594069e-03
6.671590518694641737e-03
5.545310139283760216e-03
4.608261076102394133e-03
3.828929954663227390e-03
3.180964484071169968e-03
2.642355305329940462e-03
2.194738997877048684e-03
1.822807058963979172e-03
1.513806630477207687e-03
1.257120024355288428e-03
1.043911497933793821e-03
8.668311332637189436e-04
7.197670079256463134e-04
5.976380702576486025e-04
4.962212319206048229e-04
4.120071615753828349e-04
3.420801095362281555e-04
2.840178235302272085e-04
2.358082412775529800e-04
1.957801783489001820e-04
1.625456813085255432e-04
1.349520974397177306e-04
1.120422333292255787e-04
9.302124412934152794e-05
7.722912120626727428e-05
6.411783488179043360e-05
5.323234688997535713e-05
4.419483896940836745e-05
3.669161391350121004e-05
3.046221697278121051e-05
2.529040175699698759e-05
2.099662824836655165e-05
1.743183333473777641e-05
1.447225817955718201e-05
1.201515325015759916e-05
9.975212168491650005e-06
8.281610763698785891e-06
6.875548657007757413e-06
5.708208115195096824e-06
4.739059367177386235e-06
3.934453587677452364e-06
3.266454725888061070e-06
2.711869640404812942e-06
2.251442880420705026e-06
1.869188165292989740e-06
1.551833357732007879e-06
1.288359664314989983e-06
1.069619067189970983e-06
8.880167060769934378e-07
7.372471841055995609e-07
6.120756428250068938e-07
