5.897257340444169715e-01
5.738469620293138451e-01
5.558205326202381169e-01
5.355564390462431712e-01
5.130274586796553793e-01
4.882863465998846797e-01
4.614798707441015169e-01
4.328567059467107736e-01
4.027664080210562325e-01
3.716476617657292758e-01
3.400057012931931855e-01
3.083809026461059588e-01
2.773124754240143264e-01
2.473023197288481689e-01
2.187840752926006327e-01
1.921011859267547084e-01
1.674958456329000978e-01
1.451086007097197594e-01
1.249867176054384743e-01
1.070985028587940202e-01
9.135060203307317217e-02
7.760571738732308100e-02
6.569889551426812135e-02
5.545130014545310293e-02
4.668103932218153895e-02
3.921108819939363166e-02
3.287463453244074407e-02
2.751830659556963460e-02
2.300376871685609267e-02
1.920813074775004625e-02
1.602354787872756897e-02
1.335630860014044678e-02
1.112563432551565319e-02
9.262350527254886376e-03
7.707538146795878294e-03
6.411235051353542450e-03
5.331228782591799879e-03
4.431961768946690063e-03
3.683556609932536058e-03
3.060960296881003878e-03
2.543200943932495336e-03
2.112747708442188482e-03
1.754963293696284532e-03
1.457638179022757805e-03
1.210596111582836051e-03
1.005361144717061873e-03
8.348774356977441960e-04
6.932740021978716759e-04
5.756676081077477265e-04
4.779978627407437792e-04
3.968894507046984849e-04
3.295371537751038966e-04
2.736099802645013688e-04
2.271712858075074595e-04
1.886122589798862315e-04
1.565965637547522208e-04
1.300142867630359167e-04
1.079436386966765540e-04
8.961911344093291380e-05
7.440502239807130251e-05
6.177350095798081996e-05
5.128623442376965857e-05
4.257927644615676485e-05
3.535043805178375581e-05
2.934881298833589029e-05
2.436607816963665734e-05
2.022926886882807609e-05
1.679477898273790536e-05
1.394337886079984237e-05
1.157607827113622118e-05
9.610691246687259618e-06
7.978983804714470893e-06
6.624305688446738443e-06
5.499624028510884701e-06
4.565890737715331551e-06
3.790687013291547664e-06
3.147097923529050949e-06
2.612778031720312826e-06
2.169175634465599443e-06
1.800888692578475481e-06
1.495130101123334050e-06
1.241283738603685426e-06
1.030535885269934118e-06
8.555692160332088191e-07
7.103087451907964604e-07
5.897109033315037059e-07
4.895884239385666914e-07
4.064649602475759722e-07
3.374543849734471771e-07
2.801605823835539180e-07
2.325942536149508855e-07
1.931038467789076263e-07
1.603182137765004327e-07
1.330990028807765166e-07
1.105011341538324074e-07
9.173998539664492060e-08
7.616414931589341113e-08
6.323281602280922290e-08
5.249699557097209696e-08
4.358392856675231779e-08
