1.000000000000000072e-18
1.000000000000000072e-18
1.000000000000000072e-18
1.000000000000000072e-18
1.000000000000000072e-18
1.000000000000000072e-18
1.000000000000000072e-18
1.000000000000000072e-18
1.000000000000000072e-18
1.000000000000000072e-18
1.000000000000000072e-18
1.000000000000000072e-18
1.000000000000000072e-18
1.000000000000000072e-18
1.000000000000000072e-18
1.000000000000000072e-18
1.000000000000000072e-18
1.000000000000000072e-18
1.000000000000000072e-18
1.000000000000000072e-18
1.000000000000000072e-18
1.000000000000000072e-18
1.000000000000000072e-18
1.000000000000000072e-18
1.000000000000000072e-18
1.000000000000000072e-18
1.000000000000000072e-18
1.000000000000000072e-18
1.000000000000000072e-18
1.000000000000000072e-18
1.000000000000000072e-18
1.504217080784366845e-18
1.872372861040214331e-01
6.801174754419635482e-01
2.906791492689240197e-01
1.897926285460480034e-01
3.989251301017354354e-03
3.786231447546976603e-01
3.070882575960428018e-01
4.679979529114935430e-06
2.218375567319208560e-11
9.580116451763528969e-14
8.049637479854270613e-15
5.679696671540206921e-15
2.800883958758669566e-14
1.275975567163565983e-12
1.927095183360452804e-09
5.265933938439814055e-01
1.187439477843589275e-01
1.682210835984274400e-01
3.496236827921384571e-01
5.953588498925248551e-01
2.523542255346949426e-01
9.680202417208972834e-09
4.764595791788082188e-12
9.282047495784406725e-14
1.828481222554975026e-14
2.655854155805413255e-14
3.228657464317017575e-13
6.021031062168812928e-11
3.892791566676616194e-06
8.935299991879132320e-02
7.129576840052149755e-01
1.016498708710925417e-02
4.327360206379726737e-02
1.102216824066657025e-01
3.612930759849531381e-01
7.328210491816398997e-02
1.000000000000000072e-18
1.000000000000000072e-18
1.000000000000000072e-18
1.000000000000000072e-18
1.000000000000000072e-18
1.000000000000000072e-18
1.000000000000000072e-18
1.000000000000000072e-18
1.000000000000000072e-18
1.000000000000000072e-18
1.000000000000000072e-18
1.000000000000000072e-18
1.000000000000000072e-18
1.000000000000000072e-18
1.000000000000000072e-18
1.000000000000000072e-18
1.000000000000000072e-18
1.000000000000000072e-18
1.000000000000000072e-18
1.000000000000000072e-18
1.000000000000000072e-18
1.000000000000000072e-18
1.000000000000000072e-18
1.000000000000000072e-18
1.000000000000000072e-18
1.000000000000000072e-18
1.000000000000000072e-18
1.000000000000000072e-18
1.000000000000000072e-18
1.000000000000000072e-18
1.000000000000000072e-18
1.000000000000000072e-18
8.658376643852749507e-03
8.075637765710078845e-07
3.203202085019775608e-05
2.771701932729612043e-06
1.779861050328961254e-03
9.730388963131506025e-06
2.452560501913188598e-02
5.850325244140173586e-07
1.352643980619136141e-02
1.796717331233639884e-03
1.745058134062554096e-03
1.088554295656641137e-03
2.951030433491281038e-02
5.453275347283817638e-03
1.372757878768951223e-01
1.776127211625969961e-03
7.921112408064162613e-02
5.211449639363194275e-02
9.075848768093740526e-01
7.993885946150778299e-01
8.681313367118047297e-03
9.922491217010030035e-03
8.435522697287272179e-03
8.300900094092424769e-03
3.152920197620213277e-02
4.589715508056617377e-02
4.573409917931087892e-02
8.073141633000104067e-02
1.308216529449691967e-02
3.470580914528328953e-01
9.988324501012693646e-02
4.074236059649424813e-02
4.653050538167213257e-01
8.458562564960585284e-02
4.440104069209451221e-01
4.732125769142998123e-02
1.373864433207608315e-01
5.593015811419765893e-01
3.488853546318847892e-02
2.098241663002882798e-02
5.007499719928611981e-01
1.330967937234313059e-01
8.091808336585276651e-02
2.290890379220624773e-01
3.845967158375663414e-02
7.182103014245251604e-02
4.474028988084937097e-01
1.649306937867692224e-01
9.480862540781589964e-02
1.294862499846629322e-01
6.375221184893396786e-02
3.824344544371986732e-02
8.762080632252907675e-01
3.890506687326911739e-01
2.053007777266094291e-01
2.136446641983863470e-01
1.294582742896126237e-01
1.713812119308580628e-01
1.409539282456717946e-01
7.880911353648256679e-02
2.986853749018540394e-01
8.551357524759057860e-01
2.465916420693924360e-01
7.833269937357082435e-01
9.626325975428333681e-01
1.943813057339523753e-01
7.848406748364074037e-01
9.489592800404389461e-01
1.951548448348367215e-01
6.515480877374490998e-01
6.833834293911102142e-02
6.616657318448118108e-01
5.117671049730267985e-01
1.547755234549549885e-01
1.246940450095273961e-01
2.787920052043709740e-01
3.346653373748393889e-01
2.160537088919310122e-01
5.885466024518952732e-01
5.876912698095877463e-01
3.033097102425443281e-01
3.379847410270724328e-01
6.445491503229762165e-01
4.715967406210989643e-01
2.185948282921339469e-01
2.006757222003790198e-01
3.232897680396250584e-01
3.525462192564629005e-01
9.697585956871782598e-01
9.547856548339401783e-01
8.884685786169972399e-01
9.714249829299975714e-01
2.049972710502243611e-01
5.384859608866990888e-01
5.809607175855908689e-01
5.671680237639773470e-01
7.321345179180205331e-01
8.212260508883760801e-01
3.540505605895695185e-01
4.779403450061571745e-01
4.869467097992946636e-01
4.885208301843501633e-01
1.910305241429718082e-01
2.802557077002763020e-01
1.841118824200729531e-01
2.194872902845352580e-01
1.804011783298555549e-01
2.217450816837056027e-01
4.579840562214432947e-03
6.039081184245099175e-03
5.958115781075065676e-03
3.489103903622752054e-03
2.323917948835044212e-02
2.131627716989377974e-01
2.556412970943506766e-02
2.480131199937961328e-02
2.457319083950795235e-01
5.134793385881011307e-01
2.543801827900151746e-01
5.606959310341024239e-01
3.105828436959992556e-01
2.799724246646950188e-01
2.337559487329595731e-01
2.672833876859185276e-01
4.904195417864663509e-01
3.709878677249816570e-01
4.023595779316870846e-01
6.553345691171094112e-01
3.307728873767201705e-01
3.685561128305581136e-01
2.990391381284027150e-01
2.768338600723860843e-01
9.252945794835949478e-01
5.720134702966814810e-01
5.512803601426822242e-01
8.185650024911946820e-01
3.363656868936845123e-01
3.235417473418177869e-01
3.215932250047404684e-01
3.339296328466079267e-01
3.290778504706182717e-01
7.842375496426547965e-01
2.793129620140175629e-01
4.426197970754507383e-01
2.716153318387010684e-01
2.693880499590534661e-01
3.227542361457642062e-01
2.709216072325891789e-01
6.786726074167657163e-01
2.655687448235134474e-01
6.505533099179329204e-01
2.954465080861541360e-01
2.190325989984757415e-01
2.267161531493267213e-01
2.884526478790653825e-01
2.110423621681307427e-01
2.306312925320371798e-01
5.957686601906381219e-01
2.036092504253450286e-01
1.775635988078647642e-01
1.315625034232823509e-01
1.447520446812071704e-01
1.323343470706813130e-01
1.602580335349283736e-01
7.338925866905450512e-02
2.218562015603671445e-01
5.551594349545802692e-02
5.962936989941499677e-01
2.670202445415563175e-01
1.170396514545813393e-01
7.167797302420438055e-02
3.587258642780211670e-01
3.158175528564914625e-02
2.829577504193194273e-02
7.375099584038099544e-03
1.599920442910638622e-03
1.101658412514555305e-02
8.909012840945163339e-03
2.880259939604246436e-02
5.471550384008604800e-03
3.235298638937487331e-11
4.129679979980279798e-11
2.344096671184043872e-11
6.339455333554387519e-11
4.670094803558431235e-03
3.383712072029356529e-03
8.765236662900314319e-04
3.059600582125817092e-01
1.186668927849486794e-03
6.249821856345562842e-04
1.854336276370050982e-02
1.866848616661485535e-02
1.180662982596177302e-01
1.462326122026797459e-01
1.331499829345754449e-01
1.284222305217541382e-01
4.468698767957767215e-01
9.547826167074531523e-02
2.737372335189792172e-01
1.520471349344685863e-01
2.721143167839836785e-01
2.780995008713571526e-01
2.718273366653462531e-01
2.874346366905713990e-01
1.857724362738322199e-01
6.079456091578485655e-01
1.841065113825886279e-01
3.452788068301427260e-01
3.674672026326546437e-01
4.410518914423453007e-01
3.670373013555841002e-01
4.302378296194201979e-01
4.194771236456883989e-01
3.310074880519534024e-01
3.439061032290818831e-01
8.656656658453045772e-01
5.761944588878491480e-01
5.716875813001242035e-01
4.586821107878300552e-01
5.566102812125696131e-01
4.528741916501588527e-01
7.759590106128342324e-01
3.635173161413375320e-01
4.041372810778052216e-01
7.019403608904566383e-01
7.808507933580052240e-01
7.797513043430825963e-01
7.653496344983070632e-01
6.666631345911223638e-01
9.693775364032894970e-01
8.336206325374860837e-01
5.951006507218927766e-01
7.470826918220618840e-01
6.836655948146317385e-01
6.593188799973801473e-01
7.216460604504817411e-01
7.316946372829327139e-01
8.953265527556121262e-01
8.017823550928484533e-01
8.964574731080457992e-01
9.243559543788387733e-01
7.753424345778880955e-01
9.235708790380062760e-01
7.697365477094533226e-01
9.245533909252933169e-01
7.547857707983256503e-01
9.072932150543621121e-01
7.498935869339328208e-01
8.660408476036025593e-01
6.780414813514749062e-01
9.739683509263817873e-01
8.290237536167464061e-01
7.552482087820689971e-01
9.453620503449932100e-01
7.085894779939316823e-01
9.255348923254919091e-01
9.301687154007683977e-01
9.714754441519911632e-01
9.700291674392207408e-01
7.469325052071543736e-01
9.806581777807800160e-01
6.620820514817084002e-01
9.967391547516414319e-01
5.710925478691983859e-01
9.625041896908853589e-01
4.290687899770608826e-01
1.980589834549294492e-01
4.643095886357287774e-03
5.070083719647117820e-02
5.748647844480146984e-01
2.254722744740354223e-01
9.983598104282099817e-01
3.033947293718955995e-01
9.205793131583784872e-01
3.249840561655180649e-01
7.769610598884227892e-01
2.768446050076922016e-01
7.191867909536178161e-01
2.110994883831581181e-01
6.555643197919239773e-01
1.312743388038915548e-01
5.772090213728949815e-01
5.460913586740107767e-02
5.251832902356116106e-01
6.563035633222678335e-03
3.946632569671385928e-11
1.427037236145860949e-02
9.318682683636398956e-01
1.173237933638089786e-01
9.249758660643513375e-01
2.772177018808122395e-01
9.084994736615721322e-01
4.416913352954490724e-01
8.817021756658538489e-01
5.867443598691987061e-01
7.675883143339899961e-01
6.968244865305429636e-01
9.770925883299812487e-01
7.956432315893644525e-01
1.000000000000000072e-18
