1.000000000000000072e-18
1.000000000000000072e-18
1.000000000000000072e-18
1.000000000000000072e-18
1.000000000000000072e-18
1.000000000000000072e-18
1.000000000000000072e-18
1.000000000000000072e-18
1.000000000000000072e-18
1.000000000000000072e-18
1.000000000000000072e-18
1.000000000000000072e-18
1.000000000000000072e-18
1.000000000000000072e-18
1.000000000000000072e-18
1.000000000000000072e-18
1.000000000000000072e-18
1.000000000000000072e-18
1.000000000000000072e-18
1.000000000000000072e-18
1.000000000000000072e-18
1.000000000000000072e-18
1.000000000000000072e-18
1.000000000000000072e-18
1.000000000000000072e-18
1.000000000000000072e-18
1.000000000000000072e-18
1.000000000000000072e-18
1.000000000000000072e-18
1.000000000000000072e-18
1.000000000000000072e-18
1.000000000000000072e-18
5.705798243360542272e-06
2.565351707949253823e-02
6.194446617476791423e-04
6.429706672987727488e-04
1.120000851944659903e-03
6.374110640892579997e-03
7.109224893381446697e-02
1.524028402049291067e-08
4.841465342868200735e-13
4.542172060161696598e-15
6.773132516487277346e-16
7.977175429759518535e-16
6.663807189236155667e-15
5.802581660990085644e-13
2.806253413552797800e-09
3.652719406796776230e-02
2.775091798416102762e-01
1.194915422483482231e-01
1.913614368513067224e-02
3.065511101100163588e-02
4.771737737163735116e-02
4.899702567289357069e-10
6.018926132885441155e-13
2.024488705213626968e-14
6.225268997819028037e-15
1.393246444178819462e-14
2.770571430006907882e-13
1.037726449281001194e-10
4.080196392092410234e-05
1.267651096702453184e-01
5.665771252602021940e-02
1.786895784133213927e-01
5.045254540265248439e-04
3.137859581592461478e-03
1.697751414695629693e-02
2.217671124838106565e-05
1.000000000000000072e-18
1.000000000000000072e-18
1.000000000000000072e-18
1.000000000000000072e-18
1.000000000000000072e-18
1.000000000000000072e-18
1.000000000000000072e-18
1.000000000000000072e-18
1.000000000000000072e-18
1.000000000000000072e-18
1.000000000000000072e-18
1.000000000000000072e-18
1.000000000000000072e-18
1.000000000000000072e-18
1.000000000000000072e-18
1.000000000000000072e-18
1.000000000000000072e-18
1.000000000000000072e-18
1.000000000000000072e-18
1.000000000000000072e-18
1.000000000000000072e-18
1.000000000000000072e-18
1.000000000000000072e-18
1.000000000000000072e-18
1.000000000000000072e-18
1.000000000000000072e-18
1.000000000000000072e-18
1.000000000000000072e-18
1.000000000000000072e-18
1.000000000000000072e-18
1.000000000000000072e-18
1.000000000000000072e-18
9.779583012833352657e-06
2.557988105478518101e-10
3.419017615333981485e-09
6.453893434113449979e-10
1.139098010518721716e-06
1.228271601221172562e-08
5.172831063712467724e-03
1.735878599660961388e-09
8.506636130818439221e-06
2.410410538159407579e-08
2.387378689569747212e-08
2.024164124790950531e-08
1.719320584071490173e-05
1.728687295859851448e-04
9.683262688612095936e-02
1.144800441654407112e-06
4.381576356229865155e-06
4.433745882459361000e-06
4.757520879059587722e-06
4.931960382476248538e-06
1.906812332964153887e-04
1.849703520197825381e-05
8.741105646524950266e-05
1.153970602631096133e-04
9.259234943795158050e-05
1.772906616845548364e-04
1.739371893880727006e-04
1.028042091017230923e-03
5.059019076546564112e-04
4.423012620714806831e-01
2.069647346738855420e-01
1.698364645992249053e-02
3.310788989748190281e-05
3.998933317495233480e-05
3.717491774679826188e-05
6.596271547766724137e-05
1.386846806874573567e-04
1.462532370838466654e-04
2.332394035468644301e-04
3.824530606865835175e-04
2.738366046545639282e-02
2.050776582910489223e-03
5.142606437103530324e-04
7.366933601128359752e-03
2.378450843656192484e-02
2.378264348153847352e-01
4.581799874587971777e-02
1.294510518322768144e-01
5.960120309976204168e-04
5.634334596839339409e-04
5.447138977590535672e-04
8.611938521932140057e-04
1.253065448446573154e-04
1.500605420876076682e-04
2.166689336389738510e-04
2.080985391661295883e-04
1.433477345609846659e-02
2.155871373923686288e-02
1.417944863267878337e-02
1.588230261778614608e-02
4.449820827411406915e-03
3.676261272824935672e-02
2.774848476844776670e-03
3.262354298346456516e-02
3.936827213410361271e-04
2.160150870644305732e-04
5.052720405345331647e-04
3.328670369597776691e-04
6.059872818963394931e-04
9.944951230436459896e-04
5.181622210688034171e-04
9.900199819310336307e-04
3.807002308705645984e-03
4.446645421626795915e-03
5.227800740077595022e-03
5.311334070313473814e-03
2.030316478358633325e-01
7.134192026612526383e-02
7.781329766358586753e-01
8.253002983859930586e-01
6.750665831315970367e-04
5.919685849921896802e-04
5.267992401642797350e-04
5.506363463250944345e-04
2.173308918017022306e-03
2.224619920705186299e-03
2.009268524709102374e-03
1.983762765667971759e-03
5.238822385910902810e-03
5.274729182563863902e-03
5.203286208597814044e-03
5.234709790759118492e-03
8.829142180608889889e-02
3.816084517696952116e-01
8.869568851089948414e-01
4.348302806255772146e-01
3.748281352123649149e-04
4.233814519646576118e-04
6.103758672598575937e-04
5.177552101018150204e-04
7.647040464266863366e-04
7.559795505733046600e-04
1.092621624983659227e-03
9.492502479591218836e-04
1.840897094546010428e-04
2.135839073963552296e-04
1.813505429355831736e-04
2.157817401617296356e-04
6.144806779462853039e-04
5.563124556128708860e-04
5.591376791307548031e-04
6.643187931156820753e-04
5.535112704401848500e-03
5.220226004539204635e-03
5.386483604982569319e-03
5.432814062005008986e-03
6.416720865354635928e-02
6.689142544108060695e-02
6.402486352230167543e-02
6.347288630468973791e-02
7.216761479446915685e-03
9.533001821195747835e-03
1.946429905907185245e-02
1.101256753044517304e-02
3.587494530377355773e+00
2.966443012576094329e+00
2.660129001652617564e+00
5.691404193504301823e+00
4.840903026459281513e-03
5.939711101263185633e-03
4.185369575947375277e-03
3.694823238994031454e-03
5.557972614644540038e-02
5.811459506764461019e-02
5.957704530751319755e-02
5.643071886300296547e-02
5.238882420360723921e-03
8.765785995959085933e-03
2.659245076507433039e-02
5.608466461629439855e-03
1.483486691822045289e+00
3.941590976080908248e+00
1.196426197753230891e+00
5.599566727405324684e+00
2.329052125251007341e-03
2.035782844557696217e-03
3.753223678256070641e-03
2.294991170596578228e-03
5.910747211823781655e-02
6.955953557261854159e-02
5.988833247107277352e-02
6.446298220782542554e-02
1.267673710741850333e-03
1.078079366735408551e-03
6.367290133152137812e-04
2.413166614904246020e-03
5.941006619794106491e+00
6.241501287949273724e+00
1.607798778618734659e+00
4.675726512231474175e+00
7.206630264171224719e-04
4.659465501679249037e-04
7.681562625810547549e-04
4.165314911041140679e-04
1.195654962226893187e-01
8.306670399334835364e-02
9.486103933936861077e-02
7.641272544395483202e-02
8.542177330239755071e-06
1.738810339922818764e-03
2.148816490576676091e-05
7.570928690638143933e-06
7.613265368995935090e-01
6.305981466788359580e-01
3.670124833118337815e-01
7.286502851218723542e-02
1.968427174712451453e-06
1.807965481767533745e-06
2.772503935771632732e-06
1.468101910542705779e-06
5.145512912779190358e-11
6.778256287237538617e-11
3.576477008757913846e-11
1.099943735310189054e-10
1.089012617278996643e-05
9.156065682268770453e-06
4.129344594278007422e-06
7.273677961043754328e-05
1.958348397787341207e-03
1.708592317458229939e-03
1.560686731753976320e-01
7.356145677317173226e-02
4.320427576749072927e-04
3.012999832929406149e-03
2.715635232920196357e-04
3.002529408378865864e-04
3.685953779272499453e-02
4.648455103466588023e-02
3.828955089637891412e-02
4.321995861339165274e-02
4.622108364815016510e-03
5.811797071141433513e-03
4.527047064245903925e-03
7.707454610216575921e-03
1.672777538096938410e-01
1.133038800470285296e-01
1.502175742739206288e-01
1.235080192356616952e-01
2.238720989954269547e-02
7.622768229743938535e-03
2.249604963373695588e-02
1.247128681891353230e-02
3.828836036214906813e-02
3.866579012732038190e-02
4.031412070791659530e-02
3.408250081654728286e-02
3.295662680726557658e-02
2.692199930854630510e-02
2.652248277783087610e-02
2.667750265315596211e-02
2.477676330511754121e-01
2.297990188439315018e-01
3.263836923427816950e-01
3.054949244783021767e-01
2.493741186861229628e-02
2.333549696540487828e-02
2.301425088199439764e-02
2.282006357383941850e-02
2.652384706884559212e-02
2.368693312689186189e-02
2.378823563694178883e-02
2.468293001765709330e-02
1.601046278915906756e-02
1.616391036162736008e-02
1.704620463079526207e-02
1.664705864215581740e-02
5.043773538341986967e-02
4.624431251776257856e-02
4.871769587464191281e-02
4.616043521446856063e-02
6.026723843854059748e-08
2.335301989741210338e-07
3.085220931378498607e-02
2.479837761866394985e-01
4.779799464971823903e-06
1.880180047824297433e-05
2.213112727329774598e-02
2.076027965533938091e-01
3.379610948951267081e-05
1.428126266027870733e-04
7.993152667419564650e-02
4.664916763487095969e-02
4.844881589583055438e-04
1.217714687665800879e-04
1.443310128471629247e-02
3.817050993425540745e-02
3.261684735165817375e-04
8.073910802080617316e-04
3.028398474725393398e-03
1.477211975685975398e+00
5.100462078371573171e-04
1.858893292449999464e-03
5.158977114947466830e-03
4.439876295238933679e-01
3.918055640806017339e-04
8.243812128243612229e-04
1.948592279739158942e-04
6.117608676806538187e-04
4.684788474018875860e-03
6.385633096520881846e-02
2.446816180654652270e-02
7.751696620716806763e+00
4.270209854262464223e-03
5.565308700813653003e-02
8.002688561252975508e-03
3.831836642707283858e+00
2.525431309083960973e-03
5.928115746323676938e-02
1.861009945979809083e-03
4.334571488483675239e+00
6.614679547492660844e-04
7.657372543728312164e-02
9.858279652647737026e-05
3.158134120926507915e+00
1.590069690358120008e-06
6.439967975640297526e-11
1.884457045151036406e-05
5.953850733602066361e-03
9.291125945654334041e-04
3.573962627769580735e-02
5.645046424454225158e-03
1.096741307613597338e-01
1.111605237584674388e-02
3.404881699869390099e-02
2.734337320553347633e-02
2.334671364368468005e-01
2.502589439033468810e-02
2.369857932355207836e-02
1.621007618843343240e-02
1.000000000000000072e-18
