1.000000000000000072e-18
1.000000000000000072e-18
1.000000000000000072e-18
1.000000000000000072e-18
1.000000000000000072e-18
1.000000000000000072e-18
1.000000000000000072e-18
1.000000000000000072e-18
1.000000000000000072e-18
1.000000000000000072e-18
1.000000000000000072e-18
1.000000000000000072e-18
1.000000000000000072e-18
1.000000000000000072e-18
1.000000000000000072e-18
1.000000000000000072e-18
1.000000000000000072e-18
1.000000000000000072e-18
1.000000000000000072e-18
1.000000000000000072e-18
1.000000000000000072e-18
1.000000000000000072e-18
1.000000000000000072e-18
1.000000000000000072e-18
1.000000000000000072e-18
1.000000000000000072e-18
1.000000000000000072e-18
1.000000000000000072e-18
1.000000000000000072e-18
1.000000000000000072e-18
1.000000000000000072e-18
1.000000000000000072e-18
2.408365807285565136e-05
9.302982242998592000e-02
2.590404745373670048e-03
2.599321104531479749e-03
3.535809848935635331e-03
2.437721515479434470e-02
2.269240956764586870e-01
6.382722739257372077e-08
1.990506885921387181e-12
1.840584913488039375e-14
2.702634775981435880e-15
3.121614508896104565e-15
2.531092064119381139e-14
2.074613661627779924e-12
7.933340009001776293e-09
1.312291800412945797e-01
5.032130150138380831e-01
3.024872429922277894e-01
7.181946012730583417e-02
1.108973763530647499e-01
1.606859240498304808e-01
2.072010081254199894e-09
2.524154881789534708e-12
8.403482225724345085e-14
2.546728512516143862e-14
5.560822123147083664e-14
1.050638754379127020e-12
3.403751713123039040e-10
4.913949475578309375e-05
2.727936732265419106e-01
1.926078559992726869e-01
9.925969294213429772e-02
2.021585440162420623e-03
1.305345464967744284e-02
6.356770483079492162e-02
9.306077561539570107e-05
1.000000000000000072e-18
1.000000000000000072e-18
1.000000000000000072e-18
1.000000000000000072e-18
1.000000000000000072e-18
1.000000000000000072e-18
1.000000000000000072e-18
1.000000000000000072e-18
1.000000000000000072e-18
1.000000000000000072e-18
1.000000000000000072e-18
1.000000000000000072e-18
1.000000000000000072e-18
1.000000000000000072e-18
1.000000000000000072e-18
1.000000000000000072e-18
1.000000000000000072e-18
1.000000000000000072e-18
1.000000000000000072e-18
1.000000000000000072e-18
1.000000000000000072e-18
1.000000000000000072e-18
1.000000000000000072e-18
1.000000000000000072e-18
1.000000000000000072e-18
1.000000000000000072e-18
1.000000000000000072e-18
1.000000000000000072e-18
1.000000000000000072e-18
1.000000000000000072e-18
1.000000000000000072e-18
1.000000000000000072e-18
4.089652895464415363e-05
1.089109175651061991e-09
1.452449641137579903e-08
2.745783329584963110e-09
4.782734744127446909e-06
5.255841986966264782e-08
2.230185864925582351e-02
7.467934569237770195e-09
3.620023640905227263e-05
1.021868080438692976e-07
1.012115483127183783e-07
8.582985869197943301e-08
7.305177000277869028e-05
6.810555409581396831e-04
2.263913047522942978e-01
4.806531563738782023e-06
1.856420382130770193e-05
1.879513476881034770e-05
2.011580043794574570e-05
2.084479450102691802e-05
7.593078662112242487e-04
7.900995611962794416e-05
3.553117575117247613e-04
4.658514175186943503e-04
3.829177516939873084e-04
7.535280499124684178e-04
7.392941551169629347e-04
4.312557640150990225e-03
2.203548366509790885e-03
8.758611459912188923e-01
4.937251940971015274e-01
6.900007331581270442e-02
1.397668337471480796e-04
1.694243744961913508e-04
1.563524499831289477e-04
2.801567384058575557e-04
5.856972550065493374e-04
6.111126902171743489e-04
9.491110810252985450e-04
1.520617711472302229e-03
1.028373085746971810e-01
8.094867767549900756e-03
2.090915664429240407e-03
2.780478648173915004e-02
8.948861427698059923e-02
3.755548480939657208e-01
1.581046503727656372e-01
3.043747255147331021e-01
2.412167539478845060e-03
2.292498512921517344e-03
2.314710693483154787e-03
3.380824465324267555e-03
5.254247085737045152e-04
6.266408674614513345e-04
8.995343305018667704e-04
8.644709199308455794e-04
5.021740497858151464e-02
7.693795585779358848e-02
5.000482196891610498e-02
5.272246104996398952e-02
1.736271320179868377e-02
1.319266152878131038e-01
1.097920693033238061e-02
1.172118791900716162e-01
1.642628296981561448e-03
8.964968836848619289e-04
2.108701426104392807e-03
1.388126724310546813e-03
2.549004371469051379e-03
4.082707488106313704e-03
2.200275468427644130e-03
4.065191034032448851e-03
1.503967723558822210e-02
1.798258019748775680e-02
2.085596790970549799e-02
2.018245459919866189e-02
5.180358237869461258e-01
2.119259200496644291e-01
1.520282964956360061e+00
1.841458324864851281e+00
2.770767831244890997e-03
2.474808768611018797e-03
2.198054442080561027e-03
2.300003157787138940e-03
8.603028054244222372e-03
8.784871798625798825e-03
8.026517741984399643e-03
7.938342414612758330e-03
2.100412188589991999e-02
2.115168464134017587e-02
2.069119854203173986e-02
2.098707771358764018e-02
2.398063475666756816e-01
9.005268288525508646e-01
1.653791124765529919e+00
1.005378870358699661e+00
1.557955587499345370e-03
1.767912234688850124e-03
2.552534364256125229e-03
2.165063280701228811e-03
3.141402258596898839e-03
3.104379928979906448e-03
4.527512829569115688e-03
3.922465815159535338e-03
7.630971394575301750e-04
8.842389377697059370e-04
7.518259194945087643e-04
8.932496964983766994e-04
2.243500746391057302e-03
2.079050327567310771e-03
2.087371960883549569e-03
2.364153526932292419e-03
1.681295742284304867e-02
1.956120360408055217e-02
1.674944645981100641e-02
1.677215081616581852e-02
2.079737383598332656e-01
2.144938603747252592e-01
2.078609722559275896e-01
2.083255307216837215e-01
2.868463157776377642e-02
3.788275786336582629e-02
7.617548900741709372e-02
4.370749943507540314e-02
3.385111664698892131e+00
2.944826879875403147e+00
2.684961681855269067e+00
4.980663332873853655e+00
1.858325876632627854e-02
2.274315866866870317e-02
1.608888084293261939e-02
1.423536922869885098e-02
1.946612600500627344e-01
1.940703191134039440e-01
2.131436747238616425e-01
2.002705811816395676e-01
2.107723632127282004e-02
3.502773686974644529e-02
1.014517133715005376e-01
2.255099093500649576e-02
1.788761283327199747e+00
4.451169248735089568e+00
1.491300812129885189e+00
3.825754062843309988e+00
9.155142322364201099e-03
8.032650424939722852e-03
1.461893203042758695e-02
9.024572341263206732e-03
1.981717511688268485e-01
2.409648989063174485e-01
2.074194472825760527e-01
1.993567449049151730e-01
5.241489935616733611e-03
4.460707042643966870e-03
2.637573579825577136e-03
9.932550923714873747e-03
2.584269185641706823e+00
4.815902296152635209e+00
1.448467269545504976e+00
2.053032962332778766e+00
2.906238685463231105e-03
1.898833777561934706e-03
3.093174420212135237e-03
1.702565073388251056e-03
3.247940827641500605e-01
2.735548063081819081e-01
1.984595094532238257e-01
2.525447698687252607e-01
3.607765101509111284e-05
7.233295332582066750e-03
9.078946084082726469e-05
3.197288832693298679e-05
3.477030054228000266e-01
3.063966663160477277e-01
9.939667489308479098e-02
2.225172441282386934e-02
8.301898822740103767e-06
7.624375941854212482e-06
1.169767546625549095e-05
6.189563364987745109e-06
1.725937578115743891e-10
2.254176618996503155e-10
1.212816311869555216e-10
3.600831503003561900e-10
4.596337091282691483e-05
3.866383752190363500e-05
1.746851089428844907e-05
3.041700828438130642e-04
5.636557602587746567e-03
4.075869709780827188e-03
1.471659932498012857e-01
1.152372056934338057e-01
1.774032610125647093e-03
1.194160161307398355e-02
1.121677306855413652e-03
1.238686981577980699e-03
1.318846077885500734e-01
1.469567255432147612e-01
1.345479742473541518e-01
1.434832216652811021e-01
1.781802811486506502e-02
2.241800839199376352e-02
1.744407432924847956e-02
2.964705391637281751e-02
3.944472005433816708e-01
3.649621125738501393e-01
4.076472023805019496e-01
3.799635326025702087e-01
8.251002452846550872e-02
2.914076025525929453e-02
8.288525388370364400e-02
4.723850778467221512e-02
1.359287913860992292e-01
1.347006768268791399e-01
1.416207510886106358e-01
1.232987413766744172e-01
1.190950302141235706e-01
9.649783037708677125e-02
9.285611230281096140e-02
9.533599000830506043e-02
6.108127426473917154e-01
6.511322529417851168e-01
7.987360184982681410e-01
7.787268958026386523e-01
9.218312044033540043e-02
8.627007041100508145e-02
8.495717628163729218e-02
8.407495234332124090e-02
9.780883985441408968e-02
8.848791373377387637e-02
8.871707826773538030e-02
9.142496461631920146e-02
6.076738979835483861e-02
6.137584784417617068e-02
6.360824294627230591e-02
6.240143131170593910e-02
1.776365124042410537e-01
1.637740778651816942e-01
1.722348298497329289e-01
1.634508343424740939e-01
2.551999916607048921e-07
9.886530682101357061e-07
1.156152237964681029e-01
6.848629876013715423e-01
2.020884726813091604e-05
7.932787724295671029e-05
8.456433360406749589e-02
5.898015770168830718e-01
1.424557735627456697e-04
5.982260713122980684e-04
2.745331010528754834e-01
1.637171096581978014e-01
2.012814370182230278e-03
5.112583757271619515e-04
5.453238135671573811e-02
1.384276951713351855e-01
1.360066577354761925e-03
3.347300125304382423e-03
1.229746967334053968e-02
2.479134137843311159e+00
2.121652299449998565e-03
7.577079444969979719e-03
2.066309338485206037e-02
1.022778728782386848e+00
1.633488939436683173e-03
3.394356053118377167e-03
8.073781573351804545e-04
2.236272099886420402e-03
1.629020199729326601e-02
2.090193765408014104e-01
9.472224215400798508e-02
7.003152763105940259e+00
1.641164833653896427e-02
1.955679091034428774e-01
3.203109817975576673e-02
4.365929260893622654e+00
9.908463442161502890e-03
2.040387122414360488e-01
7.676791658231033565e-03
4.255318199302828397e+00
2.672866054366911884e-03
2.534837411652993144e-01
4.161373345303728756e-04
3.289764234961092715e+00
6.704443245324462520e-06
2.145135859824809155e-10
7.938557999273962624e-05
2.365589344591982612e-02
3.770689711161178802e-03
1.295442180981998259e-01
2.177759359654171667e-02
3.570684163276093281e-01
4.224044612132241833e-02
1.232355595919716884e-01
9.831978134699484451e-02
6.703325419232071258e-01
9.249667431867172884e-02
8.853405062581047591e-02
6.110669434287155366e-02
1.000000000000000072e-18
