1.000000000000000072e-18
1.000000000000000072e-18
1.000000000000000072e-18
1.000000000000000072e-18
1.000000000000000072e-18
1.000000000000000072e-18
1.000000000000000072e-18
1.000000000000000072e-18
1.000000000000000072e-18
1.000000000000000072e-18
1.000000000000000072e-18
1.000000000000000072e-18
1.000000000000000072e-18
1.000000000000000072e-18
1.000000000000000072e-18
1.000000000000000072e-18
1.000000000000000072e-18
1.000000000000000072e-18
1.000000000000000072e-18
1.000000000000000072e-18
1.000000000000000072e-18
1.000000000000000072e-18
1.000000000000000072e-18
1.000000000000000072e-18
1.000000000000000072e-18
1.000000000000000072e-18
1.000000000000000072e-18
1.000000000000000072e-18
2.907954555877695082e-09
1.623174248266430441e-08
3.758239250538765452e-02
1.119087380561935509e-12
9.170809950777246296e-14
1.973194630879620756e-07
3.527445304696487399e-05
2.738900551043351057e-18
1.000000000000000072e-18
1.000000000000000072e-18
1.000000000000000072e-18
1.000000000000000072e-18
1.000000000000000072e-18
1.000000000000000072e-18
1.000000000000000072e-18
1.000000000000000072e-18
1.000000000000000072e-18
1.000000000000000072e-18
1.000000000000000072e-18
3.327209493186751465e-17
3.327865783055582481e-05
6.891901219255729736e-08
1.560310754683944597e-07
2.813250808091100758e-03
2.065748239050889360e-16
1.000000000000000072e-18
1.000000000000000072e-18
1.000000000000000072e-18
1.000000000000000072e-18
1.000000000000000072e-18
1.000000000000000072e-18
1.000000000000000072e-18
1.000000000000000072e-18
1.000000000000000072e-18
1.000000000000000072e-18
1.000000000000000072e-18
2.169533152601270497e-17
3.534818490358894172e-01
2.237836387421873857e-05
6.286538188498037386e-13
1.878972430966122367e-12
5.019211144215789469e-03
1.725471497832204254e-10
6.473186303606556758e-11
1.000000000000000072e-18
1.000000000000000072e-18
1.000000000000000072e-18
1.000000000000000072e-18
1.000000000000000072e-18
1.000000000000000072e-18
1.000000000000000072e-18
1.000000000000000072e-18
1.000000000000000072e-18
1.000000000000000072e-18
1.000000000000000072e-18
1.000000000000000072e-18
1.000000000000000072e-18
1.000000000000000072e-18
1.000000000000000072e-18
1.000000000000000072e-18
1.000000000000000072e-18
1.000000000000000072e-18
1.000000000000000072e-18
1.000000000000000072e-18
1.000000000000000072e-18
1.000000000000000072e-18
1.000000000000000072e-18
1.000000000000000072e-18
1.000000000000000072e-18
1.000000000000000072e-18
1.000000000000000072e-18
1.000000000000000072e-18
2.709129680761196869e-06
2.229153202513283263e-02
1.026756329082919802e-06
6.742744438219485616e-09
1.764578437675153376e-07
7.405257637447417926e-03
6.923559566594995064e-06
1.887990455236084351e-05
4.298847705982038886e-02
5.927855461494597198e-04
3.468030444704220607e-08
9.778607579374767704e-04
3.069074494952240357e-06
1.362874885301745230e-07
9.424202594263670729e-05
7.782959797446892692e-04
7.495185063269765640e-05
5.244361959907518174e-04
7.388157470152386241e-06
7.139135117226843242e-06
6.015602915962943182e-04
8.466786834497597993e-04
1.753322874995306329e-04
3.140190707386698171e-02
4.573527078554084652e-04
5.807581403863084930e-04
3.888667144775754376e-04
2.147941492386606043e-04
2.866551347179996400e-04
1.095126790608294846e-03
3.357134732938414467e-06
1.037199066554432146e-05
8.372719816298750421e-05
2.849223180937618307e-03
3.314861285116802781e-04
3.590659780205452713e-03
4.476844543746417682e-06
1.253642768492449272e-03
2.323863830653522581e-07
6.496350563696534457e-03
7.884279397136081079e-04
8.830237499250270306e-05
2.003022980433408554e-02
8.620944368824222642e-04
1.509991103940841554e-05
1.397962232212842000e-02
1.034115545399934584e-06
6.988526559655509457e-07
7.871700220560058934e-06
1.822912442266801588e-06
4.396547362655037502e-06
1.077732055496786096e-04
2.436603969759823681e-04
7.113032914186036004e-01
1.020214079441491770e-03
4.063698481446285926e-02
4.708203170138158811e-02
2.745568359135681143e-03
1.384865933396899930e-02
3.427788563854098286e-05
2.139956127157030841e-07
1.767716702201006904e-06
2.028660545368404694e-05
1.283364340022484800e-07
1.592428270637828366e-02
1.211369287927854983e-02
1.401730369163328661e-04
4.691826787339766505e-05
3.145416267009409211e-04
5.731811143047722884e-06
8.684791290903591879e-03
7.343090608172778014e-04
3.027569347287945370e-02
4.118150389180963661e-06
1.295084910880650413e-02
4.899917274615041805e-04
1.190559653369580549e-03
1.365295958546408140e-03
1.435622475445683388e-01
3.649950214634825867e-04
2.060860454662246516e-03
2.302751958217127406e-04
1.752976158537900746e-03
1.828681265545845048e-04
1.876081404852515482e-04
1.390585686133909735e-04
1.322525924175062663e-04
1.958503959205531682e-04
2.154938406171992907e-02
2.200402492015311425e-04
3.141875727697614759e-04
2.129191167147164766e-04
2.948967846210517006e-05
1.593280446003351742e-04
1.413440067168071079e-01
3.497000363893668507e-05
1.969348275791911549e-03
3.961384970217660096e-04
1.468413474572217905e-03
1.033230286553142460e-04
2.508726948405576697e-04
4.023642954013126625e-05
3.367156971952349823e-03
3.352130029010900168e-04
2.669263023783251905e-04
3.054440066803670325e-05
1.765459324456994947e-04
3.819167423249189217e-04
2.660296428804680074e-13
3.573012127718609008e-13
3.362208630659164928e-13
2.613356947130104074e-13
1.538190176930830328e-07
3.869216975898048545e-03
2.251881648689624000e-03
2.383892754784313895e-07
3.899929621800733714e-02
8.067466016194208001e-03
6.039263699067832780e-01
9.415114491595819035e-02
2.454856419517030888e-02
3.122302075560626743e-03
8.925180887348988083e-07
3.432504717092719256e-04
4.789392902450691908e-02
3.208145972768990800e-02
4.094674735675651184e-02
5.190082901491155365e-02
1.680150029471909334e-01
1.421278346489798978e-04
2.469460482990824997e-03
1.016504131957989519e-02
1.477400312554582595e-01
2.702013454210650499e-03
2.533635292903464297e-03
1.317052696867792563e-04
3.403858303035777518e-03
1.964588490313115381e-03
1.533266491739926907e-01
2.171857329099337666e-02
8.684779954379183431e-03
2.304051823895747573e-04
1.416509172361304306e-03
2.022706579803751543e-04
3.181091726332861518e-03
1.171749054731148140e-03
5.360113610910838744e-04
2.537018767138896503e-03
6.898221917833123043e-04
1.413126469206333192e-04
6.512877650360805336e-05
3.488869647495225317e-03
5.775589454685144759e-05
2.362918263226162097e-03
3.454178299719265488e-02
6.703101700998707890e-02
9.609822717576455573e-04
9.064534596002541550e-03
2.346386104727763225e-02
3.429849671362936387e-05
9.450129887540662313e-03
1.983724873733912555e-04
3.184807124415610006e-05
5.196145718394848054e-03
3.427758248710379536e-05
7.486776950516577447e-03
4.031349108942223342e-04
3.789545998384919644e-05
8.189266085871227396e-03
8.947078582149462769e-04
1.600115115299321003e-02
7.554643601807014587e-03
1.288469434219539737e-02
5.278985554595480578e-03
8.810249164367225157e-04
8.882833897920806854e-03
1.088008468925115211e-06
1.280556366503204036e-05
6.260505260366040986e-04
3.855897237905774782e-04
2.084514822187706478e-15
1.232599311635932328e-14
2.408209959292206529e-15
2.359344539245674011e-15
1.035616111419977378e-02
1.287154672223846281e-02
2.644794322874177272e-03
1.025867958091396595e-02
7.145288820938308061e-06
3.312593016628030213e-05
2.592331532879927147e-05
3.022676159517092927e-05
4.379922735244973914e-03
1.164767023355865782e-03
1.269187087394165001e-03
1.172349384576579342e-04
3.739808460311359883e-02
9.602447645910054674e-03
1.454835741864372097e-04
9.146786342846095763e-03
1.313216154581040756e-03
1.752780225583516012e-04
1.447272656130659506e-04
1.532806311368195063e-04
9.359397658900133008e-04
1.522854163107979081e-03
5.797188458213617434e-04
9.291864537311750587e-04
3.096885338161067466e-03
4.825381515417106787e-04
1.760760176305138369e-01
1.213841192475112544e-04
1.689678885400759016e-03
6.653070587323446899e-04
6.238127382394306059e-02
2.392761861945291724e-02
2.146433543392919148e-05
2.263490053288545831e-03
7.054313145489802921e-03
5.501509354416423423e-04
1.070717525956808337e-02
2.300049397161846570e-03
1.413277991601737680e-03
6.370268265282963416e-02
1.748529248085408522e-03
1.996234670731377066e-03
2.007808097678387763e-03
6.724479462880899683e-05
8.656364995005116914e-02
1.378438722172159181e-01
5.284187745361872135e-03
5.165609271912883216e-01
7.064889069598589456e-03
6.720860494550480804e-03
8.090736015729642697e-03
1.013044412851753706e-03
7.273660976294817927e-03
1.155957972581421857e-03
4.808729739074194182e-04
6.145999612582710332e-03
1.867671156846055780e-01
8.180967293535162249e-03
8.999377708533227160e-01
8.206325913387473503e-04
4.621304211230826270e-02
4.404073450325785705e-02
8.809287000208335149e-04
9.389885150831522864e-01
3.182342397168067688e-02
1.809391965989967654e-02
1.088170898635703321e-01
9.997652413001355542e-01
7.921616577874106557e-01
3.291277601535873981e-02
3.250398343196286288e-01
8.983488077887720191e-01
6.117911006568632626e-02
1.472509390174863986e-01
2.750859018036041492e-01
1.613909562747801174e-01
9.114067973673575795e-03
1.222661664809170622e-02
7.098271514217877609e-01
1.326131635870371750e-01
1.664075812782989383e-01
8.092042653542482755e-01
8.687006461595780742e-05
2.959143499296190015e-13
2.353826931668595406e-05
1.305740674172164162e-01
1.489767765230979799e-02
9.080048272759718708e-01
8.007529850852215803e-02
5.080020203577245534e-03
1.631637392506112005e-02
1.814049862842817031e-03
1.935066799782286014e-03
5.672428764649156685e-01
5.481476577949183360e-02
7.918363559672556562e-01
2.399219765478651789e-01
3.872421455909812638e-05
3.554638310441881055e-01
3.750224025393286004e-02
3.360088144162974751e-04
7.558829419248504979e-15
7.991745449321402406e-02
4.194690382706112858e-02
1.455855979846553717e-02
3.489234756788353597e-02
3.638523400645453376e-02
1.427993571849186724e-02
6.665791522536628211e-01
4.367319612110276417e-02
6.892788174937908297e-03
1.751423634688863747e-03
1.844094966461786800e-03
7.094426224909722301e-01
2.099924008020138677e-01
1.000000000000000072e-18
