1.000000000000000072e-18
1.000000000000000072e-18
1.000000000000000072e-18
1.000000000000000072e-18
1.000000000000000072e-18
1.000000000000000072e-18
1.000000000000000072e-18
1.000000000000000072e-18
1.000000000000000072e-18
1.000000000000000072e-18
1.000000000000000072e-18
1.000000000000000072e-18
1.000000000000000072e-18
1.000000000000000072e-18
1.000000000000000072e-18
1.000000000000000072e-18
1.000000000000000072e-18
1.000000000000000072e-18
1.000000000000000072e-18
1.000000000000000072e-18
1.000000000000000072e-18
1.000000000000000072e-18
1.000000000000000072e-18
1.000000000000000072e-18
1.000000000000000072e-18
1.000000000000000072e-18
1.000000000000000072e-18
1.000000000000000072e-18
1.133097270891126827e-10
1.656114940594355393e-09
2.882569302747357495e-02
5.822843519840352151e-13
7.992435414119576521e-14
2.541990043768353497e-07
2.804202293516489705e-06
2.571709020925812205e-18
1.000000000000000072e-18
1.000000000000000072e-18
1.000000000000000072e-18
1.000000000000000072e-18
1.000000000000000072e-18
1.000000000000000072e-18
1.000000000000000072e-18
1.000000000000000072e-18
1.000000000000000072e-18
1.000000000000000072e-18
1.000000000000000072e-18
4.931776151020472385e-17
4.859633779120492653e-05
1.033852040908011456e-07
2.338689689124714348e-07
2.795557866489561255e-03
3.037206827217575354e-16
1.000000000000000072e-18
1.000000000000000072e-18
1.000000000000000072e-18
1.000000000000000072e-18
1.000000000000000072e-18
1.000000000000000072e-18
1.000000000000000072e-18
1.000000000000000072e-18
1.000000000000000072e-18
1.000000000000000072e-18
1.000000000000000072e-18
3.300904065609301360e-17
4.710849402336648728e-01
3.530872760842630384e-05
9.480216368769651489e-13
2.664905580749827022e-12
9.352028402074264151e-04
2.495394464890126364e-10
1.195257257896988430e-10
1.000000000000000072e-18
1.000000000000000072e-18
1.000000000000000072e-18
1.000000000000000072e-18
1.000000000000000072e-18
1.000000000000000072e-18
1.000000000000000072e-18
1.000000000000000072e-18
1.000000000000000072e-18
1.000000000000000072e-18
1.000000000000000072e-18
1.000000000000000072e-18
1.000000000000000072e-18
1.000000000000000072e-18
1.000000000000000072e-18
1.000000000000000072e-18
1.000000000000000072e-18
1.000000000000000072e-18
1.000000000000000072e-18
1.000000000000000072e-18
1.000000000000000072e-18
1.000000000000000072e-18
1.000000000000000072e-18
1.000000000000000072e-18
1.000000000000000072e-18
1.000000000000000072e-18
1.000000000000000072e-18
1.000000000000000072e-18
3.956673284947999249e-08
2.270805693226708087e-05
1.788218298851684019e-08
2.380253378899098486e-10
2.510008272481755117e-07
4.118654558647451454e-03
2.837955248118897648e-06
2.745083015807821519e-05
6.688285054470601021e-05
3.271533035768893922e-05
9.981776379055598631e-10
2.072461137019020476e-05
5.007077622095309229e-06
2.009069074198596409e-07
6.898972280920955295e-05
8.027032256318117256e-04
4.488423996717717758e-05
5.746520034881299642e-04
1.130711827378516336e-05
1.094670844063546007e-05
3.995851902378988154e-05
1.416533147563552237e-04
4.958739614810675303e-06
5.085219242666500915e-05
4.551818535145720674e-07
4.738340617771317279e-07
1.192277420186397056e-06
1.204583501336363187e-06
4.890380891632356217e-04
1.925853623905487760e-03
5.608570589406429179e-06
1.791672843253164587e-05
3.350822931756338299e-07
1.000463270806619685e-06
4.301527742340036791e-07
9.692917881263849856e-07
7.364169351767501676e-06
1.703725557379610683e-03
4.038960708809782110e-07
6.466375129125808037e-03
1.000209376159130528e-05
1.145638667124857510e-05
2.859850063052416075e-05
1.008725892271559104e-05
9.033375040370903732e-06
2.802183799980382476e-03
1.862598699069822840e-06
1.266575058303502304e-06
1.325127258602648498e-05
3.242868554678666484e-06
7.600610396149742439e-06
2.137729448039262070e-06
9.497018372428245485e-06
1.787903808568866513e-05
1.025875397547701206e-05
1.482352510020388044e-05
2.229180227369753571e-05
3.562132218751863140e-05
3.820919893835981047e-05
9.766952147940215033e-07
1.120862398085562196e-07
3.767410828050878010e-07
4.441856418371605075e-06
7.852712167970562635e-08
1.488824631446942018e-04
6.129124848069646093e-05
3.162552376470742845e-06
1.270121358880279093e-06
1.183513727320935273e-04
2.327953361540254660e-06
1.008097735679896892e-03
1.370293229037326005e-05
9.777473538734428662e-04
5.807225408144908610e-06
7.914898808605619384e-04
5.651953792522751993e-04
1.161193301227605610e-03
1.299934135933376519e-03
8.620074309138432657e-04
4.484655338874268316e-04
3.426031191412266959e-04
1.045290762029403217e-04
2.405505971043079389e-04
1.211555840041030128e-04
1.283367646060003394e-04
1.347142626470459559e-04
1.331348727727802383e-04
1.390303447623578246e-04
7.166791730370298142e-04
3.283643254872046959e-05
2.991150822518179580e-04
5.842120346087189089e-05
2.509019104183486356e-05
1.744865705934582070e-04
8.322396276411449245e-02
2.924191187656074493e-05
6.184422496324959003e-06
1.360586328606573024e-05
8.731582464851088849e-06
4.225839820541012096e-06
2.914364399441507231e-04
3.314495492781975420e-05
5.517508932783022658e-03
3.995417102364059309e-04
7.324617622242586750e-06
1.660922455257750310e-06
6.180340809856700189e-06
6.692067328639286170e-06
3.916303075406147035e-13
5.216389967356112954e-13
4.915659679756119181e-13
3.849984947165708090e-13
1.972287717365485523e-07
5.492462049597740016e-03
2.958555556112549972e-03
3.082156870299330472e-07
5.220631960938929006e-02
1.251214217284301808e-02
6.693718805128654470e-01
1.377840839362894365e-01
3.713745829663414599e-02
4.352249318859229693e-03
1.184363295696962201e-06
5.343963760998549518e-04
7.092402128951286189e-02
4.800339857371370422e-02
6.063990264535404351e-02
6.603828420210992867e-02
3.413294321357800924e-03
2.149940991249066422e-04
2.949632588947005956e-03
1.529166171281053262e-02
2.019335905675492815e-01
9.101006208890782736e-04
3.437757709703832213e-03
1.043259552102676288e-04
5.208949201407881736e-03
3.010770254826912028e-03
2.056851950675074869e-01
3.281822728993534499e-02
1.323923730034185647e-02
3.591117753040623355e-04
2.174543055196795187e-03
3.156194769904816194e-04
1.626120035668289499e-03
1.581312431804470734e-03
6.483402039005642555e-04
2.975820612735270623e-03
5.425183270235614140e-04
2.160373069771640714e-04
7.289841524043278310e-05
6.688426345001372226e-04
8.746413636096547588e-05
1.701668476527615041e-03
4.863705868649002839e-02
7.125963128060977536e-02
1.363635678442974303e-03
1.318417747787983992e-02
1.564763004889469303e-02
5.032282222605213352e-05
1.155542107139981116e-02
1.700908054597172810e-04
4.408600279495502032e-05
1.485501284785261094e-03
2.260323955227317339e-06
1.863184982563815401e-03
1.871500369894413176e-07
3.875357114972206055e-06
1.204978863323421211e-02
1.231591195939026485e-03
2.331623501006092197e-02
7.488792750004677479e-03
1.859932935217267422e-02
7.659746431010237312e-03
1.215522710985497386e-03
1.291895682060649475e-02
3.624726098786867575e-08
9.797321057289992616e-08
3.955773230265672842e-04
2.145167926607890205e-04
3.158176997749935317e-15
1.863918433755541323e-14
3.648054132018268116e-15
3.574106477719294116e-15
1.154311196500701353e-02
1.838045351969804300e-02
2.628196076241197127e-03
1.346155008177843913e-02
1.001794903142533074e-05
4.836696556525237761e-05
3.727550499947701422e-05
4.399557457694389996e-05
4.310221339154834790e-03
1.080925498105013123e-03
1.199642745957196733e-03
1.098035336819941918e-04
5.077366873706312678e-02
1.424358963494361599e-02
2.156685171374300963e-04
1.358123574393087923e-02
1.889518181335066507e-03
2.592181605241818078e-04
2.143864253089192173e-04
2.269456872738251070e-04
7.047398760336091687e-04
1.476193696380771400e-03
6.603312454396875666e-04
7.280794975974546343e-04
4.532611944117033442e-03
7.231086258685563923e-04
6.548010962076965258e-02
1.814548613321184775e-04
1.260586010817852645e-03
4.881865348266112119e-04
8.156183646606559971e-04
7.953282009520012269e-04
3.178156235762160325e-05
3.197499237092004797e-03
9.146799990796166194e-03
7.876069327348508842e-04
7.671375215279308511e-04
9.723917655764227532e-04
1.319414424039188835e-03
8.159530036197547905e-04
1.578653803073009525e-03
1.702070206831446907e-03
1.004490325985366549e-03
8.535322524991909346e-05
1.199005119076011761e-01
1.121074895180142195e-01
5.733939380062396882e-03
7.148064101784325219e-02
8.008852585925369319e-03
7.454056486508984711e-03
4.891206895759909329e-03
1.312243463163825265e-03
8.326576776616915337e-03
7.555469587732465114e-04
4.220134364162310609e-04
5.780206676062661121e-03
1.054389903324986980e-05
8.798953544086336365e-06
8.347162074097945212e-05
7.327258778641116332e-04
1.131865480101253672e-02
6.553091472790861674e-05
1.166573730637274318e-06
1.982665898199971119e-02
7.013640523448956262e-07
2.713710643438765197e-03
1.572148192266079202e-05
6.349182857865490540e-03
9.598134442314246728e-01
2.403839317900507630e-05
9.082168878109142529e-03
1.521718354340175057e-06
3.743134161528830200e-04
2.448068596652375965e-05
8.923714741907013380e-04
6.469863855194647739e-02
7.053446677479953538e-04
5.610446583175575375e-03
6.040145097154563060e-04
8.192220626406257478e-02
6.819948234229984665e-06
3.171340891015320476e-03
3.711523797834595738e-06
4.340933635782592044e-13
3.371377584032477897e-05
1.224107976376992563e-01
8.813900073952897138e-03
8.557394995054985465e-01
1.111889043478084260e-01
1.263169053230529110e-03
2.474635126762492199e-02
2.781028764950593812e-03
1.691459474977816818e-03
6.144868747809200359e-04
5.961170679514145310e-02
4.335874317420979063e-02
1.348023634508969254e-02
4.188491434308121635e-06
4.738092076459027302e-01
4.451231533462634421e-02
1.838438635715011442e-07
1.143652278678403753e-14
8.052516770526048362e-03
2.146495767666937017e-04
2.041024447365093891e-02
4.780024405230585971e-02
4.029626489141472506e-02
9.204552761124560690e-04
8.503522713988781456e-02
8.093025767816600016e-04
8.184982421350021214e-03
1.084510149249513257e-03
1.651167253026954466e-03
7.924813593822192803e-02
2.431161613610526850e-01
1.000000000000000072e-18
