1.000000000000000072e-18
1.000000000000000072e-18
1.000000000000000072e-18
1.000000000000000072e-18
1.000000000000000072e-18
1.000000000000000072e-18
1.000000000000000072e-18
1.000000000000000072e-18
1.000000000000000072e-18
1.000000000000000072e-18
1.000000000000000072e-18
1.000000000000000072e-18
1.000000000000000072e-18
1.000000000000000072e-18
1.000000000000000072e-18
1.000000000000000072e-18
1.000000000000000072e-18
1.000000000000000072e-18
1.000000000000000072e-18
1.000000000000000072e-18
1.000000000000000072e-18
1.000000000000000072e-18
1.000000000000000072e-18
1.000000000000000072e-18
1.000000000000000072e-18
1.000000000000000072e-18
7.093609076419330252e-15
6.601369130062935204e-17
4.863017645621756715e-13
1.382254286203795326e-18
1.000000000000000072e-18
2.083061795956222817e-16
4.063159373470490408e-11
1.000000000000000072e-18
1.000000000000000072e-18
1.000000000000000072e-18
1.000000000000000072e-18
1.000000000000000072e-18
1.000000000000000072e-18
1.000000000000000072e-18
1.000000000000000072e-18
1.000000000000000072e-18
1.000000000000000072e-18
1.000000000000000072e-18
1.000000000000000072e-18
1.000000000000000072e-18
1.000000000000000072e-18
1.000000000000000072e-18
2.100696979673944772e-10
2.707587168203006381e-13
8.934292628277151244e-13
1.083139354999922733e-11
1.000000000000000072e-18
1.000000000000000072e-18
1.000000000000000072e-18
1.000000000000000072e-18
1.000000000000000072e-18
1.000000000000000072e-18
1.000000000000000072e-18
1.000000000000000072e-18
1.000000000000000072e-18
1.000000000000000072e-18
1.000000000000000072e-18
1.000000000000000072e-18
1.000000000000000072e-18
1.000000000000000072e-18
2.297786338117591269e-17
1.719516775575614313e-11
3.375789307560992616e-14
2.936700343397551466e-18
4.614186314625379240e-17
2.061941199014873526e-10
2.367197639264304888e-16
4.774995531432306684e-12
1.000000000000000072e-18
1.000000000000000072e-18
1.000000000000000072e-18
1.000000000000000072e-18
1.000000000000000072e-18
1.000000000000000072e-18
1.000000000000000072e-18
1.000000000000000072e-18
1.000000000000000072e-18
1.000000000000000072e-18
1.000000000000000072e-18
1.000000000000000072e-18
1.000000000000000072e-18
1.000000000000000072e-18
1.000000000000000072e-18
1.000000000000000072e-18
1.000000000000000072e-18
1.000000000000000072e-18
1.000000000000000072e-18
1.000000000000000072e-18
1.000000000000000072e-18
1.000000000000000072e-18
1.000000000000000072e-18
1.000000000000000072e-18
1.000000000000000072e-18
1.000000000000000072e-18
1.482227757719576758e-17
2.064884134691420461e-12
1.909556344410192371e-17
4.895354136571919612e-12
4.881236242311925205e-15
1.738222114576167192e-13
3.169348201677178760e-12
3.912156950954402868e-12
1.136891379103404398e-11
1.268000071245673872e-12
2.903945923005629608e-12
2.235955401698182276e-12
2.163125442624529787e-12
2.122821677469865655e-15
2.536416016577279621e-10
7.366826589240493095e-12
9.741776226286606295e-14
5.836448216069773072e-13
5.882724476993749945e-14
8.757899382407482271e-13
7.476490967488072298e-13
2.572885304467681621e-13
5.779039055994845519e-12
8.184027753655234920e-12
6.058493651787848813e-14
6.186677109764011618e-14
7.542902281282083191e-14
1.261176015414384494e-14
1.491366057443057664e-12
4.015424423051158841e-12
8.986077894903433703e-12
6.050936436705648953e-12
1.272105440671806361e-14
8.067027810601404733e-15
7.149944208751784216e-15
1.741706482464291795e-14
5.554275999617402865e-13
1.946854908756300442e-11
3.216388382158150068e-12
1.683566829367127074e-11
2.786556528192170265e-13
8.986225777647755012e-13
3.630695064721711044e-14
9.928070350539287755e-14
4.054120023961175969e-12
3.351361890044792729e-12
7.422640909144624732e-13
3.296878308186242421e-12
1.823130009652066058e-13
2.162439853842387773e-13
4.009082954923113827e-14
4.973960114176748120e-14
2.350692936526533256e-13
3.656257554610227745e-13
1.235112534445097068e-13
1.887805455148805523e-12
7.177215534111165668e-12
1.119255825976118190e-12
8.531741479754290140e-14
1.074110888030396763e-13
9.289079303017764509e-15
9.051094627483079399e-15
7.277344889959990498e-15
4.962320840440172146e-15
2.156074023883311572e-08
1.053745462176229103e-12
4.380336919593974168e-12
2.281064441168596214e-12
8.501906404836966109e-14
5.001935492998565397e-12
4.640578682075096353e-12
1.356774606296517214e-13
6.081765606759132426e-14
2.440706467269751321e-14
1.969059895101271154e-14
8.881424072627017807e-14
1.067613583106874244e-12
7.345282663901215989e-12
3.556467701360142589e-12
1.304173938649540103e-11
6.365167339016453086e-10
8.186564541987000035e-12
5.681824841022581438e-12
5.957767232755793424e-10
1.953205021262494131e-12
7.850393029968302592e-12
6.173946416541430465e-11
8.638149575923846453e-10
4.645740196285984473e-09
8.976102111525725934e-12
1.283253669261815543e-10
1.883064576167714464e-11
1.032306306825688431e-10
3.906391792143853937e-10
1.082940794029821067e-10
1.071447729722951236e-10
2.167736663141092947e-13
6.401218599432935440e-13
9.286320840466595253e-13
2.402816314256664591e-12
3.914137144055733596e-12
2.965394154337054608e-11
5.901189598030980958e-13
3.037214476697979047e-13
9.912454163797650708e-13
1.167625235881642458e-14
3.304080253970576736e-12
2.870379294871646944e-13
2.851654394368968193e-18
3.703845308948747552e-18
3.577259347484149348e-18
3.263998121296483011e-18
1.657674122641994636e-10
8.452314042690687343e-15
9.948666480721640650e-14
6.359616580854607670e-11
1.147867562106400890e-11
1.072565960867688664e-08
2.672655489488672433e-10
1.510534649902997344e-09
1.460512199315003549e-10
5.998874838031089686e-11
3.110063457176498381e-11
2.047104145154847121e-13
2.740984683170644130e-11
2.012888911250481728e-10
1.014649127347594735e-10
9.486943677910189158e-11
1.692730374640990050e-08
1.383662563525414772e-07
3.742346398214614293e-09
1.508795224331575746e-09
4.584646680068322037e-08
3.255120599643347275e-08
1.235890327584947500e-08
1.237242153155995485e-08
2.603445293385682363e-11
4.603692982669317985e-12
7.869540359327434605e-13
6.236748935863877389e-12
1.153120735818199407e-08
1.378434348548166158e-08
1.430732699890008257e-09
1.267814713778219083e-08
1.862887618229032351e-11
2.173214921536210065e-12
6.510244199565348997e-11
1.040894835293650879e-11
1.997405190591695821e-11
1.998422775429113622e-11
2.131887341751158114e-11
2.272143842487656194e-11
5.246324753658367455e-11
1.624701707517884540e-11
8.530421610885849969e-12
5.936283723712555774e-11
9.144204720586625071e-11
3.156049785934520892e-11
7.596571362246195170e-11
3.428333446422822470e-11
7.404364687680419366e-11
8.183741668939106955e-11
5.489641653166939337e-11
6.583482905468822823e-11
1.714785219593217247e-11
7.619999592682451740e-11
2.103084157643644374e-11
1.031602386137191373e-10
2.206019393282805339e-11
3.612496307989259576e-11
8.117711919211962043e-11
2.291692796394766322e-10
3.854164327000473269e-08
2.212094755451161387e-11
1.108089692574411587e-09
2.505263457903368667e-10
2.951259634733761637e-15
6.372799185843809687e-15
6.623581229854459912e-14
9.896132841518414873e-15
1.123572745945878967e-09
3.093999923869964829e-10
1.883521854505478567e-09
1.339077628754410764e-07
1.088160222641608619e-10
3.803711137662313602e-12
2.320803318969416960e-10
9.102470715086133833e-12
1.430892072499132457e-14
1.769048313946738038e-13
1.607464495635839134e-13
1.014541783285585394e-13
4.456974222400589752e-10
1.709598813753559368e-11
1.434986742935081276e-10
1.577865851317912668e-11
6.666972630365456269e-11
7.172975272948800346e-11
1.344229289807050724e-11
2.511901213283595023e-11
1.191061333628809243e-09
4.759797639416787650e-11
1.444704527608195589e-11
7.179623487092167019e-10
5.316463076424104500e-11
2.811555431041353642e-11
1.030856064396929749e-09
4.544580297536114466e-10
8.204028599663782636e-11
8.226299473060853471e-11
3.015371044172742669e-11
2.270801978333558822e-09
1.143198930002000020e-11
1.395519134359420752e-11
1.698364496603745016e-11
1.084873580825890937e-11
1.557857468614997667e-10
2.255612229388247424e-11
1.710905481530411070e-09
5.821815609773693297e-12
4.228046828948397907e-11
6.056732003180674372e-11
1.643496657298141523e-10
4.084533970493803935e-10
2.012474553914945939e-10
1.214513406116475913e-11
1.708354965004990190e-11
3.924779538671160257e-11
1.805991169764799362e-11
3.028860431229374412e-10
5.035028540813579947e-10
2.688295147715943285e-11
5.320087737869843290e-10
5.804645616094583927e-09
4.056602131769896755e-10
2.233373471522795834e-10
1.449266131408820030e-10
4.772116115582462351e-10
4.173888822265505075e-10
4.047545575144279513e-10
1.669534296689071716e-09
2.970625757973970825e-11
6.053596523279246613e-12
3.736887284238428675e-11
1.550956154595962930e-09
6.563838007778955098e-09
7.529001122185169778e-14
7.930924035523204841e-07
6.498902247010119689e-15
4.991652506373719809e-08
3.854705303706679077e-13
2.033025788097515947e-07
8.642923627844360515e-14
6.208441933488179442e-08
1.807076216065398829e-10
9.574818046422503967e-15
1.805802549255088305e-08
8.646890320382359985e-09
1.724791744878121315e-14
4.507896073591468193e-08
5.659287624273984067e-10
4.067530160230958302e-07
9.661921064682730736e-08
6.154512144540550076e-07
2.542984783542359279e-13
1.755260369328427626e-07
3.194857773400459996e-12
2.950827966726647369e-18
2.329250690551607603e-13
2.667998119135654031e-05
5.735460950250787364e-09
3.822913309432234907e-11
1.095212650792078987e-06
5.359061484430054730e-08
1.564853336581929048e-09
6.841387988124056557e-09
1.071818381532823854e-08
2.240334278301424248e-11
1.706214125088626074e-06
4.631194127986351813e-04
5.617333401337252776e-09
1.314952306605199599e-11
6.208560431148552032e-10
1.835614273504091382e-06
1.420424037167398077e-15
3.985697084170890961e-08
7.210949009303116324e-07
1.215880197759303510e-13
1.701491509344652749e-08
1.075169270352702550e-10
6.414819536012783893e-10
7.979529868436588663e-06
1.168859258239538384e-07
1.316001417403736429e-11
8.751761995566580440e-07
1.162206323352461287e-09
6.683806593130335481e-11
1.034823282725392884e-04
4.364755405555817968e-08
1.000000000000000072e-18
