1.000000000000000072e-18
1.000000000000000072e-18
1.000000000000000072e-18
1.000000000000000072e-18
1.000000000000000072e-18
1.000000000000000072e-18
1.000000000000000072e-18
1.000000000000000072e-18
1.000000000000000072e-18
1.000000000000000072e-18
1.000000000000000072e-18
1.000000000000000072e-18
1.000000000000000072e-18
1.000000000000000072e-18
1.000000000000000072e-18
1.000000000000000072e-18
1.000000000000000072e-18
1.000000000000000072e-18
1.000000000000000072e-18
1.000000000000000072e-18
1.000000000000000072e-18
1.000000000000000072e-18
1.000000000000000072e-18
1.000000000000000072e-18
1.000000000000000072e-18
1.000000000000000072e-18
4.503849995870617486e-11
2.278452207239916675e-15
1.964841650708083649e-12
8.752037862963996259e-18
1.000000000000000072e-18
3.330191267754530953e-16
3.986578040944541469e-11
1.000000000000000072e-18
1.000000000000000072e-18
1.000000000000000072e-18
1.000000000000000072e-18
1.000000000000000072e-18
1.000000000000000072e-18
1.000000000000000072e-18
1.000000000000000072e-18
1.000000000000000072e-18
1.000000000000000072e-18
1.000000000000000072e-18
1.000000000000000072e-18
1.000000000000000072e-18
1.000000000000000072e-18
1.000000000000000072e-18
8.006427910842148472e-11
9.379951250894258828e-14
3.017848013359289471e-13
9.001618378414244725e-11
1.000000000000000072e-18
1.000000000000000072e-18
1.000000000000000072e-18
1.000000000000000072e-18
1.000000000000000072e-18
1.000000000000000072e-18
1.000000000000000072e-18
1.000000000000000072e-18
1.000000000000000072e-18
1.000000000000000072e-18
1.000000000000000072e-18
1.000000000000000072e-18
1.000000000000000072e-18
1.000000000000000072e-18
7.615434623778418634e-18
6.635407790028260408e-12
9.936033444159422978e-15
1.000000000000000072e-18
1.676606714284208056e-17
3.405333330482741998e-10
6.671759056651081279e-17
1.313958943673443165e-12
1.000000000000000072e-18
1.000000000000000072e-18
1.000000000000000072e-18
1.000000000000000072e-18
1.000000000000000072e-18
1.000000000000000072e-18
1.000000000000000072e-18
1.000000000000000072e-18
1.000000000000000072e-18
1.000000000000000072e-18
1.000000000000000072e-18
1.000000000000000072e-18
1.000000000000000072e-18
1.000000000000000072e-18
1.000000000000000072e-18
1.000000000000000072e-18
1.000000000000000072e-18
1.000000000000000072e-18
1.000000000000000072e-18
1.000000000000000072e-18
1.000000000000000072e-18
1.000000000000000072e-18
1.000000000000000072e-18
1.000000000000000072e-18
1.000000000000000072e-18
1.000000000000000072e-18
1.678514299099090819e-15
3.831117509096465109e-10
2.193455416312880681e-15
9.253509489374371902e-10
1.481097275730705729e-15
6.108153959604700284e-14
8.308800244424482624e-13
2.205214581766467331e-12
2.925224626112606163e-12
5.009893386278024931e-13
7.648438122450671963e-13
6.243648219089798706e-13
7.337736826724130350e-10
3.063217653576911736e-13
6.165617454169116420e-08
4.828852219521063555e-09
3.269679032397842089e-11
1.389990514980227637e-10
2.396645990690643869e-11
2.289434106848011970e-10
1.925158785409456709e-13
6.711600852452152474e-14
5.626072846919255501e-11
2.106088793241012783e-12
5.479317570080500842e-11
3.385593493126686080e-11
5.943795803022045012e-11
2.705280118145736795e-11
3.992693341051501911e-13
1.114657531252165903e-12
2.534596584370861544e-12
1.697765373131200784e-12
4.173295914393221484e-11
1.354785636262887740e-10
4.213330300299205558e-10
3.273355808684795290e-11
1.638442050314157790e-13
5.497544806383509462e-12
9.227598783575139153e-13
4.780942395374472854e-12
3.122376406235980031e-11
3.447938846625925041e-11
2.815292220705410056e-11
2.929105611842714973e-11
1.773199872836364599e-12
1.615610239435573104e-12
2.588887408899909751e-13
1.578631200202025531e-12
2.621854049230266613e-10
1.968389557440085195e-10
4.110611857128106718e-11
1.309449753845272363e-10
2.360599647911629526e-13
3.315826234504107996e-13
1.525244177238788318e-13
1.368106062268006396e-12
1.312513488599137668e-09
1.581404007121823006e-10
2.559676141952220126e-11
2.988950573277408037e-11
2.945264728279266474e-11
8.261406572080216497e-12
2.631711543149186353e-13
2.897064138189718197e-14
3.167246541852789985e-05
1.370376377773731974e-10
4.860856112366163113e-10
2.709295619878360580e-10
7.098694777914460672e-13
3.231386646683563638e-11
3.014357945195142445e-11
1.111205713520551061e-12
7.310774843418591711e-13
2.816083795106245637e-12
1.446178741387153658e-11
7.161566691144966981e-13
5.256637074896571357e-12
4.070879681208149402e-11
2.498230242969060286e-11
7.346188695983994949e-11
1.084608312101429143e-09
1.102071825718270866e-11
7.086941416732783865e-12
1.010739885574635517e-09
4.123848237358045462e-12
1.200682960871835220e-11
1.679674058558152957e-11
7.026959270575981323e-10
3.212288201539636365e-09
7.728416385066695793e-12
7.567039761720472887e-11
1.507308246684587248e-11
6.251845879827690188e-11
2.185089008225871898e-10
6.785872410575138257e-11
6.441059725641308064e-11
3.751849041919596470e-11
3.163408105510782760e-11
4.216888448015936267e-11
9.489785147589130127e-12
1.857998391250197626e-12
1.503744835121678850e-11
2.717346854515514065e-13
1.381707356521164804e-13
4.447106297924414724e-11
2.335074776733318094e-13
1.159268322386861200e-10
2.172018746683145526e-11
1.000000000000000072e-18
1.232085889830250808e-18
1.188044014810485868e-18
1.079166412150856646e-18
1.426844073367227479e-10
1.154320446419970562e-14
1.210186546961887076e-13
5.646701180448490256e-11
3.348029733836368269e-12
3.107759061455751416e-09
7.772248968428673832e-11
4.380202760490157062e-10
5.392629036019226811e-11
1.398183780561226029e-09
4.895950866331804069e-09
2.401210599048972786e-13
1.766888935142307323e-09
6.204023024403132504e-11
5.689817475931086776e-11
8.308165564369144560e-11
4.900609412601782212e-09
4.771879671549268761e-08
1.080537528534042427e-09
4.369527547618385148e-10
1.334493986975648555e-08
9.450196222740860905e-09
3.619967288818852245e-09
3.623099357828334157e-09
5.629897754149524064e-11
8.190365686734309745e-12
1.265020890975416815e-12
1.156989501403006013e-11
3.342433828994738059e-09
3.996177589772633242e-09
4.154345907419712453e-10
3.674961175763026818e-09
1.825642131300302297e-11
2.314889399100096258e-12
6.300404650374181159e-11
1.058511732636622500e-11
3.143286146651779905e-11
3.240151766976282603e-11
1.810773900589052267e-10
5.954517968902134544e-11
4.018349134035808353e-11
1.037103927231541621e-11
7.214328500856427950e-12
4.119944118623869807e-11
3.154300886743083318e-11
1.001207798902764985e-11
3.250390549179054262e-11
1.550067746338293563e-11
3.657541381639245804e-11
3.817303641793166395e-11
2.754373245078509821e-11
3.204460270429508135e-11
5.207625400531481987e-12
3.329132814722660701e-11
1.379793844257304657e-11
4.749048030482584115e-11
8.894612645625266022e-12
1.409386787997217215e-11
2.926437680465044568e-11
8.399961738635256639e-11
1.441462492813687932e-08
8.914850428179973856e-12
3.996183854531082949e-10
9.203435260730231471e-11
5.112525435843357988e-13
2.389640528797048913e-13
2.953587633719373321e-13
2.108342981609219373e-13
4.051729601673930358e-10
1.170200271507733344e-10
7.004195796232472903e-10
5.006847077594081654e-08
7.227568185743705963e-11
2.422130922695700621e-12
1.706715682891317977e-10
5.858414250563273954e-12
5.945600795300702803e-15
2.788322317508728656e-13
3.947926778969645290e-13
8.691436279905941006e-13
2.865466285512140838e-10
1.351840530256235599e-11
1.062245246816092810e-10
1.254155258099732589e-11
3.045596349822955905e-11
3.281456795630211745e-11
6.495657416337404288e-12
1.122468419972055087e-11
8.351548790103393813e-09
5.988316128359141551e-11
1.914225192499264731e-11
3.338040056338391694e-10
2.100827074953491986e-11
1.175978252997429711e-11
4.208103057804646896e-10
1.845504568882076750e-10
3.182848129094911297e-11
3.191304934271350860e-11
1.170930586651957145e-11
8.128670977029518149e-10
4.559189144825771637e-10
5.636206573929966670e-09
4.833689687429483253e-10
1.369355866087450045e-10
5.891338850454602430e-11
8.494157430712757662e-12
6.531481449272306175e-10
2.183158472864944741e-12
2.439638626076555278e-11
3.696955277856964675e-11
2.284493918134780175e-10
4.612737264745573361e-10
1.449029020371937303e-10
5.703368322182552155e-12
8.488610994134257791e-12
2.237747321097451841e-11
6.100227040560989182e-12
1.012804566707319137e-10
1.690768147298974083e-10
9.070140470018708894e-12
2.366321437736770107e-10
2.316924217357646475e-09
2.098378313816314507e-10
8.372219706774492039e-11
5.457869563018326838e-11
4.113388988498416602e-10
2.052974551599273475e-10
2.261709914889890239e-10
1.638054823146620467e-05
1.482476933241661412e-11
1.517494942492361699e-04
3.654979390423955792e-03
3.454779959983042172e-07
8.779919244779216259e-02
5.943995255776319712e-11
2.502999675047881960e-05
3.637533241730488975e-01
3.657269608036620609e-06
3.203011835723883555e-11
2.179084053166211250e-06
6.866496854117910831e-02
3.987355643058587776e-08
3.141557329365719181e-08
1.536551819007060393e-01
2.348558716744429738e-05
4.450225879722064139e-05
2.249685303293953442e-01
2.653808030189124582e-07
9.582719142954795096e-10
4.304161197559479117e-03
6.642999971843934627e-08
6.188792027252158409e-05
4.615656652127828052e-02
1.164270751806149634e-04
1.117292649520312216e-10
1.000000000000000072e-18
2.714146340996388757e-13
4.546284680669942873e-04
4.710198418604069563e-09
2.348926893636551355e-02
6.266111672119378806e-04
1.557735259317452350e-08
2.159198207968788394e-06
1.983705733986211673e-09
2.586941829632022838e-08
2.130557427874216481e-01
2.846901249912955987e-03
2.308432322076499983e-04
1.490911401628456368e-01
9.266456882556957177e-12
2.339712310041434646e-10
6.900124059021120703e-07
2.077940643554755619e-04
1.518561849786747572e-08
2.548970248469684726e-04
2.110827396748067575e-03
1.238506037055820922e-08
4.988022284573463440e-11
7.230472921319930661e-04
1.029839234283238376e-04
6.500845489224263418e-03
5.496278032865089536e-01
6.567586817780001251e-07
1.043025012578266928e-09
4.141065708779229759e-11
4.880613154422114698e-05
1.779083649456430779e-08
1.000000000000000072e-18
