1.000000000000000072e-18
1.000000000000000072e-18
1.000000000000000072e-18
1.000000000000000072e-18
1.000000000000000072e-18
1.000000000000000072e-18
1.000000000000000072e-18
1.000000000000000072e-18
1.000000000000000072e-18
1.000000000000000072e-18
1.000000000000000072e-18
1.000000000000000072e-18
1.000000000000000072e-18
1.000000000000000072e-18
1.000000000000000072e-18
1.000000000000000072e-18
1.000000000000000072e-18
1.000000000000000072e-18
1.000000000000000072e-18
1.000000000000000072e-18
1.000000000000000072e-18
1.000000000000000072e-18
1.000000000000000072e-18
1.000000000000000072e-18
1.000000000000000072e-18
1.000000000000000072e-18
1.916859111694440254e-16
1.975865896591743817e-18
1.847047931414108080e-14
1.000000000000000072e-18
1.000000000000000072e-18
1.028435422951096207e-17
2.692703578723230078e-12
1.000000000000000072e-18
1.000000000000000072e-18
1.000000000000000072e-18
1.000000000000000072e-18
1.000000000000000072e-18
1.000000000000000072e-18
1.000000000000000072e-18
1.000000000000000072e-18
1.000000000000000072e-18
1.000000000000000072e-18
1.000000000000000072e-18
1.000000000000000072e-18
1.000000000000000072e-18
1.000000000000000072e-18
1.000000000000000072e-18
5.241440848231819223e-11
2.055183931619674792e-13
1.415986181872938213e-12
3.032762429195157629e-13
1.000000000000000072e-18
1.000000000000000072e-18
1.000000000000000072e-18
1.000000000000000072e-18
1.000000000000000072e-18
1.000000000000000072e-18
1.000000000000000072e-18
1.000000000000000072e-18
1.000000000000000072e-18
1.000000000000000072e-18
1.000000000000000072e-18
1.000000000000000072e-18
1.000000000000000072e-18
1.000000000000000072e-18
4.304432960233386642e-16
7.123378700364981472e-13
1.812825682634775450e-14
1.021338331830644349e-17
9.570548039778293294e-17
1.060702835719557442e-11
1.222183400824994384e-16
2.303179012047097231e-13
1.000000000000000072e-18
1.000000000000000072e-18
1.000000000000000072e-18
1.000000000000000072e-18
1.000000000000000072e-18
1.000000000000000072e-18
1.000000000000000072e-18
1.000000000000000072e-18
1.000000000000000072e-18
1.000000000000000072e-18
1.000000000000000072e-18
1.000000000000000072e-18
1.000000000000000072e-18
1.000000000000000072e-18
1.000000000000000072e-18
1.000000000000000072e-18
1.000000000000000072e-18
1.000000000000000072e-18
1.000000000000000072e-18
1.000000000000000072e-18
1.000000000000000072e-18
1.000000000000000072e-18
1.000000000000000072e-18
1.000000000000000072e-18
1.000000000000000072e-18
1.000000000000000072e-18
1.000000000000000072e-18
5.410844836448476671e-14
1.000000000000000072e-18
1.283090269950477612e-13
1.711600243753989172e-16
5.013352910484970753e-15
6.074287994358810800e-13
7.191729547849417079e-13
1.342068088496489360e-12
3.331523164642189308e-14
6.075006170360736324e-13
1.235276506819729902e-12
5.721494646279554556e-14
5.535344752888277770e-17
6.682852256331134618e-12
1.963542466674635138e-13
2.576633652837333050e-15
1.535728516906484484e-14
1.559880059588275356e-15
2.307801555841140952e-14
6.354305989980209805e-14
1.730634947814188722e-14
1.934815059073716935e-13
9.526571332822650915e-13
1.619798632944778969e-15
1.646110106184418069e-15
2.014234896861872960e-15
3.392093075741345547e-16
8.188418828904857278e-14
1.873161847807685393e-13
3.969750388134767360e-13
2.719447210878011804e-13
3.492262409992849599e-16
2.203173491717282276e-16
1.949004761132598217e-16
4.795821366136496965e-16
2.183004725319470947e-14
8.612924032466953451e-13
1.355894324866483248e-13
7.280909749093676196e-13
7.985691051557385380e-15
2.682321395502241227e-14
1.006686950660951795e-15
2.786852759150611977e-15
1.043880666225839628e-13
8.260001854842086550e-14
2.257818706512303144e-14
8.147505025207713706e-14
4.892628990906457358e-15
5.783586261976548245e-15
1.108583575403314316e-15
1.366810688701244739e-15
5.123229528504346064e-15
8.008637783981427841e-15
2.680646538872842126e-15
4.221547502549591772e-14
2.031584895592715623e-13
3.186148684363133495e-14
2.393359690373216760e-15
3.016809066575068850e-15
2.549973117189784422e-16
2.504877883576615153e-16
2.175698583095792565e-16
1.776944941615796858e-16
6.036860347730419352e-10
3.005676472533176774e-14
1.254542779892591075e-13
6.521424316358447692e-14
2.858966278070549832e-15
1.742797682437106446e-13
1.615547435840885821e-13
4.573704513270118088e-15
1.959425256932197284e-15
6.966091669209849163e-16
5.455233200932981171e-16
2.996588700829973065e-15
3.894967921977901010e-14
2.623482240628247861e-13
1.223886790514280142e-13
4.645221282311583529e-13
3.227609743976180937e-11
4.719248829780259027e-13
3.442520761067177870e-13
3.027155498552769511e-11
8.985714954868773189e-14
4.190478696693462722e-13
9.162852645976521802e-12
7.709852380837886614e-11
5.204864990198244229e-10
7.506876606126238228e-13
1.928125297955184946e-11
1.715299702624144665e-12
1.465943404642427490e-11
6.633634361654088161e-11
1.437361263217491625e-11
1.545025522281977820e-11
6.123681498461972752e-15
1.874798049757837659e-14
2.729351599189804918e-14
5.557031768955978536e-14
1.097306004383617009e-12
6.607300058108953283e-12
1.872081573658080691e-13
1.015960039472017201e-13
2.914884349748331038e-14
3.589412245237535261e-16
9.827259134956978941e-14
8.279617412295594601e-15
5.658276624617859192e-17
6.596078043473628838e-17
6.581045422503372877e-17
6.408176165525181368e-17
1.269840119668078429e-11
4.523613425715446287e-16
5.712187284554926977e-15
4.715858907173325451e-12
4.417117768560974476e-12
3.115676866754573465e-09
9.100087080692079503e-11
4.436569453945717018e-10
2.104717777443497021e-10
1.520714472332683664e-12
8.756537540469195059e-13
1.204310559929096016e-14
7.883726827193226134e-13
3.792171164497290770e-10
1.521553951191884921e-11
7.135206571795698893e-12
2.496445321130829345e-09
8.928509346430890702e-07
8.108436741976008883e-10
4.137047363519137784e-10
1.319055275260885254e-08
8.213190623555536310e-09
4.836128268270564146e-09
4.801909229880852179e-09
1.122927983347589062e-12
2.144673798073611122e-13
3.829562134998227844e-14
2.850935055136910185e-13
2.352517262883559323e-09
3.082253157469817249e-09
2.416804867867035329e-10
2.733156722582138135e-09
1.233771701604428147e-12
1.347739799086800537e-13
4.367288594319435354e-12
6.693398727993525041e-13
9.700751927123939036e-13
9.569905207879695069e-13
6.908147526894368799e-13
5.471345508842143860e-13
4.468236197291921928e-12
1.805263196982630669e-12
6.490182808496282384e-13
5.772050920393748991e-12
5.012559652591872221e-10
1.434788961457941124e-10
2.846863404046776888e-11
9.776863996753437155e-12
1.500393035153180810e-11
2.046925591179274081e-11
1.063312248419623705e-11
1.401373692847095634e-11
1.688870388846692723e-12
2.819371316364644248e-12
5.998487643542040082e-13
3.638681826450797089e-12
1.200810735546110810e-11
2.578762646663338439e-11
1.565158707357727863e-10
3.374922308710937674e-10
4.317860810526735531e-08
1.208419170056572671e-11
2.127931232980007504e-09
3.568917568619682624e-10
7.815428723295251619e-17
1.643837116337035646e-16
1.615505396993733857e-15
2.517785310235461759e-16
2.160487506171923231e-09
3.029068347560883280e-10
2.267173923276349318e-09
1.509404102539566030e-07
5.489875526643375506e-12
1.994953147604910752e-13
1.077432300629546625e-11
4.725012883699939666e-13
1.665169828056378301e-15
6.345491948517580610e-15
5.213638997320272078e-15
2.826372136714756636e-15
2.318897328641311393e-11
7.542463489303008315e-13
6.629029671907981393e-12
6.937719017916359146e-13
7.492829515159753431e-12
8.029252823251847032e-12
1.305937972590910409e-12
3.012092942335070227e-12
3.455956773540762830e-11
1.695134924785871175e-12
5.045388624553710600e-13
6.219699616377610042e-11
1.053356249017382743e-11
4.260891665523985500e-12
1.732778086404600953e-10
7.829698497585551711e-11
1.812403107118960148e-11
1.817987325851593913e-11
6.540087355983112420e-12
1.079704147396360083e-09
3.119412008341295231e-13
3.804979367002503558e-13
4.701855322033758241e-13
3.002142139261974566e-13
4.035855151866455260e-11
6.008879423306025195e-12
4.142165378054294361e-10
1.601490058283695538e-12
2.863960773884567431e-12
3.807689874069645805e-12
6.043498284627178779e-12
1.625964668561933601e-11
1.062955737049897131e-11
1.212361946047977017e-12
1.497152171555275588e-12
2.704516917739662202e-12
3.640481234959479055e-11
1.910507211022383690e-09
1.679470438413472018e-09
5.866949302776885460e-11
5.708525129626990867e-11
9.631294830380502616e-10
3.080498918247949788e-11
5.300187090612754913e-11
3.373815005477214189e-11
2.110991513279758343e-11
3.493108774664113483e-11
2.712454240735622465e-11
4.579849655873965998e-11
7.011360417693717786e-13
1.646901369724156645e-13
1.016543577919226477e-12
4.100269971511489522e-11
1.785903135733629755e-10
2.010556992488749093e-15
2.649788687341980051e-08
1.767701661417652571e-16
1.502330446067243873e-09
1.114641777408081670e-14
6.974503152679695464e-09
2.350877906823275706e-15
1.617939257672161049e-09
5.124075259361086869e-12
2.604351225102694783e-16
5.055471752258757342e-10
2.388715913589078442e-10
4.691434965619859373e-16
1.637795235489358232e-09
2.877962563933722684e-11
1.115009535930088535e-08
1.138834223854797546e-08
1.716280907025637842e-08
6.916936519553673321e-15
4.986084030505156485e-09
9.503907746439385761e-14
5.912968312229421375e-17
1.376541902888132791e-14
9.616778856017895626e-07
4.773165715425714715e-10
1.039878791490863642e-12
3.121982264493918479e-08
1.419091745231474465e-08
4.318490950976531316e-11
1.296166369331172200e-09
4.869030836348607545e-10
6.093741645090744241e-13
4.769356437024554266e-08
2.137961314215518205e-04
1.528237180015875756e-10
3.656080425757044088e-13
6.337194614417312775e-10
2.046334150120733324e-06
3.863561152092283848e-17
3.814280529108496364e-08
2.081776592476737376e-08
3.307221906705485110e-15
8.061328681918283156e-10
1.158539671186605210e-11
1.746115422222943951e-11
3.033512061233127576e-07
3.194165327661532308e-09
3.579537883577153303e-13
1.480770913499746071e-07
5.215737514392086477e-11
4.125791420989207144e-12
7.404827737784913026e-05
7.926518158944459342e-09
1.000000000000000072e-18
