3.038720213201761000e-01
3.007318538003501684e-01
2.975992711448151584e-01
2.944747765741865808e-01
2.913588679690471417e-01
2.882520375648944810e-01
2.851547716569053370e-01
2.820675503049838717e-01
2.789908470584622768e-01
2.759251286778234280e-01
2.728708548749508300e-01
2.698284780600300747e-01
2.667984430916212624e-01
2.637811870496224453e-01
2.607771390054151039e-01
2.577867198112768765e-01
2.548103418946002785e-01
2.518484090652716167e-01
2.489013163356223468e-01
2.459694497476411501e-01
2.430531862146662059e-01
2.401528933680134870e-01
2.372689294252798842e-01
2.344016430557067099e-01
2.315513732729016505e-01
2.287184493238085259e-01
2.259031905965998566e-01
2.231059065406760800e-01
2.203268965905321730e-01
2.175664501096735703e-01
2.148248463353679416e-01
2.121023543425007152e-01
2.093992330152582015e-01
2.067157310239565726e-01
2.040520868195507265e-01
2.014085286355209448e-01
1.987852744945635131e-01
1.961825322332919619e-01
1.936004995292866515e-01
1.910393639400925492e-01
1.884993029514547558e-01
1.859804840316012231e-01
1.834830646966719991e-01
1.810071925832265616e-01
1.785530055256468462e-01
1.761206316453355070e-01
1.737101894448149497e-01
1.713217879079212969e-01
1.689555266085824292e-01
1.666114958235689336e-01
1.642897766530151682e-01
1.619904411454894944e-01
1.597135524289400588e-01
1.574591648456725168e-01
1.552273240940464372e-01
1.530180673718819495e-01
1.508314235260409253e-01
1.486674132059295217e-01
1.465260490178452168e-01
1.444073356854745360e-01
1.423112702130799323e-01
1.402378420487149779e-01
1.381870332532264545e-01
1.361588186683982682e-01
1.341531660898056533e-01
1.321700364374043257e-01
1.302093839330180913e-01
1.282711562722601562e-01
1.263552948026611944e-01
1.244617347003941776e-01
1.225904051461519512e-01
1.207412295041737360e-01
1.189141254971645689e-01
1.171090053858345609e-01
1.153257761435769885e-01
1.135643396330939525e-01
1.118245927813722312e-01
1.101064277534940933e-01
1.084097321263714775e-01
1.067343890593304562e-01
1.050802774649970683e-01
1.034472721776208415e-01
1.018352441202920733e-01
1.002440604693405068e-01
9.867358481798416125e-02
9.712367733690362159e-02
9.559419493362984743e-02
9.408499140795491267e-02
9.259591760750524037e-02
9.112682157835146068e-02
8.967754871479967360e-02
8.824794190596781107e-02
8.683784167925027997e-02
8.544708634255512858e-02
8.407551212177871713e-02
8.272295329753349968e-02
8.138924233706965050e-02
8.007421002494694018e-02
7.877768559013648142e-02
7.749949683020378177e-02
7.623947023216198771e-02
7.499743109146222997e-02
7.377320362684799959e-02
7.256661109333312210e-02
7.137747589111920199e-02
7.020561967241284451e-02
6.905086344516041252e-02
6.791302767305464061e-02
6.679193237404247585e-02
6.568739721451612168e-02
6.459924160160035456e-02
6.352728477192691459e-02
6.247134587818684026e-02
6.143124407212777194e-02
6.040679858566203736e-02
5.939782880830184880e-02
5.840415436278383055e-02
5.742559517715424555e-02
5.646197155488542896e-02
5.551310424213214134e-02
5.457881449228790122e-02
5.365892412839862874e-02
5.275325560271258013e-02
5.186163205402005705e-02
5.098387736263062381e-02
5.011981620287970368e-02
4.926927409333341223e-02
4.843207744508810919e-02
4.760805360729619684e-02
4.679703091099732953e-02
4.599883871077360686e-02
4.521330742422741134e-02
4.444026856938688985e-02
4.367955480048790751e-02
4.293099994150546134e-02
4.219443901799305868e-02
4.146970828708574502e-02
4.075664526566637191e-02
4.005508875702790128e-02
3.936487887553480336e-02
3.868585706994949469e-02
3.801786614507715600e-02
3.736075028184996510e-02
3.671435505596295362e-02
3.607852745509348980e-02
3.545311589467592395e-02
3.483797023235229301e-02
3.423294178112733233e-02
3.363788332127696373e-02
3.305264911086592400e-02
3.247709489543932487e-02
3.191107791614518352e-02
3.135445691709258520e-02
3.080709215151224839e-02
3.026884538684184237e-02
2.973957990890709752e-02
2.921916052518646820e-02
2.870745356705646859e-02
2.820432689117549629e-02
2.770964988019197772e-02
2.722329344237174945e-02
2.674513001065493417e-02
2.627503354089585907e-02
2.581287950939628595e-02
2.535854490972004605e-02
2.491190824896511238e-02
2.447284954327255332e-02
2.404125031282241393e-02
2.361699357625171927e-02
2.319996384450605936e-02
2.279004711422851284e-02
2.238713086057205620e-02
2.199110402966240538e-02
2.160185703049787020e-02
2.121928172651263780e-02
2.084327142673436314e-02
2.047372087652083242e-02
2.011052624801288116e-02
1.975358513019072684e-02
1.940279651866248095e-02
1.905806080513355871e-02
1.871927976661085652e-02
1.838635655435091193e-02
1.805919568258133531e-02
1.773770301695212076e-02
1.742178576282957941e-02
1.711135245339722236e-02
1.680631293753395358e-02
1.650657836757550914e-02
1.621206118692618964e-02
1.592267511750137393e-02
1.563833514708124622e-02
1.535895751654065000e-02
1.508445970699750366e-02
1.481476042684422637e-02
1.454977959874902312e-02
1.428943834653240499e-02
1.403365898207230636e-02
1.378236499207214326e-02
1.353548102488548281e-02
1.329293287722303762e-02
1.305464748093613028e-02
1.282055288970571257e-02
1.259057826580328721e-02
1.236465386678833878e-02
1.214271103228561736e-02
1.192468217074296559e-02
1.171050074621363297e-02
1.150010126519373024e-02
1.129341926349562188e-02
1.109039129313781416e-02
1.089095490932345291e-02
1.069504865744703992e-02
1.050261206016588761e-02
1.031358560455092679e-02
1.012791072927319083e-02
9.945529811911288029e-03
9.766386156284256534e-03
9.590423979896220419e-03
9.417588401455151415e-03
9.247825428482655055e-03
9.081081945000443745e-03
8.917305699320735371e-03
8.756445291937248535e-03
8.598450163493105008e-03
8.443270582865810420e-03
8.290857635344503138e-03
8.141163210917817805e-03
7.994139992665976260e-03
7.849741445246577812e-03
7.707921803512239774e-03
7.568636061217737590e-03
7.431839959848372638e-03
7.297489977561900237e-03
7.165543318227697578e-03
7.035957900615081445e-03
6.908692347645878362e-03
6.783705975813870796e-03
6.660958784679976187e-03
6.540411446515689321e-03
6.422025296034578404e-03
6.305762320262147877e-03
6.191585148519839106e-03
6.079457042511019794e-03
5.969341886550731668e-03
5.861204177885145049e-03
5.755009017148537097e-03
5.650722098937722114e-03
5.548309702481138764e-03
5.447738682454543978e-03
5.348976459893147080e-03
5.251991013226168549e-03
5.156750869431058273e-03
5.063225095297249449e-03
4.971383288800187115e-03
4.881195570605974428e-03
4.792632575677095198e-03
4.705665444984614629e-03
4.620265817353724769e-03
4.536405821399016811e-03
4.454058067586624120e-03
4.373195640395525531e-03
4.293792090593571975e-03
4.215821427623017530e-03
4.139258112086840503e-03
4.064077048348856309e-03
3.990253577235323805e-03
3.917763468846648459e-03
3.846582915462307389e-03
3.776688524563788507e-03
3.708057311945163990e-03
3.640666694933066688e-03
3.574494485704994128e-03
3.509518884706289664e-03
3.445718474164013133e-03
3.383072211701395986e-03
3.321559424041236556e-03
3.261159800813470244e-03
3.201853388450246959e-03
3.143620584174998487e-03
3.086442130085406427e-03
3.030299107324684483e-03
2.975172930341951367e-03
2.921045341247876029e-03
2.867898404248254898e-03
2.815714500171497513e-03
2.764476321078550118e-03
2.714166864955994476e-03
2.664769430498336190e-03
2.616267611963711288e-03
2.568645294120743862e-03
2.521886647266473151e-03
2.475976122330711057e-03
2.430898446054443728e-03
2.386638616246845174e-03
2.343181897119294820e-03
2.300513814689832213e-03
2.258620152271324701e-03
2.217486946020858721e-03
2.177100480570837854e-03
2.137447284724855456e-03
2.098514127229388158e-03
2.060288012608344453e-03
2.022756177069942596e-03
1.985906084480730527e-03
1.949725422403948433e-03
1.914202098203679828e-03
1.879324235214141492e-03
1.845080168972807345e-03
1.811458443513563931e-03
1.778447807723993650e-03
1.746037211762811042e-03
1.714215803534420912e-03
1.682972925226764805e-03
1.652298109904620955e-03
1.622181078159173244e-03
1.592611734815532927e-03
1.563580165695311382e-03
1.535076634433088548e-03
1.507091579347404802e-03
1.479615610365338230e-03
1.452639505994279389e-03
1.426154210353644015e-03
1.400150830250188006e-03
1.374620632304402205e-03
1.349555040126968267e-03
1.324945631544054798e-03
1.300784135867937919e-03
1.277062431213582885e-03
1.253772541867530883e-03
1.230906635691874935e-03
1.208457021581809494e-03
1.186416146961268925e-03
1.164776595323796298e-03
1.143531083816801304e-03
1.122672460864280021e-03
1.102193703834627959e-03
1.082087916744453159e-03
1.062348328005624466e-03
1.042968288210276411e-03
1.023941267953005054e-03
1.005260855692143018e-03
9.869207556486233896e-04
9.689147857394651104e-04
9.512368755486971805e-04
9.338810643346609833e-04
9.168414990683187342e-04
9.001124325099635034e-04
8.836882213179593883e-04
8.675633241889506558e-04
8.517323000328201046e-04
8.361898061790759562e-04
8.209305966143442884e-04
8.059495202502965422e-04
7.912415192224851387e-04
7.768016272203877477e-04
7.626249678441952449e-04
7.487067529921389349e-04
7.350422812764366995e-04
7.216269364662116024e-04
7.084561859582491194e-04
6.955255792750916592e-04
6.828307465891371312e-04
6.703673972729586169e-04
6.581313184751936499e-04
6.461183737220732495e-04
6.343245015436890875e-04
6.227457141226521407e-04
6.113780959703693334e-04
6.002178026233367198e-04
5.892610593645590533e-04
5.785041599666107884e-04
5.679434654581434977e-04
5.575754029106906378e-04
5.473964642489044172e-04
5.374032050806388768e-04
5.275922435479297751e-04
5.179602591995201722e-04
5.085039918817874181e-04
4.992202406510721840e-04
4.901058627045342319e-04
4.811577723299482741e-04
4.723729398747419819e-04
4.637483907331254804e-04
4.552812043514945276e-04
4.469685132518239697e-04
4.388075020711151939e-04
4.307954066206167191e-04
4.229295129594168074e-04
4.152071564859438971e-04
4.076257210449373545e-04
4.001826380515641777e-04
3.928753856300586968e-04
3.857014877680804417e-04
3.786585134871145691e-04
3.717440760263731551e-04
3.649558320424374220e-04
3.582914808225520775e-04
3.517487635126696267e-04
3.453254623586341854e-04
3.390193999619391932e-04
3.328284385479891210e-04
3.267504792477969383e-04
3.207834613927519076e-04
3.149253618221258336e-04
3.091741942026028428e-04
3.035280083607919967e-04
2.979848896267978998e-04
2.925429581903540117e-04
2.872003684685125254e-04
2.819553084842044014e-04
2.768059992567610799e-04
2.717506942024429991e-04
2.667876785469165094e-04
2.619152687472790309e-04
2.571318119254144491e-04
2.524356853107876828e-04
2.478252956939020553e-04
2.432990788889907610e-04
2.388554992073866397e-04
2.344930489393774861e-04
2.302102478458198560e-04
2.260056426592943403e-04
2.218778065937470787e-04
2.178253388630845065e-04
2.138468642089630574e-04
2.099410324363725725e-04
2.061065179582757790e-04
2.023420193478507362e-04
1.986462588996169094e-04
1.950179821978127671e-04
1.914559576929300208e-04
1.879589762855415642e-04
1.845258509185858636e-04
1.811554161758682183e-04
1.778465278884346025e-04
1.745980627481513042e-04
1.714089179281735854e-04
1.682780107101222733e-04
1.652042781182030138e-04
1.621866765599756408e-04
1.592241814734192103e-04
1.563157869807762785e-04
1.534605055481913201e-04
1.506573676519999130e-04
1.479054214506959441e-04
1.452037324631365019e-04
1.425513832523252048e-04
1.399474731150357216e-04
1.373911177772679456e-04
1.348814490949374787e-04
1.324176147601069050e-04
1.299987780126011594e-04
1.276241173567477293e-04
1.252928262834659577e-04
1.230041129971330975e-04
1.207572001476416203e-04
1.185513245671300595e-04
1.163857370116892450e-04
1.142597019076387467e-04
1.121724971023438220e-04
1.101234136199059742e-04
1.081117554207793518e-04
1.061368391661241640e-04
1.041979939864328271e-04
1.022945612541029331e-04
1.004258943604689319e-04
9.859135849663438827e-05
9.679033043843162200e-05
9.502219833525696281e-05
9.328636150270711036e-05
9.158223021902905329e-05
8.990922552530948282e-05
8.826677902915472753e-05
8.665433271214474165e-05
8.507133874061444210e-05
8.351725928000307351e-05
8.199156631245943245e-05
8.049374145790291822e-05
7.902327579825003392e-05
7.757966970486690397e-05
7.616243266909089691e-05
7.477108313606119260e-05
7.340514834129257063e-05
7.206416415035108759e-05
7.074767490153196440e-05
6.945523325124185329e-05
6.818640002234584207e-05
6.694074405508680940e-05
6.571784206100277526e-05
6.451727847919411045e-05
6.333864533543998889e-05
6.218154210373545666e-05
6.104557557049638389e-05
5.993035970104214236e-05
5.883551550870120536e-05
5.776067092620095151e-05
5.670546067940189982e-05
5.566952616337853107e-05
5.465251532074370285e-05
5.365408252209711155e-05
5.267388844886829625e-05
5.171159997798543213e-05
5.076689006900890862e-05
4.983943765300024074e-05
4.892892752357930707e-05
4.803505022997001453e-05
4.715750197195521602e-05
4.629598449672385902e-05
4.545020499765178851e-05
4.461987601489327579e-05
4.380471533782452062e-05
4.300444590923584940e-05
4.221879573121302583e-05
4.144749777285982819e-05
4.069028987964350797e-05
3.994691468432771009e-05
3.921711951963718256e-05
3.850065633247122825e-05
3.779728159964992039e-05
3.710675624523025637e-05
3.642884555936800434e-05
3.576331911854248687e-05
3.510995070738050174e-05
3.446851824179031815e-05
3.383880369357765536e-05
3.322059301636929039e-05
3.261367607293774636e-05
3.201784656386474687e-05
3.143290195740114167e-05
3.085864342077441173e-05
3.029487575258727459e-05
2.974140731653694968e-05
2.919804997634450506e-05
2.866461903184906420e-05
2.814093315622530038e-05
2.762681433449235826e-05
2.712208780291602581e-05
2.662658198975673663e-05
2.614012845694424324e-05
2.566256184282887597e-05
2.519371980607517834e-05
2.473344297046204041e-05
2.428157487075164206e-05
2.383796189956487806e-05
2.340245325513946263e-05
2.297490089016611723e-05
2.255515946143422706e-05
2.214308628049261912e-05
2.173854126516082909e-05
2.134138689191812814e-05
2.095148814920383526e-05
2.056871249153665275e-05
2.019292979448605938e-05
1.982401231044398696e-05
1.946183462524556278e-05
1.910627361553456676e-05
1.875720840693539284e-05
1.841452033298927784e-05
1.807809289482325126e-05
1.774781172157121635e-05
1.742356453150589520e-05
1.710524109388746863e-05
1.679273319151320369e-05
1.648593458393335384e-05
1.618474097135288143e-05
1.588904995919879895e-05
1.559876102331011677e-05
1.531377547578898822e-05
1.503399643145434915e-05
1.475932877492655649e-05
1.448967912829599317e-05
1.422495581939372558e-05
1.396506885064742688e-05
1.370992986847649092e-05
1.345945213328319991e-05
1.321355048996044163e-05
1.297214133896120419e-05
1.273514260788970766e-05
1.250247372359430946e-05
1.227405558480536037e-05
1.204981053522277561e-05
1.182966233715966282e-05
1.161353614558810429e-05
1.140135848274901066e-05
1.119305721314180956e-05
1.098856151901897945e-05
1.078780187633284488e-05
1.059071003107347900e-05
1.039721897610156303e-05
1.020726292835538524e-05
1.002077730650053326e-05
9.837698708965226897e-06
9.657964892417028014e-06
9.481514750582356450e-06
9.308288293485617628e-06
9.138226627060933165e-06
8.971271933130267441e-06
8.807367449753947125e-06
8.646457451932912830e-06
8.488487232674993331e-06
8.333403084385169896e-06
8.181152280630784825e-06
8.031683058197553349e-06
7.884944599513157325e-06
7.740887015360202334e-06
7.599461327924235599e-06
7.460619454141018105e-06
7.324314189361091019e-06
7.190499191294905687e-06
7.059128964260888188e-06
6.930158843724363138e-06
6.803544981112713579e-06
6.679244328911574538e-06
6.557214626027948689e-06
6.437414383424879093e-06
6.319802870026660858e-06
6.204340098858838489e-06
6.090986813467385285e-06
5.979704474565404266e-06
5.870455246939725906e-06
5.763201986580703284e-06
5.657908228062773039e-06
5.554538172147015180e-06
5.453056673606950983e-06
5.353429229284204439e-06
5.255621966361784268e-06
5.159601630844710272e-06
5.065335576256971909e-06
4.972791752544675853e-06
4.881938695179283076e-06
4.792745514460938824e-06
4.705181885019334062e-06
4.619218035502106790e-06
4.534824738453510684e-06
4.451973300383196038e-06
4.370635552004173680e-06
4.290783838665363535e-06
4.212391010940505468e-06
4.135430415407794844e-06
4.059875885579564887e-06
3.985701733015404196e-06
3.912882738582980705e-06
3.841394143886737414e-06
3.771211642850308085e-06
3.702311373455084724e-06
3.634669909625850743e-06
3.568264253266981000e-06
3.503071826443439159e-06
3.439070463708634469e-06
3.376238404561706448e-06
3.314554286059253740e-06
3.253997135542064218e-06
3.194546363513979821e-06
3.136181756635517418e-06
3.078883470857128984e-06
3.022632024667113188e-06
2.967408292475006513e-06
2.913193498103770680e-06
2.859969208408107930e-06
2.807717327008939681e-06
2.756420088140182692e-06
2.706060050608485966e-06
2.656620091863467333e-06
2.608083402177304957e-06
2.560433478928657465e-06
2.513654120992825716e-06
2.467729423233959189e-06
2.422643771097511241e-06
2.378381835299984585e-06
2.334928566620509600e-06
2.292269190779625534e-06
2.250389203422130295e-06
2.209274365180670263e-06
2.168910696837001901e-06
2.129284474569886198e-06
2.090382225287937554e-06
2.052190722048655723e-06
2.014696979562553234e-06
1.977888249778030029e-06
1.941752017546009393e-06
1.906275996368239343e-06
1.871448124215173543e-06
1.837256559429525789e-06
1.803689676697419628e-06
1.770736063096895379e-06
1.738384514218317762e-06
1.706624030353220176e-06
1.675443812756502897e-06
1.644833259973183002e-06
1.614781964235709564e-06
1.585279707923573029e-06
1.556316460090775911e-06
1.527882373055267973e-06
1.499967779050216078e-06
1.472563186937655694e-06
1.445659278980606514e-06
1.419246907676293032e-06
1.393317092645380473e-06
1.367861017578689949e-06
1.342870027240161050e-06
1.318335624523720676e-06
1.294249467563969582e-06
1.270603366900539691e-06
1.247389282694116598e-06
1.224599321991951039e-06
1.202225736045259171e-06
1.180260917672897531e-06
1.158697398677615880e-06
1.137527847305007268e-06
1.116745065750707020e-06
1.096341987714224471e-06
1.076311675996053223e-06
1.056647320137796268e-06
1.037342234109022988e-06
1.018389854031780572e-06
9.997837359498546134e-07
9.815175536382271310e-07
9.635850964512848736e-07
9.459802672118077024e-07
9.286970801376514237e-07
9.117296588067407569e-07
8.950722341589530229e-07
8.787191425348469182e-07
8.626648237495742849e-07
8.469038192033775635e-07
8.314307700240151989e-07
8.162404152470092917e-07
8.013275900242236424e-07
7.866872238704480584e-07
7.723143389373504010e-07
7.582040483223747772e-07
7.443515544065299067e-07
7.307521472232530116e-07
7.174012028569643269e-07
7.042941818714115496e-07
6.914266277656537125e-07
6.787941654591572639e-07
6.663924998039075215e-07
6.542174141244914835e-07
6.422647687846758307e-07
6.305304997788224749e-07
6.190106173509950978e-07
6.077012046383516060e-07
5.965984163392817006e-07
5.856984774055171736e-07
5.749976817595616075e-07
5.644923910337886593e-07
5.541790333339282235e-07
5.440541020240791964e-07
5.341141545351147488e-07
5.243558111932947347e-07
5.147757540721733060e-07
5.053707258635781091e-07
4.961375287708410371e-07
4.870730234211388926e-07
4.781741277979603995e-07
4.694378161937258240e-07
4.608611181803304999e-07
4.524411176001236593e-07
4.441749515732325641e-07
4.360598095250927676e-07
4.280929322306040966e-07
4.202716108756822561e-07
4.125931861366152248e-07
4.050550472757885623e-07
3.976546312536367446e-07
3.903894218579254811e-07
3.832569488474162283e-07
3.762547871127224546e-07
3.693805558511275486e-07
3.626319177575856105e-07
3.560065782296181885e-07
3.495022845875194426e-07
3.431168253079795799e-07
3.368480292726845747e-07
3.306937650296839033e-07
3.246519400688878480e-07
3.187205001104574888e-07
3.128974284066196917e-07
3.071807450556001205e-07
3.015685063287716033e-07
2.960588040094111396e-07
2.906497647443262480e-07
2.853395494064817324e-07
2.801263524700013866e-07
2.750084013960638136e-07
2.699839560304448423e-07
2.650513080114041218e-07
2.602087801895592439e-07
2.554547260569206327e-07
2.507875291874706995e-07
2.462056026875250628e-07
2.417073886560316363e-07
2.372913576549422613e-07
2.329560081892995958e-07
2.286998661965203458e-07
2.245214845454534421e-07
2.204194425440717334e-07
2.163923454565376333e-07
2.124388240290728549e-07
2.085575340242865894e-07
2.047471557641590386e-07
2.010063936813741771e-07
1.973339758787065803e-07
1.937286536967594944e-07
1.901892012891070334e-07
1.867144152059437098e-07
1.833031139843973887e-07
1.799541377471367322e-07
1.766663478080102088e-07
1.734386262847322051e-07
1.702698757187966839e-07
1.671590187025836085e-07
1.641049975126572037e-07
1.611067737503883525e-07
1.581633279888969699e-07
1.552736594262556178e-07
1.524367855453347848e-07
1.496517417797888370e-07
1.469175811858865762e-07
1.442333741208413188e-07
1.415982079264009451e-07
1.390111866188712949e-07
1.364714305840923505e-07
1.339780762787730432e-07
1.315302759365262717e-07
1.291271972798409605e-07
1.267680232369856752e-07
1.244519516642726874e-07
1.221781950732349880e-07
1.199459803630046130e-07
1.177545485572888761e-07
1.156031545464785086e-07
1.134910668341191175e-07
1.114175672883142688e-07
1.093819508976699105e-07
1.073835255312437531e-07
1.054216117035774432e-07
1.034955423433821097e-07
1.016046625669997988e-07
9.974832945542418148e-08
9.792591183603087033e-08
9.613679006760944367e-08
9.438035583006211880e-08
9.265601191734132023e-08
9.096317203435134893e-08
8.930126059781231283e-08
8.766971254030919240e-08
8.606797311839194718e-08
8.449549772377945546e-08
8.295175169830002060e-08
8.143621015207334021e-08
7.994835778496975159e-08
7.848768871153365669e-08
7.705370628889606013e-08
7.564592294786311021e-08
7.426386002730405827e-08
7.290704761120297779e-08
7.157502436902034420e-08
7.026733739878276221e-08
6.898354207311416059e-08
6.772320188802929381e-08
6.648588831452423909e-08
6.527118065292378713e-08
6.407866588975332197e-08
6.290793855736322697e-08
6.175860059610593054e-08
6.063026121883505293e-08
5.952253677827326835e-08
5.843505063633366329e-08
5.736743303621657036e-08
5.631932097659895063e-08
5.529035808827878201e-08
5.428019451294703537e-08
5.328848678427274564e-08
5.231489771110281961e-08
5.135909626280221008e-08
5.042075745672899013e-08
4.949956224772842982e-08
4.859519741964537356e-08
4.770735547879428281e-08
4.683573454949829567e-08
4.598003827137104351e-08
4.513997569855766145e-08
4.431526120085757518e-08
4.350561436657897381e-08
4.271075990715610392e-08
4.193042756360605440e-08
4.116435201464309225e-08
4.041227278641111571e-08
3.967393416394517966e-08
3.894908510425996615e-08
3.823747915095824233e-08
3.753887435040809616e-08
3.685303316954231303e-08
3.617972241503056117e-08
3.551871315404767829e-08
3.486978063639310156e-08
3.423270421807894009e-08
3.360726728632027756e-08
3.299325718588892638e-08
3.239046514679325840e-08
3.179868621330900017e-08
3.121771917427262345e-08
3.064736649468761029e-08
3.008743424854485395e-08
2.953773205290167777e-08
2.899807300314356039e-08
2.846827360940662686e-08
2.794815373424870607e-08
2.743753653134930818e-08
2.693624838539786359e-08
2.644411885306012234e-08
2.596098060503457898e-08
2.548666936915201200e-08
2.502102387450668282e-08
2.456388579665515701e-08
2.411509970376287924e-08
2.367451300374152205e-08
2.324197589241063561e-08
2.281734130251780184e-08
2.240046485375263937e-08
2.199120480365947742e-08
2.158942199944225641e-08
2.119497983063864321e-08
2.080774418269049589e-08
2.042758339132688776e-08
2.005436819780082820e-08
1.968797170495561912e-08
1.932826933406197173e-08
1.897513878243983646e-08
1.862845998193413472e-08
1.828811505802916013e-08
1.795398828979884579e-08
1.762596607056681864e-08
1.730393686925913819e-08
1.698779119249532375e-08
1.667742154734900087e-08
1.637272240481349430e-08
1.607359016391819699e-08
1.577992311649206235e-08
1.549162141257902733e-08
1.520858702651834315e-08
1.493072372357503732e-08
1.465793702724415572e-08
1.439013418712079281e-08
1.412722414737103061e-08
1.386911751575528701e-08
1.361572653324915649e-08
1.336696504419866585e-08
1.312274846702602845e-08
1.288299376547603884e-08
1.264761942037380551e-08
1.241654540191483407e-08
1.218969314245161552e-08
1.196698550978025689e-08
1.174834678091659594e-08
1.153370261633772078e-08
1.132298003473096981e-08
1.111610738814833939e-08
1.091301433766891780e-08
1.071363182947685503e-08
1.051789207137367183e-08
1.032572850974342869e-08
1.013707580690603438e-08
9.951869818915268337e-09
9.770047573749616247e-09
9.591547249889465079e-09
9.416308155304781599e-09
9.244270706821477460e-09
9.075376409860280176e-09
8.909567838541524004e-09
8.746788616169067468e-09
8.586983396062179297e-09
8.430097842722361379e-09
8.276078613376992184e-09
8.124873339835879380e-09
7.976430610675475231e-09
7.830699953774159033e-09
7.687631819141542546e-09
7.547177562072203939e-09
7.409289426611995913e-09
7.273920529307546560e-09
7.141024843282222756e-09
7.010557182572820893e-09
6.882473186769030520e-09
6.756729305938245532e-09
6.633282785804959201e-09
6.512091653228337976e-09
6.393114701918699932e-09
6.276311478431766255e-09
6.161642268415605654e-09
6.049068083105361551e-09
5.938550646067521466e-09
5.830052380184113445e-09
5.723536394878642714e-09
5.618966473568979400e-09
5.516307061357557741e-09
5.415523252939632529e-09
