1.000000000000000021e-02
1.009262190987047364e-02
1.018610170155975769e-02
1.028044732093309245e-02
1.037566678745185933e-02
1.047176819485520251e-02
1.056875971184803933e-02
1.066664958279539381e-02
1.076544612842315375e-02
1.086515774652538346e-02
1.096579291267809828e-02
1.106736018095973335e-02
1.116986818467823224e-02
1.127332563710486610e-02
1.137774133221491381e-02
1.148312414543511094e-02
1.158948303439810527e-02
1.169682703970385297e-02
1.180516528568804902e-02
1.191450698119776025e-02
1.202486142037412220e-02
1.213623798344240501e-02
1.224864613750931315e-02
1.236209543736768550e-02
1.247659552630869806e-02
1.259215613694150866e-02
1.270878709202058823e-02
1.282649830528060503e-02
1.294529978227915330e-02
1.306520162124721190e-02
1.318621401394748545e-02
1.330834724654075471e-02
1.343161170046015991e-02
1.355601785329368231e-02
1.368157627967471826e-02
1.380829765218092274e-02
1.393619274224142807e-02
1.406527242105237024e-02
1.419554766050101606e-02
1.432702953409830879e-02
1.445972921792019507e-02
1.459365799155756989e-02
1.472882723907502529e-02
1.486524844997857107e-02
1.500293322019218348e-02
1.514189325304352018e-02
1.528214036025870096e-02
1.542368646296628232e-02
1.556654359271062056e-02
1.571072389247450338e-02
1.585623961771137277e-02
1.600310313738700918e-02
1.615132693503090397e-02
1.630092360979741237e-02
1.645190587753662601e-02
1.660428657187529647e-02
1.675807864530767799e-02
1.691329517029648011e-02
1.706994934038407949e-02
1.722805447131393886e-02
1.738762400216250364e-02
1.754867149648151048e-02
1.771121064345087745e-02
1.787525525904235316e-02
1.804081928719382735e-02
1.820791680099462587e-02
1.837656200388171346e-02
1.854676923084698503e-02
1.871855294965579092e-02
1.889192776207666499e-02
1.906690840512251933e-02
1.924350975230331232e-02
1.942174681489025612e-02
1.960163474319185847e-02
1.978318882784164262e-02
1.996642450109793396e-02
2.015135733815557467e-02
2.033800305846980919e-02
2.052637752709252084e-02
2.071649675602068794e-02
2.090837690555749986e-02
2.110203428568595621e-02
2.129748535745519880e-02
2.149474673437980557e-02
2.169383518385184506e-02
2.189476762856620851e-02
2.209756114795902171e-02
2.230223297965937615e-02
2.250880052095461867e-02
2.271728133026905058e-02
2.292769312865648723e-02
2.314005380130652878e-02
2.335438139906479207e-02
2.357069413996727703e-02
2.378901041078893344e-02
2.400934876860651851e-02
2.423172794237599473e-02
2.445616683452446483e-02
2.468268452255692469e-02
2.491130026067788633e-02
2.514203348142796460e-02
2.537490379733570514e-02
2.560993100258459471e-02
2.584713507469563881e-02
2.608653617622547910e-02
2.632815465648021339e-02
2.657201105324505375e-02
2.681812609453015570e-02
2.706652070033241375e-02
2.731721598441376117e-02
2.757023325609583853e-02
2.782559402207124277e-02
2.808331998823172457e-02
2.834343306151309444e-02
2.860595535175742068e-02
2.887090917359236286e-02
2.913831704832786987e-02
2.940820170587063812e-02
2.968058608665602449e-02
2.995549334359813229e-02
3.023294684405777866e-02
3.051297017182869400e-02
3.079558712914226559e-02
3.108082173869063797e-02
3.136869824566876352e-02
3.165924111983522277e-02
3.195247505759211959e-02
3.224842498408442282e-02
3.254711605531847990e-02
3.284857366030043829e-02
3.315282342319424841e-02
3.345989120549973384e-02
3.376980310825091619e-02
3.408258547423451829e-02
3.439826489022924233e-02
3.471686818926561502e-02
3.503842245290673951e-02
3.536295501355042614e-02
3.569049345675229939e-02
3.602106562357069997e-02
3.635469961293319452e-02
3.669142378402494298e-02
3.703126675869927026e-02
3.737425742391064371e-02
3.772042493416997294e-02
3.806979871402285664e-02
3.842240846055060971e-02
3.877828414589457040e-02
3.913745601980384015e-02
3.949995461220642823e-02
3.986581073580440504e-02
4.023505548869293208e-02
4.060772025700365440e-02
4.098383671757261509e-02
4.136343684063273352e-02
4.174655289253136753e-02
4.213321743847289053e-02
4.252346334528681743e-02
4.291732378422157684e-02
4.331483223376398489e-02
4.371602248248504519e-02
4.412092863191190151e-02
4.452958509942655380e-02
4.494202662119142072e-02
4.535828825510185985e-02
4.577840538376618668e-02
4.620241371751312998e-02
4.663034929742731344e-02
4.706224849841281199e-02
4.749814803228499804e-02
4.793808495089109389e-02
4.838209664925956915e-02
4.883022086877879947e-02
4.928249570040513228e-02
4.973895958790062327e-02
5.019965133110081829e-02
5.066461008921268466e-02
5.113387538414326111e-02
5.160748710385907462e-02
5.208548550577660197e-02
5.256791122018421997e-02
5.305480525369574152e-02
5.354620899273607876e-02
5.404216420705915125e-02
5.454271305329833758e-02
5.504789807854970629e-02
5.555776222398877556e-02
5.607234882852032976e-02
5.659170163246242391e-02
5.711586478126431943e-02
5.764488282925876034e-02
5.817880074344935343e-02
5.871766390733255264e-02
5.926151812475552449e-02
5.981040962380940879e-02
6.036438506075866850e-02
6.092349152400711870e-02
6.148777653810023197e-02
6.205728806776500406e-02
6.263207452198689407e-02
6.321218475812451221e-02
6.379766808606282535e-02
6.438857427240420039e-02
6.498495354469888130e-02
6.558685659571432403e-02
6.619433458774394430e-02
6.680743915695615265e-02
6.742622241778342684e-02
6.805073696735206012e-02
6.868103588995304321e-02
6.931717276155408003e-02
6.995920165435375038e-02
7.060717714137772216e-02
7.126115430111745752e-02
7.192118872221189840e-02
7.258733650817253413e-02
7.325965428215229502e-02
7.393819919175866062e-02
7.462302891391107973e-02
7.531420165974371528e-02
7.601177617955330590e-02
7.671581176779301847e-02
7.742636826811269413e-02
7.814350607844541829e-02
7.886728615614152504e-02
7.959777002314985528e-02
8.033501977124735127e-02
8.107909806731686264e-02
8.183006815867389927e-02
8.258799387844267814e-02
8.335293965098194979e-02
8.412497049736118726e-02
8.490415204088747059e-02
8.569055051268346934e-02
8.648423275731721704e-02
8.728526623848380239e-02
8.809371904473990711e-02
8.890965989529157898e-02
8.973315814583519845e-02
9.056428379445288779e-02
9.140310748756232118e-02
9.224970052592174063e-02
9.310413487069074678e-02
9.396648314954690606e-02
9.483681866285922912e-02
9.571521538991865918e-02
9.660174799522645850e-02
9.749649183484086767e-02
9.839952296278231536e-02
9.931091813749795549e-02
1.002307548283865452e-01
1.011591112223829692e-01
1.020960662306046457e-01
1.030416994950588000e-01
1.039960913954119798e-01
1.049593230558227702e-01
1.059314763518370006e-01
1.069126339173476076e-01
1.079028791516184194e-01
1.089022962263729993e-01
1.099109700929497280e-01
1.109289864895222771e-01
1.119564319483878218e-01
1.129933938033222257e-01
1.140399601970032428e-01
1.150962200885032316e-01
1.161622632608501904e-01
1.172381803286598606e-01
1.183240627458378574e-01
1.194200028133531877e-01
1.205260936870842653e-01
1.216424293857368000e-01
1.227691047988359180e-01
1.239062156947916271e-01
1.250538587290390691e-01
1.262121314522547388e-01
1.273811323186478384e-01
1.285609606943295680e-01
1.297517168657587594e-01
1.309535020482666956e-01
1.321664183946605065e-01
1.333905690039058622e-01
1.346260579298910465e-01
1.358729901902709924e-01
1.371314717753944756e-01
1.384016096573131571e-01
1.396835117988739772e-01
1.409772871628967028e-01
1.422830457214352695e-01
1.436008984651259979e-01
1.449309574126216582e-01
1.462733356201129931e-01
1.476281471909390297e-01
1.489955072852854334e-01
1.503755321299737602e-01
1.517683390283405265e-01
1.531740463702079835e-01
1.545927736419477616e-01
1.560246414366368850e-01
1.574697714643086000e-01
1.589282865622977936e-01
1.604003107056820032e-01
1.618859690178198474e-01
1.633853877809861299e-01
1.648986944471065030e-01
1.664260176485903575e-01
1.679674872092653259e-01
1.695232341554120392e-01
1.710933907269014398e-01
1.726780903884355955e-01
1.742774678408919031e-01
1.758916590327732621e-01
1.775208011717634982e-01
1.791650327363900341e-01
1.808244934877951682e-01
1.824993244816152382e-01
1.841896680799710861e-01
1.858956679635687392e-01
1.876174691439120579e-01
1.893552179756295140e-01
1.911090621689137958e-01
1.928791508020777645e-01
1.946656343342262341e-01
1.964686646180445473e-01
1.982883949127071388e-01
2.001249798969036986e-01
2.019785756819878486e-01
2.038493398252463062e-01
2.057374313432912549e-01
2.076430107255774760e-01
2.095662399480432980e-01
2.115072824868794721e-01
2.134663033324244452e-01
2.154434690031883370e-01
2.174389475600080057e-01
2.194529086203313717e-01
2.214855233726359396e-01
2.235369645909795477e-01
2.256074066496860375e-01
2.276970255381680075e-01
2.298059988758851258e-01
2.319345059274428578e-01
2.340827276178293059e-01
2.362508465477946296e-01
2.384390470093720460e-01
2.406475150015424114e-01
2.428764382460451843e-01
2.451260062033338571e-01
2.473964100886812956e-01
2.496878428884326817e-01
2.520004993764092260e-01
2.543345761304649510e-01
2.566902715491950482e-01
2.590677858688007484e-01
2.614673211801092356e-01
2.638890814457510170e-01
2.663332725174982207e-01
2.688001021537606006e-01
2.712897800372465751e-01
2.738025177927857490e-01
2.763385290053169685e-01
2.788980292380440762e-01
2.814812360507579769e-01
2.840883690183302890e-01
2.867196497493769702e-01
2.893753019050950281e-01
2.920555512182746449e-01
2.947606255124857189e-01
2.974907547214440395e-01
3.002461709085549324e-01
3.030271082866396459e-01
3.058338032378433158e-01
3.086664943337272815e-01
3.115254223555488089e-01
3.144108303147264971e-01
3.173229634734976434e-01
3.202620693657651785e-01
3.232283978181378914e-01
3.262222009711669979e-01
3.292437333007768863e-01
3.322932516398971470e-01
3.353710152002930545e-01
3.384772855945981096e-01
3.416123268585528616e-01
3.447764054734464012e-01
3.479697903887691290e-01
3.511927530450729695e-01
3.544455673970433596e-01
3.577285099367873422e-01
3.610418597173337130e-01
3.643858983763544335e-01
3.677609101601032604e-01
3.711671819475764744e-01
3.746050032748993175e-01
3.780746663599349189e-01
3.815764661271248692e-01
3.851107002325570572e-01
3.886776690892665975e-01
3.922776758927719598e-01
3.959110266468458539e-01
3.995780301895269782e-01
4.032789982193707434e-01
4.070142453219436907e-01
4.107840889965646558e-01
4.145888496832911274e-01
4.184288507901582355e-01
4.223044187206674294e-01
4.262158829015322836e-01
4.301635758106794882e-01
4.341478330055092427e-01
4.381689931514192171e-01
4.422273980505899149e-01
4.463233926710394872e-01
4.504573251759458330e-01
4.546295469532399269e-01
4.588404126454759258e-01
4.630902801799739454e-01
4.673795107992461118e-01
4.717084690917017209e-01
4.760775230226367838e-01
4.804870439655131720e-01
4.849374067335235350e-01
4.894289896114529248e-01
4.939621743878320759e-01
4.985373463873893907e-01
5.031548945038054610e-01
5.078152112327672940e-01
5.125186927053330121e-01
5.172657387216018643e-01
5.220567527846975420e-01
5.268921421350674095e-01
5.317723177850969263e-01
5.366976945540475885e-01
5.416686911033151697e-01
5.466857299720180308e-01
5.517492376129126130e-01
5.568596444286411096e-01
5.620173848083187540e-01
5.672228971644543982e-01
5.724766239702178128e-01
5.777790117970503792e-01
5.831305113526221717e-01
5.885315775191450882e-01
5.939826693920355893e-01
5.994842503189409255e-01
6.050367879391220782e-01
6.106407542232039631e-01
6.162966255132942273e-01
6.220048825634711953e-01
6.277660105806499580e-01
6.335804992658250478e-01
6.394488428556940329e-01
6.453715401646702432e-01
6.513490946272803006e-01
6.573820143409585537e-01
6.634708121092347533e-01
6.696160054853218524e-01
6.758181168161110364e-01
6.820776732865685421e-01
6.883952069645495886e-01
6.947712548460236448e-01
7.012063589007180298e-01
7.077010661181889484e-01
7.142559285543126357e-01
7.208715033782135961e-01
7.275483529196228316e-01
7.342870447166761627e-01
7.410881515641569717e-01
7.479522515621821466e-01
7.548799281653435500e-01
7.618717702322995722e-01
7.689283720758309792e-01
7.760503335133570602e-01
7.832382599179196214e-01
7.904927622696424905e-01
7.978144572076625307e-01
8.052039670825473783e-01
8.126619200091945716e-01
8.201889499202202893e-01
8.277856966198476885e-01
8.354528058382867384e-01
8.431909292866255345e-01
8.510007247122246543e-01
8.588828559546249908e-01
8.668379930019778357e-01
8.748668120479909938e-01
8.829699955494086927e-01
8.911482322840201808e-01
8.994022174092044519e-01
9.077326525210228647e-01
9.161402457138516642e-01
9.246257116405738330e-01
9.331897715733238341e-01
9.418331534647951253e-01
9.505565920101196609e-01
9.593608287093141618e-01
9.682466119303123619e-01
9.772146969725724608e-01
9.862658461312820979e-01
9.954008287621524120e-01
1.004620421346813064e+00
1.013925407558815328e+00
1.023316578330244919e+00
1.032794731918951436e+00
1.042360673976401086e+00
1.052015217616159015e+00
1.061759183483000024e+00
1.071593399822671211e+00
1.081518702552288103e+00
1.091535935331391149e+00
1.101645949633657029e+00
1.111849604819270976e+00
1.122147768207980123e+00
1.132541315152811423e+00
1.143031129114478572e+00
1.153618101736478607e+00
1.164303132920876838e+00
1.175087130904807653e+00
1.185971012337669439e+00
1.196955702359042695e+00
1.208042134677328905e+00
1.219231251649110614e+00
1.230524004359261570e+00
1.241921352701783388e+00
1.253424265461399401e+00
1.265033720395903893e+00
1.276750704319265850e+00
1.288576213185518071e+00
1.300511252173408572e+00
1.312556835771842678e+00
1.324713987866117382e+00
1.336983741824946614e+00
1.349367140588306535e+00
1.361865236756081288e+00
1.374479092677536762e+00
1.387209780541621029e+00
1.400058382468097440e+00
1.413025990599533710e+00
1.426113707194128333e+00
1.439322644719406519e+00
1.452653925946781222e+00
1.466108684046984356e+00
1.479688062686396410e+00
1.493393216124251799e+00
1.507225309310755490e+00
1.521185517986104907e+00
1.535275028780422657e+00
1.549495039314631617e+00
1.563846758302246176e+00
1.578331405652118047e+00
1.592950212572122881e+00
1.607704421673823658e+00
1.622595287078087090e+00
1.637624074521687234e+00
1.652792061464895657e+00
1.668100537200059241e+00
1.683550802961202297e+00
1.699144172034626088e+00
1.714881969870539091e+00
1.730765534195725763e+00
1.746796215127245810e+00
1.762975375287205715e+00
1.779304389918577423e+00
1.795784647002095058e+00
1.812417547374237659e+00
1.829204504846293711e+00
1.846146946324547677e+00
1.863246311931559873e+00
1.880504055128581431e+00
1.897921642839101475e+00
1.915500555573527830e+00
1.933242287555045236e+00
1.951148346846616422e+00
1.969220255479171566e+00
1.987459549580983698e+00
2.005867779508233806e+00
2.024446509976803643e+00
2.043197320195270450e+00
2.062121803999142244e+00
2.081221569986339226e+00
2.100498241653915521e+00
2.119953457536071006e+00
2.139588871343421683e+00
2.159406152103565457e+00
2.179406984302955763e+00
2.199593068030074594e+00
2.219966119119954673e+00
2.240527869300018349e+00
2.261280066337277184e+00
2.282224474186898444e+00
2.303362873142131395e+00
2.324697059985648018e+00
2.346228848142262624e+00
2.367960067833076110e+00
2.389892566231050175e+00
2.412028207618007070e+00
2.434368873543110379e+00
2.456916462982789984e+00
2.479672892502157389e+00
2.502640096417919402e+00
2.525820026962784848e+00
2.549214654451422923e+00
2.572825967447932349e+00
2.596655972934869716e+00
2.620706696483852571e+00
2.644980182427719928e+00
2.669478494034320804e+00
2.694203713681882384e+00
2.719157943036019098e+00
2.744343303228365283e+00
2.769761935036890943e+00
2.795415999067856649e+00
2.821307675939470627e+00
2.847439166467247595e+00
2.873812691851066248e+00
2.900430493863991543e+00
2.927294835042816068e+00
2.954407998880379971e+00
2.981772290019673477e+00
3.009390034449721085e+00
3.037263579703311400e+00
3.065395295056526859e+00
3.093787571730136854e+00
3.122442823092857811e+00
3.151363484866479325e+00
3.180552015332919868e+00
3.210010895543171650e+00
3.239742629528195472e+00
3.269749744511767808e+00
3.300034791125285416e+00
3.330600343624588788e+00
3.361449000108764906e+00
3.392583382740991915e+00
3.424006137971425723e+00
3.455719936762139621e+00
3.487727474814177775e+00
3.520031472796679051e+00
3.552634676578139139e+00
3.585539857459817181e+00
3.618749812411280242e+00
3.652267364308175335e+00
3.686095362172157941e+00
3.720236681413065849e+00
3.754694224073336972e+00
3.789470919074667599e+00
3.824569722466999000e+00
3.859993617679767119e+00
3.895745615775501047e+00
3.931828755705770284e+00
3.968246104569481680e+00
4.005000757873610873e+00
4.042095839796306045e+00
4.079534503452449279e+00
4.117319931161679492e+00
4.155455334718875626e+00
4.193943955667186252e+00
4.232789065573548726e+00
4.271993966306776969e+00
4.311561990318228510e+00
4.351496500925049915e+00
4.391800892596085859e+00
4.432478591240395893e+00
4.473533054498463279e+00
4.514967772036102112e+00
4.556786265841063610e+00
4.598992090522438403e+00
4.641588833612777520e+00
4.684580115873044903e+00
4.727969591600390764e+00
4.771760948938745805e+00
4.815957910192350866e+00
4.860564232142134067e+00
4.905583706365045593e+00
4.951020159556350997e+00
4.996877453854883910e+00
5.043159487171358535e+00
5.089870193519679731e+00
5.137013543351343969e+00
5.184593543892913381e+00
5.232614239486661489e+00
5.281079711934331122e+00
5.329994080844087989e+00
5.379361503980702786e+00
5.429186177618943177e+00
5.479472336900286678e+00
5.530224256192900256e+00
5.581446249454960373e+00
5.633142670601357871e+00
5.685317913873753071e+00
5.737976414214133847e+00
5.791122647641758547e+00
5.844761131633631202e+00
5.898896425508499242e+00
5.953533130814370189e+00
6.008675891719686746e+00
6.064329395408061707e+00
6.120498372476696147e+00
6.177187597338494207e+00
6.234401888627863819e+00
6.292146109610343707e+00
6.350425168595961622e+00
6.409244019356449940e+00
6.468607661546327492e+00
6.528521141127847649e+00
6.588989550799949413e+00
6.650018030431118277e+00
6.711611767496280301e+00
6.773775997517751613e+00
6.836516004510238886e+00
6.899837121430018705e+00
6.963744730628222079e+00
7.028244264308345812e+00
7.093341204987996917e+00
7.159041085964887863e+00
7.225349491787214085e+00
7.292272058728312523e+00
7.359814475265763711e+00
7.427982482564917888e+00
7.496781874966877091e+00
7.566218500481054932e+00
7.636298261282241207e+00
7.707027114212295693e+00
7.778411071286489786e+00
7.850456200204509294e+00
7.923168624866253396e+00
7.996554525892346277e+00
8.070620141149499105e+00
8.145371766280744552e+00
8.220815755240540312e+00
8.296958520834905926e+00
8.373806535266488993e+00
8.451366330684713546e+00
8.529644499741024788e+00
8.608647696149244410e+00
8.688382635251183927e+00
8.768856094587427208e+00
8.850074914473438525e+00
8.932045998580967705e+00
9.014776314524917566e+00
9.098272894455558202e+00
9.182542835656281710e+00
9.267593301146883178e+00
9.353431520292385670e+00
9.440064789417602853e+00
9.527500472427290035e+00
9.615746001432095014e+00
9.704808877380306953e+00
9.794696670695396179e+00
9.885417021919574054e+00
9.976977642363200616e+00
1.006938631476027091e+01
1.016265089392995158e+01
1.025677930744421928e+01
1.035177955630176250e+01
1.044765971560804196e+01
1.054442793526168387e+01
1.064209244064724658e+01
1.074066153333433427e+01
1.084014359178330977e+01
1.094054707205742361e+01
1.104188050854160252e+01
1.114415251466788170e+01
1.124737178364751955e+01
1.135154708920999056e+01
1.145668728634871414e+01
1.156280131207375383e+01
1.166989818617147456e+01
1.177798701197119335e+01
1.188707697711903322e+01
1.199717735435884336e+01
1.210829750232039359e+01
1.222044686631488730e+01
1.233363497913775930e+01
1.244787146187906224e+01
1.256316602474120181e+01
1.267952846786433874e+01
1.279696868215941663e+01
1.291549665014884063e+01
1.303512244681508925e+01
1.315585624045703916e+01
1.327770829355429072e+01
1.340068896363950657e+01
1.352480870417875458e+01
1.365007806546013747e+01
1.377650769549053500e+01
1.390410834090069692e+01
1.403289084785873087e+01
1.416286616299198720e+01
1.429404533431761060e+01
1.442643951218157383e+01
1.456005995020648491e+01
1.469491800624817301e+01
1.483102514336104427e+01
1.496839293077255562e+01
1.510703304486654019e+01
1.524695727017573077e+01
1.538817750038346333e+01
1.553070573933459997e+01
1.567455410205595001e+01
1.581973481578599916e+01
1.596626022101425058e+01
1.611414277253019733e+01
1.626339504048192097e+01
1.641402971144466605e+01
1.656605958949913671e+01
1.671949759731990071e+01
1.687435677727375705e+01
1.703065029252844198e+01
1.718839142817145671e+01
1.734759359233930809e+01
1.750827031735725114e+01
1.767043526088946592e+01
1.783410220710008076e+01
1.799928506782476489e+01
1.816599788375326696e+01
1.833425482562290654e+01
1.850407019542302223e+01
1.867545842761076003e+01
1.884843409033795325e+01
1.902301188668943865e+01
1.919920665593284781e+01
1.937703337477988796e+01
1.955650715865949252e+01
1.973764326300255334e+01
1.992045708453869324e+01
2.010496416260498975e+01
2.029118018046678174e+01
2.047912096665085357e+01
2.066880249629081945e+01
2.086024089248502733e+01
2.105345242766706093e+01
2.124845352498882889e+01
2.144526075971667467e+01
2.164389086064020518e+01
2.184436071149426084e+01
2.204668735239409827e+01
2.225088798128369305e+01
2.245697995539773828e+01
2.266498079273692667e+01
2.287490817355701722e+01
2.308677994187169702e+01
2.330061410696924540e+01
2.351642884494348706e+01
2.373424250023866122e+01
2.395407358720876800e+01
2.417594079169130694e+01
2.439986297259550341e+01
2.462585916350546711e+01
2.485394857429798421e+01
2.508415059277538717e+01
2.531648478631355559e+01
2.555097090352506939e+01
2.578762887593800812e+01
2.602647881969004473e+01
2.626754103723835598e+01
2.651083601908538867e+01
2.675638444552045314e+01
2.700420718837772682e+01
2.725432531281027693e+01
2.750676007908064591e+01
2.776153294436801033e+01
2.801866556459195223e+01
2.827817979625341138e+01
2.854009769829237442e+01
2.880444153396297935e+01
2.907123377272578324e+01
2.934049709215787161e+01
2.961225437988034415e+01
2.988652873550382694e+01
3.016334347259197202e+01
3.044272212064302607e+01
3.072468842709003667e+01
3.100926635931926612e+01
3.129648010670750580e+01
3.158635408267819145e+01
3.187891292677645794e+01
3.217418150676371624e+01
3.247218492073128715e+01
3.277294849923382003e+01
3.307649780744242207e+01
3.338285864731761166e+01
3.369205705980267140e+01
3.400411932703705986e+01
3.431907197459042891e+01
3.463694177371734639e+01
3.495775574363275240e+01
3.528154115380883127e+01
3.560832552629278069e+01
3.593813663804625946e+01
3.627100252330648544e+01
3.660695147596902643e+01
3.694601205199302285e+01
3.728821307182833777e+01
3.763358362286532355e+01
3.798215306190736129e+01
3.833395101766601698e+01
3.868900739327975202e+01
3.904735236885559857e+01
3.940901640403447459e+01
3.977403024058036607e+01
4.014242490499322003e+01
4.051423171114647204e+01
4.088948226294860433e+01
4.126820845702951601e+01
4.165044248545184757e+01
4.203621683844713885e+01
4.242556430717777260e+01
4.281851798652411389e+01
4.321511127789761986e+01
4.361537789208005478e+01
4.401935185208874657e+01
4.442706749606882966e+01
4.483855948021186322e+01
4.525386278170167031e+01
4.567301270168746896e+01
4.609604486828433778e+01
4.652299523960189020e+01
4.695390010680058168e+01
4.738879609717650965e+01
4.782772017727485547e+01
4.827070965603183339e+01
4.871780218794631168e+01
4.916903577628026056e+01
4.962444877628913531e+01
5.008407989848212338e+01
5.054796821191240497e+01
5.101615314749833630e+01
5.148867450137492341e+01
5.196557243827657402e+01
5.244688749495119140e+01
5.293266058360561033e+01
5.342293299538351903e+01
5.391774640387500028e+01
5.441714286865892802e+01
5.492116483887789258e+01
5.542985515684669195e+01
5.594325706169377810e+01
5.646141419303666709e+01
5.698437059469141985e+01
5.751217071841613659e+01
5.804485942768977935e+01
5.858248200152535645e+01
5.912508413831875487e+01
5.967271195973316367e+01
6.022541201461928040e+01
6.078323128297230227e+01
6.134621717992506262e+01
6.191441755977841410e+01
6.248788072006894367e+01
6.306665540567405515e+01
6.365079081295571228e+01
6.424033659394190465e+01
6.483534286054720042e+01
6.543586018883236477e+01
6.604193962330305112e+01
6.665363268124913532e+01
6.727099135712336420e+01
6.789406812696105931e+01
6.852291595284064840e+01
6.915758828738525210e+01
6.979813907830660469e+01
7.044462277299037112e+01
7.109709432312430977e+01
7.175560918936928090e+01
7.242022334607315770e+01
7.309099328602910361e+01
7.376797602527730646e+01
7.445122910795134885e+01
7.514081061116969806e+01
7.583677914997190328e+01
7.653919388230147547e+01
7.724811451403400042e+01
7.796360130405228972e+01
7.868571506936851279e+01
7.941451719029339529e+01
8.015006961565404708e+01
8.089243486805938232e+01
8.164167604921463806e+01
8.239785684528519027e+01
8.316104153230961060e+01
8.393129498166364044e+01
8.470868266557401682e+01
8.549327066268375575e+01
8.628512566366894987e+01
8.708431497690723688e+01
8.789090653419954435e+01
8.870496889654403105e+01
8.952657125996391585e+01
9.035578346138929362e+01
9.119267598459298085e+01
9.203731996618220990e+01
9.288978720164497815e+01
9.375015015145289965e+01
9.461848194722001892e+01
9.549485639791966207e+01
9.637934799615786119e+01
9.727203192450537017e+01
9.817298406188841398e+01
9.908228099003797240e+01
1.000000000000000000e+02
