1.000000000000000072e-18
1.000000000000000072e-18
1.000000000000000072e-18
1.000000000000000072e-18
1.000000000000000072e-18
1.000000000000000072e-18
1.000000000000000072e-18
1.000000000000000072e-18
1.000000000000000072e-18
1.000000000000000072e-18
1.000000000000000072e-18
1.000000000000000072e-18
1.000000000000000072e-18
1.000000000000000072e-18
1.000000000000000072e-18
1.000000000000000072e-18
1.000000000000000072e-18
1.000000000000000072e-18
1.000000000000000072e-18
1.000000000000000072e-18
1.000000000000000072e-18
1.000000000000000072e-18
1.000000000000000072e-18
1.000000000000000072e-18
1.000000000000000072e-18
1.000000000000000072e-18
1.000000000000000072e-18
1.000000000000000072e-18
1.000000000000000072e-18
1.000000000000000072e-18
1.000000000000000072e-18
1.000000000000000072e-18
1.460547202891249730e-01
2.447253938536481099e-01
1.806351773326949350e-01
1.104457569961704300e-01
2.992311060885536407e-04
3.620509393950567256e-01
5.008427843461320528e-01
5.253240250318688314e-09
1.000000000000000072e-18
1.000000000000000072e-18
1.000000000000000072e-18
1.000000000000000072e-18
1.000000000000000072e-18
1.000000000000000072e-18
1.195970246822493695e-14
1.036473786664130758e-01
1.336854749659542874e-01
1.050669933922121768e-01
1.570982584338030397e-01
9.226832157331757434e-02
6.780586322060572213e-02
6.226726761268807728e-15
1.000000000000000072e-18
1.000000000000000072e-18
1.000000000000000072e-18
1.000000000000000072e-18
1.000000000000000072e-18
1.000000000000000072e-18
5.985155517042881358e-10
4.698992231589911583e-02
4.070071380666329119e-02
5.813120247705318649e-05
9.420568801814543924e-02
4.567685387462429997e-02
2.221308208161211772e-01
7.168719284311163287e-02
1.000000000000000072e-18
1.000000000000000072e-18
1.000000000000000072e-18
1.000000000000000072e-18
1.000000000000000072e-18
1.000000000000000072e-18
1.000000000000000072e-18
1.000000000000000072e-18
1.000000000000000072e-18
1.000000000000000072e-18
1.000000000000000072e-18
1.000000000000000072e-18
1.000000000000000072e-18
1.000000000000000072e-18
1.000000000000000072e-18
1.000000000000000072e-18
1.000000000000000072e-18
1.000000000000000072e-18
1.000000000000000072e-18
1.000000000000000072e-18
1.000000000000000072e-18
1.000000000000000072e-18
1.000000000000000072e-18
1.000000000000000072e-18
1.000000000000000072e-18
1.000000000000000072e-18
1.000000000000000072e-18
1.000000000000000072e-18
1.000000000000000072e-18
1.000000000000000072e-18
1.000000000000000072e-18
1.000000000000000072e-18
1.112767258093605716e-01
3.757579244225393924e-08
6.298912050309201293e-04
5.677583778872833097e-11
7.887221064926465061e-03
4.116416255184107036e-07
1.873963203033393008e-06
2.855647916212521002e-03
5.365895884725751009e-06
1.797443370126777231e-03
1.611889805871479405e-09
9.024879343579174445e-09
1.815072278682456491e-03
5.230508272635736068e-03
5.146535254102203513e-03
1.142290353949576903e-07
1.686310211479068524e-03
9.467628945483940429e-09
7.177030892051540365e-08
1.148614901560302860e-02
3.504929693346836572e-01
5.138143305007743418e-05
6.237990618062599912e-03
8.871460790613383885e-10
2.826722904503307555e-07
2.615668492999553675e-07
6.259280298925831015e-03
1.182056201119930463e-07
1.246963907878245216e-02
5.214490392742843899e-03
1.016315420213101395e-02
3.422300388870793287e-05
2.588701578981716239e-02
7.878080636427326616e-04
2.272193557273539249e-02
6.502645527469149778e-04
3.955797237308023538e-03
5.851217467794417315e-02
4.809263942064039627e-06
1.637497237095950014e-06
7.778203442099545367e-03
3.541926028880216289e-03
2.247929810677094537e-03
1.617268051094563827e-02
7.614765674192805651e-03
6.900666696595070433e-03
5.271653306036386613e-04
4.847810902275704326e-01
1.368685648732078340e-02
3.304640779945193507e-02
2.469470589570463975e-02
2.597698024285325508e-02
2.463507985686229449e-03
4.926194664234991027e-02
1.336790154474969301e-02
3.648056484688629864e-01
3.651960375353857039e-03
1.270948491293505955e-01
4.257246984984229717e-03
1.795129920159345546e-03
9.425769253552691851e-02
1.049774492095848118e-02
9.456956826082937861e-02
1.059675654226908681e-01
2.874119957916839579e-02
6.097166315564199988e-03
8.498085850455396051e-03
9.319612335986084128e-02
2.991277589985205654e-02
2.711564243665376961e-01
1.985686887619876259e-02
2.651812656314755934e-02
1.123533331863811255e-02
7.844563377809397886e-02
7.009273998756805624e-02
1.449252428790540406e-02
1.650546344811688604e-01
8.851131111838317356e-02
5.618674641608123466e-01
4.007692300916749356e-02
2.254728651510462534e-02
4.521508753966705513e-02
6.042154036243159616e-03
7.259522148439167231e-03
5.795527356320147039e-01
2.120906694076317781e-02
3.150844917234948278e-02
2.398901543292982289e-02
6.636944518641570145e-02
2.853370606165443052e-02
7.489405650140035231e-02
1.008246602173129003e-01
1.033195332714740150e-01
5.888546751663684825e-02
1.511168281492284403e-02
1.038336655115459223e-01
7.077585317612977711e-02
1.214320594255407781e-01
5.282728540288248453e-01
1.241296874313907589e-01
1.119219142902834994e-02
2.352301230179875552e-02
1.652757234152317858e-02
3.299793806671051655e-02
5.849742727019575234e-02
4.850797354500108183e-02
7.493776823967238099e-02
3.172351265589674618e-01
1.119275418536269315e-02
1.929412308400056328e-02
3.476374979621946193e-02
1.414317490476052833e-02
1.258090409686325739e-01
5.181172185491363102e-02
1.552433539225390180e-01
2.602411225026333708e-01
1.989185233840851802e-02
1.672568018068201073e-02
1.825307224890491964e-02
6.342882964798669809e-02
1.706461580404509126e-01
9.675083105134829609e-02
8.355353718642070937e-02
2.857420661280285490e-01
7.084930997778934869e-02
4.133950339326686318e-02
3.992203902135438992e-02
1.402170753381789051e-02
1.224362759193878825e-01
1.435435861973652361e-01
9.689729677010332221e-02
1.187291796872156080e-01
3.689738859856579734e-02
1.401162006081864246e-02
1.129235296812160089e-01
1.645835983098630287e-02
7.382126230751934193e-02
1.046548159919419990e-01
1.109126487698390423e-01
4.989260396019192662e-02
8.336648643379732104e-02
2.937146709068613748e-01
5.719209192896157479e-02
2.216684335013714008e-02
4.141477350062437723e-02
3.383662927212967297e-02
7.622345246346388936e-02
4.539326885384816213e-01
8.940659440528032909e-02
9.125353250918222248e-02
4.720894978329540081e-02
9.378028061415014105e-02
3.532080162782093302e-02
3.754045235231540795e-02
3.282700720094823554e-02
3.307471197518459943e-02
7.423811380754558042e-02
7.317051130273774517e-02
1.071411779967042510e-01
4.712370336062540743e-02
1.407056524952036147e-01
3.673878694159127822e-01
7.417026646652340183e-02
1.358513516825088918e-01
1.259303800234847781e-01
2.593783917293533414e-01
9.107878952328228583e-02
5.321408416510610140e-01
8.104368121655977641e-02
5.961452898175981230e-02
3.372490725037882719e-02
3.268329696479325974e-02
7.132585170383205775e-02
9.133915050571118910e-02
7.595855280042922153e-02
7.811091895703144161e-02
8.634347556881294405e-02
1.997208996604608044e-01
1.027622718839952265e-01
5.144843310551183713e-01
8.350821847931803876e-02
3.668502539867738582e-02
1.282493668606242143e-01
3.507524826782359995e-02
1.047642905178288175e-01
2.267039343925154049e-01
3.424720126515277130e-01
1.329229746678755597e-01
6.969194033305375902e-02
4.325812888254887412e-02
3.549227942472774067e-02
9.915134239569906027e-02
1.694378391617970270e-01
1.436623823658912114e-01
4.087610076671720494e-01
1.147816321514561200e-01
3.982825925062280503e-02
4.666654152016629781e-02
7.218911249725568080e-02
4.466117123044004850e-02
1.000075705044843888e-01
9.746416963077329798e-02
5.002384909769117538e-01
1.053681522682874128e-01
1.210865276314291861e-01
7.103197046939171977e-02
2.935042813685682650e-01
8.512285286682841345e-02
1.279497760006824136e-01
1.581710245675707616e-01
2.972172309758172593e-01
1.002312090194943939e-01
4.418605491917436401e-02
2.437386659432000391e-01
6.729806337623965573e-02
1.793347091507402069e-01
1.211376554237512601e-02
9.687554942732125307e-02
1.191916910489157488e-01
7.643213207091378164e-03
5.882286858414914610e-02
4.162763813332885643e-02
4.645793382045533548e-02
3.284967695808179919e-03
4.197409420737040729e-03
4.946306472318051650e-02
1.836737968825668810e-01
6.745798523376595433e-03
3.492361908777489709e-03
3.781844261304410752e-03
2.931177272060377786e-02
1.966111239600244580e-03
1.032900942338580048e-02
1.836511589487470342e-02
2.763419838054516353e-02
1.067084303139248860e-02
1.914250061021293692e-01
1.685311948767180545e-01
1.810259314645057405e-01
1.907923176984261671e-01
4.968617705214182362e-02
4.515084140822567954e-02
5.038131742374186289e-02
4.025925757868623750e-02
1.281055070148151565e-01
1.260393439180519659e-01
1.053849038283033723e-01
5.426939579169808014e-02
9.216188734361685508e-02
5.065874127587659953e-02
5.983465920807469474e-02
5.154083712052198035e-02
3.231450038497182264e-01
1.754801228501227661e-01
1.857202846155514286e-01
1.395905892604402121e-01
4.688896817242443199e-02
6.577649428217800798e-02
4.568880446626909231e-02
8.839847612240622765e-02
2.217744121495526799e-01
1.876816874326423246e-01
1.636707586765754618e-01
1.734413814263547349e-01
1.909263211986273190e-01
5.518000791133768901e-02
4.838242414670771568e-02
1.556557354807388549e-01
1.637850941039134811e-01
2.875670443869349224e-01
2.571787571420901530e-01
7.767117859436213356e-01
5.696935183794012841e-02
4.608079458072515677e-02
1.140321781069633389e-01
1.063717634080633412e-01
2.546398078895055761e-01
3.155323080967177285e-01
2.050942052208391542e-01
2.187396791420515851e-01
5.262455767050356475e-02
1.405011882529598466e-01
1.105037686278770165e-01
1.536571219105451469e-01
2.737784890586320574e-01
2.020317510091905189e-01
7.954958132933619419e-01
2.667482575686160318e-01
1.026867705653091295e-01
7.941855675036570139e-02
4.965379418082770113e-02
7.111708677037695270e-02
2.282139288231778695e-01
2.487933180719772430e-01
2.559169630720089517e-01
2.049696280770527679e-01
1.404322127844156165e-01
5.290114916436883946e-02
6.400526513108147075e-02
2.366741212245711823e-01
3.884951390630352330e-01
2.029402346333008533e-01
4.480865459089358738e-01
1.952393152095103224e-01
1.216044171961727094e-01
1.044035543650354697e-01
7.844623095854821870e-02
5.843612819957987037e-02
2.090021684741503183e-01
2.198261478087377985e-01
2.439029679144452678e-01
2.801305156742410762e-01
4.765972286484367049e-02
2.428517971716436241e-01
2.220766184558747858e-01
1.673788443491690536e-01
6.711299608891398982e-01
2.638759805664573910e-01
7.622782154360705498e-01
7.579252478032761919e-01
1.137899179633060781e-01
7.619042804937758984e-02
4.811354879302805199e-02
1.594045665444007165e-01
2.241306460394211220e-01
2.433022284501457633e-01
3.215627666441144283e-01
2.784310173641396657e-01
2.726576678453901392e-01
6.648637884404078047e-02
9.608161393466235767e-02
1.691267497365850914e-01
2.194940681326027765e-01
2.111221102337370037e-01
2.196931982153240703e-01
2.766403393604633942e-01
4.755264706832531413e-02
8.481872362323347736e-02
1.105656404448257801e-01
1.404672161782229978e-01
2.132882172031540513e-01
2.651977264079850571e-01
2.234758521484015992e-01
1.672410737323714869e-01
1.928663127944617584e-01
6.800536450123573218e-02
1.285028216632809750e-01
8.668529722265377879e-02
1.103432426578456749e-01
2.699440129305593628e-01
1.519587674972375790e-01
2.105201823439467324e-01
5.620349718498381109e-02
1.103753677291579999e-01
4.708544207956238958e-02
7.848231085678399055e-02
4.497904682074086585e-02
1.747785158345946388e-01
2.911786544279765798e-01
1.726661082776039247e-01
8.558647118166087808e-02
3.426912999966053865e-05
9.473636601670318291e-02
2.139909797653501144e-02
2.787411670378875939e-01
7.490563055299082063e-02
8.499347736615971149e-02
5.889936988276278651e-02
8.331850305458340933e-02
4.179212974673122424e-05
4.421898764910749954e-05
1.086013373944330791e-02
4.473203970372705940e-04
4.434975128050170060e-06
2.167370742850910944e-04
2.124383103544851817e-05
3.336118488253625360e-03
1.010341978139489422e-01
8.787673633393992823e-04
1.368557300151817310e-03
7.477847765702434757e-02
6.074974437255708549e-03
3.203589391611260523e-02
3.975687273743680819e-03
4.699470415581821769e-02
5.905940362654844887e-04
5.339858388447459026e-02
6.145805732589733729e-04
8.014562333432048713e-03
4.040725404571173657e-02
8.885606504360044067e-03
5.298322591631309322e-03
1.324850988689221451e-02
2.860369470387080088e-02
4.614283997156844175e-02
3.702802843662511556e-02
2.617261597520329497e-01
1.231958233001877456e-01
3.270129721969919356e-02
1.298640168771991732e-01
1.038459310688534809e-01
7.642839706525547672e-02
6.049190602971499936e-02
4.785167989688447060e-02
1.034970764729458148e-01
9.798226894130668274e-02
2.237026474954355026e-01
3.531561778166227294e-01
6.853156284547748389e-02
6.656922893730296553e-02
9.071314151012405125e-02
4.066038837317534349e-02
1.719564461213869688e-01
2.106996917387733703e-01
2.115671093420921078e-01
3.100002380552261405e-01
5.987097007446645636e-02
8.409078403394659729e-02
7.571754764357246925e-02
4.364161550744792561e-02
2.533805493215927074e-01
1.940231180347215534e-01
1.966890071459118094e-01
1.577018619115842513e-01
5.639334265193150786e-02
4.785019118057079468e-02
4.064503606159487747e-02
1.045729063275083609e-01
3.336168259353445853e-01
4.238881000312494929e-01
3.192720033113048972e-01
3.168226063105044621e-01
4.184491743397418528e-02
1.002163374649994998e-01
3.835998500570786396e-02
6.369465810386916449e-02
2.717714792241694433e-01
3.821386616505461076e-01
1.992795531617842508e-01
2.127740859903249904e-01
8.520075685084121941e-02
7.681898897404987325e-02
7.551159374503037258e-02
8.799840014697359047e-02
3.605578183559059458e-01
3.821523206102740433e-01
3.326820845027954054e-01
4.489311321898421525e-01
7.476906674242246587e-02
4.408739159771013494e-02
5.874333252614388767e-02
4.070071478045983460e-02
3.766620288624114021e-01
3.189389016400798749e-01
3.350937832030341790e-01
2.780503293978194845e-01
7.558680655547755922e-02
9.340849446192167616e-02
4.588802457843423055e-02
4.594179129960836161e-02
3.811387603703917382e-01
3.665241373336333708e-01
3.805007375697168071e-01
3.403024845088810091e-01
3.866261555747097650e-02
1.316877851612981987e-01
1.194606636983508302e-01
1.317667370641015800e-01
3.014543040256328910e-01
3.930575575219255047e-01
3.121725810214158736e-01
3.234519323610201003e-01
4.036474023418980955e-02
5.924751037106573692e-02
3.803731633306726978e-02
3.689645010222392107e-02
5.086815021852204577e-01
4.145234123260800319e-01
3.614231022842127050e-01
4.156109219572542979e-01
3.892704057481306823e-02
1.038506878836653047e-01
6.404315070439198232e-02
6.402924162633376326e-02
3.034702350094861112e-01
2.562790314172217476e-01
3.609527860420596035e-01
3.898885647641824326e-01
6.622274372905406770e-02
4.152492873660920680e-02
4.508814982103878655e-02
6.264146295195877068e-02
4.017785355302564421e-01
3.823404065928255324e-01
4.762167311618721310e-01
3.905477410442919073e-01
5.772676222418374192e-02
1.447797914081422610e-01
1.370484830986082869e-01
5.828179857732670305e-02
2.867126170933100848e-01
2.706202399465297281e-01
2.557263181891302750e-01
2.451783523510066010e-01
5.296489167239803314e-02
5.620858594723146529e-02
5.542503115596511543e-02
5.748900649636402849e-02
3.152628867064340423e-01
3.727101582547904246e-01
3.821989945031258884e-01
3.519165753883091163e-01
5.298147535324282398e-02
1.062413789497042710e-01
1.586482892529905986e-01
3.669459086197605913e-02
3.241660415724889610e-01
2.444341191429214577e-01
3.319361646824234846e-01
2.586496725048387790e-01
3.637247010302269157e-02
4.962465773437203798e-02
4.492826838718283478e-02
4.057521575012078968e-02
5.123929167738825452e-01
4.708845689647724320e-01
4.950338243228417090e-01
2.880158646283048629e-01
4.162167296028545377e-02
4.429223731495338795e-02
8.754246077576377516e-02
4.028916590681436150e-02
5.123657511327585068e-01
5.142288270935232442e-01
3.163749588099235011e-01
2.874077324779328313e-01
3.242330486633187431e-02
3.547905192360411436e-02
3.506649020949111767e-02
4.198028871132282458e-02
4.947249882195121629e-01
3.028600917466840459e-01
2.835272709249750944e-01
2.785201918639896856e-01
8.306198033358742905e-02
1.251957356600242321e-01
3.260069088542536658e-02
3.165366556938472437e-02
2.190984720224305460e-01
2.346410090045931707e-01
1.735001281986673360e-01
2.209627713576982622e-01
1.998478507509062613e-02
2.759038987955601124e-02
1.690490802648920710e-01
3.467664195016423312e-02
2.209927413306665978e-01
1.350716181584823428e-01
2.713804680558554727e-01
5.004531178825220028e-01
3.023651681771118149e-02
1.984366957243679716e-02
1.366897659781217689e-01
2.515626891473301055e-02
2.075804136544238676e-01
1.457396559009834780e-01
1.757085895879902937e-01
1.366229593403548159e-01
2.823197654531121870e-02
1.061071074975788488e-02
8.457681730927859784e-03
1.445803514597287197e-02
1.365884676056770275e-01
9.454569944251554892e-02
1.383460294594667517e-01
1.036603921051712229e-01
1.907860472078405645e-02
9.946741765278630659e-03
1.082780705209488749e-02
3.508418869885833631e-03
1.371994493892091660e-01
6.870354987002376054e-03
1.565995817740604978e-03
1.379953305958812881e-01
5.119606884471455781e-03
5.451004900227772470e-05
3.229020284856117667e-02
1.196772029991157588e-02
1.235750452398388655e-01
1.445936746978559451e-01
5.594002691766564173e-02
3.613562038913709507e-05
7.147795983963469921e-03
2.327986153557692808e-03
3.731652033164308772e-03
2.867050575877409455e-02
7.075398624518825104e-05
5.507809682092022763e-02
7.028588590365514451e-06
9.130933438056505758e-02
4.823501209876319561e-05
5.418284723059537975e-07
1.113941985016750347e-02
4.834714387255123198e-06
4.852477075810143474e-06
1.304008569008465529e-05
2.863155404934635017e-04
2.083519476313902830e-01
1.000000000000000072e-18
1.000000000000000072e-18
1.000000000000000072e-18
1.000000000000000072e-18
2.953305891155708768e-02
6.067532868868359692e-06
2.398250747430741805e-06
2.524462923206543391e-02
1.652018233770960568e-05
5.034694893314401956e-05
2.868524947910463044e-02
2.056072527767810454e-06
9.632009621756212892e-03
2.164402145731160812e-03
3.824740717169997172e-06
3.630090017658223894e-02
8.502361857530822686e-02
1.649147300885239475e-01
2.375124867274735639e-04
8.383071854493510944e-02
2.792745198847630501e-05
2.460865215955595651e-04
1.004798344923670157e-02
1.397812788664044139e-05
8.482938557090667631e-02
3.190962997488871328e-02
1.138583528357332841e-02
1.040919968806412396e-02
6.255383483181813087e-02
1.716280986052214769e-02
9.642742024620622535e-03
2.506338580525069304e-01
9.991350820064550525e-03
9.701528049684796096e-02
2.189120083201048783e-02
1.924496479167067328e-02
3.219916072631068965e-02
1.735578012918043977e-01
1.639592929992914339e-01
2.663488113612104413e-02
1.583749239430123912e-02
2.518106913505271244e-02
5.615510393880526752e-02
1.819809952648822685e-02
9.028769114347208469e-02
2.546241400350638534e-02
5.321524124596171273e-02
4.868424702114001329e-02
6.575168131162893725e-02
3.006083858428851979e-02
2.172987317858562362e-01
3.677005685688281011e-02
1.195395182926020927e-01
4.643020879969057824e-02
1.415852072601061495e-01
1.635683497092598193e-01
4.352385451601356592e-02
1.296913936292489189e-01
3.172991071871180541e-02
3.067519234661825883e-02
4.435492027258471082e-02
1.765955824592030377e-01
4.319174901645276426e-02
2.138970402088799516e-01
5.732540409436293755e-02
5.031979879476982526e-02
1.288294401311791404e-01
1.259752373199565234e-01
5.839604042533837885e-02
2.566023309049039192e-01
1.976945025690738100e-01
1.037883486383158610e-01
6.502578064404265779e-02
4.882534206208184041e-02
6.113264663998452253e-02
5.748079089186827750e-02
2.521457072053403525e-01
2.475696468787906557e-01
2.237826230940543337e-01
1.415924276136470150e-01
1.510305610502749585e-01
1.001838880016361205e-01
6.983178686861262197e-01
1.866221123297317208e-01
2.551222366741847103e-01
1.679750627418978015e-01
1.166612690007725189e-01
9.568994716944950740e-02
6.476499978500485644e-02
9.061504055410871117e-02
7.550426491600517598e-02
6.672803439873692399e-02
2.887506193822638734e-01
1.635783758653734654e-01
1.469444713735550967e-01
2.185588429613052053e-01
1.003161644300048644e-01
1.008518243270201675e-01
1.091855370739249625e-01
9.423750421410601041e-02
2.472948792320080746e-01
2.118289717036936914e-01
8.715832233274128926e-02
8.953080904075425006e-02
9.243713405248453474e-02
8.537212691123767516e-02
1.416763269984837037e-01
9.336586714044205204e-02
9.741470869749913053e-02
2.572791470722008977e-01
2.672605490324528876e-01
1.486397866749356866e-01
1.188209994432916916e-01
2.002725452084828939e-01
1.238855600847151989e-01
1.482584816305659026e-01
1.752013332289107106e-01
9.249751529122024474e-02
1.075900361176070352e-01
1.459915557283657239e-01
1.670558074902634971e-01
1.213923970846862016e-01
1.204642616952393830e-01
1.398070738261809054e-01
2.742299206389678945e-01
2.693815670936879902e-01
1.249486366149736155e-01
3.315374711656617901e-01
3.880037384151753255e-01
1.932815287339468002e-01
2.709911308087471493e-01
1.989403333250908124e-01
1.545688548708448184e-01
1.877902776889106562e-01
8.124591676438318311e-02
1.584497058602909736e-01
1.825404108055724839e-01
3.354502045280770561e-01
1.802050372855695248e-01
1.868449916556877977e-01
1.780359013300022442e-01
1.146342478185147090e-01
1.459065243044633253e-01
9.094320408479474038e-02
2.816260084920879647e-01
3.037914060311559528e-01
1.527143670620755844e-01
2.537393118205504838e-01
1.480592250189763925e-01
1.062223639187431234e-01
1.151428666810573737e-01
1.481691101396017951e-01
4.418142838679203765e-02
5.049425381776828647e-02
4.418755174782829781e-02
6.454780546214661241e-02
2.809179684925245946e-01
5.508888219414550536e-01
2.987306946443996081e-01
5.252709668806950782e-01
1.924580121410893740e-01
3.732204599343857954e-01
4.885859886119938156e-01
2.432942303485729763e-01
1.417103556227385930e-01
1.360330300924537106e-01
1.345955039351975357e-01
1.377950238451460807e-01
1.150073638029169565e-01
1.079221090454415832e-01
1.130402428755115929e-01
1.205517671338879604e-01
2.663189669549609895e-01
6.518441140406922019e-01
4.355087340121468475e-01
4.297900893454451587e-01
3.241092633256138500e-01
1.844589576477597692e-01
1.995320754100493865e-01
6.427081478119027746e-01
1.539224885978138779e-01
1.282073107761188269e-01
1.466088677234170523e-01
1.296016266445716991e-01
1.209281716831876879e-01
1.318274188167798677e-01
1.309706283330120680e-01
1.174935310838764735e-01
2.760398436083395524e-01
2.401014670053159550e-01
2.489563783935440644e-01
1.760121953841461973e-01
7.140225094551820898e-05
2.072496962231464165e-04
4.304977131740103102e-01
6.959660633139190811e-01
6.412944258535769465e-04
1.864500609478747691e-03
4.311716308867011849e-01
6.959625472914868771e-01
1.773763201158189964e-03
5.175703286170816458e-03
4.324091340622930879e-01
6.961948313166657076e-01
3.453032787805644915e-03
1.013936977539775172e-02
4.370885598608922340e-01
6.968253107390136591e-01
5.649900214256819986e-03
1.676831958394450067e-02
4.519716376674607350e-01
7.040783746800267640e-01
8.333444355582557070e-03
2.551364791436925433e-02
6.651436527683206590e-01
3.972898446458992261e-01
3.517617748158585050e-02
1.131026635281638659e-02
6.784006385403267281e-01
4.221917740789838391e-01
4.817973911692899347e-02
1.430952182258328834e-02
6.769924661188136961e-01
4.276459786899710069e-01
7.238344578732061607e-02
1.486811765762637537e-02
6.779030590415601187e-01
3.432311615870834443e-01
3.751710572452830739e-02
4.713935644091472865e-02
4.583617963292829778e-01
6.548478927194163468e-01
3.420441975950537505e-02
7.211848563950266910e-02
4.719295866923541305e-01
6.353405946920985814e-01
8.734160247033297131e-02
3.834677215331949024e-02
5.953372765877631423e-01
4.999577664282355283e-01
9.846758169801590743e-02
4.309744273872816861e-02
5.004249943326902761e-01
5.294403184657487937e-01
9.586398924323247250e-02
4.620532861156451815e-02
2.275747609931256521e-01
2.703408510513183316e-01
1.872745826504841268e-02
1.839710890618574592e-03
1.944190537977727104e-02
1.637146730637694669e-01
4.726773052409298514e-02
1.880155627143232366e-01
1.596647682393436685e-01
6.557549016453012580e-01
6.758028439340299509e-02
2.051710114924809036e-01
2.200541005660404392e-01
7.524648082251446102e-01
7.722805329266564656e-02
2.239946905679212064e-01
2.488285143323651916e-01
7.684050640667577925e-01
8.413915028403094742e-02
2.416720557669070624e-01
2.608179538691257626e-01
7.615441085772384211e-01
9.117538108120321061e-02
2.617042583287956803e-01
2.664462405721142457e-01
7.364254316530741695e-01
9.593971233788113617e-02
2.786612161366743834e-01
2.669882713050161227e-01
6.732178661024743604e-01
9.391715404615121054e-02
2.864413172102585614e-01
2.450062648679709187e-01
4.868342970668868563e-01
7.148225176557219951e-02
2.647141128248517994e-01
1.180936897109270134e-01
8.684403244625435447e-02
1.177230941277054681e-02
3.564998779627604657e-05
2.233965584839627764e-03
1.008689366802264196e-02
1.632234810861588753e-02
4.311463558383820532e-02
3.761403004910092440e-02
1.954049774368407655e-01
5.499106019376224369e-02
1.167386500919372350e-01
7.098236536093080473e-02
3.565447532254861218e-01
8.338510713033632504e-02
1.727918046732671853e-01
8.739917786436779412e-02
4.244828925703142963e-01
1.021130399944532724e-01
2.077304826083611056e-01
9.335140973367245243e-02
4.361835452621612430e-01
1.155128228427926562e-01
2.230708855061002138e-01
1.067290910529782033e-01
3.560331529343416790e-01
1.174388544755340241e-01
2.952435884090098828e-01
6.604073631085873031e-02
4.592248894702303796e-01
1.320941292057459526e-01
2.572640495691309592e-01
6.223828947602714351e-02
4.009413630065093437e-01
1.391396050998419121e-01
2.453898996805075061e-01
5.220992050104481669e-02
3.463083348623698932e-01
1.488802204844510146e-01
2.140672461349709121e-01
3.948900717136723942e-02
3.259003562153538480e-01
1.427820673766544424e-01
2.097516571920839124e-01
2.894089170064258892e-02
2.601695448749912210e-01
1.477534988868050014e-01
1.732671629769059751e-01
1.851813901575772789e-02
2.065682414253218191e-01
1.504913049722990670e-01
1.348979562074440197e-01
9.852875369455496232e-03
1.430689737362520475e-01
1.520916815998519522e-01
9.164863898309759394e-02
3.648298562085888590e-03
6.527256618618158812e-02
1.529965191213207842e-01
2.871238211747526026e-02
4.111521980120899297e-04
3.522237823334214285e-03
1.000000000000000072e-18
5.976723829523720088e-04
6.773355270529611083e-04
5.924004502902814086e-03
7.221863240034591680e-01
1.207355705449475805e-02
5.978939877959654585e-03
3.305698487824507148e-02
7.223006427756351044e-01
2.960968784323184458e-02
1.600152555615310182e-02
8.029928738589216242e-02
7.223782771428238769e-01
4.820118169982317430e-02
2.976574734941922831e-02
1.422206156745544070e-01
7.212333812348263873e-01
6.632088934348728815e-02
4.622321008532037645e-02
2.105594183403166897e-01
7.194278803481297668e-01
8.180376447463652556e-02
6.400967509122383603e-02
2.745798146407489315e-01
7.171318600628466822e-01
9.557987529215727918e-02
8.524890292311719520e-02
3.287914724497377206e-01
7.114063932455640948e-01
1.021446147997550624e-01
1.114967455513013878e-01
3.499683253550797124e-01
7.012646259080163036e-01
9.651063494958916911e-02
1.831624214234447434e-01
1.689833462067063530e-01
5.273197915922702705e-01
1.546768123567493214e-01
5.187656903183859858e-02
6.989684815439130006e-01
6.870460257299212392e-01
1.344212256078250456e-01
9.589751719679329156e-02
6.479270495827462728e-01
6.702274508443161194e-01
1.241234257970191823e-01
1.131512670925298447e-01
1.000000000000000072e-18
