1.000000000000000072e-18
1.000000000000000072e-18
1.000000000000000072e-18
1.000000000000000072e-18
1.000000000000000072e-18
1.000000000000000072e-18
1.000000000000000072e-18
1.000000000000000072e-18
1.000000000000000072e-18
1.000000000000000072e-18
1.000000000000000072e-18
1.000000000000000072e-18
1.000000000000000072e-18
1.000000000000000072e-18
1.000000000000000072e-18
1.000000000000000072e-18
1.000000000000000072e-18
1.000000000000000072e-18
1.000000000000000072e-18
1.000000000000000072e-18
1.000000000000000072e-18
1.000000000000000072e-18
1.000000000000000072e-18
1.000000000000000072e-18
1.000000000000000072e-18
1.000000000000000072e-18
1.000000000000000072e-18
1.000000000000000072e-18
1.000000000000000072e-18
1.000000000000000072e-18
1.000000000000000072e-18
1.000000000000000072e-18
3.207966330948150424e-02
6.463288156445910759e-02
5.724189050729383554e-02
4.246301138021736643e-02
5.819052366888949167e-05
9.335769908237694092e-02
1.730465636265095253e-01
2.763506884781231183e-09
1.000000000000000072e-18
1.000000000000000072e-18
1.000000000000000072e-18
1.000000000000000072e-18
1.000000000000000072e-18
1.000000000000000072e-18
2.371262561425999928e-15
2.428832118806947826e-02
2.779164269293034686e-02
1.998212168712814804e-02
3.647218215128471969e-02
1.862715307606894327e-02
1.339817483568918159e-02
1.495962337370535431e-15
1.000000000000000072e-18
1.000000000000000072e-18
1.000000000000000072e-18
1.000000000000000072e-18
1.000000000000000072e-18
1.000000000000000072e-18
1.125236175676136145e-10
1.421990384836959061e-02
1.345805471295123679e-02
8.801080423586843198e-06
1.936543858910846558e-02
1.596058564729417248e-02
2.035607585156453680e-01
1.270497123061625419e-02
1.000000000000000072e-18
1.000000000000000072e-18
1.000000000000000072e-18
1.000000000000000072e-18
1.000000000000000072e-18
1.000000000000000072e-18
1.000000000000000072e-18
1.000000000000000072e-18
1.000000000000000072e-18
1.000000000000000072e-18
1.000000000000000072e-18
1.000000000000000072e-18
1.000000000000000072e-18
1.000000000000000072e-18
1.000000000000000072e-18
1.000000000000000072e-18
1.000000000000000072e-18
1.000000000000000072e-18
1.000000000000000072e-18
1.000000000000000072e-18
1.000000000000000072e-18
1.000000000000000072e-18
1.000000000000000072e-18
1.000000000000000072e-18
1.000000000000000072e-18
1.000000000000000072e-18
1.000000000000000072e-18
1.000000000000000072e-18
1.000000000000000072e-18
1.000000000000000072e-18
1.000000000000000072e-18
1.000000000000000072e-18
3.073525084908626526e-02
5.751280991083777086e-09
9.965193917443964614e-05
8.494530230520310869e-12
1.357280958246526604e-03
6.271718459267858568e-08
2.879562164287463500e-07
4.734215346320762600e-04
8.412547891410485619e-07
2.841785705979623278e-04
2.438020276789591926e-10
1.373621478585802223e-09
2.892710328265208687e-04
8.435888507147697212e-04
8.219404542062813722e-04
1.729158496029673712e-08
2.851396664995720131e-04
1.441271463033341842e-09
1.101448849307871224e-08
1.689113633101317364e-03
1.525735624978611094e-01
8.090881631706632021e-06
1.040221896741184157e-03
1.316303501545297692e-10
4.364306518852189959e-08
4.037018339061149252e-08
1.186195225895960055e-03
1.817956642799808058e-08
2.285131636191114254e-03
8.400349075954200708e-04
1.643542922130711206e-03
5.368916661576741075e-06
7.222526074633819904e-03
1.279580936464890114e-04
3.362369648200913119e-03
1.025358797637861201e-04
6.899183801488710174e-04
1.552336923335584200e-02
7.433853022842013577e-07
2.514184563028641162e-07
1.183340443698610144e-03
5.596293578061900227e-04
3.869307862731936453e-04
2.376892665901620978e-03
1.304408802893250756e-03
1.056870623583783687e-03
8.569339024050957876e-05
1.866665598745197441e-01
2.966288809787766441e-03
1.075882350929418044e-02
3.663511880686831125e-03
3.861090597082522495e-03
4.042853307940250346e-04
1.177322883307118165e-02
2.338513649525592129e-03
1.580502262930698620e-01
5.732524350041640982e-04
7.702697104915723347e-02
7.533209710522942694e-04
2.838970403668284468e-04
3.074235343075992777e-02
1.651429871084685117e-03
3.089815819892671386e-02
3.787917631457486667e-02
8.234893240232396550e-03
1.091251426165796125e-03
1.417572110538889213e-03
3.701206062141314257e-02
4.606199933061303625e-03
1.014263010979291474e-01
3.053570477153386923e-03
4.541504923233874794e-03
1.674634542698268851e-03
1.452366682558168566e-02
1.230420005750517722e-02
2.163875843942424625e-03
4.172674943393241825e-02
1.483029039900030793e-02
2.130886822458704088e-01
8.848682258654675878e-03
3.357441596042044785e-03
1.771924003059135305e-02
1.012861082926171238e-03
1.110855360564466090e-03
2.178555112310150976e-01
3.825436368666366733e-03
4.822985359127038123e-03
4.489863476059806346e-03
1.040999097857534493e-02
4.426363257945721205e-03
1.201374380799665603e-02
3.177287730033491464e-02
2.389979029629802493e-02
9.734934136522963716e-03
2.935357054505725004e-03
2.414195590902389055e-02
1.111789896908065879e-02
4.398429304282938657e-02
2.035475102039627227e-01
2.303666264369089514e-02
1.844006780921879276e-03
3.527949157414266793e-03
3.335734809997477433e-03
4.947508568597691267e-03
1.208603291777081076e-02
7.960294802773746486e-03
1.825621359023739745e-02
1.182864229073454509e-01
1.848849834747819977e-03
4.006204450595369365e-03
5.228674223300965387e-03
2.320141192465055568e-03
4.367490179223149083e-02
1.113762355355967307e-02
3.269849824774891112e-02
9.166330760648011555e-02
4.200808983763156326e-03
2.587168559785790571e-03
2.788999505139204242e-03
1.047120715295113413e-02
3.993695121139907017e-02
1.560870084454859044e-02
1.333627685996668574e-02
1.037630565131974075e-01
1.209893256829101295e-02
6.294134698672114794e-03
6.059947691438049601e-03
2.380443841409199141e-03
2.150833241106778551e-02
4.817801129666126475e-02
1.563710292944919464e-02
3.966352937985450494e-02
1.226202202119192237e-02
2.382174419534477394e-03
2.816352986792218169e-02
3.343650288228162352e-03
1.339460802626409736e-02
1.722192759921116825e-02
2.968029357535805629e-02
7.781255905064027138e-03
1.336371444970030874e-02
1.213051720540519185e-01
8.860752934234789741e-03
5.470133662441999979e-03
1.330765429193925438e-02
7.812943679068175967e-03
3.211232959616203142e-02
1.429765842635076778e-01
2.345825668477640943e-02
1.579292083786467543e-02
7.837409068156223763e-03
2.543391980863321522e-02
6.045204974452027084e-03
6.237182427313105876e-03
6.026393000784393932e-03
5.999637159256758327e-03
1.222456748682287063e-02
1.216010424309048842e-02
1.772807716901155309e-02
7.640495190909766914e-03
9.608832052341882701e-02
1.698995419845804045e-01
1.215657712737147102e-02
8.735974272887417347e-02
2.229635583430628065e-02
8.828556650055635613e-02
1.461119533069070442e-02
1.731072804365973439e-01
1.375853607127886825e-02
9.309031688246469094e-03
7.731117800256661309e-03
7.014523281166356629e-03
1.277377715278214983e-02
1.514591561577676229e-02
1.503726121574246351e-02
1.593816009661525035e-02
1.591340056013549123e-02
5.534721249172888657e-02
1.680374723658691408e-02
1.903461581613235531e-01
3.747940214619540494e-02
6.360911763331100928e-03
3.559321796835041019e-02
7.208089329994986187e-03
1.753468429441481027e-02
9.188489309251388071e-02
1.320678400905847261e-01
3.991198821498434524e-02
1.129966659157316533e-02
7.279773870398890782e-03
7.739932705615766052e-03
1.986273553475174231e-02
6.080103924862619025e-02
4.252071833643340792e-02
1.241388763648322846e-01
2.630690674809570834e-02
7.324692313837394275e-03
7.561926803939073363e-03
1.183642544290662568e-02
7.376366928107924367e-03
1.714978747605644741e-02
1.738694667846306385e-02
1.303448974231487811e-01
2.189586358455317128e-02
5.038055278512170582e-02
1.279970192550959618e-02
2.794015509914548057e-01
1.888298546263563263e-02
2.610298837889519011e-02
5.595647286920676922e-02
7.185176742899684887e-02
1.719031990524863898e-02
8.006177996809134972e-03
2.347611171522498152e-01
6.750804353393051460e-02
1.345592903254467787e-01
2.261885348387637253e-03
1.670667533548035252e-02
2.558065014889647840e-02
1.536585366862056826e-03
3.710526934496245072e-02
9.474291940626397221e-03
7.943215100213467730e-03
1.340192741231156998e-03
9.710058599573913665e-04
9.162593675878190347e-03
6.322223092121205534e-02
1.390348297651420890e-03
1.493191925489266436e-03
1.728038270651998960e-03
1.207521738359068966e-02
4.303875902851899879e-04
1.538578529237920062e-03
2.937079194339002348e-03
5.104844546121369356e-03
1.590984986222755519e-03
3.490932220440245981e-02
3.597918339629929685e-02
3.508094495567185694e-02
3.478365243501223975e-02
8.714297087231008196e-03
1.261899624979078913e-02
1.134630227517692547e-02
1.373361163045282683e-02
4.547962222536088006e-02
3.703782471978343815e-02
3.703670562699794971e-02
2.576904791627197822e-02
1.531334215001247702e-02
1.121240596469538428e-02
2.102349900841812835e-02
1.014532528361813783e-02
1.406402310306123782e-01
3.541756686208778065e-02
8.096895460872323425e-02
4.091895694749528994e-02
1.367985049582538977e-02
2.112823686626175146e-02
1.600859102867309078e-02
2.540447703346312980e-02
4.247794117251592338e-02
9.487394659712154732e-02
6.602856640997260829e-02
4.154696647121731978e-02
4.706159371734563307e-02
1.857768221740009607e-02
1.332517523066756478e-02
3.340203305643106579e-02
4.696683468010218188e-02
1.514534396138995376e-01
1.139236617348113184e-01
3.519329105366928445e-01
1.309374717251193115e-02
1.532455470935098485e-02
1.918467366105291311e-02
3.126431698221765476e-02
1.305282887104893819e-01
1.651320341284421844e-01
4.299423373064659853e-02
4.239915290290345584e-02
1.848679848121194055e-02
3.044749287876165333e-02
3.033735233434200346e-02
3.639318181052624696e-02
1.061405268068013052e-01
9.100947100502712606e-02
3.811696228864221991e-01
6.415022361143132845e-02
1.696661488143355948e-02
1.431714003866463823e-02
1.773951281639787880e-02
1.381550498423130685e-02
1.079201416231003741e-01
1.235472132473336981e-01
4.915790323207411272e-02
5.110707978899472342e-02
2.477136830675150114e-02
1.437231299362154956e-02
2.178340602616309074e-02
5.191581586434561302e-02
1.999353068006367584e-01
8.230620230589161257e-02
2.274600268701199579e-01
6.121586623295650204e-02
2.046727845936026358e-02
1.780426649264402195e-02
1.518304385795585590e-02
1.469431777903020334e-02
6.661476330911195176e-02
5.723318304132110623e-02
1.205434293186141842e-01
6.104027165084547485e-02
1.677571291106247017e-02
8.145175604465579311e-02
5.202768008463110744e-02
3.963218719749365265e-02
3.126486386945258600e-01
9.653814563567947316e-02
3.342524403908274655e-01
3.387150187222109921e-01
1.982134641313976903e-02
2.559252079654585413e-02
1.637383557005869794e-02
5.166872781814748489e-02
6.797350819783792852e-02
1.254771010886064353e-01
1.540718729227935069e-01
6.936258940515122040e-02
9.145678319091940511e-02
2.302944923993176241e-02
8.406091760138202640e-02
5.784587114325261126e-02
7.139501893870955906e-02
9.447380651337716762e-02
7.122329894647506932e-02
1.177767496019164750e-01
1.630830881988973302e-02
1.705748291436374672e-02
9.619278581489483504e-02
2.629998851390048450e-02
8.134979017292794101e-02
6.271468389486917205e-02
7.381716772666815918e-02
8.793084087269140148e-02
1.379152267726114767e-01
2.397687855140550814e-02
4.090750960907856004e-02
1.788934833686841100e-02
4.245024301190872956e-02
6.328277223894065995e-02
5.412911177227764520e-02
7.855210985832125625e-02
1.377412461211179225e-02
1.302650082689452149e-01
1.323620389883791923e-02
7.465599634540423524e-02
8.518776787788687188e-03
5.950360608639674448e-02
8.283343426868786108e-02
4.116631575170764945e-02
3.441616762066532220e-02
7.225784394404126127e-05
1.947898449516961492e-02
5.244385966054520079e-03
6.848162693771683851e-02
1.289717420248477284e-02
5.278315872726074137e-02
1.055205532349854161e-02
3.739242295433135160e-02
1.303106449198081131e-04
1.172920871058680655e-04
3.320759602899084773e-03
3.227631490293496243e-04
1.351352488718116473e-05
1.972182164480872719e-04
4.114089356339270130e-05
5.502154986157604998e-04
1.815923206634239076e-02
1.359600208654336681e-04
2.146948147640613145e-04
1.878892630588861051e-02
9.266673545214866537e-04
6.157797612605647210e-03
6.082274709059900131e-04
1.662212530932678095e-02
9.062891479442921347e-05
8.724421118529045518e-03
9.437520096114605664e-05
1.230550626259510139e-03
8.459684323672484949e-03
1.370458818662368327e-03
8.077085944588308737e-04
2.227205491161499389e-03
5.171496613635495967e-03
7.797755933266033862e-03
6.290972059640282874e-03
7.457589448613792527e-02
2.236660286257739078e-02
6.330500221839317071e-03
2.352117125583806298e-02
1.922100580982978937e-02
1.604689782238648624e-02
1.779276202052145275e-02
8.097698578197903146e-03
2.413554962796557804e-02
2.141997211382187447e-02
5.839497753710712336e-02
1.212522672225517795e-01
1.191293579121456038e-02
1.780698686837014350e-02
1.500677746252803563e-02
9.225683638219303942e-03
3.832911014244457654e-02
4.493809841306469627e-02
4.510750958770385483e-02
8.896623975004597229e-02
1.867667443398298224e-02
1.469887271155055630e-02
1.819879931042026749e-02
9.776596062087711952e-03
6.606274082860263963e-02
4.874763269535423160e-02
4.232082405723350954e-02
3.686451131368291556e-02
1.377779759570006875e-02
1.670875672103713794e-02
1.201434456622701291e-02
1.764498305221685534e-02
1.533764258852917117e-01
1.534916437821264856e-01
9.123647964226380691e-02
7.592260359936736647e-02
1.187935925228191317e-02
1.862500921593235326e-02
1.155108525183284711e-02
1.427408433399011446e-02
7.118151511763207151e-02
1.456017140402077470e-01
4.926767916034099221e-02
5.383175008148492063e-02
1.902761975435022374e-02
1.899230099678306249e-02
1.532548404842485647e-02
1.588563390027206840e-02
1.129014975149548738e-01
1.430417255701335322e-01
9.579176005503686753e-02
1.322945169830932188e-01
1.930315787686724682e-02
1.427260216598855852e-02
1.636396341891966852e-02
1.346049127008423080e-02
1.270720786488765686e-01
8.811755625510919732e-02
9.551995383497047243e-02
7.015126253970825621e-02
1.932392127719541330e-02
1.898734356248979460e-02
1.623363111147885576e-02
1.624515549838973991e-02
1.417634124324219369e-01
1.804840497359002649e-01
1.454303086885469221e-01
9.819602884371060603e-02
1.234321487841732144e-02
2.278099979667826472e-02
2.346508748403288921e-02
2.279948251738089793e-02
7.683886864583300280e-02
1.256157000432713833e-01
8.110990021842325037e-02
8.004445650513826449e-02
1.506102929689529489e-02
1.247869068802216937e-02
1.433339701720189215e-02
1.210128970272665930e-02
1.672928763292479970e-01
1.555228696263888377e-01
1.039569974229795080e-01
1.650898555789337419e-01
1.442348345221547770e-02
2.303128095874260386e-02
1.233900165115035634e-02
1.984059000161694439e-02
8.161829295399304629e-02
6.896391095987194908e-02
9.788311649210230947e-02
1.229420941038867898e-01
1.104958789626379542e-02
1.333145557621292360e-02
1.710623623428876583e-02
1.050394863405226462e-02
1.381219183385234694e-01
1.166612481194291007e-01
2.020028387339344311e-01
1.723783252114511333e-01
1.298549869008789812e-02
2.664786636292120620e-02
2.632014054428617050e-02
1.043559405864959502e-02
7.558841235558039218e-02
7.199673332195387354e-02
6.911934078848926133e-02
6.814423174224479296e-02
1.153914362350476688e-02
1.130696035768278401e-02
1.147188648077681478e-02
9.628464566715065273e-03
8.328051360720546692e-02
1.517489885650452064e-01
1.225673412976119592e-01
1.606763761846946581e-01
1.072655550808063359e-02
2.661184373880834744e-02
2.948287167219828739e-02
1.499751140735311981e-02
8.994266238753070852e-02
6.458442141910317180e-02
8.884700314670969379e-02
7.395929623506303230e-02
1.349783872209509537e-02
8.743977099033822808e-03
7.294274609623994411e-03
7.276395537154317292e-03
1.602902368197814675e-01
1.965112056105376981e-01
1.494839647316606457e-01
7.326102330728888334e-02
7.308073943115329756e-03
1.119091147792754606e-02
1.998672037710673074e-02
7.144686957769998646e-03
1.602686942321169261e-01
1.871846852594730437e-01
9.220120141625381960e-02
9.879985508569498476e-02
5.999441287384348412e-03
1.062925157075281929e-02
5.645117476468157307e-03
7.469971376440384669e-03
1.795799652051265904e-01
9.015286555127020873e-02
6.738677724177019601e-02
6.531709895637449748e-02
2.433574444591134200e-02
2.778918194402704711e-02
5.501398177491900743e-03
5.273631623917415107e-03
6.066126401446274991e-02
7.262661001849865516e-02
5.133500409887923471e-02
5.089586287939536907e-02
3.458435831283880428e-03
5.459904576740197066e-03
3.052034233642074781e-02
1.219398777896053311e-02
5.156348655615886067e-02
3.628120320652972186e-02
1.338325008173489039e-01
1.485350519352228726e-01
6.317927712105753796e-03
3.423972528401631864e-03
2.923225389272358574e-02
4.765897884754702503e-03
1.062617178273208562e-01
4.740918030188891880e-02
9.205504547487902700e-02
2.674802543766367433e-02
8.843462559378373333e-03
1.788943437864510145e-03
1.321352213170791812e-03
2.272642926469560423e-03
3.335644446353566717e-02
2.293465371682533102e-02
3.121630052752050188e-02
3.222149643855816425e-02
3.027795128643882231e-03
1.601542222821472064e-03
1.721321619847175155e-03
5.676843888076831468e-04
2.636389819449622141e-02
1.109628243906971099e-03
2.797098756976198336e-04
3.619535935785458958e-02
7.969240666045779341e-04
8.933797452023962973e-06
8.390240594951138900e-03
2.068621062622390868e-03
6.896890358163317025e-02
5.198143538156126814e-02
1.095233860049357570e-02
8.761228058128218765e-06
1.246438466204027092e-03
3.645130029445850170e-04
6.144816712511015242e-04
9.918139435189833250e-03
1.622345154007140292e-05
1.015859253408702215e-02
1.955824260203018863e-06
2.012758495363485556e-02
7.916025356022111974e-06
9.337479474446287673e-08
1.744724048932705125e-03
8.133729894821749611e-07
1.393531880502772819e-06
3.443720241822734328e-06
5.853798403969915742e-05
1.053821523720013809e-01
1.000000000000000072e-18
1.000000000000000072e-18
1.000000000000000072e-18
1.000000000000000072e-18
5.160001524260062443e-03
9.822324192771291311e-07
3.905525743863961346e-07
4.454378654413804553e-03
2.646428845875731807e-06
8.046024089980570394e-06
5.409364143376195304e-03
3.317735485152441778e-07
1.588228118883651960e-03
3.492678377294761226e-04
6.209234221679949061e-07
6.463390588466367929e-03
2.157529119623466385e-02
5.896901721781083738e-02
3.792820336334932666e-05
1.898438233620898877e-02
4.486330142840110151e-06
3.932368909917242081e-05
1.665859703794796750e-03
2.252569768325825476e-06
1.883028048064077503e-02
6.129753282096449436e-03
1.890423227751393282e-03
1.718625374694461323e-03
1.192910095661457899e-02
2.887616601081042979e-03
1.590351407636050830e-03
6.336981143549323681e-02
1.645684321508298839e-03
2.339587405946175896e-02
3.859486406029234186e-03
3.186663767079926657e-03
5.605584226033807384e-03
4.503973406873404417e-02
5.351241485304404633e-02
4.606636044843492525e-03
2.566664600998903607e-03
4.233372369838994502e-03
1.155045011666024947e-02
2.994804117733889260e-03
1.774585940409537099e-02
4.544964161196742881e-03
9.665329637587214209e-03
9.452790111260517270e-03
1.431941953540958809e-02
4.936393373779936547e-03
8.541882001914190281e-02
6.213110727040699333e-03
2.520535848050160788e-02
8.972988091611913686e-03
3.184173651150638829e-02
6.861628764619009946e-02
7.587182466255758435e-03
3.452569427218159237e-02
5.286098670384962311e-03
5.075826924040444284e-03
8.522355139335814275e-03
7.501834114510097518e-02
7.995915854950429169e-03
5.877998044831918290e-02
1.005505754279588729e-02
9.385432412026587304e-03
3.260346843923651178e-02
3.142916505761336743e-02
1.148764223427854898e-02
7.351043541228691192e-02
8.155235597316701224e-02
2.092967455275153779e-02
1.227412435472856680e-02
8.307947466982903290e-03
1.092805088758689799e-02
1.034135443303742935e-02
6.830373248488631754e-02
6.517260339523694990e-02
5.386839222776795139e-02
2.849514778930879039e-02
4.626233039575405187e-02
2.050204046418113712e-02
3.267494260889586277e-01
5.835603373107883796e-02
6.985040793756087940e-02
3.498989437468991159e-02
2.292841662582943002e-02
2.030553210322356625e-02
1.101373899652114546e-02
1.871958893012440686e-02
1.401724309446267767e-02
1.161893699786945185e-02
1.033057564439167908e-01
3.615875449742959186e-02
3.211344507109509250e-02
5.082942654078499711e-02
2.215875007948005931e-02
2.235837787831652934e-02
2.175668131150073487e-02
1.996469086380137786e-02
6.403261034731275170e-02
4.835521345158729639e-02
1.733193840769762378e-02
1.763102041674478176e-02
1.666508595805882287e-02
1.484465056542075626e-02
3.642832622431908113e-02
1.728039468593710673e-02
2.130796825415030155e-02
1.027714914628629767e-01
9.322691957535376994e-02
3.393692084324120839e-02
2.638857197290845127e-02
6.707716669044044844e-02
2.847147332902094999e-02
3.385127213896306497e-02
3.688520910024856159e-02
1.914141779456192405e-02
2.065724022668839754e-02
2.909585063275713784e-02
4.389888303310397755e-02
2.336768167005527641e-02
2.289696088165547178e-02
3.082448636518766993e-02
1.114988745401317982e-01
6.670233201093560271e-02
2.873023012526208786e-02
1.203704701801511651e-01
1.705977458484664866e-01
5.794242549336318937e-02
1.017934898669668048e-01
5.086827288947187720e-02
3.115974392707092713e-02
4.064044515965570953e-02
1.663154825101104128e-02
3.217272146448465348e-02
3.541458820779073979e-02
1.143693484415682499e-01
3.491998643421310999e-02
4.337038660810193375e-02
4.487205479959738980e-02
2.355021824798398875e-02
2.971121385695593350e-02
1.905091232645483162e-02
8.326996460975014114e-02
1.897252976573676198e-01
7.712522893853947237e-02
6.751136516106343022e-02
3.187822430442537047e-02
3.523840598750842962e-02
3.988161123342652548e-02
3.308286224311057094e-02
7.736458012636939982e-03
8.485290291653567116e-03
7.733758413964180942e-03
1.129189103209711845e-02
1.434099330033208053e-01
2.646436631479370805e-01
1.558308252157877272e-01
2.508138575049126962e-01
5.858873394355188641e-02
1.616430227212173887e-01
2.244389827390864123e-01
8.636239203129228437e-02
2.884523405130055493e-02
2.536198547261169292e-02
2.523766011738331344e-02
2.692868823573867781e-02
2.341762544602106130e-02
2.094144418410928341e-02
2.201110527495064514e-02
2.545398176511993321e-02
9.456476050411936896e-02
3.112680617968247021e-01
1.997883430214385247e-01
1.962773368337408508e-01
1.282653605364575122e-01
5.211359695282308940e-02
6.051976899172566149e-02
3.020634010050896601e-01
3.375609664430739149e-02
2.391198237598459592e-02
3.070781853864465449e-02
2.437125499641105281e-02
2.338634109258428892e-02
2.656663114945086168e-02
2.625254988763020547e-02
2.165675134161332283e-02
1.000998220334708561e-01
8.071045261107100133e-02
8.548278935254255417e-02
4.687375622549912885e-02
1.142512719055463278e-05
3.316436130196131354e-05
1.225263948515388224e-01
2.672638529196909030e-01
1.026690986928648910e-04
2.986779810860214104e-04
1.230478339301505075e-01
2.673595569865030441e-01
2.842781797777950859e-04
8.308852322723647103e-04
1.239986404534508396e-01
2.678007122053091549e-01
5.542998958140488760e-04
1.633026542957415886e-03
1.269309901960488374e-01
2.686918220100733556e-01
9.088858264037507793e-04
2.712583901570033654e-03
1.359806676980801210e-01
2.773388599054910086e-01
1.344341467218177323e-03
4.151082678624797365e-03
2.367245344460078837e-01
1.080150561956697564e-01
5.763281095465597539e-03
1.829671949358064112e-03
2.502139632430004923e-01
1.215020171005209981e-01
7.968105716560295107e-03
2.322187715139905489e-03
2.494654146664641581e-01
1.262541827753604906e-01
1.219566194471411250e-02
2.415086452026334214e-03
2.736373072593535349e-01
1.025475276338977809e-01
6.234854542265453638e-03
7.789602697035871368e-03
1.468078849109406281e-01
2.294131295442835283e-01
5.674916084067095634e-03
1.215048223444008778e-02
1.633711062662097369e-01
2.133900938937447478e-01
1.491483626447361738e-02
6.404767331550709208e-03
1.840207026131717993e-01
2.034113764745288377e-01
1.704117399816050538e-02
7.271114331508856353e-03
1.304652367691280512e-01
3.278231024909911140e-01
1.684575660388488300e-02
7.938183487432904500e-03
4.276597996360591986e-02
7.711073429456333228e-02
3.358706409939613436e-03
6.682443625675685457e-04
3.221968589881685132e-03
2.936703324274866217e-02
7.896068039752549353e-03
3.480777874963059820e-02
2.955368096482109685e-02
2.297645437922032352e-01
1.148406899460336153e-02
3.837899293522110261e-02
4.435166901614701063e-02
3.447119363164760086e-01
1.331833276026851177e-02
4.260093576521556402e-02
5.332340700848984399e-02
3.704712823302233615e-01
1.472455823664196861e-02
4.676288366926371204e-02
5.899078743231596367e-02
3.646467149554398768e-01
1.626191942919932507e-02
5.174964474076899912e-02
6.432010263534408689e-02
3.335272467963142917e-01
1.757226960901910398e-02
5.646456773112580596e-02
7.222759097715485133e-02
2.624754535092750918e-01
1.804309783861714894e-02
5.990390181010452758e-02
8.738221714271995899e-02
1.294572750354678337e-01
1.550836817433450324e-02
5.831398058008664675e-02
1.300735723261736698e-01
1.469562473565611850e-02
3.491821552987975710e-03
5.847200343295687276e-05
3.592852835208756542e-04
1.567171865256534622e-03
2.757106523505894937e-03
9.253655544803474423e-03
6.374373219619225601e-03
3.938085170709174770e-02
9.437589674360837705e-03
2.851642636345694259e-02
1.221806805202477718e-02
1.007575960195399162e-01
1.449667512347292686e-02
4.292697410815067560e-02
1.516204769624387126e-02
1.528682526618532489e-01
1.796104169529643205e-02
5.247517422435320211e-02
1.624611347273653000e-02
1.848784826548233173e-01
2.053511301254920193e-02
5.783998565101000633e-02
1.880252255015456980e-02
1.763858297401550979e-01
2.102513284464052265e-02
7.409122757147559857e-02
1.121567618786504031e-02
2.069966446193955423e-01
2.388911081325916647e-02
6.873165263256655888e-02
1.053815692162130002e-02
1.902630867063519193e-01
2.537887531499180560e-02
6.767931947577482399e-02
8.764503600619005796e-03
1.663371684113786608e-01
2.750526993164259179e-02
6.168443592296841277e-02
6.548155917300561846e-03
1.539650300005774852e-01
2.621246557500059304e-02
6.045874501636232246e-02
4.756756601833883949e-03
1.219794296593746108e-01
2.733113543066279655e-02
5.049196071807220826e-02
3.014810651751139749e-03
8.714299090518640156e-02
2.797320323972666070e-02
3.725401560442413718e-02
1.591200792763158584e-03
4.768556244579976594e-02
2.836379669679584686e-02
2.038539199572061283e-02
5.857531785487120031e-04
1.542287822049881810e-02
2.858985812553639302e-02
4.689256679024376810e-03
6.581010480965221736e-05
5.928229113767895849e-04
1.000000000000000072e-18
9.560629673323931780e-05
1.084388170931205482e-04
9.741767198941600090e-04
3.234548275649570814e-01
2.040077463978282827e-03
9.617372883271835780e-04
5.833432431371421596e-03
3.249086891033553526e-01
5.474896441395067127e-03
2.597270088515021749e-03
1.544130856665960373e-02
3.272856792715957974e-01
9.350567138924299748e-03
4.892919722375063327e-03
3.005204790666629253e-02
3.292253970794212226e-01
1.301415793972536539e-02
7.717212580260516055e-03
4.903799564793222959e-02
3.320073086695276010e-01
1.595676242769238085e-02
1.087924077936768159e-02
7.089589121915948478e-02
3.326149131476914822e-01
1.860961003741067391e-02
1.479757410503797915e-02
9.096850110235787934e-02
3.339168767348533740e-01
1.967951938906443640e-02
1.990755556706881244e-02
9.857958191311959328e-02
3.322052326678587297e-01
1.843889593534797297e-02
3.556586775019955626e-02
3.526355933611276944e-02
2.732776296703474106e-01
3.053870528875372858e-02
8.729164658166907453e-03
3.484650589234205009e-01
3.254997581113894256e-01
2.492781082491811462e-02
1.692098644513050781e-02
3.107511276186599170e-01
3.173605608902632658e-01
2.273461828724224199e-02
2.040406944492782065e-02
1.000000000000000072e-18
