1.000000000000000072e-18
1.000000000000000072e-18
1.000000000000000072e-18
1.000000000000000072e-18
1.000000000000000072e-18
1.000000000000000072e-18
1.000000000000000072e-18
1.000000000000000072e-18
1.000000000000000072e-18
1.000000000000000072e-18
1.000000000000000072e-18
1.000000000000000072e-18
1.000000000000000072e-18
1.000000000000000072e-18
1.000000000000000072e-18
1.000000000000000072e-18
1.000000000000000072e-18
1.000000000000000072e-18
1.000000000000000072e-18
1.000000000000000072e-18
1.000000000000000072e-18
1.000000000000000072e-18
1.000000000000000072e-18
1.000000000000000072e-18
1.000000000000000072e-18
1.000000000000000072e-18
1.000000000000000072e-18
1.000000000000000072e-18
1.000000000000000072e-18
1.000000000000000072e-18
1.000000000000000072e-18
1.000000000000000072e-18
1.000000000000000072e-18
1.000000000000000072e-18
1.000000000000000072e-18
1.000000000000000072e-18
1.000000000000000072e-18
1.000000000000000072e-18
1.000000000000000072e-18
1.000000000000000072e-18
1.000000000000000072e-18
1.000000000000000072e-18
1.189955729490098965e-18
1.430634359868770665e-18
1.718556847299208160e-18
2.061939980590257216e-18
2.469649166224719233e-18
2.950630786438589088e-18
3.512806060470114643e-18
4.161136223465678699e-18
4.894537617641169555e-18
5.701460567111961796e-18
6.554463930204495946e-18
7.405255747968951091e-18
8.183347305719334079e-18
8.802627775444570982e-18
9.178530676887902276e-18
9.252386731520332489e-18
9.011996249993066829e-18
8.496251965439845371e-18
7.780808578291112915e-18
6.953805996019037406e-18
6.094437877719201517e-18
5.261520637621931861e-18
4.491691685179889841e-18
3.803185355098630879e-18
3.201319591378038238e-18
2.683477685843782700e-18
2.242810317032764130e-18
1.870667039826995497e-18
1.558047430004364398e-18
1.296387485357156395e-18
1.077931652343252515e-18
1.000000000000000072e-18
1.000000000000000072e-18
1.000000000000000072e-18
1.000000000000000072e-18
1.000000000000000072e-18
1.000000000000000072e-18
1.000000000000000072e-18
1.000000000000000072e-18
1.000000000000000072e-18
1.000000000000000072e-18
1.000000000000000072e-18
1.000000000000000072e-18
1.000000000000000072e-18
1.000000000000000072e-18
1.000000000000000072e-18
1.000000000000000072e-18
1.000000000000000072e-18
1.000000000000000072e-18
1.000000000000000072e-18
1.000000000000000072e-18
1.000000000000000072e-18
1.000000000000000072e-18
1.000000000000000072e-18
1.000000000000000072e-18
1.000000000000000072e-18
1.000000000000000072e-18
1.000000000000000072e-18
