2.143883357962238723e+00
-2.143883224628949868e+00
2.143222329387245662e+00
-2.143221803565884542e+00
2.142120995529884997e+00
-2.142119841008693015e+00
2.140579927587443088e+00
-2.140577948285336429e+00
2.138599930274633909e+00
-2.138596980897922606e+00
2.136182044524388868e+00
-2.136178035323298197e+00
2.133326549420988538e+00
-2.133323433134896252e+00
2.130037460863016818e+00
-2.130032147403098541e+00
2.126313764844071752e+00
-2.126308216997520706e+00
2.122156425811696501e+00
-2.122151496977723095e+00
2.117526117228313520e+00
-2.117523028574733512e+00
-2.112591003605245987e+00
2.112590026683648148e+00
-2.107160042125615806e+00
2.107151713131541815e+00
-2.101320801993377785e+00
2.101299464260685479e+00
-2.095077596168520184e+00
2.095032569790038490e+00
-2.088447203649773876e+00
2.088354096299377183e+00
-2.081491173081136736e+00
2.081266899507014045e+00
-2.075060188684883844e+00
2.072547932765056888e+00
2.065982933203961203e+00
-2.065601215347133035e+00
2.057697511336290308e+00
-2.057518353615068296e+00
2.049062564507099449e+00
-2.048969159626315761e+00
2.040073700493529874e+00
-2.040050645497809789e+00
-2.030805312357297332e+00
2.030748452009805582e+00
-2.021281113343582181e+00
2.021117449630809304e+00
-2.011552616975660790e+00
2.011232762341745861e+00
-2.001759212636416319e+00
2.001196222368436750e+00
-1.992200547844402481e+00
1.991244146634653100e+00
-1.983616017401849119e+00
1.982094096508932868e+00
-1.977869631904882519e+00
1.970570822956236645e+00
1.942197043352609009e+00
-1.940166505867823021e+00
1.934638343375373326e+00
-1.932093830791152378e+00
1.923951135889131248e+00
-1.921556071462335646e+00
1.912034390987551236e+00
-1.909796819066065687e+00
1.899466699758679766e+00
-1.897326993851997656e+00
1.886471174313371080e+00
-1.884378549812311343e+00
1.873173190444810787e+00
-1.871102800509630404e+00
1.859598827137806776e+00
-1.857495134250739310e+00
1.845889575434691787e+00
-1.843737502403173245e+00
1.832085884048459512e+00
-1.829864790360317350e+00
1.818283910492829003e+00
-1.815974367370186693e+00
1.804600329148809523e+00
-1.802182707778953397e+00
1.791224740493697620e+00
-1.788683018903143296e+00
1.778409863575561189e+00
-1.775739806074968286e+00
1.766557220095711589e+00
-1.763785720611694030e+00
1.756277990234879294e+00
-1.753528152466766743e+00
1.748450482267775552e+00
-1.746131086797565013e+00
1.744109510620013959e+00
-1.729819345274436371e+00
1.619361280868227837e+00
-1.619335978609729887e+00
1.614792020366958125e+00
-1.614585705801617754e+00
1.606461038183700341e+00
-1.605974651247255469e+00
1.595430014035977617e+00
-1.594643002599224646e+00
1.582587562178110918e+00
-1.581517044470674760e+00
1.568556598278619818e+00
-1.567229396238395189e+00
1.553751168748550571e+00
-1.552193414613403100e+00
1.538449540791711811e+00
-1.536682191624051175e+00
1.522843733579889669e+00
-1.520888422494539594e+00
1.507068727404897723e+00
-1.504950147369474411e+00
1.491164569728412381e+00
-1.488953426216818254e+00
1.476479146218816707e+00
-1.473309400726072083e+00
1.460237355063638942e+00
-1.457473668864892158e+00
1.444850487573607900e+00
-1.441984247884990911e+00
1.429812456842199930e+00
-1.426830534049056576e+00
1.415178706169382350e+00
-1.412088216349536296e+00
1.401027719608048061e+00
-1.397841583670195398e+00
1.387466899563655431e+00
-1.384197724017702802e+00
1.374242063746674347e+00
-1.371107873046985448e+00
1.362132776422142477e+00
-1.358884316029770556e+00
1.350718188446755619e+00
-1.347494432730520497e+00
1.340190687516525925e+00
-1.337050088231160894e+00
1.330642878757574366e+00
-1.327646473859526166e+00
1.322166382884231162e+00
-1.319379829138215943e+00
1.314836023298326939e+00
-1.312335304831245386e+00
1.308727062466872093e+00
-1.306592929272519577e+00
1.303903673875387526e+00
-1.302221294301386667e+00
1.300418663204559566e+00
-1.299274995935985944e+00
1.298311409957047413e+00
-1.297792076132375572e+00
-1.077347257922952828e+00
3.348450764090446508e-01
-3.342075178082469789e-01
3.331943504026615432e-01
-3.316838775379655213e-01
3.299099143370260445e-01
-3.275082611728594717e-01
3.250250496926230248e-01
-3.217248790908928124e-01
3.185878893139503232e-01
-3.143928668453117581e-01
3.106594547336051781e-01
-3.055840180667703798e-01
3.013113047941702871e-01
-2.953747932273969590e-01
2.906244686745090289e-01
-2.838676333642213279e-01
2.786834297333521393e-01
-2.711447741587780236e-01
2.655799696768286755e-01
-2.573095381345576471e-01
2.514143615054457714e-01
-2.425422742158364064e-01
2.361337774111234300e-01
-2.266277497942794372e-01
2.201501285167689892e-01
-2.100378980744702084e-01
2.033021517265838907e-01
-1.927259112596600155e-01
1.857391717497421935e-01
-1.748237789665323116e-01
1.675613586898536400e-01
-1.565297989376748522e-01
1.489011697140838475e-01
-1.384257030241951014e-01
1.302580118649862284e-01
-1.250596706505603950e-01
1.122195868548145209e-01
-9.398806098013398613e-02
8.903465396721417513e-02
-7.486455809328931843e-02
6.890311070251257941e-02
-5.475816626196251813e-02
4.844735987013205902e-02
-3.428488497345457547e-02
2.781594937713311247e-02
-1.363091820989889916e-02
7.097235919878396894e-03
