1.000000000000000072e-18
1.000000000000000072e-18
1.000000000000000072e-18
1.000000000000000072e-18
1.000000000000000072e-18
1.000000000000000072e-18
1.000000000000000072e-18
1.000000000000000072e-18
1.000000000000000072e-18
1.000000000000000072e-18
1.000000000000000072e-18
1.000000000000000072e-18
1.000000000000000072e-18
1.000000000000000072e-18
1.000000000000000072e-18
1.000000000000000072e-18
1.000000000000000072e-18
1.000000000000000072e-18
1.000000000000000072e-18
1.000000000000000072e-18
1.000000000000000072e-18
1.000000000000000072e-18
1.000000000000000072e-18
1.000000000000000072e-18
1.000000000000000072e-18
1.000000000000000072e-18
1.000000000000000072e-18
1.000000000000000072e-18
1.000000000000000072e-18
1.000000000000000072e-18
1.000000000000000072e-18
1.000000000000000072e-18
1.816113385730183660e-02
1.265652319633995271e-01
5.410099929884162190e-02
1.556381010614638627e-01
4.693802828091145137e-08
1.522119613723940390e-01
4.098233769590395315e-01
1.587269354639449518e-16
1.000000000000000072e-18
1.000000000000000072e-18
1.000000000000000072e-18
1.000000000000000072e-18
1.000000000000000072e-18
1.000000000000000072e-18
1.000000000000000072e-18
8.075068018317498042e-03
1.119461751186809698e-02
6.220386525146174433e-03
2.212563936353128050e-02
1.174444573622128278e-02
7.676496734854982087e-03
1.000000000000000072e-18
1.000000000000000072e-18
1.000000000000000072e-18
1.000000000000000072e-18
1.000000000000000072e-18
1.000000000000000072e-18
1.000000000000000072e-18
1.000000000000000072e-18
8.974426979807478832e-03
3.626484133605504395e-02
1.635960433296057753e-09
1.771986333537801592e-02
3.081364876219771023e-02
5.897481928589702882e-01
2.324749808260783042e-03
1.000000000000000072e-18
1.000000000000000072e-18
1.000000000000000072e-18
1.000000000000000072e-18
1.000000000000000072e-18
1.000000000000000072e-18
1.000000000000000072e-18
1.000000000000000072e-18
1.000000000000000072e-18
1.000000000000000072e-18
1.000000000000000072e-18
1.000000000000000072e-18
1.000000000000000072e-18
1.000000000000000072e-18
1.000000000000000072e-18
1.000000000000000072e-18
1.000000000000000072e-18
1.000000000000000072e-18
1.000000000000000072e-18
1.000000000000000072e-18
1.000000000000000072e-18
1.000000000000000072e-18
1.000000000000000072e-18
1.000000000000000072e-18
1.000000000000000072e-18
1.000000000000000072e-18
1.000000000000000072e-18
1.000000000000000072e-18
1.000000000000000072e-18
1.000000000000000072e-18
1.000000000000000072e-18
1.000000000000000072e-18
5.182491683109421496e-16
1.000000000000000072e-18
1.118726627883595127e-09
1.000000000000000072e-18
2.260833751656818238e-03
1.262268712866019660e-16
3.580481656378969781e-04
2.955983808869693669e-02
1.000000000000000072e-18
4.635120971612003668e-05
9.377491676972707314e-07
2.877331401533109670e-06
4.500704277295181104e-05
5.042438040178461773e-18
1.340864401748760543e-17
1.071959249581615496e-15
3.680071717573548606e-14
6.278065499100120426e-18
1.568641716938741020e-06
4.516772362067607605e-18
1.830848898475664331e-09
4.196177943517056738e-05
4.209125073841337019e-05
1.071076862130421993e-05
7.794431539691095478e-06
1.524600115356887036e-06
2.154367757556883122e-12
2.266838116579326901e-14
4.302891131657856478e-05
1.094388373702805421e-03
3.988297177782341996e-02
4.917918545013952010e-04
4.040324388547034476e-03
1.512679326211242930e-05
6.734844157609205861e-06
2.048824284167116358e-02
3.153853846666499362e-04
5.056926901603441861e-03
8.369322234272925931e-03
1.307961963646111321e-03
5.959881827965006570e-06
3.865585870395882534e-05
1.329840902262648201e-05
4.809658844039663844e-02
1.162939706786482246e-04
1.314658084456899660e-04
5.699811929636281930e-05
6.770696689602744142e-05
1.551698854397056153e-03
1.548303382927181926e-05
3.222685355003732230e-04
1.128761884556507512e-03
8.855749562220069598e-05
2.009612594407451350e-04
2.625834000170798271e-05
6.602721547009719185e-05
3.733149603708365259e-03
2.196682978029715984e-05
5.721174417084180052e-06
6.272473568562274363e-06
4.402607054849472408e-03
1.075689621456309258e-05
4.231940579158579148e-05
1.739052239066411895e-04
1.924899620624642122e-05
2.249020669045781740e-01
9.694322299230140566e-05
5.836590497053565401e-06
4.701304464767296109e-05
1.522825179270091722e-04
1.851532714339290382e-04
1.808868023571688632e-01
3.639856189654880683e-05
2.241672835541053365e-05
1.457749281371299949e-04
2.212163303161089611e-03
2.361872340424727573e-03
5.864454005027081463e-04
2.840103162969225860e-04
3.882754925960574689e-04
1.872832730557012076e-03
1.734989146042041511e-05
1.456050905179421401e-03
2.155219966166551542e-04
5.546769745940995826e-04
3.076548873248332715e-03
8.062221941010308535e-02
5.400233101799053505e-04
8.459054776962222997e-04
9.172626123909705109e-03
1.257287718228206758e-02
1.043894369436192647e-03
2.012682885771119225e-03
3.461705879738241978e-05
4.384634729863743979e-04
1.245510291040311500e-04
3.371274448336488111e-04
3.101511670045603020e-01
6.587569637198527166e-03
7.400408310862880822e-04
2.994711983337883503e-03
7.257250751120469454e-03
3.963700729788572795e-04
6.569009864511748432e-04
1.017624463069356257e-03
6.264025663584287668e-04
2.032485307322385096e-03
2.151879259286085862e-03
1.957206907668776041e-03
1.704171347707926151e-02
1.093477305221404690e-04
2.218847346915640839e-02
1.637435186960486391e-03
1.149555961556039457e-03
4.434774114662982936e-03
1.014965372416469025e-03
2.458388225060745003e-01
5.145755749766943096e-03
2.758287529219723491e-03
1.037230302521877952e-04
1.454828954803369422e-03
3.075015063084798189e-03
4.543881202015012839e-03
2.077983299255950836e-02
2.577733887474688269e-04
1.652835718433391297e-04
1.800274352856423316e-04
5.093240354024527461e-01
9.503335441987725840e-01
2.892767018863327214e-03
7.444733230953654024e-03
2.983186296624201206e-01
1.400028260872977618e-04
5.769828913826961433e-04
1.583386311188313773e-04
5.395494324471575287e-03
2.557262129302855565e-03
3.094288461369085023e-03
6.485590447398809077e-01
3.405136439069032794e-02
7.271013898358102967e-04
1.424114548821654659e-04
1.266414384543449734e-01
1.946901171728091288e-04
7.842352172196301839e-04
2.588506639122030006e-03
9.433773492654860164e-04
8.668020060492009210e-03
2.124635648228503579e-02
1.303364991145218414e-03
9.043914781363882049e-01
4.046319005660672062e-03
1.391441689503036469e-03
1.910195480866917848e-03
1.321573189887592994e-03
7.273961387368042169e-04
4.358494893250012409e-02
6.725456868063053179e-03
2.628469615753561018e-03
9.053102912728641302e-03
8.648015860290550385e-04
7.275884371677455130e-04
5.538219836246258687e-01
6.549926773444507844e-04
5.078429047102488332e-03
7.917038309453153788e-01
4.668775671129301585e-01
4.829733118041590507e-03
2.840016390901570556e-02
8.844875883644755113e-04
7.013320011766450849e-04
1.197051779552156525e-03
1.714021962497195295e-01
9.515693977487268973e-02
1.192034572504088383e-02
9.439704547452087979e-02
1.208956624905634936e-01
4.719385527310076232e-03
5.700962417692042594e-01
3.875699497590198456e-03
1.050324708552583409e-03
6.464626186077446768e-01
1.790145874374956484e-03
2.403384928825505473e-01
5.359219460221563251e-03
1.299792764111692804e-02
5.147742369495741585e-03
5.055597194746844734e-03
5.718140943294309012e-03
4.890605696492600699e-03
1.527182521304297665e-03
1.383122245053416011e-03
5.515319465731605489e-03
6.734704268763893296e-03
5.981552018837321683e-03
7.151683963155314183e-02
3.341907300527665551e-03
2.087928716991155897e-01
5.217310006240914039e-02
3.323054263081361426e-01
5.978066925916862909e-03
1.004723863703004955e-01
4.257625780038803986e-02
8.283953198673383450e-03
3.306444153766278093e-01
3.939090467818308523e-03
5.266821525669245635e-02
1.961612668844736704e-03
2.612610904829638231e-02
2.925624929065196930e-02
1.594142058267427817e-02
5.470985660487967528e-02
2.199740012976584419e-02
4.335974902599973313e-01
2.618056057101603509e-03
1.863275193745737293e-03
6.157692752672508721e-03
5.616313731245152485e-03
1.779019006478261514e-04
2.759684928981605972e-02
1.377098997218199720e-02
7.097157490769089305e-01
4.083384673929405136e-03
2.083031228070522656e-02
9.724163518846413610e-05
3.198835299980055930e-05
6.194833574765684116e-03
2.404617671089742757e-03
5.952513628254852969e-05
1.176747241549051977e-02
1.512787168357283222e-03
2.002427463121543919e-02
7.619021692187522487e-04
6.914763420430596790e-05
3.342559353697371026e-03
1.878300127932305873e-03
1.928861913977137146e-02
1.131417280544460766e-02
1.923605029555874868e-02
2.222334184001661418e-03
9.562730932828933427e-04
2.180479871681552113e-04
2.557799221696145197e-04
1.237386741360898927e-03
1.001113772493057025e-01
4.591217307270142878e-02
4.783733215286154611e-02
1.326195574688205370e-01
2.521073678986776936e-02
2.846372418085735267e-02
1.387325052878472798e-02
4.156565687033805800e-03
2.154376574089268692e-01
7.288219785217648905e-01
1.994167959333387891e-02
2.853492065822295642e-01
6.815541733630832433e-02
7.058772073600587393e-02
1.580051402912250810e-02
4.001215781685665655e-03
2.692431378340565118e-01
9.353485211735748650e-02
3.373243506593281982e-02
2.853174458627314933e-02
9.291100263282944804e-02
4.080164033427363147e-03
1.198056150067497612e-02
6.519451137390372408e-02
2.452672781476899488e-01
6.428653450713232853e-02
3.972530325801293394e-02
1.576156057983999492e+00
1.395380448649071251e-02
4.637712408791647145e-02
5.891946505274559508e-03
5.995262582323924658e-03
5.647183202302350630e-02
2.628537447329468701e-01
3.601921649057241576e-02
2.952014354685565320e-02
1.640161743648003295e-02
6.679352753594142156e-02
5.358167162104736370e-03
2.141543915298700917e-01
8.950948184733857615e-02
6.235410708944374436e-01
1.490837827326995102e-01
6.624041685195464213e-01
4.808360520771818442e-02
5.508923267574275875e-03
2.608367941860922565e-02
1.263423009874759806e-01
8.927346900082465397e-02
4.842186918798312145e-02
3.922408773784610836e-02
6.960533516844352731e-02
5.976724749878473825e-02
7.145439117347293645e-02
1.253330652588512117e-02
6.221754562606753719e-02
1.429837805006966667e+00
6.713011513353733806e-02
1.247822514565183116e+00
2.650745151517959197e-01
5.693113598639869960e-03
8.188854330134168885e-03
7.641534487203753209e-03
2.193683881323470197e-02
3.819455420235420284e-01
3.963445122106601382e-01
7.592287915290327205e-02
4.394950654532541606e-02
7.540422781798339358e-02
2.630065914282068151e-01
3.760387861316377700e-02
1.215057727046124220e-01
1.525161183087463124e-01
3.934457566048025212e-01
2.116728105229757628e-01
6.013800623917051613e-01
4.624309160958962189e-02
8.711221954864517211e-03
9.914191789100416236e-03
1.696052957345573625e-02
3.715438523420627748e-01
5.025412709252940341e-02
1.216588554884322632e-01
3.933745301315123566e-01
1.828314401912300644e-02
2.123488343185481186e-02
4.936176080929252641e-01
1.204346131256048141e-01
8.592624267548689687e-01
2.339956529378465766e-01
8.813097392908759709e-01
2.456633501460494529e-01
8.194945285014849923e-02
3.611420082135583659e-02
1.082014431266720145e-02
1.248021708866701648e-02
9.112506251661048329e-02
8.208051511534610045e-02
4.950309629507964604e-01
9.149411387253660044e-02
2.010273875206792030e-02
2.947793067468535214e-02
2.775818726110258483e-01
1.940627833688009576e-02
1.799484602953731471e-01
1.162445896385735228e-01
5.629439480470712631e-01
3.269130176978993219e-01
1.774845226119430713e-02
1.773872917959750523e-02
1.726764187704641837e-02
1.875118232549664865e-02
1.389492206974976551e-01
1.502564916439555198e-01
2.122100898448764095e-01
1.618528363168829642e-01
1.387733017883819794e-03
6.881079160836479349e-04
1.953795035189815135e-02
5.025436811249924807e-01
1.371010963946065527e-03
3.459157238390892560e-03
1.997022638548804751e-03
4.995741988485583041e-05
7.944760490967410103e-04
1.040975923718510292e-03
1.223024957693747278e-01
8.365763890885961754e-05
5.193382639264095904e-06
4.602523100392183796e-06
8.696222166664392951e-07
4.108766938271099328e-06
1.283765024003981970e-07
2.272924574119515010e-04
3.635212642594781826e-04
9.242917600036992628e-07
8.264060980732798180e-07
1.263935950398645522e-06
1.894033407792665023e-06
7.695785102739746686e-05
1.203086889462154883e-03
1.033172900070027100e-02
2.908458474527524611e-05
6.707760385874369027e-03
4.044558938363885473e-06
5.910422534086444586e-03
3.293473339332840255e-01
1.115635014131838715e-01
3.748328487964460711e-04
4.052046322293788999e-03
1.284580922323254239e-03
7.286181372032536803e-03
5.068511419108688229e-03
1.254796850540536128e-02
1.111088514342180311e-02
1.935403090178861724e-02
4.067940567976284852e-03
2.567996441500381734e-03
1.782980543621707960e-03
5.248986588557381927e-02
4.874259418027035440e-02
2.352191052460366610e-02
6.581142324609165484e-02
1.095598604224629069e-02
4.223728705893216306e-02
4.468224417188268113e-03
3.706104478921830314e-02
3.089812575401754829e-03
2.684901457527104629e-01
4.311170685147289877e-02
8.095227437354225730e-02
3.328280232514133630e-01
6.859252022468514606e-03
5.156610815527941025e-03
4.269848846267998085e-03
4.537955126627087922e-03
4.732213681712507669e-02
4.911120975917173531e-02
4.425686211714375401e-02
4.770722294508655814e-02
4.361462774046916818e-03
4.569717636468828212e-03
1.825621318192066286e-02
3.656973576738625602e-03
1.387736046686229574e-01
7.917227433058091068e-02
3.617595744138089597e-01
1.406024202759564579e-01
5.385602389562367358e-03
1.339447615712694231e-02
2.366519379040652946e-02
1.448257604679022668e-02
7.571636982306827190e-02
8.920414635642927303e-02
9.562169732024339286e-02
8.150523249029122119e-02
4.035123306962913256e-03
3.909756116964147911e-03
1.154908342937166835e-02
3.994218906163041899e-02
4.276985218144422896e-01
3.793256411614731594e-01
8.664822997739745070e-01
3.278963577452715938e-01
9.087005184580422557e-03
1.157260269911027442e-02
5.385590991580956749e-02
3.909506891444086002e-02
1.195317121571768115e-01
1.067006838442852434e-01
1.297309833491909203e-01
1.107052291613596778e-01
4.088026477784609952e-02
5.051260231933919070e-02
4.239335840121643412e-02
5.064035417403897621e-03
1.749672653210607443e-01
6.100527218657624262e-01
1.413697187091657870e-01
1.869459356690107710e-01
3.049661210069538886e-02
3.372233801841343498e-02
7.895746693078284362e-03
3.464480672292748198e-02
1.516630740497141028e-01
1.850758474001881204e-01
1.271272125384917129e-01
1.971793458378269803e-01
2.537916309580145677e-02
8.287203172981953345e-03
2.311816991322463311e-03
1.904436214389911008e-03
5.485612198463700739e-01
1.679845242248755033e-01
1.685222156649898995e-01
1.710891996885158806e-01
8.678065448533537132e-03
1.117243588073837599e-02
9.970931289035698739e-03
2.015025836296461745e-02
1.454052381302500807e-01
1.345164576541575674e-01
1.296048699793856951e-01
1.658306984175820786e-01
3.148637468408265871e-03
3.825860342532945088e-03
6.384950328464496401e-03
7.744144026091125468e-03
8.443571117377384194e-01
5.282032082491274760e-01
9.555284674058798222e-01
4.388639288672591121e-01
8.591566254672991162e-03
2.935424737115640767e-02
3.775429197298593026e-02
3.234969073412859858e-02
1.477588565580883750e-01
1.624799452182963677e-01
1.542603570422959036e-01
3.012448754930810990e-01
6.168209454790156074e-03
2.064543933561729071e-03
2.020925571576211513e-03
1.382214915788239611e-03
1.774402824104814869e-01
1.404295225798908031e-01
6.995661005563688084e-01
4.919465742024997090e-01
3.923318191583398395e-02
1.156567505094555949e-02
7.424747013504874073e-03
1.790136443011545531e-03
1.495627332057687942e-01
1.688571564271243997e-01
1.187949236780403428e-01
1.265199824285297425e-01
9.482957428108337167e-03
5.506002938673868093e-03
8.702780664617859900e-04
1.537788139125362274e-03
1.628899359229987187e-01
2.088468696871681463e-01
7.537111362359201205e-01
5.876778702858677095e-01
2.322639534394186928e-03
3.418061153417574233e-03
1.320710500844701242e-02
8.116713365355107505e-04
1.086421169921658186e-01
8.000928403929816191e-02
5.716034394952640429e-01
4.483787837400017851e-01
5.882010360683983781e-04
6.704356433672907989e-04
5.122008063658884313e-04
4.987707763808577662e-04
1.780579888812861555e-01
8.553272599640335261e-02
1.428095029971442886e-01
8.065597978653737954e-02
2.239099494217156820e-03
1.432352964924700706e-03
2.198886235110681514e-03
5.301200729125580061e-03
4.397329092585455235e-01
1.389632430711749411e-01
7.760199285499607136e-01
7.740455823673267899e-01
1.190609519869433898e-02
2.741012079716889801e-04
1.440195781414322848e-02
3.323086825780696002e-02
4.673427441155982714e-02
3.873873124313963190e-02
6.381594228220126563e-01
3.876230676609133952e-02
4.144287070868599940e-05
1.344748004870489205e-04
3.890324988511110766e-03
1.427466573375827405e-04
2.292536640498755718e-01
1.419381851907395263e-02
5.900768035412212731e-01
2.900324556997599737e-02
2.230100591603913424e-04
2.922568761048045284e-03
1.308233865303563240e-04
1.887895122236548512e-02
2.001246017075478112e-02
1.548877399247707842e-01
1.924216857284949123e-01
2.827358514064094025e-02
3.722948158918312252e-05
1.273801304470231456e-06
4.023857029711890623e-05
1.104913037727660660e-04
4.757461376817385609e-03
1.409299751646361668e-04
6.028707843756249407e-02
1.294571192212966640e-02
8.853296960824668181e-10
9.828255648920464389e-06
6.454032351649562563e-07
1.117670875655533351e-04
1.051675063720730087e-02
5.706761803512800071e-07
4.095190197706532308e-06
6.089398930441744095e-05
2.146162519204662343e-10
2.921430894720028922e-13
3.438919018546074912e-05
7.747122995126928306e-06
2.299598183268171317e-06
1.707125279685293897e-03
1.935134765419098141e-03
3.584569217410753455e-10
1.479838435606793464e-05
9.276420373301086064e-14
1.026698848018507129e-04
4.799924865857174766e-06
2.969793425667175033e-07
1.830182536785638340e-06
9.338389083999642516e-09
2.237175753389189610e-11
1.000000000000000072e-18
1.000000000000000072e-18
1.000000000000000072e-18
1.000000000000000072e-18
1.633815743088915225e-10
1.072389165601987472e-09
2.708009825694589786e-04
1.361426254013710022e-02
2.733962712215353517e-08
5.522032027350324762e-10
1.947103685014708649e-05
1.147720612474376052e-11
4.847855026655278091e-11
5.410982570691828982e-10
1.242924738622335455e-04
2.057942472344164333e-08
9.133893309622183645e-10
1.532486691046949914e-11
3.560516528552423569e-05
4.510788316025209424e-03
4.954208730023041246e-10
1.371620176636563439e-04
2.414526426831503894e-05
1.509465494008863963e-03
1.004225443041649674e-04
5.304736318726269634e-05
6.207372374858353770e-10
8.297383594573477339e-05
1.605948081122585483e-04
2.195762709799539691e-02
1.676224922681871529e-04
1.187648712580244119e-02
1.220305395983842939e-02
3.528579255343374660e-02
1.341568260189328538e-04
2.017645214955544845e-05
2.376509653992290617e-03
2.424511245866564635e-02
4.269375337619114863e-02
1.501458186530213153e-03
4.062772642668082248e-04
9.527193023868251441e-05
1.449326155895526783e-02
9.669800841455342512e-05
1.360526775557235109e-03
1.779494569720629351e-03
6.642050561424492003e-03
4.407017723430659700e-02
4.182799665116112425e-03
3.446595895086269532e-04
1.012116495276835747e-02
7.684305389879521678e-03
1.906183922368274303e-02
6.068762259664027374e-03
4.698496465508075585e-03
4.267884745841148131e-02
6.350936967452221584e-04
8.574767474774235010e-02
1.979377532018987071e-03
3.059036311442539513e-03
3.376210509957355572e-03
1.609544741497551945e-01
1.240411242668630620e-02
4.009327606970581465e-03
2.257048775195616679e-03
5.096323128003125503e-04
6.805842265207414504e-03
1.492033140255078416e-03
1.058827886025793807e-01
3.873234258611540221e-02
1.023187385581797275e-02
1.019587856959902790e-02
8.628453021110193575e-04
9.782380608283628570e-03
9.280137908586483112e-04
2.799188523056881425e-03
1.406622069524482606e-02
1.977290293566066615e-01
6.926995961276894917e-03
1.039407370210164092e-02
8.455410942357140247e-03
5.683525739672945325e-03
7.811216589904692101e-03
3.901947112138379192e-02
4.094765505364333924e-02
6.763050116613875118e-02
9.001095949050064854e-03
1.358626536306079546e-01
2.075365279306900981e-03
1.813976673362140048e-03
1.748871919183197154e-03
3.055946985450729621e-03
2.691692360267461046e-02
1.130158888991054100e-01
2.944132360578393531e-02
3.829731745209565275e-01
7.249399903674764480e-03
1.788621756294732912e-01
9.054402424523268211e-02
4.009637412018585839e-03
1.390392285987624571e-02
1.462132032943959381e-02
2.407162307948892965e-02
1.062483114720121948e-02
8.081647910942665880e-03
8.196966309790262861e-03
3.293094803866411253e-03
6.349934606538010576e-03
2.549917762392311243e-02
9.665760362269171235e-02
4.659988668162064196e-02
3.909749697500604082e-01
1.037400106418386175e-01
2.341844719355596627e-01
1.404231643842869005e-02
1.678314580801380101e-02
1.352789390664850197e-02
2.053638980890819948e-02
1.593988429606797361e-02
1.046375449603219841e-02
2.664346216375020754e-02
6.055630568905836716e-03
2.333953778060622250e-02
1.888676390856229917e-02
2.546796940162650985e-02
4.365221588013047382e-01
1.442734604652946007e-01
3.640772684519651831e-02
5.033595338266535490e-01
1.105137178980787338e-01
7.678751749817946948e-01
1.164281770970758467e+00
9.226333219406426811e-03
2.109607656545346710e-02
1.388477817416745863e-02
1.118325072800022309e-02
1.985165579298536070e-02
1.975924420043994115e-02
4.205092632148478560e-02
2.732130690622672567e-02
2.194940343342949296e-02
1.769776749685637862e-02
1.377756998379816092e-02
1.559315195715331274e-02
9.898264725685288271e-03
6.991632660232888208e-01
2.249085010096992243e-01
1.311651864903847109e+00
1.945864526486346807e-02
9.771780458370800393e-02
1.463507002226945887e-02
7.412653895631864109e-02
8.921312523703233159e-04
3.200484278557717659e-03
9.064478973284316151e-04
1.047024927154929135e-03
1.699816190058826670e+00
5.848972469434280397e-01
1.296681544454912460e+00
4.393439087939512988e-01
4.596378053339390118e-02
1.506403233475337000e+00
3.567356771893093192e-02
1.354076030639584705e+00
2.419850438689846728e-02
3.138269376847724335e-02
1.039441266551542967e-02
1.623477818044927884e-02
1.253334657297652983e-02
5.029597876757193123e-03
8.148881107016614500e-03
4.593963742414918124e-03
3.457107894815961702e-01
2.352475558007708356e-01
1.261542066420691666e-01
6.463564818149223346e-01
2.968610506916302128e-01
1.536634947744161650e+00
4.495528429746182830e-01
4.478034791228723832e-01
2.562082473368621979e-02
9.598319448243533558e-03
8.665545456684412701e-03
1.836460305934130288e-02
7.860868208794006412e-03
8.172409454708312940e-03
7.269543874728855160e-03
1.307074081084990194e-02
3.472111007515348013e-02
9.835799997400862527e-01
6.679111918391789082e-01
3.115973185904131332e-02
2.418024746052674425e-09
1.751039579607450826e-08
2.413688908761404128e-01
1.052454610720381600e+00
1.954717340540037829e-07
1.419988256851743005e-06
2.435095078754368481e-01
1.053064628608671782e+00
1.501977309703606909e-06
1.098536148864026283e-05
2.474405259619312791e-01
1.056382700760707172e+00
5.730151422122251384e-06
4.240983577082499064e-05
2.593211284552388585e-01
1.063007590144865011e+00
1.549775770204938897e-05
1.169306289805128627e-04
2.972889456706971356e-01
1.133498099267606030e+00
3.488931574709547956e-05
2.714797120146543018e-04
8.205812491409626430e-01
1.899832529662785485e-01
5.287997807973736321e-04
6.351182162189251967e-05
9.173581193326538763e-01
2.401344122537471815e-01
1.011326464235266440e-03
1.038589093966408981e-04
9.099207107382405457e-01
2.604883337147455014e-01
2.385311575380955323e-03
1.154687288818337680e-04
1.065058205309475259e+00
1.940728971943319059e-01
7.436818273875064325e-04
9.588147483292315879e-04
3.509751192494280359e-01
7.693817765407332532e-01
6.515995339020297849e-04
2.356028505845941985e-03
4.381830356571780882e-01
6.618950566178961603e-01
3.599070150389180496e-03
8.752646209618150088e-04
4.884545797696717706e-01
6.824598283513414465e-01
4.871405522583114461e-03
1.238227597765185605e-03
2.440126616531577697e-01
1.960731435718821691e+00
5.525974967712734935e-03
1.855273812713447486e-03
2.963386080961076183e-02
1.621228450986262892e-01
7.836107154320337250e-04
8.489015660509681383e-04
4.354517104082410248e-04
1.347396252566061131e-02
9.728381932718115988e-04
1.905174696009351992e-02
1.310122217640737052e-02
7.496266350267533074e-01
2.081267850243755102e-03
2.221762139996823204e-02
3.058228380048808731e-02
1.735229673023701791e+00
3.058055851242203090e-03
2.705611220258547639e-02
4.621906389429824430e-02
2.016248627221168821e+00
4.093883498517294703e-03
3.249021738580872704e-02
5.989101831312966528e-02
1.960007754200039809e+00
5.546638814016903798e-03
3.990890837618336906e-02
7.651355350833496938e-02
1.633808548408004713e+00
7.576254721088830288e-03
4.846753385354512361e-02
1.070593850380440887e-01
9.819769972228091781e-01
1.078958667055432419e-02
5.827058987099790338e-02
1.800852757254723380e-01
2.355294489777078892e-01
1.610897999699449981e-02
6.791707687586426290e-02
4.926039295193667122e-01
3.805785697089121566e-03
4.643197664468399523e-03
5.097341478255722844e-06
2.094089905504436014e-05
5.904181250341726154e-05
3.303906801824854351e-04
3.839718058240058386e-03
1.194023107738573274e-03
2.329065708176634303e-02
1.705538910401597358e-03
3.366225657374589952e-02
2.684568392600603527e-03
1.389241828713100313e-01
3.256450972630154077e-03
6.168893276122860286e-02
3.563267206375720936e-03
3.426577479460067854e-01
4.712858054533068490e-03
8.254893598109400155e-02
3.886395144900797044e-03
5.858083185550162497e-01
6.073528998694188892e-03
9.928364370844651454e-02
5.142617499979584145e-03
8.689899822513177385e-01
6.835642507129476714e-03
1.160245767249970528e-01
1.812107951924325257e-03
8.594304687105702723e-01
8.390846214983302409e-03
1.277554675671820905e-01
1.604281298322571443e-03
9.544114295492983624e-01
9.584797176273323130e-03
1.356833303099283239e-01
1.119008216209590057e-03
8.789301918621365006e-01
1.150291550997041730e-02
1.354634722894472176e-01
6.187946670216017825e-04
6.310726056495564729e-01
1.040779150623569183e-02
1.277589177850600444e-01
3.338459973941796570e-04
3.607086658621563857e-01
1.150321882227095180e-02
9.904997935380323304e-02
1.355313071642595636e-04
1.436023926012439944e-01
1.220040394600197323e-02
5.263981008674097767e-02
3.808759331192312041e-05
3.564604855440864362e-02
1.266333303245781132e-02
1.269547194781828724e-02
5.195037061631710286e-06
3.569259726140395182e-03
1.294447379733448464e-02
4.876800014678646681e-04
6.580456977232625353e-08
5.966175446090090235e-06
1.000000000000000072e-18
4.303935586054256074e-07
1.690708542137245630e-07
3.137878924649884090e-05
1.459835819239006405e+00
2.605232126280134755e-04
1.331642136789470248e-05
8.234188995332329718e-04
1.476022879211769778e+00
2.001967889954525334e-03
9.738214488014867369e-05
4.555132550248048445e-03
1.503428081032132546e+00
4.977646163426142911e-03
3.471278202513772629e-04
1.467082521256408978e-02
1.530274434802618488e+00
7.581483115904728495e-03
8.685383865196375560e-04
3.539146125349701411e-02
1.573391971912317722e+00
9.046968203993633467e-03
1.751990680792337362e-03
7.052831000700524045e-02
1.579973139938391835e+00
1.043117066166213136e-02
3.245309003921835554e-03
1.138157266147906133e-01
1.624991846784128002e+00
1.036532220959196157e-02
5.955841100665563471e-03
1.331750201037376069e-01
1.647861934967135733e+00
9.226253823313868702e-03
1.957445296359041492e-02
1.879251098052639457e-02
1.491570614646297477e+00
1.827868005252247102e-02
1.162102844248933059e-03
1.757491230076759781e+00
1.635117306852626795e+00
1.017249706665509894e-02
4.475913645594777925e-03
1.595637633506730158e+00
1.598487035784653454e+00
8.452334651065804283e-03
6.662721776595798874e-03
1.000000000000000072e-18
