1.000000000000000072e-18
1.000000000000000072e-18
1.000000000000000072e-18
1.000000000000000072e-18
1.000000000000000072e-18
1.000000000000000072e-18
1.000000000000000072e-18
1.000000000000000072e-18
1.000000000000000072e-18
1.000000000000000072e-18
1.000000000000000072e-18
1.000000000000000072e-18
1.000000000000000072e-18
1.000000000000000072e-18
1.000000000000000072e-18
1.000000000000000072e-18
1.000000000000000072e-18
1.000000000000000072e-18
1.000000000000000072e-18
1.000000000000000072e-18
1.000000000000000072e-18
1.000000000000000072e-18
1.000000000000000072e-18
1.000000000000000072e-18
1.000000000000000072e-18
1.000000000000000072e-18
1.000000000000000072e-18
1.000000000000000072e-18
1.000000000000000072e-18
1.000000000000000072e-18
1.000000000000000072e-18
1.000000000000000072e-18
1.264046850171575247e-02
3.267414081442875790e-02
1.433445736228743106e-02
1.661864714749546404e-02
3.109166905833417077e-05
4.112075342403186118e-02
1.356786312992490640e-01
1.030348056403491391e-09
1.000000000000000072e-18
1.000000000000000072e-18
1.000000000000000072e-18
1.000000000000000072e-18
1.000000000000000072e-18
1.000000000000000072e-18
4.235649111371419174e-15
4.347239250223064455e-02
5.647689026760102649e-02
4.306676201746752891e-02
8.797043202584928223e-02
7.466198836952619988e-02
4.886489905506567061e-02
6.182597556480489545e-15
1.000000000000000072e-18
1.000000000000000072e-18
1.000000000000000072e-18
1.000000000000000072e-18
1.000000000000000072e-18
1.000000000000000072e-18
1.134808784183626552e-10
1.785144335139868949e-02
2.230615958723285164e-02
1.137623662693709045e-05
1.548110111720879187e-02
1.747097199152709140e-02
1.067464161342372708e-01
1.807271334184796033e-02
1.000000000000000072e-18
1.000000000000000072e-18
1.000000000000000072e-18
1.000000000000000072e-18
1.000000000000000072e-18
1.000000000000000072e-18
1.000000000000000072e-18
1.000000000000000072e-18
1.000000000000000072e-18
1.000000000000000072e-18
1.000000000000000072e-18
1.000000000000000072e-18
1.000000000000000072e-18
1.000000000000000072e-18
1.000000000000000072e-18
1.000000000000000072e-18
1.000000000000000072e-18
1.000000000000000072e-18
1.000000000000000072e-18
1.000000000000000072e-18
1.000000000000000072e-18
1.000000000000000072e-18
1.000000000000000072e-18
1.000000000000000072e-18
1.000000000000000072e-18
1.000000000000000072e-18
1.000000000000000072e-18
1.000000000000000072e-18
1.000000000000000072e-18
1.000000000000000072e-18
1.000000000000000072e-18
1.000000000000000072e-18
1.566659172898846597e-01
5.394219735988926498e-03
9.122124130141620255e-03
4.974161505355722927e-03
2.476841483367479280e-01
4.672909646698910485e-02
3.797324010931909816e-03
5.140101992999731445e-02
2.095225458038627031e-01
3.955908359769930160e-03
3.791194744902695851e-03
6.470944333180219700e-03
1.421730412982003151e-02
3.797220612510126408e-03
1.724480312942986218e-02
5.550092498912940001e-03
3.922739568046010143e-03
5.680882808988240926e-03
3.060246893850638861e-01
1.165939686605069366e-02
1.135938708481348119e-02
5.192096293775831997e-03
5.395037263460705605e-03
6.946081551258711205e-03
8.715961344108619720e-06
2.761935024091778136e-03
1.105791096008712547e-03
1.862756392754946200e-01
1.739629764591876760e-04
3.848441623690544711e-04
5.150162861039116537e-10
1.781090633548999130e-02
4.958784795845101389e-08
1.597990926901391232e-03
9.905695144207806672e-04
5.573693508715934402e-04
7.358529326773723470e-04
1.160874941626424944e-03
3.058538097437566122e-04
5.659636331683591624e-04
9.883637344529317640e-05
1.440995119412301888e-09
2.872952530704803251e-03
2.914180578610955225e-02
3.649440025523897988e-04
1.574637023005647288e-04
8.221089482555156642e-04
3.065072371679543545e-04
2.765197763087718155e-02
2.609821729945833286e-04
8.858878812377691961e-04
8.635505451805956930e-04
2.473809922812592044e-02
7.673296429679083786e-04
3.023588655004491848e-03
1.735065194180269348e-03
1.255380816627017088e-02
1.537721475960575346e-03
9.044659614398900711e-04
1.463074458583297176e-03
6.019579949851406458e-03
4.079925545878743988e-03
4.853536842615947811e-02
4.451327625416811803e-03
7.164267841809917117e-03
2.405486364947313337e-03
4.262671929297616284e-03
1.568273747857542840e-03
1.516392163068691623e-02
3.652457898747949600e-02
3.358461250337084480e-03
1.520898789386340016e-02
3.172597264214295776e-01
4.682790274435515154e-03
2.349554653832766279e-02
1.103157692927923643e-02
8.462832646242667012e-03
2.347416456114238131e-03
4.714141405051721148e-03
2.538905075734590195e-03
9.206613620430435102e-03
6.328726087047570337e-03
1.296501946018986662e-02
1.419493285117312716e-02
4.605719756761902234e-02
1.852679564570836729e-04
1.170857351581145681e-03
1.236934859297572197e-03
2.351573167465668100e-03
3.818609766016902839e-04
7.891178557516955122e-04
3.600071630818890006e-02
5.070801129695691467e-03
2.044738691850279955e-02
3.364838355154058103e-02
5.166509974976665753e-02
4.915466819339823698e-03
5.054382253713584489e-03
7.908494714706800974e-03
9.554463730356154913e-03
9.665062636675875521e-03
7.215696791426514344e-03
2.063048393732573316e-01
1.207343299947176950e-02
3.071627712540108551e-02
5.106610396436304011e-05
1.405681224408150166e-02
1.225748228882367862e-02
3.170500879051554866e-02
1.068636004120914092e-02
2.204167902066531820e-02
2.421835512484667163e-02
1.044855108637643588e-02
2.087399902424519338e-02
1.019851706235637076e-02
1.179489178246423409e-02
2.342841258586625397e-02
5.469608073636628154e-02
2.012909880176419475e-02
6.281352088345795726e-02
1.596192776893454179e-02
2.237547157949098045e-02
1.792845722563778457e-02
4.303115868715580439e-02
1.153147528717843873e-01
2.903614539318886967e-02
1.576426230280190272e-02
2.055321056709687871e-02
5.503562790770891860e-02
1.595613424806234873e-02
1.940690642727271181e-02
1.567807790962535627e-02
1.506058965902383126e-02
2.151129768973992357e-02
3.660387086988513283e-02
1.739724717082112571e-02
1.728710952401803225e-02
1.792647808081010777e-02
1.837518732373496708e-02
5.539231528566874313e-02
5.020863630820029604e-06
2.186414959734046896e-06
7.509875446260547714e-07
6.522375457885687111e-06
4.634470782005806373e-03
3.769594868149245877e-04
1.058761432720805792e-02
8.744322169128259978e-06
6.437798716184352926e-03
1.564264299197191651e-03
6.601790495714993535e-05
7.278229492029830716e-03
1.721594590613420052e-03
4.413725747263446721e-03
3.481732870324157764e-02
4.612632442481270217e-02
3.230394782098984507e-02
1.333462845903536816e-02
4.419348774797679166e-03
8.822791761099641611e-03
1.197728077828669885e-02
4.342278185224772782e-03
4.700320099102035798e-02
7.836944275901074758e-03
2.394167594170490063e-02
1.856748943851158420e-02
1.985706277848649920e-02
1.697582588539807771e-02
1.778953737987311323e-02
4.864470893625066211e-02
1.762242967446218944e-02
1.738617100002072188e-02
3.114198830792544231e-04
3.150190484832156995e-02
3.735244173789586258e-02
4.159491693905212339e-04
1.280552837495830751e-02
1.096481773064644913e-04
4.105256896815639382e-04
3.035066989249686725e-04
2.906277990074015993e-02
3.310719720864292726e-02
4.863845403825459851e-02
6.160656246478516231e-04
1.948587863185644725e-02
2.863120165622884145e-03
6.070651926614071756e-03
6.714389596251502459e-03
5.902220300092600631e-03
6.002830544827210055e-03
6.334543517998439052e-03
7.739093807091773462e-03
1.077154569676103471e-02
7.390138543593843812e-02
2.441015689449859555e-02
2.115068046998342180e-02
4.315281420564649056e-02
8.486425624277859139e-03
1.170402616052861403e-02
1.113733297810233329e-02
3.299673289223857553e-02
9.763555872947776715e-03
1.138144229885079163e-02
5.440629011630930545e-02
6.009657603696315353e-02
9.904619852625919096e-02
4.859865914124881364e-02
4.098391468721105518e-02
1.007466082307717087e-01
3.876590787492410067e-02
1.129047343320687263e-01
2.480411057751963355e-02
1.930258868916902987e-02
1.937952169597915303e-02
3.830818292935209840e-02
2.094024325767866040e-02
2.900471957856198130e-02
4.810321391058781926e-02
2.812901995265134486e-02
2.828787532237072092e-02
2.342100353533440801e-02
4.398240240614300495e-02
5.424145879324628050e-02
3.283196350653639489e-02
1.135878711924177310e-02
1.428213733586791018e-02
1.943165474912340526e-02
9.794134169066191081e-03
1.850054343523975173e-02
4.983447390707661055e-05
1.029086887193286087e-02
1.999210738028407014e-02
2.975165470231743185e-05
2.058723191291919141e-04
2.152980121781798359e-02
3.012263953824107773e-05
8.191198531298249375e-02
5.516777904091834629e-07
8.352544122085724219e-07
2.288744984837787818e-03
1.164805292292315705e-02
5.377512241666420473e-02
2.448216401488300417e-04
4.023765107482872583e-02
5.408271618700288830e-02
6.392023950918383768e-02
3.054313591513549767e-02
9.270223581788843842e-03
5.563937125032462905e-02
3.623831476185675193e-02
7.610408698966603103e-02
3.919147023551611958e-02
2.523379653936817530e-03
3.913587706790080077e-03
3.642169627099573890e-06
1.585192074669076990e-04
3.255587296848846263e-02
2.050821423870905630e-02
5.544512453440921668e-02
1.290305551438464607e-02
2.208776276290472587e-02
7.893967117777651865e-02
3.218945560722907134e-02
5.813889121833235724e-02
3.572100687336735025e-02
1.778917590268814033e-02
3.377293311892935745e-02
3.825709692938856349e-02
3.174260097366558321e-03
4.028618933765211463e-02
6.243803004376147908e-03
1.651498074679719555e-02
2.485978232107667520e-03
8.293414204878966450e-06
2.491348122776693326e-03
4.257546156929115089e-02
4.300411021783405452e-02
3.535859077978053405e-02
4.312452329012465141e-02
2.330569076394401612e-02
1.682574571151211965e-02
2.670561428547702301e-02
1.611004018463542409e-02
1.483711653004510418e-02
1.441618778962774905e-01
6.052608843344564615e-02
9.369154612093787138e-02
7.048881889805089229e-02
2.469368266292547298e-02
3.017959812666416372e-02
5.612432732780369901e-03
2.121179606119065475e-03
5.409438462278441141e-03
9.829450458112298089e-03
5.440363731278977620e-03
7.590785404802476329e-03
3.098228213489387720e-02
3.076659285761336460e-02
3.352198614851543274e-02
3.994181272393359378e-02
6.754965550791787454e-02
1.321905171747557728e-01
1.246496623839934009e-01
9.951550394578340120e-02
7.746394791002901570e-02
6.201444593048022896e-02
7.015639055935227186e-02
5.812926268826076881e-02
6.911246379562416275e-02
5.885465340355348213e-02
6.633578984670449041e-02
7.289526007840178845e-02
1.052649503928171359e-01
7.926408079335660328e-02
5.912678135859687073e-02
1.053021708553396052e-01
1.023962843605628059e-01
7.172250381815392650e-02
8.520390687423022580e-02
1.062196726549900910e-01
4.775617635987893655e-02
6.063824025382869715e-02
4.670540726437870382e-02
4.946765596307036578e-02
6.419900580889485731e-02
7.698006838537455043e-02
9.497599566241154978e-02
9.063217079527868814e-02
1.143776024590288931e-01
8.540047156212744739e-02
1.078753724532488661e-01
1.226323135521322077e-01
1.742419170449178295e-02
1.706842360508407930e-02
4.055938318728054964e-02
1.620160992947846865e-02
3.010755092441591563e-02
4.520278672377758128e-02
2.929378197807366857e-02
3.482464228427711167e-02
2.123144254146410587e-02
6.074779417014274444e-03
1.039783920861817035e-02
7.021936448278483234e-02
5.871576966847293945e-03
8.746021917785711669e-03
8.972278334595035210e-02
1.330802350301177502e-02
5.590851791830286910e-02
9.404175754205816584e-02
1.474373993503460267e-01
9.392653865882844011e-02
3.495609248508695782e-02
3.686283997384349337e-02
8.835066969818410054e-02
6.785777438263189409e-02
4.733326433130127103e-02
4.278205298832670617e-02
5.111479463823202091e-02
4.108406654673500691e-02
6.693535698988803406e-02
6.323211763210595526e-02
7.639297917548601435e-02
6.837208503344523181e-02
5.266354262115528762e-02
5.535756335264442607e-02
7.223433796025366394e-02
5.402723672333941546e-02
6.564070581309101871e-02
3.778242692774336914e-02
4.496082638825747019e-02
3.810965827347214535e-02
5.251566245897555663e-02
9.973212032996754683e-02
1.213650672549139165e-01
5.987441817407645334e-02
1.542070602496790066e-01
5.119821988485914049e-02
7.175306661076721881e-02
9.858257176528079091e-02
3.981915684826684010e-02
2.390454304373686514e-02
5.565143652047793710e-02
1.018467157000896295e-01
1.947204943284220474e-02
1.374017577821968518e-02
1.344160890157444430e-02
1.074650054671297955e-02
5.768541637460444099e-02
1.071658927355490232e-01
5.511841249750713823e-02
9.536022264746617239e-02
1.657974004826948816e-02
3.389538863732597523e-02
5.393292851312135594e-02
1.997604943842900063e-02
1.413246453427125793e-01
7.009511472977746072e-02
7.649671113120115606e-02
5.409170842256202233e-02
6.652057125266840065e-02
2.450636195205513693e-02
1.823561443271352542e-02
2.102205180911625310e-02
3.139789254752529957e-02
2.417407716229213327e-02
1.497337966901390593e-01
1.691594166305409042e-01
1.182250004319379197e-02
1.870511978091087685e-02
6.747067583880862751e-02
3.222639238319784799e-02
1.384853843562866560e-01
1.166860633456488772e-01
4.370169427812090751e-02
2.683527680741689889e-02
1.456754153426571552e-01
3.776554578489035863e-02
2.416920247133128030e-02
5.866553930463106609e-02
3.315955294971736217e-02
3.208909638998519442e-02
1.787513532413553818e-02
2.470390052976622480e-02
7.628512107462565028e-02
1.437290076121265810e-02
1.844653290103736784e-02
2.487192190417173571e-02
5.160375395486875961e-12
3.629994334737747658e-07
8.687900754108252468e-09
2.532972773571707905e-09
4.497586985366082489e-04
4.693419535353528110e-08
7.738893422325513697e-04
5.596292759702697125e-04
2.089092092111004989e-04
8.320323639354335281e-11
1.731977112015439300e-11
1.795726597258937929e-03
1.628882713481911472e-03
1.866804814628977459e-03
2.251271175846845441e-04
1.885806938717324863e-03
7.911547039663224855e-04
1.049549755980504954e-08
1.062001514889324453e-03
6.127356966728190373e-04
7.625825172548255987e-04
1.053789500265313458e-07
4.872115649765346938e-05
1.222182028034698520e-03
1.244283480648963815e-07
5.091933410772097853e-04
3.387596598728512306e-07
1.390691729692090338e-06
7.341091061024542842e-05
9.320156879339361322e-03
3.417568099465593395e-02
1.847022645132568794e-02
4.484005715072475794e-06
1.362682231662815940e-05
5.866157955677294995e-04
2.593911679157241256e-03
8.332822807148747074e-04
1.322004053488473033e-04
4.313485848169792969e-02
5.371091629864857683e-04
1.381813650571994461e-03
1.981732936140116752e-03
8.933072751026258779e-03
6.102180517976199536e-02
2.816933061644525879e-02
1.259447535361266947e-03
6.590248693792420155e-03
1.835652460487202957e-03
1.765260079934367985e-03
8.335917851705958127e-04
1.190982427309983773e-03
1.187565194309059529e-03
1.448521712314026046e-03
5.465245729172142674e-04
4.568436123263097150e-03
1.599240785113195847e-03
8.046432243697332343e-03
1.425895096775883601e-02
2.150987785853617461e-03
1.571636225143376725e-02
2.721613361134015818e-03
1.930450584712073772e-02
1.743088031371752911e-03
5.439413003414924307e-03
3.115512039371772738e-03
5.758628941310021954e-02
1.739092414675155350e-03
2.680002902036246817e-03
2.216321610752364311e-03
1.263296569392186042e-02
1.837157361346541951e-03
4.671602161697058046e-03
4.904959844715808120e-03
1.030284115414489485e-02
4.488467435895605526e-03
7.645267743269926371e-03
2.114035291036938172e-02
1.313404150983767983e-02
4.140827022927481664e-03
7.195314406307154118e-03
4.767758290219613337e-02
8.119335999737848156e-03
9.427894840963828987e-03
6.664071284269068932e-03
6.969821065791907688e-03
5.701191118133649982e-03
8.476279523306635630e-03
5.769618291916458683e-03
7.182983602921887319e-03
1.610159368608752792e-02
5.173400098556991435e-03
2.413713404950284299e-03
2.194507685853432696e-03
9.287101438897948230e-03
7.363873124124606373e-02
3.307713640755527082e-03
3.944700233770545225e-03
1.148315098779513661e-02
4.842942433468722108e-02
4.238130845807870466e-03
1.203942414529047232e-02
5.140536346506924953e-03
3.892633474035547131e-02
5.280209502762993681e-03
3.106164542726566960e-02
3.025467287580624245e-03
5.850545756968136141e-03
7.445798658973533379e-02
3.233821204560374286e-03
3.509135529270974736e-03
1.188512896881467606e-02
2.019623926308459702e-02
4.616222586248062282e-02
3.858453995018905347e-02
1.477476684708366010e-02
7.590219647222775853e-03
4.996718033710650930e-02
8.893480086559735556e-03
7.546977545070361962e-03
1.085638071823255557e-02
7.028795429115594628e-03
7.278810380343575352e-03
1.515079630077082774e-02
8.509311253994926438e-02
6.450939873901020971e-02
8.258466221240015614e-02
1.847804634827572914e-02
7.065063184332511827e-03
8.284380727356889171e-03
3.375767556259874624e-02
9.597226461684140938e-03
3.905480427361450457e-02
4.584537496249500854e-02
7.755127021715760294e-02
5.519553630029037233e-02
1.184961429667680775e-02
1.006585141295204865e-03
9.772838085818507411e-05
3.513078010487969858e-04
1.731484547656701387e-04
1.824041250727777980e-02
3.931594882578525732e-04
1.296206665845482697e-04
1.065093901547670141e-02
4.743266540897845066e-03
8.098059977986769159e-03
1.525848281741932870e-02
8.177327456500094530e-03
1.808433338206853411e-02
9.250702074146563425e-03
1.915005933141998226e-02
1.937026108860637891e-02
2.218516836958913871e-02
1.028298078500305447e-02
8.321989782403149336e-03
6.178436415499665574e-02
1.942507027264234534e-02
1.601846597939308656e-02
1.642297539145681426e-02
1.349421678314721880e-02
2.689608572807107231e-02
1.946956461372039218e-02
1.783956230448261251e-02
1.999227735934362357e-02
2.316503074630618664e-02
2.197343366059925293e-02
9.407046915043383584e-03
9.999985698363066458e-03
2.538924255115132880e-02
2.174115291036829087e-02
1.618692943151711638e-02
2.437536824957967432e-02
1.533183061059459514e-02
1.541923121844216739e-02
1.566342880530643272e-02
2.419495938966371648e-02
1.590607227833374174e-02
1.773986714287849320e-02
1.451072234687737599e-02
1.861523564585186932e-02
2.310613476280702627e-02
3.441554955266196147e-02
2.227477337017300801e-02
1.763445588657097662e-02
4.386843211642435514e-02
9.572433117046518294e-03
1.910705730682030548e-02
1.613305406030764513e-02
1.356829754809022598e-02
3.392075108301125658e-02
3.969976399844615811e-02
1.095770850292280933e-02
1.510444425896429084e-02
1.025908749192465039e-02
9.951294842817313621e-03
1.963727624187782198e-02
1.324927693493032493e-02
1.016451723995095025e-03
4.746191026845841821e-03
9.975528865256084662e-03
1.163866681606418041e-02
1.282700009461286428e-02
1.275503033342384809e-02
1.166431037847149264e-02
9.837523527424453865e-03
2.482231049371263001e-02
7.480731427403736547e-03
1.184961242586792841e-02
1.087832011041773347e-03
8.455396286184270298e-04
4.567209915216435216e-04
4.154038623668191289e-04
4.150058589069057641e-02
5.505523806373735507e-02
2.300489485784078594e-02
1.519529197467517703e-02
3.434732460214418720e-02
4.242409069566727142e-02
2.250865695897357258e-02
2.100222281556880441e-02
1.582991308507783815e-02
2.512421666692267117e-02
1.812601063589398473e-02
1.477764098943375008e-02
1.517625768995422078e-02
1.624464544496466781e-02
3.491229854175016689e-02
4.847238894065568349e-02
1.323452557193178364e-02
2.237556891534805970e-03
4.060696877822326904e-03
1.310187998798767418e-03
2.953304276247024733e-03
1.576407774797061387e-02
1.352288052011624622e-02
1.359157237191944978e-02
1.266963664724852015e-02
1.300328558864506830e-02
1.790807766730703743e-02
1.319322388147859196e-02
2.767829397639643210e-02
2.125825477000404737e-02
1.454258718717189869e-02
1.356867844858640482e-02
1.828577194849370646e-02
1.888349867712907706e-02
1.583526629731078425e-02
1.709672450048656603e-02
9.174604373026818901e-03
8.962770066740621822e-03
8.132780985507358923e-03
1.702392505885149537e-02
1.650269981075685316e-02
1.875896706758065774e-02
2.992317692654105493e-02
2.040050257385484650e-02
8.352797133676252705e-02
3.620239247533621474e-02
1.760389428429953371e-02
7.310786403918449750e-02
1.997127720056071642e-02
2.979305155202710206e-02
1.676251568022026767e-02
5.563038446420776745e-02
2.393619976029283392e-02
1.619589863613319497e-02
4.997988740445302724e-02
6.252707104413862682e-02
2.464404126335396211e-02
1.729463654958682262e-02
2.639247617526017942e-02
3.152512542389163813e-02
1.753972053862416780e-02
1.818890223332893241e-02
4.738183880864617337e-02
3.864640957512326808e-02
1.667856386528547216e-02
2.233812853669550277e-02
2.733300612837881449e-02
3.347213940429759338e-02
3.255375908272070684e-02
1.543279472317551047e-02
1.661465893209959979e-02
6.093005083775088898e-02
6.635063205120463048e-02
2.335212991467082444e-02
3.120020270788103137e-02
3.648598503100031198e-02
3.848484368322383636e-02
5.546879854200098547e-02
6.631605361846949764e-02
9.796453614593100476e-03
3.408053715574210774e-02
2.036315065746067618e-02
6.979989893068522244e-02
4.423956485709564651e-02
3.261549721062081270e-02
2.022562999483018195e-02
1.007526033390839263e-03
1.818444039242933866e-02
3.440568232270907467e-02
1.657494396985646073e-02
2.076351664256663454e-02
6.789072422792691297e-02
1.166506294214050788e-03
6.143278113611065985e-05
2.795966738710012854e-03
6.098571433783521586e-04
1.844818265173556095e-03
6.508950929268220859e-03
6.494643974564145560e-04
5.871081979038680204e-04
7.447710123672626747e-02
8.536342604751982754e-02
9.573039112372505599e-02
7.428813598345559988e-02
1.937087288701431695e-02
2.832828925807132081e-02
1.579507656281888342e-02
2.889103234945111440e-02
1.285313067892801531e-01
1.037611962435321111e-01
9.849438434349497284e-02
1.178871304800309799e-01
4.196013315840205898e-02
7.170072297486834723e-02
2.522810895184707941e-02
1.969493751637041087e-02
5.569227957164567255e-02
6.863578165062475533e-02
5.365014213411749971e-02
4.241091296907982533e-02
3.086212962806821752e-02
2.090785612270385646e-02
2.021724798030542433e-02
3.102629859010540281e-02
5.499303080018662360e-02
5.469860111054521828e-02
5.499867860258997321e-02
6.043930180562560872e-02
4.028694270347795564e-03
3.340142750811867477e-03
1.826378573122002663e-02
2.654408287565796290e-03
3.796401924465201555e-02
1.368207540398921895e-02
3.495021429531527946e-02
2.358521849954553148e-02
1.004941234222028951e-04
1.387773895557884547e-05
6.839460081623353373e-04
8.765495886431494551e-06
2.791115685906541549e-02
1.325297539435592309e-02
1.315667210278323451e-02
4.479790625330562492e-02
5.871647503410667990e-02
4.526044485873726569e-02
2.679511525334909300e-02
6.984852390457527149e-02
3.965186193145819188e-02
1.704424432212660601e-01
5.422624768183472582e-03
1.511997716599351553e-02
7.934541884110666438e-03
5.839627268183050432e-03
5.214267008238689972e-03
2.518549861480187668e-03
1.000000000000000072e-18
1.000000000000000072e-18
1.000000000000000072e-18
1.000000000000000072e-18
4.583657931181686976e-03
1.674102623038620785e-01
3.773418996201864661e-03
1.670888934845270180e-01
2.425886668669545877e-03
1.810296880501113537e-01
1.053554090413322760e-05
1.886199354569707831e-01
9.487356683463834747e-05
1.887326329642791123e-01
2.638751271729983727e-04
1.891406037972736265e-01
5.185908541931717958e-04
8.611669661153596028e-04
1.952148964761189487e-01
1.330687891516376883e-03
1.701080083183809655e-01
1.822180349745293557e-03
3.861329778552799637e-03
1.772379859265358348e-01
2.518242209375534234e-03
9.379198195888487771e-04
2.826681887804998947e-02
4.822078882101927567e-03
1.665749052525549168e-01
5.125036463507669227e-03
8.593891186182436859e-03
1.375387885182346309e-02
4.593705871062710860e-02
1.429797646787202628e-02
1.564598706225869482e-02
7.088705928786245836e-02
1.727024904338514757e-02
6.917924397864202990e-02
1.965664036651013080e-02
1.783759135040416291e-04
1.018092200929109070e-01
1.588456157045068599e-03
1.024861754763623511e-01
4.324263492582866054e-03
1.036677072720376125e-01
6.166887741552831703e-02
2.272106673911340399e-02
4.581286311058889969e-03
4.986410808366664336e-04
2.346805210775941824e-03
1.966825208256205854e-02
6.835450301289058665e-03
8.128418102058330985e-02
8.242232606680052059e-03
1.050243023832200528e-01
1.121954640981097651e-01
1.071742416223777083e-01
1.920989865231020888e-02
2.636018185813417472e-02
1.090434256471052715e-01
1.022561815082949008e-02
5.038945151365724611e-04
4.447106041011639546e-03
1.293820994822106796e-04
1.117500301984062847e-02
2.126175641292422230e-02
3.669784516430940613e-02
9.670808032098050268e-04
2.838946256930168291e-02
1.504377091628984198e-01
2.856760857160573625e-02
3.244773394228101654e-02
3.720280483433251184e-03
4.324006890086679739e-02
1.533294352603272424e-02
1.201348557621772506e-01
4.115621766991850103e-03
1.336708355757778958e-02
3.166396498819959437e-02
1.243165608069084216e-01
8.270258578031010332e-02
5.743314466812749625e-02
9.758626821198101986e-02
1.297050049912963354e-01
4.977247749794645043e-02
6.111959135334604082e-02
1.051947099932882823e-01
1.248322765358418976e-02
3.014829907970825382e-02
7.566192227549409233e-03
2.990441669728323773e-02
1.612328193737333215e-01
6.188304364877632302e-02
4.338716752447609182e-02
5.314415256047558961e-02
5.748944644943659865e-02
3.962678453250866040e-02
1.321878049347517958e-01
1.161351766202449731e-01
1.116345126541967991e-01
1.050827371336532368e-02
6.010989848057360363e-02
1.596652615710720050e-02
1.282649186055974388e-01
1.803950586819088805e-02
1.136518188247755967e-01
5.284522606021731933e-02
1.259355950093388743e-01
1.023914804403355805e-01
1.531739955123185594e-02
1.301736256318426072e-02
1.516992914006884054e-05
5.915292278053085190e-02
1.361253488755729505e-04
5.922574017626216353e-02
3.758189221375272384e-04
5.937365120465794982e-02
5.836393911832132636e-05
3.414140423035987720e-02
5.187759414408213161e-04
7.295924043183686517e-04
1.723881174717317678e-03
6.126573270468353011e-02
1.188518004823814695e-03
3.413600235339182831e-02
1.405782875267118500e-03
3.410050999334390126e-02
5.572317325938311305e-02
2.358605275456788618e-03
3.393224561818165841e-02
4.177604074920206016e-03
3.344594423967237745e-02
5.790125178850946339e-03
5.836912587181982554e-02
5.979102038084616044e-02
2.956366789147373518e-03
3.029178654192262853e-03
5.893526440969023422e-02
4.819915161304833690e-02
3.483869835945216376e-02
7.699440351997151148e-03
6.276367139788435745e-02
6.844282748766199360e-03
7.641209998286171978e-03
6.422937350123103517e-02
7.030793344319234608e-04
6.756879597456677371e-03
8.471215099660950321e-03
2.032822624193500807e-02
7.497245979271022383e-03
1.312240508557368894e-02
2.686197307227241107e-02
9.866504279712771941e-03
2.706095786843058099e-02
1.682500335495532365e-02
1.469666601434652629e-02
3.209787266880807788e-02
3.267363702994412200e-02
3.358827480369849100e-02
9.211995724443314965e-03
6.321980782812471056e-02
8.345523858123472111e-03
6.669652692950632511e-02
7.185640145672410632e-04
1.659916163437724287e-02
3.237401591885198660e-02
1.594735748411053866e-02
3.587345754606652282e-02
5.532750543711972488e-03
1.468795568708774514e-02
1.337956364253714038e-02
2.536200162538610609e-02
1.494275039433094754e-02
6.057891236474949315e-02
4.014211293344805559e-02
1.554456341108190198e-02
1.699064085777728800e-02
1.725024753911225464e-02
4.127715625121278209e-02
3.743633453068272859e-02
1.031363427157100734e-02
2.692631751729738718e-02
1.109501365198125450e-01
8.158080572874926162e-03
3.862805044073185784e-02
2.200211788268626595e-02
1.743232244855045035e-02
3.223226253968437035e-03
1.896996182047057111e-01
7.182714982487456434e-02
1.320518163655897380e-02
1.055433409308638992e-01
4.922721434094469439e-02
6.461624735500527683e-02
2.999566530000812720e-02
4.540115782432566777e-02
2.655548856435780997e-03
1.364107873730797602e-02
5.895596345991680121e-05
7.674901666909832165e-02
6.463207843823898235e-02
1.902470175406652531e-01
1.765408189336217792e-01
1.000000000000000072e-18
