1.000000000000000072e-18
1.000000000000000072e-18
1.000000000000000072e-18
1.000000000000000072e-18
1.000000000000000072e-18
1.000000000000000072e-18
1.000000000000000072e-18
1.000000000000000072e-18
1.000000000000000072e-18
1.000000000000000072e-18
1.000000000000000072e-18
1.000000000000000072e-18
1.000000000000000072e-18
1.000000000000000072e-18
1.000000000000000072e-18
1.000000000000000072e-18
1.000000000000000072e-18
1.000000000000000072e-18
1.000000000000000072e-18
1.000000000000000072e-18
1.000000000000000072e-18
1.000000000000000072e-18
1.000000000000000072e-18
1.000000000000000072e-18
1.000000000000000072e-18
1.000000000000000072e-18
1.000000000000000072e-18
1.000000000000000072e-18
1.000000000000000072e-18
1.000000000000000072e-18
1.000000000000000072e-18
1.000000000000000072e-18
1.511829117615908109e-02
1.527042477376288621e-01
8.021195383564615200e-02
2.075587364919282210e-02
1.285451797092957979e-05
1.375208665307501021e-01
1.260896111590730784e-01
2.768568296694484488e-10
1.000000000000000072e-18
1.000000000000000072e-18
1.000000000000000072e-18
1.000000000000000072e-18
1.000000000000000072e-18
1.000000000000000072e-18
2.809673932875538259e-15
1.565360531503576513e-01
2.181411223800930055e-01
1.790868033173344531e-01
3.369838732199385567e-01
5.362324919508441035e-01
6.819662199642069211e-01
7.402922734550567305e-15
1.000000000000000072e-18
1.000000000000000072e-18
1.000000000000000072e-18
1.000000000000000072e-18
1.000000000000000072e-18
1.000000000000000072e-18
1.777619687934991498e-10
3.335972762573650302e-02
9.391113716793451915e-02
7.972012043977074044e-04
4.123001099446343964e-02
3.253505647473848850e-01
1.135809254986869660e-01
2.180073339840088997e-01
1.000000000000000072e-18
1.000000000000000072e-18
1.000000000000000072e-18
1.000000000000000072e-18
1.000000000000000072e-18
1.000000000000000072e-18
1.000000000000000072e-18
1.000000000000000072e-18
1.000000000000000072e-18
1.000000000000000072e-18
1.000000000000000072e-18
1.000000000000000072e-18
1.000000000000000072e-18
1.000000000000000072e-18
1.000000000000000072e-18
1.000000000000000072e-18
1.000000000000000072e-18
1.000000000000000072e-18
1.000000000000000072e-18
1.000000000000000072e-18
1.000000000000000072e-18
1.000000000000000072e-18
1.000000000000000072e-18
1.000000000000000072e-18
1.000000000000000072e-18
1.000000000000000072e-18
1.000000000000000072e-18
1.000000000000000072e-18
1.000000000000000072e-18
1.000000000000000072e-18
1.000000000000000072e-18
1.000000000000000072e-18
2.316572024567482568e-01
2.622827377095343082e-01
1.970354218966225909e-02
1.904739029256981298e-01
3.822030289609460452e-01
7.974866003883648857e-02
3.358767595903699305e-02
8.407738461268515762e-02
3.751854000761394303e-01
2.345881468273004061e-02
5.742907059441483553e-02
1.018716771290889556e-01
4.626556663081447807e-02
6.006850020846646321e-02
4.815686102921151734e-02
1.462678435990764914e-02
6.940914521745442274e-03
7.898120206020316919e-03
3.823550827269444619e-01
4.569033892273883374e-02
6.440201174474931289e-02
1.378153850688831547e-02
7.691580856135280669e-03
1.120898087530996373e-01
8.318678098289648967e-05
2.572312781746644017e-02
2.922603523425750839e-03
2.666059750983967858e-01
8.215433783165005137e-04
1.660075961636250236e-03
1.827732551316313231e-09
2.077950886251038812e-02
2.477320388763258248e-07
2.795860792681589910e-03
6.947717533821143321e-02
3.268812774374232552e-03
7.080170004977985598e-02
2.508836664131915660e-03
5.028591389922749261e-03
1.835293479159023433e-03
1.067722892591332776e-03
5.483660901628784740e-09
4.538497684849243999e-03
4.974468985873974070e-02
1.212093927244250156e-03
3.022590316112063087e-03
2.772881189753609137e-03
1.681356694275670544e-03
3.406956939737031120e-02
2.198534722446718152e-03
5.967670226573235440e-03
7.236125052607277411e-03
3.011309198633339498e-02
4.019223286270162676e-02
3.706183617768451372e-02
5.813536639257750258e-03
3.600105591342595696e-02
4.055755334656845068e-03
7.341459263155727943e-02
1.193977219967538861e-01
9.555419652292736210e-03
6.605533057887677528e-03
7.499274306725819961e-02
8.112620474149982372e-03
3.401501328324021273e-02
1.738993913869590346e-01
6.758039860014134967e-03
6.459910593089571162e-02
2.097377905087634622e-02
6.236900760509651864e-02
1.016630994759503380e-02
3.834406224187367207e-02
3.280032192228002352e-01
2.403588605963483671e-01
3.431135574540478128e-02
4.147648820229236921e-02
1.296163142399271023e-02
1.685739710009087899e-01
4.817438331372526916e-02
2.103133416819430793e-02
4.221231292111512351e-02
5.101119777596301724e-02
4.195993266248355946e-02
4.262360443374194063e-02
8.465222497414581770e-02
5.920336948292338102e-04
2.518382716235892035e-02
2.509742957812596126e-02
3.189806018079409389e-02
1.080248999571984010e-02
2.969284254561989703e-02
1.120870610470053735e-01
1.065361862967659501e-01
8.692400744466338702e-02
1.575846179153803372e-01
8.598527173503611731e-02
3.813145691371994800e-02
3.405599647862886381e-02
1.861129266387581416e-01
1.316668561424069739e-01
1.294617458094338425e-01
2.272829268501557615e-02
2.621535556591165772e-01
1.009930664374833059e-01
9.550273626076797792e-03
5.553766168496602893e-05
8.081039056358962913e-02
4.527900462130803327e-01
9.616970595673301342e-03
1.721968223960953503e-01
1.337999723162960203e-02
5.870658985959061743e-02
2.315605700042321774e-02
4.961926538566690387e-02
5.547376931963420021e-02
2.703878310249321557e-02
2.857252633313242182e-02
6.541125194731728376e-02
4.663636703881418599e-02
2.479560534828025714e-02
9.766960603784892447e-02
3.894494116807951239e-02
4.622606921857896900e-02
2.976005885568639223e-02
5.480186700879478151e-02
7.350405893428252346e-02
5.362573397365617139e-02
4.789308595756443937e-02
3.475149631003448397e-02
2.194309613325924058e-01
4.983633897968438309e-02
8.209038489371529856e-02
1.290618627681620612e-01
5.131949673499183739e-02
3.868708983427144449e-02
5.517676426390689948e-02
6.520964608340512614e-02
2.346296712900229897e-01
1.897758583529385035e-01
3.705839848025841571e-02
1.929039445753589964e-05
7.484390124617786060e-06
2.249652014352772736e-06
2.605803436074040201e-05
3.018648737261750425e-01
4.449003384193448742e-03
2.657579320625366726e-02
3.656807603893284022e-05
2.329260529469743754e-02
1.286083299679427992e-02
4.123621695599373731e-04
2.429698047165524538e-02
8.862131170423503956e-03
4.959117850012961098e-02
1.943900072803635137e-01
2.197022753013316287e-01
1.901902927275591626e-01
3.668657668789609971e-02
5.009721802657299966e-02
2.685890959678806714e-02
3.508111661734474307e-01
4.229972867465963543e-02
2.341565068305654085e-01
4.371403269762091370e-01
6.042602814650988030e-02
5.235961753255147927e-02
4.989836687900171819e-02
7.305335486615031904e-02
2.804413203075111216e-01
3.778140028167284448e-02
2.316387615487728313e-01
5.258070617392916757e-02
5.479146429266693947e-05
1.135364591256028399e-01
5.521456368357074290e-02
9.550340746676742290e-05
1.358762108137882285e-01
9.799866742160788188e-05
1.297068287892761893e-03
6.540685169958304233e-04
4.035096330087274002e-02
4.157813730361857585e-02
4.604250420150052953e-02
3.881750066490076249e-03
1.994915005009982589e-01
4.675085154791817910e-02
8.209703621740135904e-02
6.417670134753523936e-02
8.488282411163580732e-02
8.303063150189447794e-02
7.307650354958493411e-02
5.106178579761191938e-02
1.074824577653840513e-01
9.504784803604029997e-02
9.243196716517414202e-02
9.620108714141792361e-02
1.547523085148587718e-01
5.745149857291748791e-02
4.379359129047200039e-02
4.362113246304988312e-02
1.077965791738962342e-01
3.079928893516966637e-01
5.120591447718235711e-01
2.166837384099299380e-01
3.704417533791514727e-01
4.696434643812306686e-01
4.101163384247869526e-01
4.929852341525003401e-01
4.751159787369095278e-01
1.358189158250301398e-01
6.597845134107216403e-01
4.175579336895330895e-01
3.415804905120594093e-01
3.581346338005047536e-01
1.342040794396424930e-01
1.212925854951215077e-01
7.319489252650903666e-01
1.753857656142147614e-01
1.666508283792635936e-01
1.645940804379060762e-01
6.969660773711312540e-01
3.300324706724981905e-01
2.024082059850386417e-01
4.256090949355373909e-01
1.130219788834691819e-01
1.514294340733694788e-01
9.879203505105085825e-02
9.820785912106901050e-02
1.356650594117126962e-01
1.319101818175706479e-03
1.064864364077679204e-01
1.441269818371929134e-01
9.746173737373001102e-04
3.134972081276668748e-03
1.533909544830302507e-01
9.816603213263297781e-04
1.467612471861950152e-01
7.908734442850155090e-07
1.411703129721982710e-06
1.455313530746062990e-02
1.069292340367219429e-01
7.488425521528970785e-01
3.495808330134164352e-03
3.113612742380074128e-01
5.030556976579139139e-01
7.837374104979522027e-01
6.171528331472716511e-01
2.462459625902557458e-01
2.152623085306637485e-01
3.083252873882929013e-01
3.193519783043967109e-01
7.816366694552636663e-01
8.743564961972115357e-02
9.030276678276638255e-03
1.274926908266522868e-05
3.394257597583190747e-03
6.250993961523164666e-01
1.471767969201653592e-01
5.279507989881316865e-01
1.101325736295689639e-01
1.256172940155115825e-01
1.649398067145074476e-01
1.250806594098298197e-01
1.185048318979232268e-01
3.190446352417986020e-02
1.280474674202660701e-01
5.975106329655344162e-01
3.838191928364015348e-02
1.859393020736956892e-01
7.073341926228955689e-02
1.175661002378013825e-02
1.949711689593355141e-02
1.115191496209276024e-02
5.159354063840927717e-05
9.321855095959326321e-02
2.701361712218136937e-02
6.356343302221920677e-01
3.276917904258379588e-01
6.760349101914268077e-01
4.115244041574797618e-01
4.636788407653464478e-02
6.311037272990619451e-01
4.813548064320653103e-02
6.162120888093949173e-02
7.408676897379860016e-01
3.750516543763275923e-01
3.877690716467451226e-01
2.624582782033514916e-01
1.138284273189957840e-01
1.391401368607262379e-01
1.230416075414589028e-01
3.574135451524321910e-02
6.682783002156784946e-02
3.113268995860807298e-02
7.713787628924304030e-02
9.880220733686126411e-02
3.066994222776445733e-01
3.508701103806943777e-01
2.110703382412362494e-01
1.791292640829741656e-01
4.492615873113621205e-01
6.556526183355889659e-01
5.663466766470762748e-01
4.090258050502873499e-01
7.161699312404854467e-01
6.401511067761641582e-01
6.793359951691062548e-01
7.706749424115608704e-01
8.505275056220001906e-01
7.845151141761999014e-01
5.842811637018228144e-01
6.086755503845517890e-01
8.517834831942289187e-01
6.407624443717978568e-01
7.854678575051676770e-01
8.442267378393941701e-01
4.578642891648130320e-01
4.774081714806710508e-01
4.372703775635460310e-01
4.696915501652876856e-01
4.243061559662746340e-01
2.788089689680023353e-01
5.484916747202148724e-01
8.266677017174424158e-01
5.623911582429121925e-01
5.773828008962881286e-01
6.581066703099212045e-01
6.352707107842295864e-01
9.185312726307410802e-01
8.937097302023615519e-01
9.142734947969670678e-01
8.639498722733616187e-01
1.199464457563793607e-01
1.191175386167251521e-01
2.094805226250862351e-01
1.167617456529740638e-01
1.458906714727231657e-01
1.021075718932760584e-01
1.114326679469719306e-01
2.695245025275410655e-01
7.493706177622794229e-02
2.239182969322346672e-02
5.085956056259201968e-02
5.304757784663178405e-02
2.376857093712944624e-02
2.623717535105563742e-02
1.413057454197549634e-01
1.581315872101902997e-01
1.652892140771156093e-01
8.683175311464812474e-01
7.713474083313464069e-01
3.658971221825191855e-01
2.727852593602930753e-01
3.194391263839004846e-01
6.937186887352903009e-01
7.553866000343574250e-01
5.560195731815128495e-01
5.819497359023892979e-01
5.500554345228542141e-01
6.085221642156544153e-01
8.023358588407987213e-01
8.104421081101480517e-01
7.104520623292183146e-01
7.683487240847299837e-01
6.520858642890109413e-01
5.574640440532396823e-01
5.630022839717687688e-01
7.596213439328062256e-01
2.553180627174250761e-01
4.336631562483714286e-01
2.402808430089704572e-01
6.269679257370028846e-01
7.203106243833264921e-01
5.379659846576075877e-01
5.026175246177696510e-01
6.112160423611990856e-01
8.954697599888703508e-01
5.930595826896857270e-01
4.404684812739455002e-01
4.823119424046916071e-01
2.106949875597215749e-01
1.298103560389163302e-01
1.876905568791601975e-01
1.302082283463160961e-01
9.032056479066082055e-02
5.654175757942610930e-02
1.546550167240435814e-01
2.106515005076720071e-01
8.054857228496377086e-01
6.852707795311366867e-01
7.104280451580482492e-01
6.191823889571136386e-01
1.356996202298255683e-01
2.218631626625263975e-01
1.554184023657325109e-01
1.906448948408883959e-01
6.513647226384701172e-01
5.016329432006022548e-01
4.946597015539455078e-01
5.969093878334092995e-01
1.087398753195248646e-01
2.316957880994681140e-01
1.727190862067593535e-01
2.121680615794646896e-01
1.424499674113822723e-01
2.306290960102460874e-01
1.504892416070673922e-01
1.436562382457293174e-01
7.470188026781775237e-02
8.589299681038724266e-02
1.591361777489322948e-01
1.077294366361930822e-01
1.391054799174415435e-01
1.383064485053888404e-01
2.008770947338644752e-01
2.291196617126476098e-01
1.009562906537262161e-01
2.020485060607652428e-01
2.180416262956300644e-01
1.104600977342828499e-01
2.093820984343791880e-01
2.132139035521684878e-01
1.024379420682037523e-01
2.296010932449103481e-01
1.004424227732941266e-01
1.952525606761929544e-01
8.816837710836701592e-02
1.193485309265339273e-01
1.786196367332364399e-10
3.865874907852782864e-06
1.328561053284611052e-07
4.383022505975445375e-08
9.737487987944128814e-03
6.088889911037605707e-07
3.597183822149511989e-03
3.297665964718611391e-03
1.237019983886764171e-03
2.074868062324931663e-09
5.178790266502768904e-10
7.595816197776347756e-02
9.436715437825364539e-03
1.075652419377462303e-02
1.299192264738428023e-03
8.347239280983863308e-02
6.063919108026599031e-03
1.575314363507635726e-07
2.380591077228173466e-02
1.191484896623468820e-02
1.873097499022329318e-02
1.264732882488268326e-06
2.911941225399234572e-04
1.604617223579760804e-02
3.572054131254122712e-07
3.445975716947242452e-03
1.079772944476036883e-06
5.221250583434486697e-06
5.854987209975180337e-04
1.300989958274929859e-02
1.547295776526270150e-01
5.956837386950385865e-02
1.972097952136679945e-05
7.198877668381040845e-05
5.740226660395583019e-03
1.537676482020659818e-01
6.029729631977473990e-03
1.049451661085200977e-03
1.665163584740717573e-01
3.219666369110875913e-03
1.058172276426316144e-02
1.735298227053001102e-02
2.473955413957937277e-01
1.311636524308977536e-01
1.048387886422526560e-01
1.074159825705241558e-02
2.449356601461588068e-01
1.739954558747400931e-02
1.806990841626063965e-02
1.269276072145835918e-02
1.346568285200829690e-02
7.207005363169404974e-03
1.374670921983996152e-02
2.677190624582813285e-03
8.108779800322674439e-03
6.626246307713600826e-03
1.155833883105087875e-02
4.793114637721321292e-02
6.246163429834575807e-03
2.458324786953045363e-02
1.524669413420654679e-02
6.826162495378167161e-02
3.437691468665481087e-02
1.100954169874052840e-02
2.393755509252094502e-02
1.230779968743523772e-01
2.309906354467691769e-02
2.099682328303243556e-02
1.825368678135522171e-02
7.520589125218894722e-02
1.739314719295619038e-02
3.690062232585206159e-02
1.771836217031985336e-02
5.974644012850923586e-02
2.714703189679010809e-01
1.580376896174729567e-02
5.623260778684889549e-02
2.129160551502876433e-02
3.532557704735719145e-02
1.564108502907725351e-02
5.332721964284911076e-01
2.207248518335475085e-02
2.168333266430519032e-02
2.576719030983138509e-02
3.872936702563145039e-01
4.759446156291969460e-02
2.182680338897829975e-02
4.148550946456918548e-02
5.227568453035087020e-02
2.779071124668093251e-01
4.394483375381824652e-02
2.482065180132667082e-02
1.265089968939703616e-02
5.014671250695218463e-02
1.369364623836462624e-01
1.811006171041202456e-02
3.581554381057427267e-02
7.337974521817301754e-02
1.830633438064033780e-01
1.135294804096034782e-01
7.511531348467637148e-02
3.481447107816915132e-02
6.927478193626894487e-02
3.513148060557401420e-02
1.042034378923881871e-01
4.197743643734008767e-02
4.818938221815238787e-02
1.522943212728165852e-01
3.064924601614365043e-02
3.094519174438410680e-02
1.949075412247561756e-01
4.671587351074263927e-01
2.567879847084798550e-01
2.111480229353619453e-01
2.859317696578291337e-02
3.051445748428190941e-01
9.586639542998295904e-02
9.583196082763985324e-02
7.792860572615026293e-02
1.129736326938770019e-01
8.408064874649880116e-02
9.158496618572656289e-02
3.581411136603924183e-01
1.410749797586466348e-01
1.128623415648940531e-01
1.295342202050082658e-01
1.214051804001711338e-01
7.750823311695266560e-02
3.976036103127751353e-01
1.226344841962424825e-01
2.910457857441264146e-02
1.594081933963839015e-01
2.430677356758810248e-01
1.618214408613640465e-01
2.108532095397760708e-01
1.177817744210822026e-01
1.254292634302517015e-02
4.169848318447641825e-03
5.917139775910683873e-03
4.662482724627044911e-03
1.162000723888968051e-01
6.233710541984042661e-03
4.374114308733844173e-03
2.305483065329241854e-01
4.976052589752219535e-02
7.879192489417480294e-02
5.759395056977718586e-01
8.282637534513857813e-02
3.281227271856035910e-01
1.064454045560437601e-01
1.244674345826021905e-01
1.449278489556207750e-01
3.845876785811047083e-01
1.179649390839249273e-01
1.020352770060835718e-01
1.141376886573279986e-01
1.807522627451357000e-01
1.082021148960321394e-01
5.347126553520769043e-01
7.772132683326957170e-02
2.077691829489436703e-01
1.896024692104469611e-01
2.862263299940298600e-01
1.196092074215611700e-01
7.876950039780350465e-02
6.583588259139550036e-02
9.349068958004252972e-02
4.449408185484452494e-01
8.635690743103283107e-02
1.122947037036022416e-01
8.837634399222477066e-02
1.312199037681330005e-01
3.192947624304267595e-01
2.516638488562649156e-01
1.894369790441368107e-01
7.753768875757496848e-02
5.414353802318958575e-01
7.002492360392653659e-02
1.482485337536076364e-01
7.796224071509175180e-02
1.168044396809564955e-01
2.661964338040448963e-01
9.354676796147337603e-02
2.414310474743623369e-01
5.175486380526977959e-01
4.168517826848076036e-01
4.491515693765581185e-02
3.909125605806876985e-02
3.347647473873718860e-02
1.383321578754941605e-01
1.977348786776205181e-01
1.775516928297253272e-01
1.090729236173153538e-01
4.169758245117606565e-02
4.463964574013974673e-02
4.249940157474842162e-02
1.319642756287941199e-01
3.623391910601591096e-04
1.737360692557530714e-02
1.146428730651595368e-01
1.182158349005768827e-01
1.432306417051690817e-01
1.344511453611516583e-01
1.353228664040329043e-01
1.142841283090131610e-01
3.730411160085969624e-01
8.082310827366351313e-02
1.659402494200249989e-01
6.346997767284387991e-04
2.926814550871978914e-04
3.120645975922671468e-04
3.845798602469327888e-04
5.994372638268289366e-01
2.266276628169331120e-01
2.779362627757018256e-01
1.068538823804547622e-01
7.315468516066656601e-01
5.680932444139218385e-01
2.104735263045844074e-01
2.436554729696072119e-01
2.885215017278873750e-01
5.482504772513485669e-01
3.209334495327343939e-01
2.127297209434393932e-01
1.742411234783267093e-01
2.591466742771174614e-01
1.108501945042764253e-01
5.267533105228771051e-01
2.727303087120146463e-01
1.553343316420561782e-01
7.764788786355403261e-02
7.956750156965357312e-02
1.091408060961887722e-01
2.456939440255536677e-01
3.010883842786348796e-01
1.919539795522900993e-01
7.332387602077997113e-02
8.702657430898159963e-02
9.923051787569843463e-02
7.139643111402986519e-02
1.200708907141451454e-01
1.877135424967459332e-01
2.919593759154016643e-01
1.897620279494161288e-01
1.968419342917411829e-01
1.678569020798027500e-01
4.782563898520979517e-01
2.907709192758907157e-01
1.060041748728392103e-01
7.272864621602845303e-02
8.068660455862318448e-02
2.388989234256584937e-01
9.677521653819375069e-02
3.440341901968544946e-01
9.528741751866801057e-02
3.327845372012773195e-01
1.548422362436142896e-01
3.749027583698837374e-01
1.690126278111477864e-01
2.498969999576746703e-01
3.088868526142344306e-01
4.497374624104711893e-01
2.618599492620607982e-01
1.216122153236833953e-01
1.764658965903621590e-01
8.203100575412808348e-02
6.503853560696554181e-01
4.011775286293798870e-01
1.275556714901392441e-01
1.322292206690148797e-01
3.623083733894246622e-02
3.059130650594885648e-01
3.172830218337889252e-01
3.388339791273033974e-01
6.541328465326193831e-01
9.120442725815200435e-02
8.439023674546083931e-02
1.591113334170126403e-01
1.785798769084096793e-01
1.772875585288612860e-02
6.380144001484448768e-02
4.639752172660711188e-02
7.109491083153021695e-02
3.784749852573000145e-02
1.500719317108599737e-01
2.266387514285522764e-01
2.163553427056521539e-01
1.549312139131756860e-01
2.920626593530251669e-01
8.448487068601619188e-02
9.765958511390770980e-02
1.163212986837450225e-01
3.800704615830892696e-01
3.140690836475221737e-01
2.859532658528303739e-01
7.138720949604922261e-02
2.139795096395274987e-02
3.444742015173631877e-01
2.094504723344350959e-04
5.036664971676898389e-02
4.990430577405147727e-01
9.274721005575657651e-02
2.963226339079024219e-01
2.526672326996881601e-01
2.633928766491552744e-04
7.266863392159675047e-06
1.459112652449913363e-03
1.066631319623407859e-04
3.563754283784751047e-03
2.756129568856285905e-02
2.865116434514071008e-03
4.255710191285802524e-02
5.421965227363190198e-01
7.889358998207560703e-01
8.754692201497341619e-01
3.369087574802163143e-01
5.944046840454053626e-01
9.206180112257926484e-02
7.331023371967543278e-02
3.521894874274839604e-01
9.224704381222111893e-01
6.649923810444455796e-01
9.049661415275074283e-01
7.568698805644223926e-01
5.745038803947698225e-02
3.375198443119028363e-02
6.743094982335057219e-02
5.115799227858237180e-02
7.137490854199703971e-01
7.466935505364992176e-01
5.515838055040274135e-01
5.856870377239218328e-01
2.355136896773776245e-01
1.149124847595808102e-01
1.031775111022349145e-01
2.417378306968279433e-01
2.654017166087664914e-01
2.658070630691481973e-01
2.653944133498937763e-01
2.647016416233948788e-01
1.053436754563630284e-02
1.104821616272828703e-02
5.891221202788866906e-02
2.271839674114118149e-02
1.374887010840274704e-01
1.019420642234991625e-01
1.371597285142403533e-01
2.166031622454976102e-01
7.388541110564914980e-06
3.740388125071295953e-07
2.674782715044828800e-04
2.160546680818022844e-07
1.895731602258505233e-01
9.411024348209691415e-02
9.142540191131569294e-02
1.374870507413501475e-01
3.171702171368460943e-02
2.990819969400244568e-02
7.034415953377579078e-02
8.845775007844322579e-02
1.111863249301569545e-01
3.504135981253720944e-01
3.191692092828051636e-02
6.630440646324667342e-02
1.438151849605762492e-02
1.342295514332157019e-02
1.375698018039997819e-02
2.676764450497494743e-02
1.000000000000000072e-18
1.000000000000000072e-18
1.000000000000000072e-18
1.000000000000000072e-18
5.240470088682418204e-02
2.615141892005011792e-01
4.254512904828668812e-02
2.658865608089041044e-01
2.676141741197425247e-02
2.692324368712247229e-01
1.048303826827037469e-04
2.737924029370483181e-01
9.505546320113943300e-04
2.738782818127597496e-01
2.678003472286608240e-03
2.741051081444755289e-01
5.353493652532971200e-03
9.061192017738244064e-03
2.763800117020422942e-01
1.419432006008063823e-02
2.674420470531542193e-01
1.993091967428293684e-02
4.360870515435354838e-02
2.708571897126290651e-01
2.797671648331197594e-02
2.685450890025390183e-02
1.126529772007300173e-01
6.365410570248543343e-02
2.256883239784074069e-01
6.050900734385911139e-02
6.745911719259581329e-02
9.248063901288466893e-02
1.940541360521300940e-01
1.020793887435634539e-01
1.101874059640926690e-01
2.393443190553052047e-01
1.160722406890353497e-01
2.343279539670347633e-01
1.213445985193698506e-01
1.510423066603327124e-03
4.779999356362267804e-01
1.397950095807882522e-02
4.818387495931057418e-01
3.968919773143515795e-02
4.883298135726532596e-01
2.189491825245771517e-01
1.229962755332550117e-01
3.219174620427707467e-02
2.126358317539185118e-03
5.147028599248187897e-02
3.776399924280908482e-02
7.985216582258698736e-02
8.380105886131374027e-02
7.688460684380708787e-02
4.973769048052900099e-01
5.379235506424844271e-01
5.109649198487773436e-01
1.705693328153410349e-01
2.180168160349534590e-01
5.168522882150710096e-01
9.932625903347387653e-02
5.545320222258713454e-03
2.587973578330485941e-02
4.233855838431780511e-03
3.791027726211561588e-01
1.517379469579990259e-01
2.775286215043446525e-01
2.198044195212315623e-03
6.059393534445096652e-01
1.114673482738922222e-01
1.224961572926489828e-01
9.847585963558984357e-02
2.786976971230150507e-02
3.769304314841775416e-01
1.402516983176141374e-01
5.871836752037137286e-01
9.259209594241587377e-03
3.994274288632278930e-02
2.573725203553936525e-01
6.157853500013955594e-01
7.912283801943749140e-01
5.956142370305058664e-01
8.802398809665740176e-01
5.743626931529569601e-01
3.530162099963453093e-01
5.760577583492130227e-01
9.117734752888179139e-01
1.068942236187202244e-01
8.658423998235741104e-02
2.234893452650778267e-02
5.953455179365169103e-02
7.458955694811826298e-01
7.143129306734887773e-01
6.384322664654064061e-01
6.295562667931474676e-01
5.397774267572171825e-01
3.047635822298276342e-01
6.530579545694592536e-01
5.633411230610496645e-01
1.223810100664011608e-01
3.997674345642138888e-02
5.428795690754035785e-01
1.078565023422755620e-01
6.407832348680627677e-01
1.481190813424756170e-01
1.449810206422980086e-01
8.185860359591026758e-02
1.303633879648395666e-01
1.077139674682131842e-01
9.267445343250384215e-02
5.997275774468065201e-02
1.072778678786184820e-04
1.270964439657971679e-01
1.025739410703048731e-03
1.266975155222374583e-01
3.155414101213106087e-03
1.260151972125430064e-01
4.331148217322093098e-04
1.525229726325330049e-01
3.820963262949319140e-03
6.950664187861598300e-03
2.088510079023068317e-02
1.242459108777838189e-01
1.278269787475960415e-02
1.544085853281575993e-01
1.020304908371208116e-02
1.574623733483944132e-01
1.204384461490045494e-01
2.995992973127419023e-02
1.613851148279221159e-01
2.906411172010659599e-02
1.665156084446630935e-01
4.027383296178246169e-02
1.188743354141749559e-01
1.251621393345534461e-01
3.934269530086124955e-02
4.216605744427950192e-02
1.153794792484339887e-01
7.580000429735715695e-02
1.697003219580642819e-01
8.181642610395599424e-02
1.136549939450113983e-01
7.856577998052306777e-02
5.064862916897778372e-02
1.063380075047863360e-01
9.008717611348693310e-03
5.911880688354945179e-02
9.714705430891153182e-02
1.729473763921458851e-01
8.164373833644353318e-02
1.179442317836609938e-01
2.055255820157724234e-01
6.544412233830317061e-02
1.561385269886995386e-01
1.136727783354703758e-01
1.138777563962208028e-01
2.056478230026008436e-01
1.813568597100520263e-01
1.763385783530403983e-01
6.069944749674352491e-02
7.172255057868347217e-02
6.953746255298712264e-02
9.752801635172593520e-02
2.659072504171871090e-04
1.230807606131949505e-01
1.200248647964332338e-01
1.325542714678470957e-01
1.077999815412218620e-01
6.470404850399100183e-02
1.338168434191450706e-01
7.214451159350560028e-02
1.357161503113382128e-01
1.061054079634091846e-01
8.335519704897907667e-02
6.247939888108831191e-02
5.680741148680573671e-02
1.122154247412533723e-01
8.219714315665399562e-02
3.878048145289512277e-02
9.389979621566997559e-02
2.472251605975925651e-02
1.180369716375386513e-01
1.141739621188907899e-01
8.089313345892085172e-02
7.972009867482529599e-02
1.077878842637939802e-02
9.958346746740512345e-02
2.063943143170315821e-03
2.743496585170275281e-01
4.156437732240712002e-01
1.212635265864073913e-01
9.138547345371519359e-01
1.849935695488333365e-01
6.160166816165495440e-01
2.082694518346765167e-01
3.366947562956141282e-01
1.888747090977896392e-02
1.035275321489995681e-01
3.070183370479269323e-06
1.101111498588624588e-01
2.298245030466863903e-01
2.518301616966538425e-01
2.709655340651084265e-01
1.000000000000000072e-18
