1.000000000000000072e-18
1.000000000000000072e-18
1.000000000000000072e-18
1.000000000000000072e-18
1.000000000000000072e-18
1.000000000000000072e-18
1.000000000000000072e-18
1.000000000000000072e-18
1.000000000000000072e-18
1.000000000000000072e-18
1.000000000000000072e-18
1.000000000000000072e-18
1.000000000000000072e-18
1.000000000000000072e-18
1.000000000000000072e-18
1.000000000000000072e-18
1.000000000000000072e-18
1.000000000000000072e-18
1.000000000000000072e-18
1.000000000000000072e-18
1.000000000000000072e-18
1.000000000000000072e-18
1.000000000000000072e-18
1.000000000000000072e-18
1.000000000000000072e-18
1.000000000000000072e-18
1.000000000000000072e-18
1.000000000000000072e-18
1.000000000000000072e-18
1.000000000000000072e-18
1.000000000000000072e-18
1.000000000000000072e-18
3.020076397532429728e-03
8.616613480184064783e-03
3.846407876608902692e-03
9.151135039251332565e-03
7.450460623915622349e-06
1.072053044132589145e-02
3.863037245189973601e-02
2.834523293419278059e-10
1.000000000000000072e-18
1.000000000000000072e-18
1.000000000000000072e-18
1.000000000000000072e-18
1.000000000000000072e-18
1.000000000000000072e-18
1.060113807279417815e-15
1.185253379298440747e-02
1.534100557167039809e-02
1.131476805167349123e-02
2.469038901910553668e-02
1.992677748261737630e-02
1.277420499796447922e-02
1.542757091094338592e-15
1.000000000000000072e-18
1.000000000000000072e-18
1.000000000000000072e-18
1.000000000000000072e-18
1.000000000000000072e-18
1.000000000000000072e-18
2.923853144033821162e-11
4.994695796057733138e-03
6.691985855006929960e-03
2.832980640841804100e-06
4.887525077579525472e-03
4.514463104436559904e-03
2.872485246053197924e-02
4.489801506976560420e-03
1.000000000000000072e-18
1.000000000000000072e-18
1.000000000000000072e-18
1.000000000000000072e-18
1.000000000000000072e-18
1.000000000000000072e-18
1.000000000000000072e-18
1.000000000000000072e-18
1.000000000000000072e-18
1.000000000000000072e-18
1.000000000000000072e-18
1.000000000000000072e-18
1.000000000000000072e-18
1.000000000000000072e-18
1.000000000000000072e-18
1.000000000000000072e-18
1.000000000000000072e-18
1.000000000000000072e-18
1.000000000000000072e-18
1.000000000000000072e-18
1.000000000000000072e-18
1.000000000000000072e-18
1.000000000000000072e-18
1.000000000000000072e-18
1.000000000000000072e-18
1.000000000000000072e-18
1.000000000000000072e-18
1.000000000000000072e-18
1.000000000000000072e-18
1.000000000000000072e-18
1.000000000000000072e-18
1.000000000000000072e-18
6.828695871205595069e-02
1.356495059186103381e-03
2.210162333203603922e-03
1.243714805630564578e-03
7.241267361795902802e-02
1.386779930741267007e-02
9.343242490254737931e-04
1.545266747196066305e-02
5.952738443863946766e-02
9.689034973811876854e-04
9.378350952221253594e-04
1.656223166647338360e-03
3.822965126747866760e-03
9.397048638922232472e-04
4.696254495180746634e-03
1.344000118226136705e-03
9.429092184544354436e-04
1.359137517882421688e-03
1.048862049840597610e-01
3.098290387370168566e-03
2.992887735689972115e-03
1.256168892022641948e-03
1.291341028156183868e-03
1.779804251961580788e-03
2.141237180056985110e-06
7.068912706892011618e-04
2.676807335169337828e-04
8.656304910612354353e-02
4.245358396353801579e-05
9.380955680687532881e-05
1.252902274195261249e-10
4.283420485578910003e-03
1.210986470956419688e-08
3.840235474615611572e-04
2.483720511605274879e-04
1.363111622445479186e-04
1.836976517352848263e-04
2.801213368615577287e-04
7.544692306759857620e-05
1.374573249931050547e-04
2.430493043254583171e-05
3.508475323023789028e-10
6.883283558001431325e-04
8.467963331225753648e-03
8.867787072815898623e-05
3.887842323328534867e-05
1.997337960490694700e-04
7.491377792668009700e-05
6.787271997391616449e-03
6.404819668203167132e-05
2.169528656233151527e-04
2.119269452373065887e-04
6.034217655311081147e-03
1.906734252921106194e-04
7.716962371442325202e-04
4.213272336200349247e-04
3.379437981895674036e-03
3.721141950040255091e-04
2.254461865625854717e-04
3.662834046303702420e-04
1.441692909666259263e-03
9.776549728260489937e-04
1.492412000220821010e-02
1.069026976530623989e-03
1.874500747130582526e-03
6.022646972242025592e-04
1.020952946920256066e-03
3.895949258978097544e-04
3.657218326044010641e-03
1.073375406274842091e-02
8.140776749370485978e-04
4.143007046117713581e-03
1.186483269783179251e-01
1.174574345397558922e-03
5.778793501183287530e-03
2.935588138362085937e-03
2.028237577731172806e-03
5.871587972130874874e-04
1.210160689292932249e-03
6.234183772828964798e-04
2.425365030085746033e-03
1.636431134292306048e-03
3.483879359343974771e-03
3.836598433948218596e-03
1.814877201642553506e-02
4.791989374691251710e-05
2.926800639704322192e-04
3.092031373290371672e-04
5.897387592895330733e-04
9.655050723372110566e-05
1.975514164071389604e-04
8.849662023152392656e-03
1.264888332432071274e-03
5.352705911829276283e-03
8.871844146870644376e-03
1.777414887448277095e-02
1.213984962782509516e-03
1.246697377887728440e-03
2.017314458017616108e-03
2.459471934064965965e-03
2.489322988046878665e-03
1.759145977838382034e-03
7.775953521330636331e-02
3.143868536791155546e-03
9.955459819742452574e-03
4.084567678108332988e-05
3.458226817199587955e-03
3.104519709419386979e-03
9.875659084530231946e-03
2.757533448866623070e-03
7.993108220866226854e-03
7.507542675985506148e-03
3.099546427676900737e-03
6.764901400517568143e-03
2.721546630460349326e-03
4.280717341713124666e-03
5.644813730487121574e-03
2.693307111459237665e-02
6.765242105465470862e-03
1.625438834328297999e-02
3.944458960246101029e-03
5.430476492381606894e-03
5.259042202261227962e-03
1.046312804843106507e-02
3.606449916369532105e-02
9.925650166038050767e-03
4.395895234818870435e-03
6.380988369145164721e-03
1.358968536990664937e-02
3.996457103209641488e-03
5.763397358541650327e-03
4.235575669648407142e-03
3.976937695465567781e-03
6.694748723612368307e-03
8.910777032368588646e-03
4.923359054299286837e-03
4.817009207290679114e-03
4.496991381809567999e-03
4.592814456548241671e-03
1.369622396421989359e-02
1.252853101104488632e-06
5.455847616660086703e-07
1.874045929900778119e-07
1.627520095700183724e-06
1.162303231277216293e-03
9.411585770999864953e-05
2.681542719469230153e-03
2.181957624077192278e-06
1.617314953113427713e-03
3.908760199100650952e-04
1.647486737355976144e-05
1.830757017129511048e-03
4.302450999883443167e-04
1.105542828638809419e-03
9.133111399737419561e-03
1.241790660669248210e-02
8.432407103609184870e-03
3.389318779429094722e-03
1.106957425312057484e-03
2.224687403767286031e-03
3.026067760596552227e-03
1.087574651792908281e-03
1.262816082428104038e-02
1.970446799356741652e-03
8.084574767555035776e-03
5.425076758998352046e-03
6.072652820547635479e-03
4.670766915202950557e-03
4.623102859412633533e-03
1.194308254206637165e-02
4.605755865300179171e-03
5.043838750767810040e-03
9.193049636818167384e-05
7.783512705191324849e-03
9.138483040878714672e-03
1.194582324975175292e-04
3.419369692323744568e-03
2.650665596711813133e-05
1.005351487555900252e-04
7.406032964191662006e-05
7.165058989223747378e-03
8.171976605722143516e-03
1.211484633592077066e-02
1.517648948711594115e-04
5.206249546733068140e-03
7.418892369773016308e-04
1.591268463997588681e-03
1.685333074052128158e-03
1.540701247938370362e-03
1.571112560595555162e-03
1.595717918599207736e-03
1.931238170456940932e-03
2.807215228470252323e-03
3.758301492457317983e-02
6.171033289857835898e-03
5.361103376412039434e-03
1.175632937403279718e-02
2.133723546412996143e-03
2.958455168438142800e-03
2.812511261020033022e-03
8.697318497911483634e-03
2.456756961675554771e-03
2.868837298208254914e-03
1.511176377671764014e-02
1.619565243475301619e-02
2.909579921052500226e-02
1.278237542022431922e-02
1.063960208729567043e-02
2.973831984860732941e-02
1.027714386334665532e-02
3.172226161068966016e-02
6.340473875166844492e-03
4.893071092228075576e-03
4.912767419766650434e-03
1.014394690380511325e-02
5.332941161516627226e-03
7.410350395095156688e-03
1.297362056806587380e-02
7.216386917208583371e-03
7.259735894598456744e-03
5.961339088240555015e-03
1.155550890563108134e-02
1.487404093524482412e-02
8.462330258962936710e-03
3.020600484027582359e-03
3.800918742204078063e-03
4.934810427268739030e-03
2.580779627425662266e-03
4.727723552193791208e-03
1.247917324072347393e-05
2.604638001416339967e-03
5.117846766574763416e-03
7.448109279190059145e-06
5.160321653587607641e-05
5.521568414434693296e-03
7.541030757264757898e-06
2.198501063462053595e-02
1.424305701158918836e-07
2.149759604304468104e-07
5.684423181462883428e-04
2.953025524107184916e-03
1.408127859775181942e-02
6.137543160461644105e-05
1.055666568456033357e-02
1.432647027879454908e-02
1.682674702005435702e-02
7.867605040160749463e-03
2.339601425618927002e-03
1.507940432431864770e-02
9.336617631422053712e-03
2.158635911049780476e-02
1.009222438706590223e-02
6.373569566291553950e-04
9.791134520993306171e-04
9.277176917307453161e-07
3.938557011759092344e-05
8.404324313677852265e-03
5.253175244644231641e-03
1.469213586528140408e-02
3.276021063890481935e-03
5.739903780604547340e-03
2.362403339772206623e-02
8.295886317174813035e-03
1.496205173248841766e-02
1.229922087008796482e-02
4.769224624321818928e-03
8.674573844962125968e-03
1.225193975998331401e-02
7.972279036197680571e-04
1.154625643859548759e-02
1.517765352867044308e-03
9.521492126905110875e-03
6.166753567223090407e-04
2.100872521126285232e-06
6.289322646654449574e-04
1.346138497186317312e-02
1.120079458972512813e-02
9.152961118358959175e-03
1.123345946646546294e-02
5.952172351871759526e-03
4.303616772771699621e-03
6.819287902172288529e-03
4.111737236306459500e-03
3.769020345909751893e-03
4.142387040883559884e-02
1.622771689357935601e-02
2.679953894010510609e-02
1.953997897239299203e-02
6.892219791920490765e-03
8.321006691474673242e-03
1.418794043432783977e-03
5.292014300357203351e-04
1.362922557769017089e-03
2.708171734997622763e-03
1.371611205303071863e-03
1.954047775103459703e-03
7.948167187442636838e-03
7.886317481318801115e-03
8.648120687136221646e-03
1.043124819713513868e-02
1.816531184153131334e-02
3.860827922073639673e-02
3.611975267937062029e-02
2.848091558870017442e-02
2.065658327372802555e-02
1.637044875222073981e-02
1.860551298864429604e-02
1.522510174145152474e-02
1.825448117611312357e-02
1.542020077701864583e-02
1.759878694646536609e-02
1.943892392570736177e-02
2.869189241065002102e-02
2.123281299068733446e-02
1.549256458775832151e-02
2.870271159276723688e-02
2.986397220363919483e-02
1.932848382651194616e-02
2.373637274823152399e-02
3.122819629112536313e-02
1.244075562986799582e-02
1.619758370552593085e-02
1.212912107307034283e-02
1.285216735388462414e-02
1.697376397293628644e-02
2.059238741102112358e-02
2.576827608097822728e-02
2.451037468200867320e-02
3.131034392414458467e-02
2.280764033495554996e-02
2.936189016799311061e-02
3.387519114744966947e-02
4.563600146834466582e-03
4.473930945666696087e-03
1.124795948197858907e-02
4.255490343095537885e-03
7.826905551826683627e-03
1.299704603477847865e-02
7.646159844863416669e-03
9.035308286006080505e-03
5.730783112905425171e-03
1.540948049809151912e-03
2.724997049619037014e-03
2.396335764105352040e-02
1.484595597733128196e-03
2.357853915030501055e-03
2.419521870830908597e-02
3.473358288180975351e-03
1.564225744393174869e-02
2.530127457291287546e-02
4.254169403093906177e-02
2.674440811859452038e-02
9.069609656529885322e-03
9.568916999726614220e-03
2.377523857049754913e-02
1.793976609037738895e-02
1.232376608540481505e-02
1.110526112698660174e-02
1.335488537247879644e-02
1.066577447617866360e-02
1.768121347272595678e-02
1.662303340285276043e-02
2.035192265077290230e-02
1.813174173471314779e-02
1.374045837990530219e-02
1.449694195082816203e-02
1.921504456803902958e-02
1.409541099888793163e-02
1.784495909937731245e-02
9.740558498543718316e-03
1.176002834151542407e-02
9.813158900012620631e-03
1.370188258194232449e-02
2.798091052161875980e-02
3.536935041845262750e-02
1.577187215364113729e-02
4.363608275133479264e-02
1.340190032906518440e-02
1.959154693951050547e-02
2.863653482589459745e-02
1.102800168119665546e-02
6.295300639802541877e-03
1.587759682157082602e-02
2.717523054439888869e-02
5.430701448369637876e-03
3.840910997200900311e-03
3.510419343916145428e-03
2.769990023142633595e-03
1.508983401329103136e-02
2.935503947504891978e-02
1.440538540355451418e-02
2.589144705683326872e-02
4.445511190467056270e-03
9.312843819866479730e-03
1.429210270055160381e-02
5.363254859345520549e-03
4.113718626836676551e-02
1.881156662859875470e-02
2.074686774942676240e-02
1.417396351567971370e-02
1.738607084032274541e-02
6.604290364244770270e-03
4.843690236994446091e-03
5.625386711679268917e-03
8.361578003771189677e-03
6.510512378519611038e-03
4.283729541230078125e-02
7.151926441945767599e-02
3.108797044631798640e-03
5.224213207557031578e-03
1.805858526706052153e-02
8.893318675104273582e-03
3.924239419315862093e-02
4.072333698995759393e-02
1.223387120212827972e-02
7.279602564616893638e-03
4.373627938750191541e-02
1.046200751791109655e-02
6.530185766951999288e-03
1.527750450016608988e-02
9.085101549337474755e-03
8.772497272450597433e-03
4.858952047148963269e-03
6.657560961436656717e-03
4.411226553251809679e-02
3.753465091793890731e-03
5.100679672318156332e-03
6.817041271452321805e-03
1.297644950574253926e-12
9.206244702156129082e-08
2.196557246026408038e-09
6.398058482847907556e-10
1.136738100570300336e-04
1.188230228756128034e-08
2.004696772370694784e-04
1.438731801151562522e-04
5.346281857972691492e-05
2.096370188515395534e-11
4.358984564275312035e-12
4.529706560891496648e-04
4.244166966369779183e-04
4.876322831837365474e-04
5.764710088513685216e-05
4.755243229413080907e-04
2.030143519800094881e-04
2.653961697312744888e-09
2.690740987865925188e-04
1.551369335767641805e-04
1.927969482688059416e-04
2.669671860551881048e-08
1.244197242467584714e-05
3.120517009259428137e-04
3.176805712975956986e-08
1.290012470248887784e-04
8.637927990141331119e-08
3.539545063188813324e-07
1.856315658984314799e-05
2.499796853594108467e-03
9.734288766998857451e-03
5.369444277685251656e-03
1.139404226109562152e-06
3.456755559867701321e-06
1.482349600185270400e-04
6.480418385183323764e-04
2.141438542766036933e-04
3.367215679240401021e-05
1.058747099368465179e-02
1.380018197267143321e-04
3.568885307327749777e-04
5.139965290688013186e-04
2.236409219276718277e-03
2.168587426717991443e-02
7.697146397347094660e-03
3.241391157649648695e-04
1.654845473670107751e-03
4.745098502370473457e-04
4.551811022768510284e-04
2.118630555652168573e-04
3.047441899118229973e-04
3.075605474131332855e-04
3.665360902953312592e-04
1.388601635576841966e-04
1.189893939909493796e-03
4.077920752603343430e-04
2.139737594650737134e-03
3.632024882100538636e-03
5.515917493197300013e-04
4.463022935820177076e-03
6.930448332859123588e-04
5.801045168978660391e-03
4.393169660233561227e-04
1.415655747170273607e-03
8.174988344884274137e-04
1.706865134186413835e-02
4.458322538934401361e-04
7.010812091270583269e-04
5.769765406435324248e-04
3.376009104477497094e-03
4.749193670677035145e-04
1.232578370792740061e-03
1.260616096840924596e-03
2.571655336358471839e-03
1.124121438918223225e-03
2.001701046202859942e-03
6.930899622690374871e-03
3.579562991128096804e-03
1.052441883909460262e-03
1.878601983923590098e-03
1.256221724916068566e-02
2.113562883899706285e-03
2.475603901288509368e-03
1.716764626380724162e-03
1.750414824902308403e-03
1.452270937886623913e-03
2.211723717973311954e-03
1.472038626241025131e-03
1.904849404628181130e-03
4.023646455776626156e-03
1.364955579461179722e-03
6.253500932454235297e-04
5.748883541273447058e-04
2.482751291488412022e-03
2.165549402640485482e-02
8.733042727821669574e-04
1.036274232224186501e-03
3.061291241699709998e-03
1.193040536827249393e-02
1.080254015134057095e-03
3.212233740404218506e-03
1.355853707560535949e-03
1.121081996131516843e-02
1.393350513827523078e-03
8.547343187751204122e-03
7.820369487784555994e-04
1.545929567038917263e-03
1.877015243788171875e-02
8.451319213721312021e-04
9.190452989941880852e-04
3.085471095706409598e-03
5.158248457202240303e-03
1.230880483159822562e-02
1.067438248195226591e-02
3.996057689028205927e-03
1.902602781713066222e-03
1.898845932357269561e-02
2.362726203135110184e-03
2.012160365574717016e-03
2.880504279435294225e-03
1.852672255446712914e-03
1.912920213559462243e-03
3.859447611071109736e-03
2.235620695432371380e-02
2.098854944584834653e-02
2.420943087633622981e-02
4.950316219557966170e-03
1.877273801217100094e-03
2.088175331876118007e-03
1.000854882268144980e-02
2.498923521876204260e-03
1.097315469360545491e-02
1.139534225699099200e-02
1.939660541480326544e-02
1.368150815141727476e-02
3.142051388525635581e-03
2.561607648243409180e-04
2.452967302183113862e-05
8.869503701051019309e-05
4.356086040928231759e-05
5.090872249373090512e-03
9.932885005551002659e-05
3.257066470986066204e-05
2.707774104465134057e-03
1.213149424094282650e-03
2.087784704098681783e-03
3.859369855062076346e-03
2.104819404505608657e-03
4.591819584671961475e-03
2.452312818589614824e-03
5.372624204712300386e-03
5.236618420049558680e-03
5.618177985816513731e-03
2.721649542426495677e-03
2.195427088106984177e-03
2.365556516028592682e-02
5.061818697107984232e-03
4.467517061700510862e-03
4.159298033782393191e-03
3.546675645563344536e-03
7.074329658582557273e-03
5.170463812573487805e-03
4.526811018898579259e-03
5.670854766918206370e-03
7.295483734320230666e-03
6.794442213345548189e-03
2.403958814826072377e-03
2.520219750302302684e-03
7.441836781374326637e-03
6.274456717310267911e-03
4.194316905002266720e-03
6.893060082112092632e-03
3.910755918981296576e-03
3.942650148525316846e-03
4.019155715062335682e-03
6.817669584739705600e-03
4.030689156237494790e-03
4.857561825539606984e-03
3.730238372280895217e-03
5.276363427549108157e-03
6.703010102505614805e-03
9.149993322194122439e-03
6.682509347289693202e-03
4.462679015704463549e-03
1.151958409659131072e-02
2.416606140707181112e-03
5.372887871616119360e-03
4.355784432797309841e-03
3.601462499376995637e-03
9.741510931411314494e-03
1.078529477608652747e-02
2.746174621050113344e-03
3.814229891678893192e-03
2.658328215085058437e-03
2.572252764042692527e-03
5.610447125088690451e-03
3.529476678020457628e-03
2.492261782735124501e-04
1.354293295365978974e-03
2.642862320467390200e-03
3.118645133275886605e-03
3.412027793731793168e-03
3.392259501133733802e-03
3.092814200381542675e-03
2.603933147368756203e-03
6.304549924803325503e-03
1.993739568789441776e-03
3.106939300836070866e-03
3.529055917836980915e-04
2.006099716306085476e-04
1.086352304111948497e-04
9.937623276378927315e-05
1.051367170261822796e-02
1.399861895140188522e-02
6.048998771204568831e-03
4.205933562893593956e-03
8.783622777510359525e-03
1.073767011273746817e-02
5.887275033958703878e-03
5.470328112973921013e-03
4.086526538057105862e-03
6.454030268967409466e-03
4.687962032416061534e-03
3.834482715448599838e-03
3.960298374696215144e-03
4.200503198901167634e-03
9.541806154891370462e-03
1.228106890062842516e-02
3.383415433763847617e-03
5.610808782559177947e-04
1.029567660910864560e-03
3.260383706430816132e-04
7.439059246369387384e-04
4.044949662587494360e-03
3.450686040287392897e-03
3.530896674368515838e-03
3.435825449162401707e-03
3.485401405248138816e-03
4.916703383232442007e-03
3.620565764787362414e-03
7.426157809909874480e-03
5.540122096368191827e-03
3.736819491884982563e-03
3.526702604574840760e-03
4.654304051565424406e-03
4.837841415100754827e-03
4.007013441084684643e-03
4.327362679076750089e-03
2.434664326801405394e-03
2.450270783893227292e-03
2.183374774405652963e-03
4.446167387970041511e-03
4.353585068398130135e-03
4.833992436744462273e-03
8.130779464225692046e-03
5.295926821983779065e-03
2.135098881020620204e-02
9.675181054536258901e-03
4.505706619213577929e-03
1.847133840427970727e-02
5.187703535321318629e-03
7.777301866516050238e-03
4.328809967766729036e-03
1.716734126234536681e-02
6.320103878283829871e-03
4.386053371122172057e-03
1.283977684013039647e-02
1.585178836620197013e-02
6.573887501477037459e-03
4.431860114618209161e-03
1.441029745935314132e-02
8.434628328167681835e-03
4.528707349816198449e-03
4.701467333115527322e-03
1.211489908746184001e-02
1.080454822593629634e-02
4.235890140244668277e-03
5.913731106876409828e-03
7.482103403728447739e-03
1.112744697756479911e-02
7.974417594548817434e-03
4.521638104698450129e-03
4.618304880944997665e-03
2.522474154615665654e-02
1.763570569359905471e-02
6.278714963612630137e-03
8.514065557617699759e-03
9.749167220413888085e-03
9.640925781096423494e-03
1.678176496362077455e-02
2.330360013049985121e-02
2.594927091024795685e-03
9.058233901551351538e-03
5.291185271888141674e-03
1.764959577291810161e-02
1.299867552280618323e-02
1.020895660763940747e-02
5.247064992836641094e-03
3.840358569688549469e-04
4.452873126082352445e-03
9.003389367005213209e-03
4.750889568067274971e-03
5.403548635936985568e-03
1.718254632515622132e-02
4.244798491034683222e-04
8.856892163680227248e-05
8.289110066819104427e-04
2.801390470141998205e-04
4.440325572036314000e-04
1.707899494138351033e-03
1.583324311779945280e-04
1.461165414864553464e-04
1.983198971722309814e-02
2.280456700928681912e-02
2.579728186451857655e-02
2.028778653612486188e-02
4.917962145915938735e-03
7.379403545324351305e-03
4.006464559665382993e-03
7.427343514600307992e-03
3.559894956365610569e-02
2.835206191504989481e-02
2.658132417939297956e-02
3.253124266123382652e-02
2.191853396597766637e-02
2.143521257176068950e-02
8.435797389378954514e-03
6.849786684288136640e-03
1.459215438512793429e-02
1.823323743101764455e-02
1.405540348729915519e-02
1.100742163411797848e-02
8.178190276219019991e-03
6.008731293319283587e-03
5.873483017958156319e-03
8.212090952982758693e-03
1.457211846659595827e-02
1.448647441331352148e-02
1.457376215734957833e-02
1.617228712555895606e-02
1.039109356475953006e-03
8.569752478924030567e-04
5.145877327067506848e-03
6.732891253691031036e-04
9.905805679406156500e-03
3.663937384687156618e-03
9.129708485435438642e-03
6.366231111418555778e-03
3.457302494138894965e-05
8.614326320916019145e-06
1.886704409897109968e-04
6.666823425244796771e-06
7.583288766646948710e-03
3.542167237691456506e-03
3.519817805062901497e-03
1.268338226109428334e-02
1.457768306466561588e-02
1.102878305731353620e-02
9.291674379481000209e-03
3.881036290598669641e-02
1.057352637413025258e-02
4.651984004732587913e-02
1.331221252181404285e-03
4.023538937394932624e-03
1.908272656437469189e-03
1.409445801085884749e-03
1.261406760320466381e-03
6.199590755210602220e-04
1.000000000000000072e-18
1.000000000000000072e-18
1.000000000000000072e-18
1.000000000000000072e-18
1.132117012688986773e-03
7.704111392856811957e-02
9.307790353090589133e-04
7.859248818624295363e-02
5.975341494694375206e-04
9.075899031916477566e-02
2.589112078122192439e-06
8.857327607663093016e-02
2.331662002771455318e-05
8.858848853368239684e-02
6.485931216351882654e-05
8.864815717213234136e-02
1.274914352852442399e-04
2.117664935583139611e-04
8.997082373408694933e-02
3.273218400918511111e-04
8.084594241506692924e-02
4.484523164383108929e-04
9.521165199032275957e-04
8.442332677171723865e-02
6.201442714130880668e-04
2.345668170356742411e-04
6.971865387145262730e-03
1.197180993522488400e-03
4.574573319242277586e-02
1.268083930421290938e-03
2.119258852637919636e-03
3.391070908482841408e-03
1.239599313581846510e-02
3.534187531654553547e-03
3.874081604374794274e-03
2.224828618733830365e-02
4.281145191791727554e-03
2.164675430917796170e-02
4.876247499445322126e-03
4.452218895074782794e-05
2.991301828693308795e-02
3.969349142016313802e-04
3.012578018708942165e-02
1.083048336975871119e-03
3.049516441483755141e-02
1.860112403616247939e-02
5.635090987453424301e-03
1.128660186183156212e-03
1.224374534482484120e-04
6.019113741750945585e-04
4.846081012274008545e-03
1.809454314527421956e-03
2.096442872877027699e-02
2.071244722804361799e-03
3.090033305648677217e-02
3.301114995520312151e-02
3.153708688360774837e-02
4.874548949112672384e-03
6.734132358408765652e-03
3.212177619355188751e-02
2.717017079919132900e-03
1.264203162381929123e-04
1.122237923401097227e-03
3.218988826029889854e-05
2.824142578478735805e-03
5.451079574364572564e-03
9.468617337601951955e-03
2.378239518468005869e-04
7.294989475618761376e-03
4.782128226447483060e-02
7.256392422003461219e-03
7.998424489807235208e-03
9.529855219509721868e-04
1.130538736399286370e-02
3.882905543453378083e-03
3.513779259991415410e-02
1.032320633354854222e-03
3.558981530598039154e-03
8.137218612396648898e-03
3.622053498208015199e-02
2.220734461208524399e-02
1.510278804107001611e-02
2.641139593894062734e-02
3.876313296323304070e-02
1.302275842776551805e-02
1.610744208161715707e-02
2.856580289081341734e-02
3.324494272289829893e-03
7.951504597266016022e-03
1.982141938899253247e-03
8.343538226979302710e-03
4.683687280174343714e-02
1.629501736159035333e-02
1.130461579320465870e-02
1.394476929843048961e-02
1.508934919599790904e-02
1.026101147072535150e-02
3.844957906647099993e-02
3.410093903750706368e-02
5.793994904819070590e-02
2.841043473914291618e-03
1.582169746895055115e-02
4.297149222273326588e-03
3.725778603365362263e-02
4.766779548283962137e-03
5.780558748743264141e-02
1.559019431801399527e-02
5.240018891198069267e-02
5.014843721151787670e-02
4.156854775899051363e-03
3.549880330568234727e-03
3.864399458873979766e-06
1.774423833600734246e-02
3.469501405553046763e-05
1.777790247669148657e-02
9.588830815708978509e-05
1.784450964332953693e-02
1.476566418408961230e-05
9.747585742498902223e-03
1.313439498039082047e-04
1.864465115158527833e-04
4.427066251462989438e-04
1.865960296669981131e-02
3.043650235625941676e-04
9.725271776707839280e-03
3.564227090225254892e-04
9.681470901656000910e-03
1.648329898446814629e-02
6.073625500213399595e-04
9.583306724315326236e-03
1.063830508654163695e-03
9.369555307813711917e-03
1.477833060713460963e-03
1.753563309960555830e-02
1.802855478213992446e-02
7.636561159599198701e-04
7.829344320427793691e-04
1.782642112099500076e-02
1.450619237383674216e-02
9.835660736170119198e-03
2.039326215104509885e-03
1.945765024683542704e-02
1.809065799630394994e-03
1.956516102295849466e-03
2.041260983711748120e-02
1.783849731671776392e-04
1.731741240703516113e-03
2.172533976691062158e-03
5.273697350818894701e-03
1.994686404860195571e-03
3.382540155766315497e-03
7.068817177029779533e-03
2.535051808754007745e-03
7.503634347889872637e-03
4.361677117101384581e-03
3.797433431331380133e-03
8.653921462795794925e-03
9.020396790509570967e-03
9.352029332083334340e-03
2.364307131786371266e-03
1.553255653652904460e-02
2.261531342430000806e-03
2.250155451190903252e-02
1.693208241098578956e-04
4.536840602123084348e-03
8.762418171078926316e-03
4.271297591762197692e-03
9.848599429069387207e-03
1.416737360567856116e-03
3.825246168830109209e-03
3.676958466690130253e-03
6.718131827785520267e-03
3.863871376218328251e-03
2.580650651780258542e-02
1.158571875081976232e-02
4.849318034122074988e-03
4.733477604889287788e-03
5.081652646111036072e-03
1.272624285662730947e-02
1.039750118331248321e-02
3.726018568098618707e-03
6.666259201199862226e-03
4.008576318640271613e-02
2.190243201310684406e-03
1.087639937553589939e-02
1.221588551357023766e-02
4.971647283427091737e-03
9.333179056249319479e-04
8.886534240394558526e-02
1.923426131641278736e-02
3.332895479672308599e-03
2.864962358912243739e-02
1.374898082156143959e-02
1.716994198344856670e-02
7.998738826032251309e-03
1.182276366977292638e-02
6.746265255790573822e-04
3.652537168443132243e-03
2.264762579621444142e-05
2.382052857263628268e-02
1.955005527868464502e-02
7.578826209061020891e-02
8.419440614423866209e-02
1.000000000000000072e-18
