1.000000000000000072e-18
1.000000000000000072e-18
1.000000000000000072e-18
1.000000000000000072e-18
1.000000000000000072e-18
1.000000000000000072e-18
1.000000000000000072e-18
1.000000000000000072e-18
1.000000000000000072e-18
1.000000000000000072e-18
1.000000000000000072e-18
1.000000000000000072e-18
1.000000000000000072e-18
1.000000000000000072e-18
1.000000000000000072e-18
1.000000000000000072e-18
1.000000000000000072e-18
1.000000000000000072e-18
1.000000000000000072e-18
1.000000000000000072e-18
1.000000000000000072e-18
1.000000000000000072e-18
1.000000000000000072e-18
1.000000000000000072e-18
1.000000000000000072e-18
1.000000000000000072e-18
1.000000000000000072e-18
1.000000000000000072e-18
1.000000000000000072e-18
1.000000000000000072e-18
1.000000000000000072e-18
1.000000000000000072e-18
1.173015240162208865e-02
1.519426210868541627e-01
7.676079606581788506e-02
2.078857477690809058e-02
5.484515723087604524e-07
1.314091938902660073e-01
1.199030092236249567e-01
1.132389125071814791e-11
1.000000000000000072e-18
1.000000000000000072e-18
1.000000000000000072e-18
1.000000000000000072e-18
1.000000000000000072e-18
1.000000000000000072e-18
1.118880786082909554e-16
1.526576654199781613e-01
2.127142155687828107e-01
1.642768502874532299e-01
3.364931728357039575e-01
5.473922086827337496e-01
7.718723959639490761e-01
2.952589274659443672e-16
1.000000000000000072e-18
1.000000000000000072e-18
1.000000000000000072e-18
1.000000000000000072e-18
1.000000000000000072e-18
1.000000000000000072e-18
7.591586818593906766e-12
2.951670705724848340e-02
9.679954284066422110e-02
5.044145053593531455e-05
4.144580770167600320e-02
3.910318118794814946e-01
1.083376489516049701e-01
1.765493242188132528e-01
1.000000000000000072e-18
1.000000000000000072e-18
1.000000000000000072e-18
1.000000000000000072e-18
1.000000000000000072e-18
1.000000000000000072e-18
1.000000000000000072e-18
1.000000000000000072e-18
1.000000000000000072e-18
1.000000000000000072e-18
1.000000000000000072e-18
1.000000000000000072e-18
1.000000000000000072e-18
1.000000000000000072e-18
1.000000000000000072e-18
1.000000000000000072e-18
1.000000000000000072e-18
1.000000000000000072e-18
1.000000000000000072e-18
1.000000000000000072e-18
1.000000000000000072e-18
1.000000000000000072e-18
1.000000000000000072e-18
1.000000000000000072e-18
1.000000000000000072e-18
1.000000000000000072e-18
1.000000000000000072e-18
1.000000000000000072e-18
1.000000000000000072e-18
1.000000000000000072e-18
1.000000000000000072e-18
1.000000000000000072e-18
2.324015703650899045e-01
4.125247809426506040e-01
1.510426554310728524e-02
1.749361610763924268e-01
3.760137040759649607e-01
7.402991416309405437e-02
1.741127149321531134e-02
7.857105375472057951e-02
3.690241220503960862e-01
1.236079520490973235e-02
3.085290136827217866e-02
9.335010309334730583e-02
3.822577754286197310e-02
3.247213118824782835e-02
4.074416792646737284e-02
9.128041126384362977e-03
3.660321251457258462e-03
4.932191430964809678e-03
3.792377374326790784e-01
3.682656373061177213e-02
5.507843595452020097e-02
8.204449246783065280e-03
4.702210242706209367e-03
1.078581612953699032e-01
3.094771992042659164e-06
1.417302238595168941e-02
6.928547352007019848e-04
2.673044873688056322e-01
5.977698147354762166e-05
1.898802692049332661e-04
6.633568071514507433e-11
1.748209937866860436e-02
8.901396166194637473e-09
8.600015318105342981e-04
1.642177419113783621e-01
4.710516897625648819e-04
6.637104699524561113e-02
6.198562701861200144e-04
4.866866725841886019e-04
2.733702494828290828e-04
5.965704805909382907e-05
1.986008833938456249e-10
1.990278209949447423e-03
4.478208494559469954e-02
1.355521513212175930e-04
2.055139359677778598e-04
5.316160114669210004e-04
1.656334879238401028e-04
3.056081036867280831e-02
1.945385573174995906e-04
1.177569199693995336e-03
1.397357414309647033e-03
2.663481071824225915e-02
9.261389503907944964e-03
2.311915655065256009e-02
1.808282733936583415e-03
2.853518037019675893e-02
1.197057133450268049e-03
3.455696644098022602e-02
3.995397002133621589e-01
6.106299398986106235e-03
3.412451238616720072e-03
7.070401407651892567e-02
4.542159511172894418e-03
2.430691030281214790e-02
3.336168250591989848e-01
3.566524645620457006e-03
2.287056793634936400e-02
1.741619362100871662e-02
5.714521287288919227e-02
4.859673503852891818e-03
3.136454624887793918e-02
3.250170039303383884e-01
3.321019252058091675e-01
3.070095170301894924e-02
3.320709465323638809e-02
9.280489782540929031e-03
2.458566235248268450e-01
3.461932281286062008e-02
8.471380639713517111e-03
3.300396615296080638e-02
3.890034602474198855e-02
3.434643915884645626e-02
3.532058035945627450e-02
8.519850821296823251e-02
1.761404888585198312e-04
2.171963153173380595e-02
2.166915461948235380e-02
2.917642504684014523e-02
9.224070523994040011e-03
2.907645852655156918e-02
9.408872747388895286e-02
8.553708281014631154e-02
8.556037037256382372e-02
1.567941866614500912e-01
8.507174108742793228e-02
2.799751193543806652e-02
2.536160317629700123e-02
2.166786714991885410e-01
1.269322262829098436e-01
1.239793987375420597e-01
1.695358105131648460e-02
2.611546252106522470e-01
8.972418873968802944e-02
8.962390498336070960e-03
5.558445116562343754e-05
5.604434616236848160e-02
6.950019210167825978e-01
8.956722253411382451e-03
1.887730583684064933e-01
1.235759787217693279e-02
5.902876922512775154e-02
2.226515964240972575e-02
5.003124203461935260e-02
5.144394279717067614e-02
2.736299049112203910e-02
2.103421954909764913e-02
6.531532871956342856e-02
4.692799974570996402e-02
2.198308620565180352e-02
7.442341609630175048e-02
2.937803136298946030e-02
4.488034870071978127e-02
2.450310770719732467e-02
5.218746608029085909e-02
7.446236649480278413e-02
5.107779368504027778e-02
4.740145012484568710e-02
2.972753165001784659e-02
1.931730718807475600e-01
4.878472105064785014e-02
7.913281014727174822e-02
1.296804793290286806e-01
5.094064683424467943e-02
3.140715526012703707e-02
5.315226916483010294e-02
6.314412894237994567e-02
2.104143199174806633e-01
1.621322644324124651e-01
3.172387794831538904e-02
7.960637602577734375e-07
3.055524112943774506e-07
9.119237029172017767e-08
1.080886994717001889e-06
5.763203182178751049e-01
3.729907653024773333e-04
1.729980106398816900e-02
1.527879747038147322e-06
1.121704883573768768e-02
2.448441768174859645e-03
2.004794921724156455e-05
1.260006442199777810e-02
1.793165138447225249e-03
1.944524929828778462e-02
1.808561970256790941e-01
2.141915846514556021e-01
1.745703723936558871e-01
2.594452881104720304e-02
1.968011662077681634e-02
1.553246155247029088e-02
3.665228104009830012e-01
1.617966590433293425e-02
2.288679138405756985e-01
8.812144574632967409e-01
6.113853309654809082e-02
5.124152985133285931e-02
4.945103648534586449e-02
7.077353800208306678e-02
3.230707873744591563e-01
3.167400035830778698e-02
2.556200169730171723e-01
5.161419840416943405e-02
6.591128759234585898e-06
9.107078401085311192e-02
4.420715522248999663e-02
1.194567826623633783e-05
1.498229058074239395e-01
5.996966199320639479e-06
2.298172390707458647e-04
8.597377006386449326e-05
3.259252335915725080e-02
3.393786312318165105e-02
3.899028998262218937e-02
1.052955300834936773e-03
2.183105202254120580e-01
5.371804912063898874e-02
9.289889188653488450e-02
5.567710313663737365e-02
9.669546372567887349e-02
9.419523496007423113e-02
6.648507714742762920e-02
4.161589478291369965e-02
1.126039207303534684e-01
9.521878037450716425e-02
8.344977468629408146e-02
8.793509360113267725e-02
1.507497098779875533e-01
3.162887027591215761e-02
2.825082824422893088e-02
2.745584833895789792e-02
9.860747813769761561e-02
2.813370607634960718e-01
8.183206705215022581e-01
2.163058646754138226e-01
3.752085968471445265e-01
4.868928739028532404e-01
4.162884087058195681e-01
5.171680366953819163e-01
4.928749672630787781e-01
1.265935460012830027e-01
6.884436098211346167e-01
4.304221230254907660e-01
3.168922911311774504e-01
3.382441067828034220e-01
1.247657517385016429e-01
9.577089432829821725e-02
9.440024741934606167e-01
1.687686091311470238e-01
1.428246881690471703e-01
1.411452482512296769e-01
9.646883348602764974e-01
3.261721526091251322e-01
1.987852476846626859e-01
4.355503926023631123e-01
1.223350352179000816e-01
1.661470892282044531e-01
9.118092958732651465e-02
1.050564582347595088e-01
1.057040604575447684e-01
8.669771213139369000e-05
6.824325737716914475e-02
1.153495231629804441e-01
6.751842365374195667e-05
2.350528106200758640e-04
1.258894579826078108e-01
6.787705497785171261e-05
1.392069393097383478e-01
3.378178781286080518e-08
6.082881873329388901e-08
8.759671888333491960e-03
7.095483260222543165e-02
8.517949799033743830e-01
2.745607453077109745e-04
3.072501245688275540e-01
5.302805371746184271e-01
8.710372677358855231e-01
7.556941053859593804e-01
2.202525127674354322e-01
2.093876658555610948e-01
2.887256186959619164e-01
3.237536473842329010e-01
9.484991924854345724e-01
1.013301457173805681e-01
7.346548712777844180e-03
5.847467493865434369e-07
3.671150988628947022e-04
7.574704454587757319e-01
1.188204087053073704e-01
5.598135873029861376e-01
7.559130794104490514e-02
1.231301539167629910e-01
1.593807864133859331e-01
1.184018666058577057e-01
1.095843801976549986e-01
3.019384929254503858e-02
1.298325983116991600e-01
6.825227660073664993e-01
3.561247276566149172e-02
3.240424240406874490e-01
6.361522220938632677e-02
7.125671246548069375e-03
1.951779032039213310e-02
7.115082442233400077e-03
2.591483425414296519e-06
1.169770828976342270e-01
2.377491171944733431e-02
7.233429304721211706e-01
3.144447465182978463e-01
7.866029665770114532e-01
4.267240383822148986e-01
3.351851036433451531e-02
7.712233480478016823e-01
3.411241900037073616e-02
4.210637618263539383e-02
7.691946282289107151e-01
3.777122230088793553e-01
3.938988905161688314e-01
2.594939881006524396e-01
1.160280596177025447e-01
1.410673039221785607e-01
1.275284057413061667e-01
2.159624901475811626e-02
5.884030916499948666e-02
3.080119661166614425e-02
6.956646167988618512e-02
9.579151083492040697e-02
2.836973548311661486e-01
3.331541578352735233e-01
1.877453334788088679e-01
1.622364688614229555e-01
4.593353287692172326e-01
6.816054997140628124e-01
5.827123273711150020e-01
4.152767555166371749e-01
7.643851369161752674e-01
6.853246677483929572e-01
7.244662428916730512e-01
8.636593524878684036e-01
9.541384439228088876e-01
8.816059082158497207e-01
6.113313335493499867e-01
6.367788008227180940e-01
9.118861323907100358e-01
6.715013257612741926e-01
8.819645361180611376e-01
9.023942746286278682e-01
4.713481166436160330e-01
4.900244314957789005e-01
4.475561085878887457e-01
4.840712461330731187e-01
4.213873048249389131e-01
2.684912470324354872e-01
5.737474739317970363e-01
9.752442995853024543e-01
5.832835907881143145e-01
5.959146177965750635e-01
6.839358526766222690e-01
6.588432841134148621e-01
9.857209151048413887e-01
9.825869624513898781e-01
9.854268488009054749e-01
9.145388527369798792e-01
1.209453640275181263e-01
1.204112942511670892e-01
2.121123397901970575e-01
1.187723012352201041e-01
1.287794619213111225e-01
9.912492390855824620e-02
9.706054693236942921e-02
2.546382064327780692e-01
6.780040486955687951e-02
1.987585752172133305e-02
4.238599116758224455e-02
4.968144980170554476e-02
2.080449243592951900e-02
2.556971212529647944e-02
1.338352042894948579e-01
1.675231470892672991e-01
1.615353893616561787e-01
9.392940923343066073e-01
8.033547793014085281e-01
3.691293239672969184e-01
2.581641365504659391e-01
3.096095789076845350e-01
7.284473451574812186e-01
8.270016852242887406e-01
5.869520432334934812e-01
6.331468547554733872e-01
5.756411737685703800e-01
6.824328216050756790e-01
8.937607622396884777e-01
9.090403638769911643e-01
7.579318252915105969e-01
8.486626478914541805e-01
7.062063366167646850e-01
5.800057933391249421e-01
5.793296672307653994e-01
8.556422059808754810e-01
2.485667343147727193e-01
4.325378146078204256e-01
2.234824668263809544e-01
6.966733834344683851e-01
8.054005820974350360e-01
5.557714852139551409e-01
5.138326576825317238e-01
6.502455661107550133e-01
9.366046022874807697e-01
6.380437005500494418e-01
4.530120948227152056e-01
5.000015740334526892e-01
2.137993963458192648e-01
1.290736090660853652e-01
1.846420824343161793e-01
1.223597914283593713e-01
9.209453235902273494e-02
5.719839745929373998e-02
1.626031744379158595e-01
2.553326433031694598e-01
9.139842960097731561e-01
7.108214415421750809e-01
7.834989169167989598e-01
6.379569008914662831e-01
1.435455953510710869e-01
2.308339625450022137e-01
1.497069854853433912e-01
2.071195708920662015e-01
6.719437294405942174e-01
5.172425074122793953e-01
5.092369453126761591e-01
6.370937297880275851e-01
1.012784183513656955e-01
2.523146010016187879e-01
1.849964292144191391e-01
2.321251092250095627e-01
1.412367740649812242e-01
2.514193257248005797e-01
1.440009587448851658e-01
1.419956197980999091e-01
7.487224163348978057e-02
8.756049280680353042e-02
1.526448425007559395e-01
1.018584154660993196e-01
1.326154857050323432e-01
1.346843282284054810e-01
2.021428617241486647e-01
2.464103745829933079e-01
9.629642454493823889e-02
2.054635515572119098e-01
2.359293852161644112e-01
1.030072201398536808e-01
2.158742738234425695e-01
2.211179228711207811e-01
1.050373516301096599e-01
2.491472851079244155e-01
1.007516796763284206e-01
2.190033746383459878e-01
8.979072879907160076e-02
1.210559723892333933e-01
1.768574227420836980e-11
2.190499214844325130e-07
8.329461501918659867e-09
2.876091798962754696e-09
3.986525151913856806e-03
3.622927885168573461e-08
1.845282402384406349e-03
1.399894274023126073e-03
2.685344735918109645e-04
1.622318437954563515e-10
4.558441499246257687e-11
1.095487827319821805e-01
6.946535035795648773e-03
8.266541593717188774e-03
2.971877854094549473e-04
1.291659483820522814e-01
3.186893298611723126e-03
9.813510342139196415e-09
1.706036254610237765e-02
5.806297990586874874e-03
1.139632890086629026e-02
7.365541302718187896e-08
2.700198659810780429e-05
1.107332363366577907e-02
1.576700564731830112e-08
3.718294206334396535e-04
4.803415171721736962e-08
2.358389417574879025e-07
3.413983175537837106e-05
8.741033863970147644e-03
1.575642541458775747e-01
6.002614188693785463e-02
9.102597945529072613e-07
3.462786998863775999e-06
7.144426833619644829e-04
9.647589499301208182e-02
3.267847203208128215e-03
1.674295073198463690e-04
1.404009666742066509e-01
1.330549841913782061e-03
7.507553540427529259e-03
1.473968074474024496e-02
2.347064810062541862e-01
1.323805999142931844e-01
9.624928846822469741e-02
7.328925463618229767e-03
2.832358048239331239e-01
1.449237692627266920e-02
1.491475971365741754e-02
7.151808308968998773e-03
9.048841915390102436e-03
4.687226116070658359e-03
2.980981450109181433e-03
2.878199126360529150e-04
3.376465865148258957e-03
1.361349586310389541e-03
7.074943220427901830e-03
4.313922454100568848e-02
1.539567368367346107e-03
2.183029033359566717e-02
4.602012436416667504e-03
6.958104746862361911e-02
1.060533212468856359e-02
5.041434872299684761e-03
2.208350263326672516e-02
1.173660941299442262e-01
1.939717445855659167e-02
1.896958097453025141e-02
1.591624501083303833e-02
7.147813871515680539e-02
1.449005938367762224e-02
3.577574688234785860e-02
7.489835683277731512e-03
4.532488220583583138e-02
3.355444436859612023e-01
8.843880322382981565e-03
5.689995035114596422e-02
1.681807502103646254e-02
1.488331041428115308e-02
8.407920989647273136e-03
5.774005264360038137e-01
1.261533923740262679e-02
1.365582299642066795e-02
1.311009891169395876e-02
6.601690511847032594e-01
2.402092467022287972e-02
1.282427131338870381e-02
2.056001258978982366e-02
5.077531552305870194e-02
2.451398077605331238e-01
4.364115925195043849e-02
2.254120189626590554e-02
1.015702683024416637e-02
4.640865553470135962e-02
1.357145154786481289e-01
1.550272053809265485e-02
3.546044972760584862e-02
7.038735241307096657e-02
1.577870137222806002e-01
1.464723604402192736e-01
7.183755143943075516e-02
3.202133425163883329e-02
6.208416184102332619e-02
3.222675102206180864e-02
9.556370822150757338e-02
4.321087958306520094e-02
4.776329299309826915e-02
1.421434509943734215e-01
2.968209922808197690e-02
2.966201042726823028e-02
2.270578046497322422e-01
5.733589346344836191e-01
2.586624132043877644e-01
2.152477477354962088e-01
2.262780465948883296e-02
2.951409131382740081e-01
9.649544502723031436e-02
1.049970705394776965e-01
8.509797790347158053e-02
1.221524698577866330e-01
9.292695312210753900e-02
1.018619519316916883e-01
4.333811944208453282e-01
1.351779369534692465e-01
1.106317868864409443e-01
1.275693103482492818e-01
1.196992543782275653e-01
8.537254044572624434e-02
7.282777061881852143e-01
1.249484912564666761e-01
1.773697467826815949e-02
1.615090204781404748e-01
2.137407538268866758e-01
1.487145729578771003e-01
1.861705377895938596e-01
1.254422143714765681e-01
7.690260905147872431e-03
6.902450492291592986e-04
1.470072543761932618e-03
7.500929856752547959e-04
1.220189602115869104e-01
1.708696318380067102e-03
6.747904114788685383e-04
2.229871043105969286e-01
3.502810654367426862e-02
6.675956066644522791e-02
8.642806933449651563e-01
6.931871809780588978e-02
3.464516873592592416e-01
1.181734192173113096e-01
1.314738110816549288e-01
1.525741806194498007e-01
4.007880207538762618e-01
1.303202076415158339e-01
1.139590582193745483e-01
1.148969730779323961e-01
1.873869108736483102e-01
1.145278386118108449e-01
7.189609884279879459e-01
6.807402587897362634e-02
1.997528881486710373e-01
2.040687424848972864e-01
2.913769168791212061e-01
1.256594487774981006e-01
8.053954506283157733e-02
6.648634644917247871e-02
6.358214995106642453e-02
7.012452579071867254e-01
8.657484343965880791e-02
1.167854734080080031e-01
8.572863491697463312e-02
1.358263009030297730e-01
3.394120161034815397e-01
2.400430887607602481e-01
1.646471243054733191e-01
7.488961344764408223e-02
7.692287342034880293e-01
6.660516137826555383e-02
1.218884656534632571e-01
7.830073516798305433e-02
1.214130259401013240e-01
2.687296715954328730e-01
9.640333471698610268e-02
2.319843511010081794e-01
5.625212864714239647e-01
7.044754928651373316e-01
4.148651329428013068e-02
3.230837834064691910e-02
2.478810151362798031e-02
1.410696405831913525e-01
2.002297636363428446e-01
1.436486150195434575e-01
9.742204695866871211e-02
2.634822848202934484e-02
2.789957113918259055e-02
3.972770050843915657e-02
1.424825377353223232e-01
2.984564481029732962e-04
1.719331139228675101e-02
1.271767285821015503e-01
1.297359166827224131e-01
1.588646916900328387e-01
1.468122092363371711e-01
1.506361516853824967e-01
1.267424887115712329e-01
3.862502619919043756e-01
8.921961273790963987e-02
1.898834001989603004e-01
6.129428694117652378e-04
2.013348532053392320e-04
8.023089714199724330e-05
7.700392271669412954e-05
6.023427177293846357e-01
2.136526051770470946e-01
3.056037476320234703e-01
1.132016175800643343e-01
8.725428766140419512e-01
5.612625075593895563e-01
2.053371073568087402e-01
2.501463961289696614e-01
3.420128862542775594e-01
6.845628246644124282e-01
3.781622041650984922e-01
2.383074212140010584e-01
1.880894460296531345e-01
2.953892972885542867e-01
9.939126659110819606e-02
5.116196120256022439e-01
3.202956403174689326e-01
3.572473923289552489e-01
5.013251848204283018e-02
1.874564991780669140e-02
8.341391692435699834e-02
2.407460033357416707e-01
3.598118996314828566e-01
2.147249650147984856e-01
7.512418390595229645e-02
8.968697382401509544e-02
1.020047520936479823e-01
7.321444254948432373e-02
1.076144103398528618e-01
1.731661958842739824e-01
3.510001652030694808e-01
2.120342077228016264e-01
1.919795068748414713e-01
1.650701561066795775e-01
5.952081534299308307e-01
2.913042396811866275e-01
1.180729468800172516e-01
7.810103242665995815e-02
8.832759225314713858e-02
2.707007281282639566e-01
9.747121823105121818e-02
4.050182187678266210e-01
8.414133236524243276e-02
3.867423584842235584e-01
1.438243598492465192e-01
4.115841308665917353e-01
1.686748564119240068e-01
2.296563289034916633e-01
3.518230821210304726e-01
5.203096682689519747e-01
2.951377288010920141e-01
1.217282171048520711e-01
1.697296761198283932e-01
8.327465772862530091e-02
6.882438996157207445e-01
3.776442165486615377e-01
1.173535705762421694e-01
1.296955017134517052e-01
3.636143367575048191e-02
3.312992938874069204e-01
3.752913639890894659e-01
4.080103559446745520e-01
6.868228130941481657e-01
8.201499296639637449e-02
7.897570431411674030e-02
1.537970694561028029e-01
1.847352481789061029e-01
1.543216010570525910e-02
5.071763369736526778e-02
4.583569827641545413e-02
7.001494294649057704e-02
3.710693007809324345e-02
1.431485050724020935e-01
2.474324872360675331e-01
2.255320567645467122e-01
1.532170006330424994e-01
2.656520839796458477e-01
7.873408319981579917e-02
9.620558691401318030e-02
1.300225201591500568e-01
4.207553875678989308e-01
3.580309294297771561e-01
2.644471345099230764e-01
6.547353532831672041e-02
1.827869758946751994e-02
4.066003879889065198e-01
1.649657186279476664e-04
3.535837619083690569e-02
5.742277927496236556e-01
9.707263931271160884e-02
3.298402619599865027e-01
2.344812266398766387e-01
2.039055424361361222e-04
6.756583437043185746e-06
1.043650145738449003e-03
8.915595257111817197e-05
1.195808229082957058e-03
1.940880294820290786e-02
4.625756286305449799e-04
1.043833138268251970e-02
5.542679959491637609e-01
8.453400435264043500e-01
9.471101549370202211e-01
3.353458297822756173e-01
7.953405938641621153e-01
8.100670248166919052e-02
5.269690706968384319e-02
3.450063599167854655e-01
9.808336780804761679e-01
6.884230768781007814e-01
9.815754719498066549e-01
7.902574773097607030e-01
5.763419189205720022e-02
3.182158095426359384e-02
6.843550164129454105e-02
5.195240733062002347e-02
7.925057100255954445e-01
8.209120701150407484e-01
5.765302953629874994e-01
6.399941528063852747e-01
2.340297481061268947e-01
1.201441164773796866e-01
1.074029490218793015e-01
2.403814635299438840e-01
2.529620022353707420e-01
2.532381372780198592e-01
2.529571777701738466e-01
2.546045534651564246e-01
3.934593788364668804e-03
3.659448573410543915e-03
5.886245919693755546e-02
7.218654171118920812e-03
1.319806282930368613e-01
1.063806097565943853e-01
1.323604140054763789e-01
2.349426759110880281e-01
8.984039138581403595e-07
8.739967253878367155e-08
3.747593032002967460e-05
6.406501474427041653e-08
1.957155739455581911e-01
9.738401052260864388e-02
9.445479665434904082e-02
1.330252270451305341e-01
2.731395133520538379e-02
2.480469136196579785e-02
7.146071873395168361e-02
8.864965045160740076e-02
1.089062530236178800e-01
3.427043969879786101e-01
2.109940833925246645e-02
5.642834335261578960e-02
1.011589624051576278e-02
8.413148211537296861e-03
8.205759399586889588e-03
1.079011452149767833e-02
1.000000000000000072e-18
1.000000000000000072e-18
1.000000000000000072e-18
1.000000000000000072e-18
3.104692930568922482e-02
2.628587178529913637e-01
2.221877621623188220e-02
2.674198417506874481e-01
1.056871664974815515e-02
2.705087437562508357e-01
3.937653447115646906e-06
2.746810183472061517e-01
5.240513444432093478e-05
2.747628307742690512e-01
2.375437285634756344e-04
2.749722269118951568e-01
7.256448529443471030e-04
1.744056883538495310e-03
2.769619955185368410e-01
3.624924797942695714e-03
2.689327870786472618e-01
6.508263630630607005e-03
2.285837385107902797e-02
2.721807531008644254e-01
1.129560349119564967e-02
2.380034341403106102e-02
9.445620484553585161e-02
4.681634620716976225e-02
2.182487795027568955e-01
3.970840824386624723e-02
4.364602317612840260e-02
6.489428324656718039e-02
1.945095993152045344e-01
7.561923563708558560e-02
8.487114119294018877e-02
2.446243285622467789e-01
9.160527361085568643e-02
2.394723766260710707e-01
9.755036372390249455e-02
9.264640581487946971e-05
4.951549164198706388e-01
2.697950472282615968e-03
4.992449757518969133e-01
1.506845657915419079e-02
5.061404097904974586e-01
2.234503075260292904e-01
9.959267595678511498e-02
1.404556582337310872e-02
4.606616281389427827e-04
6.330007077091631684e-02
2.973561542856621373e-02
8.879211863463025434e-02
7.605644029944877427e-02
4.260447943219046463e-02
5.157863539724573121e-01
5.584559685888450531e-01
5.302112202776440020e-01
1.352993736816086867e-01
1.887098063300576833e-01
5.361704634058934715e-01
1.069281410248660164e-01
5.701351715425948419e-04
9.697863334502921165e-03
4.393864884297108992e-04
4.684028210511848589e-01
1.240092160708183983e-01
2.569547882842838082e-01
9.031884633720564095e-04
7.490848933289246947e-01
1.077297078821463638e-01
1.143075221941850239e-01
7.857985950671447783e-02
1.826763916890419837e-02
3.762423776575699597e-01
1.025192169810454912e-01
6.098056379934037041e-01
7.680618458023633077e-03
3.271510275349455432e-02
2.321747929287618362e-01
6.396727420026309119e-01
8.597813238159984772e-01
6.317365250196503856e-01
9.543336477380675031e-01
5.941095157264947302e-01
3.420336684674412653e-01
6.016296223842423352e-01
9.845372366249416363e-01
1.130549821481505735e-01
7.601233994586252540e-02
2.119628487057144406e-02
5.312049413215396559e-02
7.693302955217103944e-01
7.817140660599438684e-01
7.264685124512704206e-01
6.864939552263509270e-01
5.569929149981351912e-01
2.864178850672769450e-01
6.779185597310157796e-01
5.851909964544851350e-01
1.222142761788322096e-01
3.956706257727934245e-02
5.600735940416686764e-01
1.117007428832170329e-01
6.656330449668735882e-01
1.541875940423572122e-01
1.451445699644861032e-01
7.612801754277248589e-02
1.286313280853401131e-01
1.071364616647127871e-01
9.542684877947359146e-02
6.046930591050839188e-02
6.962154462943490732e-06
1.223663112466155389e-01
1.666821607984191229e-04
1.219817377718928897e-01
1.016072485787826874e-03
1.213265783718084634e-01
2.416504398582142765e-05
1.553020285914792353e-01
4.219177593629983231e-04
3.479472957187412178e-03
1.730802608044541835e-02
1.200533021616521923e-01
8.553865475985737710e-03
1.572431373517122200e-01
2.061376287155049052e-03
1.603863117108507430e-01
1.148328498336158299e-01
2.750249311368367297e-02
1.643789243075543804e-01
1.187305183898101565e-02
1.695248924443367999e-01
1.990163503829266156e-02
1.139329278821896441e-01
1.205911039061798307e-01
3.921186589982422060e-02
4.343682496861867026e-02
1.106248158639511481e-01
7.048102090179235446e-02
1.732911836956936569e-01
8.854552039901009142e-02
1.096823707408300375e-01
8.647683498594445350e-02
2.885609713712911778e-02
1.029229144390456097e-01
4.210420680644046641e-03
3.986293305113819407e-02
7.974886019521393310e-02
1.523403552086740331e-01
9.000306680339172083e-02
9.601144201597151817e-02
1.975977164519827356e-01
4.229930336201735003e-02
1.607493610225144420e-01
9.118046217389243202e-02
9.085852600011702640e-02
2.068112980511855881e-01
1.847954089299573832e-01
1.798156258083659642e-01
3.788175352015873271e-02
6.299424398718177220e-02
7.448641258883520466e-02
9.523782548729457786e-02
1.503032304341612958e-04
1.299970787126239757e-01
1.075402372210481766e-01
1.385478542564284044e-01
9.686996434359526620e-02
4.839282084021909874e-02
1.240942009397918155e-01
7.401328119714764564e-02
1.201199647968437950e-01
8.283597158682340367e-02
8.324176929354215604e-02
5.561947423879481239e-02
5.829937589891380501e-02
1.183028414877002332e-01
8.531026930400525954e-02
3.464782283288461023e-02
8.408838938590587619e-02
2.506140747621245224e-02
9.528032156637761263e-02
1.109121122625463668e-01
8.854735807104206768e-02
7.111914656549966907e-02
1.043680323676149727e-02
1.042771411373148993e-01
1.467463674290870766e-03
2.751985952029997184e-01
4.152305871270406401e-01
8.386860175932291106e-02
9.862408700122461402e-01
1.864934443082386373e-01
6.573381291975919360e-01
2.068308094857191082e-01
3.229225289237537266e-01
5.805223785573953958e-03
1.082753255922841856e-01
4.108385727034128991e-07
1.050341410228763650e-01
2.346675557130615541e-01
2.515284615609045260e-01
2.723239106292782985e-01
1.000000000000000072e-18
