1.000000000000000072e-18
1.000000000000000072e-18
1.000000000000000072e-18
1.000000000000000072e-18
1.000000000000000072e-18
1.000000000000000072e-18
1.000000000000000072e-18
1.000000000000000072e-18
1.000000000000000072e-18
1.000000000000000072e-18
1.000000000000000072e-18
1.000000000000000072e-18
1.000000000000000072e-18
1.000000000000000072e-18
1.000000000000000072e-18
1.000000000000000072e-18
1.000000000000000072e-18
1.000000000000000072e-18
1.000000000000000072e-18
1.000000000000000072e-18
1.000000000000000072e-18
1.000000000000000072e-18
1.000000000000000072e-18
1.000000000000000072e-18
1.000000000000000072e-18
1.000000000000000072e-18
1.000000000000000072e-18
1.000000000000000072e-18
1.000000000000000072e-18
1.000000000000000072e-18
1.000000000000000072e-18
1.000000000000000072e-18
1.159003636149645404e-02
1.518921667975788869e-01
7.656368000059200762e-02
2.078992685146267144e-02
5.163261525816930567e-08
1.311307273194323719e-01
1.196415306080942237e-01
4.412564397707369498e-17
1.000000000000000072e-18
1.000000000000000072e-18
1.000000000000000072e-18
1.000000000000000072e-18
1.000000000000000072e-18
1.000000000000000072e-18
1.000000000000000072e-18
1.524690896784318128e-01
2.124449648714421268e-01
1.635710265164423971e-01
3.364402134438689296e-01
5.477452985649734485e-01
7.760758723931675540e-01
1.000000000000000072e-18
1.000000000000000072e-18
1.000000000000000072e-18
1.000000000000000072e-18
1.000000000000000072e-18
1.000000000000000072e-18
1.000000000000000072e-18
2.482745323651255536e-18
2.934471194381972625e-02
9.692348735673494975e-02
1.793504172570161758e-06
4.145382196950189030e-02
3.943366827994713719e-01
1.081161373424953248e-01
1.744181518308623169e-01
1.000000000000000072e-18
1.000000000000000072e-18
1.000000000000000072e-18
1.000000000000000072e-18
1.000000000000000072e-18
1.000000000000000072e-18
1.000000000000000072e-18
1.000000000000000072e-18
1.000000000000000072e-18
1.000000000000000072e-18
1.000000000000000072e-18
1.000000000000000072e-18
1.000000000000000072e-18
1.000000000000000072e-18
1.000000000000000072e-18
1.000000000000000072e-18
1.000000000000000072e-18
1.000000000000000072e-18
1.000000000000000072e-18
1.000000000000000072e-18
1.000000000000000072e-18
1.000000000000000072e-18
1.000000000000000072e-18
1.000000000000000072e-18
1.000000000000000072e-18
1.000000000000000072e-18
1.000000000000000072e-18
1.000000000000000072e-18
1.000000000000000072e-18
1.000000000000000072e-18
1.000000000000000072e-18
1.000000000000000072e-18
2.324324491306009599e-01
4.205260623791904351e-01
1.491182366852746716e-02
1.720048027836605931e-01
3.757467909480765034e-01
7.377441183821609183e-02
1.671800033181787201e-02
7.832598699128494324e-02
3.687557968437900069e-01
1.189838746189206438e-02
2.960989010072376595e-02
9.245203276621954958e-02
3.783934136279876875e-02
3.116695143451207739e-02
4.039494197654751317e-02
8.901677669412539490e-03
3.527586112575301601e-03
4.811131294581019041e-03
3.791043265602892509e-01
3.638850622669230483e-02
5.457904739489963242e-02
7.976043398511918278e-03
4.580333936303706242e-03
1.071943607816097516e-01
1.579583319020805600e-07
1.348166146866560701e-02
6.059443452864953297e-04
2.673332891261203659e-01
3.114695916539568477e-05
1.340844774861049617e-04
2.162458897949403053e-16
1.734479937134398783e-02
2.767033795940832426e-12
7.835713298712947182e-04
1.671966880224002860e-01
3.647585782340984810e-04
5.435712403011747074e-02
5.459414519550621165e-04
3.152381680602933493e-04
2.134174492915246997e-04
2.250915779779717881e-05
1.807853463724556819e-15
1.888292805481364949e-03
4.455947730770608295e-02
9.447481294263053409e-05
1.000855939365770592e-04
4.450980544621042055e-04
1.085642635309745077e-04
3.041347303198301683e-02
1.197533603328845462e-04
9.933317339851815194e-04
1.172582251384446817e-03
2.648904423604878794e-02
7.532774618012874276e-03
2.218570102270138109e-02
1.650796020210587925e-03
2.818103710032046974e-02
1.084784693410498603e-03
2.897321760227684895e-02
4.277059895590651917e-01
5.965331709076135414e-03
3.283626830044602922e-03
7.051397007681281526e-02
4.397357221243582658e-03
2.381010335347309714e-02
3.365850673407598248e-01
3.437621181147996422e-03
2.050124524768624779e-02
1.726774791872837805e-02
5.691137169634126469e-02
4.645691081526724144e-03
3.103856903659829580e-02
3.248904721231197223e-01
3.338926972232938994e-01
3.054871259564914676e-02
3.280067485200315047e-02
9.128755442180603447e-03
2.408083416089813189e-01
3.376179827242397485e-02
7.956461436973002663e-03
3.253591489424163818e-02
3.819208978071442218e-02
3.398039099488590203e-02
3.497297919305016739e-02
8.522126287951176105e-02
1.560333070882399841e-04
2.146271905006919348e-02
2.142481322864034365e-02
2.900565319661757915e-02
8.945946113764020532e-03
2.873163664948132773e-02
9.331292665242035822e-02
8.416475198742014163e-02
8.549167405407538667e-02
1.567418346360888726e-01
8.503086167275983320e-02
2.753608708057932175e-02
2.497150959585314051e-02
2.177050981106345429e-01
1.263271798533519563e-01
1.233532898824007407e-01
1.670935029656844123e-02
2.611115447167968173e-01
8.902374682265749850e-02
8.937925083225236808e-03
5.558640225340488077e-05
5.496423009058395981e-02
7.108457721292188447e-01
8.929257584843107443e-03
1.893516540409591054e-01
1.231401505254295717e-02
5.904161640432925573e-02
2.222441600460807465e-02
5.004825616562620649e-02
5.122545296633965184e-02
2.737664632815035165e-02
2.072241609447192032e-02
6.531111879497555894e-02
4.693968268585499426e-02
2.186627320074054776e-02
7.338071129651300983e-02
2.897908065918209167e-02
4.481721716661611621e-02
2.428504393089207791e-02
5.207828185522320186e-02
7.450262643930388728e-02
5.095344578669642327e-02
4.737795340411193185e-02
2.951869412479266042e-02
1.916080869083230664e-01
4.873499049695195762e-02
7.896552707007482852e-02
1.296184408831466683e-01
5.092199894863549958e-02
3.110398364811304411e-02
5.305416289613171937e-02
6.303903500919075253e-02
2.089602660269730405e-01
1.606946552588027488e-01
3.150195676625431457e-02
1.121682336316984484e-08
1.919294475274501206e-09
2.016440083251300877e-10
1.960804365995178097e-08
5.838968924725422838e-01
1.851386335982637007e-04
1.689481967626676323e-02
3.673563526852258485e-08
1.068511722784123812e-02
1.976521498720734595e-03
3.044281603541375270e-06
1.208579220840690430e-02
1.483949662859265989e-03
1.794910870980958098e-02
1.801549395282616706e-01
2.138948849619855541e-01
1.737578322404813858e-01
2.547099634017999450e-02
1.816758080444672019e-02
1.503490693033030998e-02
3.641802490357372024e-01
1.491921819061356805e-02
2.285741247940496768e-01
9.173708970702386667e-01
6.116828881991052957e-02
5.118763404919942500e-02
4.942900263814981043e-02
7.065245221017693589e-02
3.250888178461141531e-01
3.141986316004614921e-02
2.566637121076562056e-01
5.156642474969510420e-02
4.536727185917179927e-06
9.009466308818546432e-02
4.374601238220220817e-02
8.370101902456417812e-06
1.504663279085260152e-01
2.320848319414343024e-06
1.874388321472744039e-04
6.345593294340043887e-05
3.226681054886391259e-02
3.361750519645726604e-02
3.869520584539355712e-02
9.379379520126986157e-04
2.191676201595982587e-01
5.404090188248500404e-02
9.340769131726811558e-02
5.523359845570290083e-02
9.725397143213876383e-02
9.472201611702416035e-02
6.609554350363094910e-02
4.117424001711524756e-02
1.128021361337516459e-01
9.522585500563879313e-02
8.304565548949410791e-02
8.755314227898554347e-02
1.505557860163852513e-01
3.040861560337303551e-02
2.755350167841567888e-02
2.672894908874854508e-02
9.818648358193202141e-02
2.761709666121296425e-01
8.366138089548751378e-01
2.162679889003260025e-01
3.753400073149478766e-01
4.876382166553769326e-01
4.163774139703746435e-01
5.179251336572090469e-01
4.936437786679278572e-01
1.261646480493086586e-01
6.896809951973499331e-01
4.300964592406891773e-01
3.144587530076803361e-01
3.359307300964823884e-01
1.243273509995200116e-01
9.453725362261912457e-02
9.553513185569888488e-01
1.684524904769467424e-01
1.416454193278480489e-01
1.399886263770193373e-01
9.803467217626097296e-01
3.258304799183096567e-01
1.986025921629275270e-01
4.354900423456024017e-01
1.227503267898225614e-01
1.668188362798151414e-01
9.082129010642303601e-02
1.053508400439624043e-01
1.041476975048760412e-01
1.058578237311273654e-05
6.614750567517030388e-02
1.138521315090676445e-01
5.255360769928561563e-06
8.345789220302207191e-05
1.244537717721062725e-01
5.342004860793461612e-06
1.388800062944493263e-01
1.110078496117249612e-10
3.133555799566267833e-10
8.501461101438357801e-03
6.903501788046798038e-02
8.566715306621789372e-01
1.083124699144887796e-04
3.068901739827121222e-01
5.313787396916844763e-01
8.750421657094319405e-01
7.627996858900246702e-01
2.164202816964586329e-01
2.090979613038493334e-01
2.875551566156165917e-01
3.239236939944804550e-01
9.569150654285502045e-01
1.009847719666015775e-01
7.274197617248730902e-03
1.476650833663385360e-08
2.328685182544138919e-04
7.641970751458868616e-01
1.173435550694502533e-01
5.611323455507981617e-01
7.377150155573622414e-02
1.229922076605969306e-01
1.591291039931186091e-01
1.180937078134384616e-01
1.091986863060318280e-01
3.012038354707086141e-02
1.298635107253938159e-01
6.863469486319474511e-01
3.549268593943668421e-02
3.261609241252702573e-01
6.329676670674411199e-02
6.934718002403540346e-03
1.951864463858101612e-02
6.939318464473888913e-03
1.561693365752937679e-07
1.172077654700814375e-01
2.363664988759032679e-02
7.274423778582141953e-01
3.135060434917279482e-01
7.919874503233549357e-01
4.264400706493980953e-01
3.294769199524579667e-02
7.778720433731476369e-01
3.348646419353989295e-02
4.121189120801364153e-02
7.704155410042502483e-01
3.777388234381686694e-01
3.941425452744634628e-01
2.593360397998762945e-01
1.161168587179117195e-01
1.411405437575226074e-01
1.273641795264856547e-01
2.083133022648044064e-02
5.836564819466363851e-02
3.078496083223803553e-02
6.906300991851960225e-02
9.543019740632101289e-02
2.822425667283097184e-01
3.318095444291349061e-01
1.865509731434001339e-01
1.614246124028884954e-01
4.596907603920355467e-01
6.827310311405884180e-01
5.834058608645307231e-01
4.155241817007032656e-01
7.664616495350473624e-01
6.872311265485246956e-01
7.263775986112886995e-01
8.679451861188888229e-01
9.589995029365664392e-01
8.861091140244974351e-01
6.123930626249948217e-01
6.379072248830476299e-01
9.145641857696830135e-01
6.727640122669361622e-01
8.864342602299608576e-01
9.049789007474016156e-01
4.719216746092657067e-01
4.904983184544308705e-01
4.479700181234906320e-01
4.846858329207126004e-01
4.209689532631868403e-01
2.679662919318830383e-01
5.745289269487212636e-01
9.826027109353941968e-01
5.840365419311359663e-01
5.966087018201253755e-01
6.849954195613106034e-01
6.597939445540533798e-01
9.887344024814574972e-01
9.866683612114106605e-01
9.886315453183613933e-01
9.167647691881370964e-01
1.209613311341565106e-01
1.204408143234902279e-01
2.121953619058348228e-01
1.188351812063853374e-01
1.279476107562495246e-01
9.899059687483359460e-02
9.638904100920676898e-02
2.537559033962799027e-01
6.745860225274580291e-02
1.976272673698012405e-02
4.196053880619431825e-02
4.953776124476265419e-02
2.067037758280754894e-02
2.553903925819443060e-02
1.335140409673708783e-01
1.678502564307912115e-01
1.613588377550524422e-01
9.424848627036165327e-01
8.047438213989902556e-01
3.692450639198345264e-01
2.572902212225149920e-01
3.089067026720412334e-01
7.299027758617324668e-01
8.302186833362508178e-01
5.880368130674565874e-01
6.352127208862805574e-01
5.765139675006879516e-01
6.857266992283050921e-01
8.979989642216319456e-01
9.136305768174871611e-01
7.599697577449046060e-01
8.523504609157791512e-01
7.084524302041455002e-01
5.807628388351939730e-01
5.799026411324198493e-01
8.600646173383235116e-01
2.482312625406651319e-01
4.320016888719527826e-01
2.226323773265171113e-01
6.994908219352249379e-01
8.092635874196997259e-01
5.565208599396054279e-01
5.143001116050806010e-01
6.518524707131766460e-01
9.383936138284040274e-01
6.399033873781277970e-01
4.535083675537072145e-01
5.007640105308189815e-01
2.139032136877074830e-01
1.290186860945909952e-01
1.844856100989590020e-01
1.220258999236044084e-01
9.216624027039979627e-02
5.722348147606563795e-02
1.628608405167824014e-01
2.575931647476435993e-01
9.190901165701498288e-01
7.118808315390147134e-01
7.867268471618547032e-01
6.386960313429028702e-01
1.438836489830643273e-01
2.312076163973189602e-01
1.494495500249565512e-01
2.078649338671724189e-01
6.728225058510136636e-01
5.178378459134307388e-01
5.098087587842922153e-01
6.387216992883514299e-01
1.009584358901308987e-01
2.532533284069265478e-01
1.855324327338332691e-01
2.330359758239262669e-01
1.411659633770387112e-01
2.523670831858423336e-01
1.437262008076413411e-01
1.419256299213587369e-01
7.486326727665951197e-02
8.762792851465939226e-02
1.523580501620133421e-01
1.015768166522710708e-01
1.323406793067438136e-01
1.345278394456316806e-01
2.021706144333861310e-01
2.471842143290791383e-01
9.610062594799231861e-02
2.055838234366912931e-01
2.367363325456292855e-01
1.026855063067408924e-01
2.161306821654402910e-01
2.214391611358248468e-01
1.051416350242042885e-01
2.500316871659205020e-01
1.007646066438492582e-01
2.200979424819331509e-01
8.985517694074067474e-02
1.211203976437308788e-01
1.096630832078144353e-18
1.252326927278363334e-09
1.040161625954212221e-12
1.015435458452298775e-13
3.491850907543952651e-03
2.549766017793961887e-11
1.755766659463903808e-03
1.298901308640227400e-03
2.171224876621838406e-04
1.730675355873964008e-16
9.753586970586777689e-18
1.107835247920544441e-01
6.813670036150634539e-03
8.133631420687350080e-03
2.442188754154542502e-04
1.314647610850107617e-01
3.024240254687759252e-03
1.487485654413735854e-12
1.635441545636270866e-02
5.303034033134222669e-03
1.062968346930930064e-02
1.187522737963201750e-10
1.299098788411113273e-05
1.072297202287185794e-02
5.318868739089838726e-12
2.165452466093482659e-04
4.392369759096919484e-11
8.801592977670671638e-10
5.715630654431527273e-06
8.552198925604805047e-03
1.576756893799851345e-01
6.004374268363336931e-02
1.086207517045991033e-08
1.229111148560259204e-07
4.435018325194337160e-04
8.743052762308867187e-02
3.113802870745524011e-03
1.179777069786439205e-04
1.392633174453005718e-01
1.229708213390900799e-03
7.331599585625933439e-03
1.457735405008054111e-02
2.327796268749141306e-01
1.324315550214703596e-01
9.582556174257489401e-02
7.127636274808614794e-03
2.834429088272283348e-01
1.430695999764428593e-02
1.470694828232201046e-02
6.745918040668454768e-03
8.760122183552357736e-03
4.551781257177463756e-03
2.397213891316751343e-03
1.719529485798726193e-04
3.163808918292584926e-03
1.109409602124753706e-03
6.876113707085997062e-03
4.292494475188288888e-02
1.321180671219567048e-03
2.170864600082937634e-02
4.071215762507550580e-03
6.963646963254092881e-02
8.937345570013584262e-03
4.771057920013934382e-03
2.196773504183143280e-02
1.171056301970777175e-01
1.911038756056793186e-02
1.884484617788908731e-02
1.577294231259910445e-02
7.126095159319442707e-02
1.430498594633572082e-02
3.569054142993662720e-02
7.003711253740523522e-03
4.466592450250137653e-02
3.278001810339698507e-01
8.528144579883167181e-03
5.692768327594280309e-02
1.661910214374670222e-02
1.377220674484660318e-02
8.078599089312070436e-03
5.792916000840856450e-01
1.217692049626376352e-02
1.328885170130832127e-02
1.250248111414700887e-02
6.736758834997429446e-01
2.273239556480426485e-02
1.240886682532514780e-02
1.945435154322521648e-02
5.066709501040553287e-02
2.429811605846057265e-01
4.359114214441524998e-02
2.237733805265576525e-02
1.002354839308828259e-02
4.620534766592068743e-02
1.356605173543111442e-01
1.536399827969094425e-02
3.540885932102613709e-02
7.020236482842998060e-02
1.566804590304270162e-01
1.481640204322930976e-01
7.163935117632851124e-02
3.185750926535522998e-02
6.176074669699181674e-02
3.205804038813001022e-02
9.514570860764064164e-02
4.319336992776111328e-02
4.770593399950277119e-02
1.417069751704788383e-01
2.959685104659748670e-02
2.956427957097010686e-02
2.286086275502726417e-01
5.786161930563099576e-01
2.587065080698194297e-01
2.153979140148330751e-01
2.235921226212066182e-02
2.900222909653157877e-01
9.652155389697657240e-02
1.054115907957096504e-01
8.542198663260802682e-02
1.225522556434560234e-01
9.332748686701444751e-02
1.023300940070990400e-01
4.369351791096461879e-01
1.349250776308544286e-01
1.105320055740790647e-01
1.274844428935228979e-01
1.195597874095295776e-01
8.573235361827943879e-02
7.543264374224167845e-01
1.250452551049026639e-01
1.720415816513373372e-02
1.615914060882910341e-01
2.124008637400301158e-01
1.481520010601509174e-01
1.850800891328428510e-01
1.257566952442347730e-01
7.377726259767948720e-03
2.540202432719999674e-04
1.171909162024731797e-03
4.247721171745083958e-04
1.222721212244033129e-01
1.410892013162070137e-03
3.120271548224256447e-04
2.209870527170003929e-01
3.412161368594385236e-02
6.600012310928790593e-02
8.820037445017371303e-01
6.845600944615481964e-02
3.467924468685382733e-01
1.187163370946041213e-01
1.317828863894220937e-01
1.529034946022586605e-01
4.010047912083093968e-01
1.308848857146043265e-01
1.145126383627196459e-01
1.149286760520424194e-01
1.876293102187533979e-01
1.148072795659496742e-01
7.285314022899761488e-01
6.756216085607202881e-02
1.992058762063078081e-01
2.047063696931805676e-01
2.911823807627497152e-01
1.259247956375860455e-01
8.061484390418535706e-02
6.651228288121369125e-02
6.180722583719119173e-02
7.165411640111527536e-01
8.657811558010827802e-02
1.169797851751797069e-01
8.559145310668649087e-02
1.360212229421426111e-01
3.391452299105273127e-01
2.384844664771055556e-01
1.628645413037887457e-01
7.476153686614633864e-02
7.824239185955206288e-01
6.643404435391736529e-02
1.202185979200558613e-01
7.830642040173664553e-02
1.216125282890761772e-01
2.687146545066155245e-01
9.652586064583502934e-02
2.311950562309993407e-01
5.644399316570162251e-01
7.251424441728098191e-01
4.133002415528223839e-02
3.199738357687877816e-02
2.438865002488939393e-02
1.411830104457186541e-01
2.003194173793892419e-01
1.415700383658510808e-01
9.684062361442881406e-02
2.560341006576210762e-02
2.707627458847014848e-02
3.960226719649530269e-02
1.429442098696304397e-01
2.958149270824896450e-04
1.718304612056495428e-02
1.277564933876095821e-01
1.302648436446821045e-01
1.595903616960151483e-01
1.473682867801671681e-01
1.513486360846929280e-01
1.273165172587275296e-01
3.864744704613670701e-01
8.960697665565355019e-02
1.910318761876830806e-01
6.120321615279056184e-04
1.975828078574149902e-04
7.093724998883344185e-05
6.476494706812939677e-05
6.017583024780788215e-01
2.130561586827311449e-01
3.068302555077019322e-01
1.134814513720592416e-01
8.792333547420330131e-01
5.603132641193251384e-01
2.048522782666132580e-01
2.501729228457373888e-01
3.446393587876800391e-01
6.916981559665000834e-01
3.809395854369409529e-01
2.394688352932063391e-01
1.886848601969827732e-01
2.970667901277428413e-01
9.884491327399404226e-02
5.105095046592049712e-01
3.224867610147996166e-01
3.632985001095976330e-01
4.778926004038366870e-02
1.469270334662431052e-02
7.798813109393197551e-02
2.396772301982162678e-01
3.625611957596945323e-01
2.157599180506813985e-01
7.519573126179741884e-02
8.979293717544115094e-02
1.021187524204394403e-01
7.328842193032678032e-02
1.069863514177664537e-01
1.721974343934031537e-01
3.539166696581929616e-01
2.130458291261132509e-01
1.915933357127025949e-01
1.648541474988864941e-01
6.001830128164598044e-01
2.907757336607796339e-01
1.186356447021755522e-01
7.834209946680718850e-02
8.867749696456123099e-02
2.721939582166550409e-01
9.748657842048245870e-02
4.079606944204792196e-01
8.361081247417194440e-02
3.893327436787145102e-01
1.433512913384530074e-01
4.132651138209844088e-01
1.685694621716896935e-01
2.287541214844807103e-01
3.537958025070782053e-01
5.237289920461405401e-01
2.966398605704153590e-01
1.217313003942188110e-01
1.692775442630391480e-01
8.332163977231230034e-02
6.896110782122518712e-01
3.764649633414741681e-01
1.168143437637401277e-01
1.295317025009424250e-01
3.636689514600140172e-02
3.324329009998027717e-01
3.781309985165869358e-01
4.115046813841437001e-01
6.878372154713867648e-01
8.159266646434776282e-02
7.871898451708923827e-02
1.534394044125789169e-01
1.849814399553101341e-01
1.533417999956192095e-02
5.016615977103487667e-02
4.580708558787632140e-02
6.995262467567398001e-02
3.707589847038045283e-02
1.428444271717635994e-01
2.483815427912870744e-01
2.259123880190532507e-01
1.531245121179396484e-01
2.643371750426599665e-01
7.847944592673990194e-02
9.614164105045111541e-02
1.306637388797674826e-01
4.226357753269661677e-01
3.600593374032013960e-01
2.634679605932870317e-01
6.521074697648174268e-02
1.814476424607541077e-02
4.096668713555327024e-01
1.630883730991335460e-04
3.472599932910721415e-02
5.778551218260398192e-01
9.726163671192245008e-02
3.312975129155962817e-01
2.336615739867556885e-01
2.013913808228721351e-04
6.735356124624815975e-06
1.025794254504932548e-03
8.841984972424292183e-05
1.102134937095120091e-03
1.899953762917774153e-02
3.706541364856968685e-04
8.014610528890898228e-03
5.546654904481291837e-01
8.478070967351988285e-01
9.503356515172978192e-01
3.352283945266163467e-01
8.058828105970619049e-01
8.050381139757456506e-02
5.174348239145663136e-02
3.441372136825046613e-01
9.834248345671434688e-01
6.893828963990527026e-01
9.850438835668624549e-01
7.916827013673836122e-01
5.764186023669264775e-02
3.174097932240380754e-02
6.847788870684218265e-02
5.198603129496719155e-02
7.960697946495489674e-01
8.242992528579563549e-01
5.774036953297052577e-01
6.422214068961635824e-01
2.338215086308923774e-01
1.203724423203697269e-01
1.075864135096391838e-01
2.401697909074890502e-01
2.523321320243492871e-01
2.526009327384178826e-01
2.523274475953352636e-01
2.540992527591834915e-01
3.630240394745778455e-03
3.312138763979617911e-03
5.885737053919350842e-02
6.385999309555822658e-03
1.317259424914675459e-01
1.065655828654277631e-01
1.321341492353923230e-01
2.357729515617807969e-01
6.244763064550323837e-07
7.539790601930249225e-08
2.753523071958566862e-05
5.770743257454541331e-08
1.959537942863330828e-01
9.751578103769964478e-02
9.457621565439119915e-02
1.328113710039651174e-01
2.713107974663738625e-02
2.459296066474589426e-02
7.150800019530553775e-02
8.865764287681217326e-02
1.088028729395764671e-01
3.423666129893110366e-01
2.063263758861685546e-02
5.593045017288629517e-02
9.939849416007503352e-03
8.207612350338216317e-03
7.978401414953421866e-03
1.012252817555655757e-02
1.000000000000000072e-18
1.000000000000000072e-18
1.000000000000000072e-18
1.000000000000000072e-18
3.007305521105292645e-02
2.629149821807402754e-01
2.132118316507130087e-02
2.674841122964491946e-01
9.889895141940618223e-03
2.705621847840166128e-01
2.401462992641418359e-07
2.747178977775515674e-01
1.929598379442196203e-05
2.747995362732917335e-01
1.465461951966937721e-04
2.750081879434975174e-01
5.502408618151135395e-04
1.460978611450051761e-03
2.769857909420618824e-01
3.206441980412935711e-03
2.689952610193486193e-01
5.961891296343783259e-03
2.194380604817935260e-02
2.722361300830942743e-01
1.059553385780945961e-02
2.348138306843768064e-02
9.365865978426261840e-02
4.596311307678614677e-02
2.179315397490106943e-01
3.872560387447333136e-02
4.258834128566491017e-02
6.366942176838293055e-02
1.945140551141532059e-01
7.441948125685424187e-02
8.371195037167723785e-02
2.448488893321971449e-01
9.048306513988767230e-02
2.396910711551285822e-01
9.646437867760981888e-02
2.979408037001906042e-05
4.958952031929205750e-01
2.182686651653881985e-03
4.999964620046326580e-01
1.389233565738143619e-02
5.069098942828649257e-01
2.236402746730185576e-01
9.853821914675099658e-02
1.328281847044570502e-02
3.941219980262896934e-04
6.389353949638316987e-02
2.939646245092877169e-02
8.920677859674704113e-02
7.573005133143181911e-02
4.089407972247043055e-02
5.165824419665723255e-01
5.593455207382422856e-01
5.310443949769390048e-01
1.334262476394789954e-01
1.871250381086874415e-01
5.370065046405426701e-01
1.072635531073299342e-01
3.239811209054810348e-04
8.934837898808993539e-03
2.538304276106634859e-04
4.706215145031990565e-01
1.225626484381451831e-01
2.558091420151226703e-01
8.498049887467861710e-04
7.564627240523497109e-01
1.075724656005819929e-01
1.139301603894473935e-01
7.772507875177787906e-02
1.774997186556692350e-02
3.759714872370880090e-01
1.005258684498840649e-01
6.107852789391355897e-01
7.612727336537603896e-03
3.237778211461068978e-02
2.307671335321460071e-01
6.407068644212527975e-01
8.628818400353538420e-01
6.331809584697153381e-01
9.576919716656460135e-01
5.949618018728316526e-01
3.413498327554483347e-01
6.025799651605747709e-01
9.878200687993778928e-01
1.133181427618443898e-01
7.553315927443482458e-02
2.114452665436595408e-02
5.283243219836546850e-02
7.703301995504195920e-01
7.847114899082432427e-01
7.305874803144775109e-01
6.889728076462293682e-01
5.575255112578482164e-01
2.853542552367603347e-01
6.789931272757038228e-01
5.861382469640100679e-01
1.222071354561804629e-01
3.954565196566001833e-02
5.606263595836162850e-01
1.118584476191391563e-01
6.667081279169734254e-01
1.544303140113278683e-01
1.451512084968814287e-01
7.587553621277676186e-02
1.285572737383797737e-01
1.071118240238295299e-01
9.553893260999378467e-02
6.048546492129471680e-02
1.487610323751932560e-06
1.221502465708462909e-01
1.190362784248864348e-04
1.217664507211327629e-01
8.936002278066022863e-04
1.211127463402803250e-01
3.321750023775260649e-06
1.554116506970483480e-01
2.479912839464954713e-04
3.271254661287413198e-03
1.704937400486768520e-02
1.198630553449691188e-01
8.283268071353287743e-03
1.573546507441513920e-01
1.642241415791322609e-03
1.605007898072227379e-01
1.145769358046683783e-01
2.728997001358598323e-02
1.644947964626441994e-01
1.097806491421486272e-02
1.696382416252047720e-01
1.883250690565749924e-02
1.137088095585266773e-01
1.203829731645702922e-01
3.912014709586728728e-02
4.342065992402309449e-02
1.104101018956129970e-01
7.024476806886223446e-02
1.734331501085576432e-01
8.883769682740937090e-02
1.095044081171677869e-01
8.683427410802982416e-02
2.771502368136072661e-02
1.027712249960572588e-01
3.907677589302297957e-03
3.875603627976845211e-02
7.857999112159436139e-02
1.510856303336823026e-01
9.038691594166875509e-02
9.469735801632370165e-02
1.970601620203053794e-01
4.107586888637495409e-02
1.609350506358580846e-01
8.996164185550445391e-02
8.955765403185103612e-02
2.067957218535486918e-01
1.849190594614154304e-01
1.799464510605286172e-01
3.668151695589850353e-02
6.262853962562464627e-02
7.470667832857895430e-02
9.513721486802952099e-02
1.455805085313497597e-04
1.302964799913428340e-01
1.069298302124789962e-01
1.387823725781659467e-01
9.635280516025628017e-02
4.730077182111074724e-02
1.234272343498343527e-01
7.408959362546302385e-02
1.192959494459670949e-01
8.156104369594746606e-02
8.323654018695172963e-02
5.531473885844404026e-02
5.836323010963453267e-02
1.185695864542301442e-01
8.544510526078434587e-02
3.446885924984964544e-02
8.363450324161540717e-02
2.507572903659246316e-02
9.427607377170076075e-02
1.107721149617324902e-01
8.889783724594808867e-02
7.072886486878000867e-02
1.042241247604818941e-02
1.044821272122710143e-01
1.441686965506604537e-03
2.752337824777836284e-01
4.151148761265305853e-01
8.193749838916070116e-02
9.895029729207691638e-01
1.865489728206064513e-01
6.591010037421628498e-01
2.066637996529123444e-01
3.220887104777022114e-01
5.127637918603092891e-03
1.084743349767162135e-01
2.989239822914778789e-07
1.048118846651889952e-01
2.348722908417877897e-01
2.515149618541216436e-01
2.723807659231256562e-01
1.000000000000000072e-18
