-6.000000000000000000e+00
-5.878787878787878896e+00
-5.757575757575757791e+00
-5.636363636363636687e+00
-5.515151515151515582e+00
-5.393939393939393590e+00
-5.272727272727272485e+00
-5.151515151515151381e+00
-5.030303030303030276e+00
-4.909090909090909172e+00
-4.787878787878788067e+00
-4.666666666666666075e+00
-4.545454545454544970e+00
-4.424242424242423866e+00
-4.303030303030302761e+00
-4.181818181818181657e+00
-4.060606060606060552e+00
-3.939393939393939448e+00
-3.818181818181818343e+00
-3.696969696969696795e+00
-3.575757575757575690e+00
-3.454545454545454586e+00
-3.333333333333333037e+00
-3.212121212121211933e+00
-3.090909090909090828e+00
-2.969696969696969724e+00
-2.848484848484848619e+00
-2.727272727272727071e+00
-2.606060606060605966e+00
-2.484848484848484862e+00
-2.363636363636363313e+00
-2.242424242424242209e+00
-2.121212121212121104e+00
-2.000000000000000000e+00
-1.878787878787878896e+00
-1.757575757575757791e+00
-1.636363636363636687e+00
-1.515151515151514694e+00
-1.393939393939393590e+00
-1.272727272727272485e+00
-1.151515151515151381e+00
-1.030303030303030276e+00
-9.090909090909091717e-01
-7.878787878787880672e-01
-6.666666666666660745e-01
-5.454545454545449701e-01
-4.242424242424238656e-01
-3.030303030303027612e-01
-1.818181818181816567e-01
-6.060606060606055223e-02
6.060606060606055223e-02
1.818181818181816567e-01
3.030303030303027612e-01
4.242424242424247538e-01
5.454545454545458583e-01
6.666666666666669627e-01
7.878787878787880672e-01
9.090909090909091717e-01
1.030303030303030276e+00
1.151515151515151381e+00
1.272727272727273373e+00
1.393939393939394478e+00
1.515151515151515582e+00
1.636363636363636687e+00
1.757575757575757791e+00
1.878787878787878896e+00
2.000000000000000000e+00
2.121212121212121104e+00
2.242424242424242209e+00
2.363636363636363313e+00
2.484848484848484418e+00
2.606060606060605522e+00
2.727272727272726627e+00
2.848484848484849508e+00
2.969696969696970612e+00
3.090909090909091717e+00
3.212121212121212821e+00
3.333333333333333925e+00
3.454545454545455030e+00
3.575757575757576134e+00
3.696969696969697239e+00
3.818181818181818343e+00
3.939393939393939448e+00
4.060606060606060552e+00
4.181818181818181657e+00
4.303030303030302761e+00
4.424242424242423866e+00
4.545454545454544970e+00
4.666666666666667851e+00
4.787878787878788955e+00
4.909090909090910060e+00
5.030303030303031164e+00
5.151515151515152269e+00
5.272727272727273373e+00
5.393939393939394478e+00
5.515151515151515582e+00
5.636363636363636687e+00
5.757575757575757791e+00
5.878787878787878896e+00
6.000000000000000000e+00
-2.021372233888225622e+00
-2.028319895636048642e+00
-2.035426121022246182e+00
-2.029015473307967721e+00
-2.039554276225095997e+00
-2.041374148893140728e+00
-2.049370295310249723e+00
-2.041282429575582924e+00
-2.039438048777765466e+00
-2.050134865523107752e+00
-2.048531987035183022e+00
-2.044895401714576177e+00
-2.059744923678377582e+00
-2.048471766229538193e+00
-2.059495858347430097e+00
-2.052261998116421182e+00
-2.070044519952215722e+00
-2.071081678619489441e+00
-2.057228514965047772e+00
-2.060030326179147053e+00
-2.077527467001528461e+00
-2.084034376967081492e+00
-2.070958350362393841e+00
-2.078504960124179846e+00
-2.143926219060344973e+00
-2.136740755140907222e+00
-2.134948900235652758e+00
-2.140578693128335708e+00
-2.142823197044564587e+00
-2.139533215274120437e+00
-2.148734448509079353e+00
-2.140454108172161973e+00
-2.145848072816374685e+00
-2.143117840754102499e+00
-2.137147608479241789e+00
-2.133974248749127778e+00
-2.137317783109449199e+00
-2.140072875231288307e+00
-2.138180268298705666e+00
-2.139793199548304603e+00
-2.142047774514144187e+00
-2.147989720925092882e+00
-2.135472864014370309e+00
-2.140640989043540721e+00
-2.142981847300685860e+00
-2.141640484367305142e+00
-2.134666604383580690e+00
-2.139276479089472272e+00
-2.129633864474285154e+00
-2.138792008547897083e+00
-2.126828364830365192e+00
-2.126561556944207343e+00
-2.129610671820699519e+00
-2.132204514074306889e+00
-2.123702287340994754e+00
-2.119146001348876762e+00
-2.113612116027303589e+00
-2.128148484161938470e+00
-2.131976506851718689e+00
-2.124572727418831075e+00
-2.110632847524740896e+00
-2.120447468709423688e+00
-2.122418116966938495e+00
-2.110256134118621230e+00
-2.114008801458615583e+00
-2.105296261093290155e+00
-2.120489089677555228e+00
-2.116394802244935480e+00
-2.099671460735637929e+00
-2.102011048834471207e+00
-2.097207114374730175e+00
-2.113501322232312685e+00
-2.074823553086385441e+00
-2.079818430328565171e+00
-2.086689133417841902e+00
-2.090461644456137247e+00
-2.099054923988062260e+00
-2.105379727960555947e+00
-2.103818044471157389e+00
-2.095456971825211401e+00
-2.090698716736278495e+00
-2.091291407320563067e+00
-2.090270849417901644e+00
-2.090171361579339138e+00
-1.985157613394178844e+00
-1.969354945068355400e+00
-1.978533771207336756e+00
-1.978688504863976183e+00
-1.980257102181182116e+00
-1.974312182635995505e+00
-1.977304789054658674e+00
-1.983819802108078401e+00
-1.991267962453115326e+00
-1.999276145556830642e+00
-2.000038600973450986e+00
-1.985327786028283636e+00
-1.993518502644108015e+00
-1.993946148784135008e+00
-2.007637241271354789e+00
-2.006920186307728837e+00
-2.006881357604243465e+00
-2.015176091398592995e+00
-2.021236342928083740e+00
-2.006209782733247238e+00
-1.936097267640208841e+00
-1.947994648590412270e+00
-1.932214485824570449e+00
-1.939464954769703819e+00
-1.936054527169125183e+00
-1.929936826197428346e+00
-1.937447651937339144e+00
-1.922733877968944682e+00
-1.926601511640427367e+00
-1.922975941187671456e+00
-1.928773166044151388e+00
-1.924292797081174955e+00
-1.912845575835756984e+00
-1.918471699588678137e+00
-1.900059854408982618e+00
-1.916082433931621365e+00
-1.884598233995146810e+00
-1.887107835853074178e+00
-1.876037928833630186e+00
-1.889836799515133503e+00
-1.866005846446279426e+00
-1.873075479062596305e+00
-1.877366124279451487e+00
-1.874932753623463233e+00
-1.863681624150018035e+00
-1.856394301608432551e+00
-1.848640505364576914e+00
-1.851476650205493124e+00
-1.852561999487156719e+00
-1.847714467566410779e+00
-1.833976060741677516e+00
-1.849847132583847475e+00
-1.822896429036012345e+00
-1.828693053294453197e+00
-1.829051049751940550e+00
-1.835626189444526046e+00
-3.386473275410390449e-01
-3.400791007784921827e-01
-3.421421322999290138e-01
-3.382280610139350441e-01
-3.244976278364047895e-01
-3.336158103356993698e-01
-3.309930911147279664e-01
-3.377760821542419301e-01
-3.176916008036985706e-01
-3.276816053883442326e-01
-3.351691612121124875e-01
-3.180612256249396030e-01
-3.290162318869105929e-01
-3.138565254494900536e-01
-3.224601007957005883e-01
-3.222699958877331405e-01
-3.225118805797752564e-01
-3.192841095539354357e-01
-3.138342725197106331e-01
-3.185333192434169902e-01
-3.092485198066784458e-01
-3.142289478896369559e-01
-3.067621894062094734e-01
-3.104787056053679994e-01
-1.818809181210696346e+00
-1.821605586720320469e+00
-1.820653210291215185e+00
-1.823322905022356499e+00
-1.798635794397252630e+00
-1.806659403312614653e+00
-1.798331997000475413e+00
-1.794872234035520764e+00
-1.736549782758320726e+00
-1.753416305583952450e+00
-1.754095686732255022e+00
-1.737666007763762455e+00
-1.611585808275668885e+00
-1.626704641265145801e+00
-1.620102414632158760e+00
-1.621385671053588329e+00
-1.606704421757742418e+00
-1.606910439226250320e+00
-1.607444308689877088e+00
-1.618551673701909888e+00
-1.611093052005186932e+00
-1.614120809638214915e+00
-1.596057509491397797e+00
-1.601670484862217636e+00
-1.596559631808395663e+00
-1.596243253298478937e+00
-1.601085199574993512e+00
-1.602717733578026049e+00
-1.572533586848845699e+00
-1.583692717572486419e+00
-1.578067319088121589e+00
-1.577457700585203737e+00
-3.030169386611888949e-01
-2.964990946044404607e-01
-2.992910021519806785e-01
-2.990199596379838898e-01
-2.784652855393759951e-01
-2.922434325368568619e-01
-2.910925975708368862e-01
-2.801100325822569181e-01
-1.970262464903911326e-01
-1.935055536510863483e-01
-1.986317749672029120e-01
-2.000796980552188853e-01
-2.575230558312101015e-01
-2.498684135921704907e-01
-2.542823998066032209e-01
-2.633411775538474497e-01
-2.399146081214487414e-01
-2.397605781844745210e-01
-2.498019694928330092e-01
-2.446540232570504902e-01
-2.042879585556966471e-01
-2.177206903679496652e-01
-2.118975291906521341e-01
-2.120123999606089993e-01
-2.363803498633097744e-01
-2.314884776260634491e-01
-2.185643447346438950e-01
-2.333700544494108908e-01
-1.565606198056870291e+00
-1.563455505235409104e+00
-1.577059358577976189e+00
-1.570374490883176266e+00
3.253266680519915632e-01
3.375612468925446863e-01
3.269910512509397460e-01
3.251564104862501026e-01
3.383097364300419740e-01
3.357725558525502807e-01
3.249986841747528610e-01
3.382911398809925196e-01
-1.300602855757072129e+00
-1.289730718638831375e+00
-1.290559144271974823e+00
-1.304846211317004068e+00
3.265434814759303750e-01
3.210928915075326184e-01
3.355810048407391610e-01
3.237416545101069465e-01
3.319861891035860713e-01
3.219919898622799481e-01
3.189799969142850800e-01
3.293333389004124423e-01
-1.816674119880630489e-01
-1.741471481488084949e-01
-1.844195349602074652e-01
-1.687018829791644969e-01
-1.302922394129449213e+00
-1.306487764256221151e+00
-1.293211663852231963e+00
-1.297975691368506101e+00
3.192783006116533540e-01
3.251016581843670927e-01
3.229808354798888170e-01
3.262301558921426592e-01
-1.545243168228518593e+00
-1.556323161087107998e+00
-1.547121589803920561e+00
-1.549230549966313264e+00
-1.758802122801043755e+00
-1.771799856100843895e+00
-1.762377535399423989e+00
-1.759146394879763209e+00
-1.744897966298425418e+00
-1.760028902894503977e+00
-1.747175938155409058e+00
-1.757110072524951772e+00
-1.305231890030177588e+00
-1.294498442308546826e+00
-1.302959112215308801e+00
-1.301003235464314178e+00
3.011287296140270908e-01
3.118210167318263837e-01
3.203443155623240113e-01
3.156943001272922711e-01
-1.035566569511517654e-01
-8.508046644239113110e-02
-1.024965576849762444e-01
-9.917127636049817563e-02
-6.991906725799555689e-02
-7.898823520254773245e-02
-6.720017520458027027e-02
-6.520210810816062796e-02
-1.308798329513146674e+00
-1.308920244873892358e+00
-1.315303422908742803e+00
-1.304094755925741422e+00
-1.315935110390148877e+00
-1.320445892479823025e+00
-1.315779153712491212e+00
-1.313654359930866766e+00
-5.354703999229805389e-02
-5.272670937730820906e-02
-5.653107149380739299e-02
-5.963586631724373394e-02
-3.909169732591469271e-02
-3.382443699690755590e-02
-2.678832531523180072e-02
-2.509628415344587402e-02
2.697413014766302242e-01
2.737691872172273166e-01
2.716156378212104539e-01
2.569572431149802494e-01
2.609960361981103483e-01
2.573550716671941796e-01
2.480297133194219739e-01
2.465077998424642924e-01
2.388647955376180521e-01
2.452759396148463666e-01
2.266607051821415697e-01
2.392381869720482390e-01
8.676741458784544003e-02
8.273380092574950107e-02
8.474037230440120694e-02
8.715194087427244329e-02
7.043490879505774627e-02
6.500646453560499083e-02
7.222290718269953891e-02
7.640188738483759401e-02
2.189719187252988086e-01
2.158959305497935022e-01
2.130580186463408021e-01
2.136777273867944693e-01
2.046904633875550050e-01
2.004712258262977553e-01
2.036854877081294979e-01
2.083335282591163851e-01
-1.543617802214827472e+00
-1.543448459374763271e+00
-1.526908249748124335e+00
-1.542991365144456894e+00
1.179112994173938667e-01
1.038780949518839508e-01
1.155406351347071786e-01
1.221237098386497161e-01
-1.328430996565336253e+00
-1.318082158272246396e+00
-1.312812722913031305e+00
-1.326162090304124019e+00
-1.317800161817475724e+00
-1.320015989834990577e+00
-1.323792730458408506e+00
-1.329992987838343410e+00
-1.160530146054362943e-01
-1.319195685622377989e-01
-1.265452279454181428e-01
-1.191081274170931459e-01
1.222003522556511235e-01
1.232081120154428638e-01
1.398017653922304371e-01
1.313921915127750084e-01
2.952602385338463642e-01
2.971335084163452822e-01
2.941632340534759971e-01
2.988936955310705357e-01
2.864469724219410596e-01
2.849030698228159353e-01
2.700383154046154255e-01
2.874578359349462264e-01
1.534497264039183795e-01
1.501020241834196967e-01
1.440863964997361468e-01
1.562244543657141937e-01
-2.142979024379678549e-02
-1.101552887494331237e-02
-1.657714320567879596e-02
-8.604206433067491250e-03
3.861606066040082497e-02
4.595260160513331416e-02
5.767132269431544944e-02
4.055011505135173999e-02
-1.520073973341132256e-01
-1.645135674582079433e-01
-1.609648834491566316e-01
-1.579449255540562869e-01
-1.526982739772328346e+00
-1.512480720835266856e+00
-1.525730490663302685e+00
-1.518083496449934788e+00
-1.339888134247665619e+00
-1.338667413841759135e+00
-1.329949133754276591e+00
-1.331162978624797599e+00
1.934992227176076385e-01
1.770599274049841076e-01
1.910538832931185094e-01
1.785856745714521354e-01
-1.438730268510266974e+00
-1.432353484967779700e+00
-1.451278192787404553e+00
-1.436045470646736932e+00
1.455870746856640155e-02
1.769016674085081148e-03
2.611860762758955526e-03
-1.090574397950502816e-03
-1.483152129091442895e+00
-1.466595580236646601e+00
-1.470830306713734714e+00
-1.468172268188166596e+00
-1.448930394767057539e+00
-1.466715721205832601e+00
-1.454401893717176542e+00
-1.455958514409769977e+00
-1.355809032830561423e+00
-1.339770374808475495e+00
-1.342446172851935016e+00
-1.348807789662616052e+00
-1.423069612251125937e+00
-1.427596527798829618e+00
-1.431172047864926800e+00
-1.433689294524216784e+00
-1.485847828828172901e+00
-1.494453793428728305e+00
-1.496903228186785340e+00
-1.482688299149066191e+00
-1.402242563190554403e+00
-1.402398550315792081e+00
-1.414511267734010369e+00
-1.403830536206102542e+00
-1.368691211171205291e+00
-1.352671217919106050e+00
-1.361403140705280013e+00
-1.362652720532707473e+00
2.153141407103268623e+00
2.145094110679154120e+00
2.147063331055167001e+00
2.147875762021606239e+00
2.142952033941255774e+00
2.146080968979902082e+00
2.141125147496638625e+00
2.137803975357562170e+00
2.141680929123229493e+00
2.150537303582968907e+00
2.151959407634220334e+00
2.135018769647667902e+00
2.131629938572400018e+00
2.131499023752228883e+00
2.141632846278916702e+00
2.135052793343082733e+00
2.132821534502006955e+00
2.146945771915616419e+00
2.134516524855445407e+00
2.139599884628392790e+00
2.139742295923897863e+00
2.145663731433295585e+00
2.143657284171395894e+00
2.126731022830371298e+00
1.290402513400338735e+00
1.303686941077704331e+00
1.292167604341556864e+00
1.294339103259034340e+00
1.298473936235846393e+00
1.310111729955443671e+00
1.308727460966890188e+00
1.308464290804317587e+00
1.295858478911995126e+00
1.297066983527562334e+00
1.304544035415169834e+00
1.307065991395299109e+00
2.132661255565259317e+00
2.142209729916920935e+00
2.140483494198876624e+00
2.137851630857654950e+00
2.125312795652262832e+00
2.116303244421700036e+00
2.120800595778321807e+00
2.121941455316785685e+00
2.112999241738368283e+00
2.125692271596481220e+00
2.120563912153425434e+00
2.116687218869882869e+00
2.116990343969277877e+00
2.134091361211533311e+00
2.126426274818420392e+00
2.132001694453481644e+00
1.315488153846179342e+00
1.302802544304001442e+00
1.310799346794590647e+00
1.313200562117186498e+00
1.310231044719125881e+00
1.321151344741664291e+00
1.312116557446060039e+00
1.324334066989788727e+00
1.329941567305026551e+00
1.321688694710846601e+00
1.316804242980258222e+00
1.326346751837774729e+00
2.115111604737665907e+00
2.122196104464881383e+00
2.117771543005200208e+00
2.115417076473441238e+00
2.115907866864522813e+00
2.102577181633128678e+00
2.116682105596110919e+00
2.103959399543129383e+00
1.348460409051551290e+00
1.337735987793547965e+00
1.335290325768660580e+00
1.346036608086018216e+00
1.342832041912621621e+00
1.344313666760231341e+00
1.351296117522542195e+00
1.346282259270835890e+00
1.363100929962359986e+00
1.370538638214884530e+00
1.369652919056262963e+00
1.372121981967108217e+00
1.379554031934585812e+00
1.374791617240919805e+00
1.370265136473186596e+00
1.374345558005620749e+00
2.103249119905598707e+00
2.099355948200154920e+00
2.091564934120554220e+00
2.106312675290382241e+00
2.131360109426756022e+00
2.136481410073028719e+00
2.136075810878706793e+00
2.136750848418726978e+00
2.092385149051330551e+00
2.090101079870512635e+00
2.100233500498516204e+00
2.097118747356879531e+00
2.090036607580601391e+00
2.076520002986722346e+00
2.072864046702125318e+00
2.076435450406511674e+00
2.089000654409687741e+00
2.081250440704513593e+00
2.091272999817873846e+00
2.087421234381658053e+00
2.078685339499270146e+00
2.078125884083712016e+00
2.067979534466580116e+00
2.069207145943227300e+00
1.390603075076268791e+00
1.387734876210638291e+00
1.394951977795965581e+00
1.380288483381909348e+00
2.071918610738284983e+00
2.062486178504964851e+00
2.063638413472512312e+00
2.061619135600015973e+00
2.049478396461146268e+00
2.049865620781456510e+00
2.053094672728918990e+00
2.056293177565237773e+00
2.057516328095821745e+00
2.056521492797136030e+00
2.042776236723116590e+00
2.047010825049190963e+00
1.405924890913901937e+00
1.391313508082812289e+00
1.397868792494273205e+00
1.391038296904312910e+00
2.037296253697340909e+00
2.038183039816227282e+00
2.037603417963813168e+00
2.044094306593850607e+00
1.618486802637090438e+00
1.625610510739785131e+00
1.621260672919279777e+00
1.623516359643604634e+00
1.612093035080071957e+00
1.620932723541365528e+00
1.624544018975271786e+00
1.608424766597421396e+00
1.615399406647620717e+00
1.605598454764449512e+00
1.610145594650728817e+00
1.605842016047086984e+00
1.589129174838327385e+00
1.601511231875412777e+00
1.591710431081320598e+00
1.591064775189106273e+00
2.035884098635260653e+00
2.026560136022120151e+00
2.032055685297716519e+00
2.039154161139636212e+00
1.590426672330614410e+00
1.576154782932288834e+00
1.587866035368680873e+00
1.580096563172637358e+00
1.568590716980858391e+00
1.574690630415912063e+00
1.561424005053033470e+00
1.564995583794165590e+00
1.451207770508154526e+00
1.451663827818819641e+00
1.461639670383036771e+00
1.466579130300616596e+00
1.485324632691373603e+00
1.475452563192590327e+00
1.472428995227523574e+00
1.475989388866580931e+00
1.494536461897660429e+00
1.493890947577045436e+00
1.493063059528547232e+00
1.486146410316852906e+00
1.559310934065860854e+00
1.548884132898885602e+00
1.554775946666298703e+00
1.547751960614597300e+00
1.504758824974214759e+00
1.507717557645934292e+00
1.515165384974455076e+00
1.499513278050984333e+00
1.446514560734597943e+00
1.434886646037066837e+00
1.453194803246242728e+00
1.454583101736869999e+00
1.425084623187456101e+00
1.419784561614708007e+00
1.419343946136499612e+00
1.408756202877135433e+00
1.439739878005328322e+00
1.427871470385572161e+00
1.428309488800429738e+00
1.422408172063774678e+00
1.987635837618739743e+00
1.972882064603562080e+00
1.978776280295739820e+00
1.989100918953090158e+00
1.994680035634185389e+00
1.995098140575904511e+00
1.987791690967393166e+00
1.988196863430906625e+00
2.026800855666547108e+00
2.016808052697662834e+00
2.029348891824710677e+00
2.014389238224892242e+00
1.974582115426539497e+00
1.971678793767746685e+00
1.966086659950472271e+00
1.964225186085353236e+00
1.892076192094281684e+00
1.893888111029266463e+00
1.888856006331562254e+00
1.885557223642627012e+00
1.891095128377118240e+00
1.892192534183896102e+00
1.901839034320964350e+00
1.902356198262852072e+00
1.905140116034465647e+00
1.915269897178785152e+00
1.903619863536258450e+00
1.906166461544972268e+00
1.881120198456148085e+00
1.879829995173586177e+00
1.873345361273920817e+00
1.865709818041230150e+00
1.938743247543769810e+00
1.945651886132534703e+00
1.943324578764525024e+00
1.948155291723226767e+00
1.944527115122517191e+00
1.936034174908486172e+00
1.938626133959481468e+00
1.929772653396353066e+00
-1.382242690519597472e+00
-1.380669968471141651e+00
-1.387078266690563222e+00
-1.383922771632246196e+00
1.923325590381044892e+00
1.925182669705186367e+00
1.928752534579896816e+00
1.929799486501926564e+00
1.531830058076402601e+00
1.532368083566790329e+00
1.529272438877547824e+00
1.530722888475295029e+00
2.008527819915832069e+00
1.993061082149173435e+00
2.011102116631962478e+00
1.996091384765616983e+00
1.800810750918529379e+00
1.797335179265928229e+00
1.793029934647907053e+00
1.796203725022058384e+00
1.785686413019601515e+00
1.782303999537565797e+00
1.773182329555054615e+00
1.784978941363026372e+00
1.850539731577564018e+00
1.863273693231836559e+00
1.852909509853158276e+00
1.868821255735689357e+00
1.794651962590432692e+00
1.801626799776750332e+00
1.810075511569928741e+00
1.811063828520195429e+00
1.769548312060017059e+00
1.773598505680455739e+00
1.764147434291571503e+00
1.759628038516769077e+00
1.852153855317761222e+00
1.851638454172598758e+00
1.837693873412358680e+00
1.845684760173982086e+00
1.752646790117931230e+00
1.750909900038561062e+00
1.759223218043278969e+00
1.749182461135067479e+00
-1.776946436106146887e+00
-1.769984123655611086e+00
-1.770901061884323946e+00
-1.782150600529056828e+00
-1.392165288820189417e+00
-1.404196604269969173e+00
-1.402535597544119828e+00
-1.390377145948450188e+00
2.017755600158232632e+00
2.002379669658637784e+00
2.020992342883128234e+00
2.007993533973911671e+00
1.808392651815683205e+00
1.823109512245365993e+00
1.811603784924113114e+00
1.817362228281179881e+00
1.749403346700818984e+00
1.751375516554280809e+00
1.742665193934527013e+00
1.746140806494907993e+00
1.836179614458086196e+00
1.831583495161956732e+00
1.822897059352999838e+00
1.839544944739727628e+00
1.742835255835427200e+00
1.739218813437441113e+00
1.743927790293085867e+00
1.742132807067740652e+00
-2.135276886571763288e+00
-2.123148169641147387e+00
-2.134334013370678296e+00
-2.137472203357601686e+00
-1.362866709120039155e-01
-1.333165510300546031e-01
-1.316878515937018324e-01
-1.414351405963012454e-01
-2.648921789021777551e-01
-2.778567342926873684e-01
-2.743258888294179410e-01
-2.625477398287258679e-01
1.711689346091764263e-01
1.774946121067570715e-01
1.666589379180806185e-01
1.756321807734710916e-01
-1.783487887729016785e+00
-1.781327995541079012e+00
-1.790525237001441505e+00
-1.791540774725655982e+00
2.817832057580975103e-01
2.879330242693014519e-01
2.935084369552026229e-01
2.973643929344331194e-01
1.538792496843991442e+00
1.535349486770897220e+00
1.546440475790620717e+00
1.538861925886767734e+00
2.393684688740165684e-02
2.401842203979140042e-02
2.393529475473908305e-02
2.262037747142171124e-02
1.327305343950801575e+00
1.328162758122935161e+00
1.321542523230379684e+00
1.331134415485429878e+00
-1.514823945266871696e+00
-1.505498500730672040e+00
-1.514465727801664219e+00
-1.497067554452335303e+00
-1.731997283627951356e+00
-1.724540469553159650e+00
-1.739527655215847846e+00
-1.723218982981612246e+00
-1.374350549497785456e+00
-1.380200729442055740e+00
-1.380366142168680588e+00
-1.372622758721946612e+00
-1.890776328944612228e+00
-1.889999028910835932e+00
-1.898957591701247782e+00
-1.893827324100998633e+00
-2.019328880495468326e+00
-2.020642774312978229e+00
-2.013093983588486235e+00
-2.024659297701481009e+00
-2.085171145069606879e+00
-2.084418339044067370e+00
-2.084049739511605104e+00
-2.095131757791889981e+00
-1.080212188326790779e+00
-1.077145132516835968e+00
-1.071303081502309684e+00
-1.077266180478201552e+00
-2.030805312357288450e+00
-2.040050645497800907e+00
-2.048969159626301551e+00
-2.057518353615054973e+00
-2.065601215347122377e+00
-2.075060188684870521e+00
-2.143883224628940543e+00
-2.143221803565872108e+00
-2.142119841008697456e+00
-2.140577948285323551e+00
-2.138596980897930155e+00
-2.136178035323292868e+00
-2.133323433134884262e+00
-2.126308216997511380e+00
-2.122151496977700447e+00
-2.117523028574726407e+00
-2.112591003605236217e+00
-2.107160042125605148e+00
-2.081491173081134516e+00
-2.101320801993363574e+00
-2.095077596168501977e+00
-1.977869631904870307e+00
-1.983616017401838905e+00
-1.992200547844396263e+00
-2.001759212636410545e+00
-2.011552616975659014e+00
-1.940166505867799041e+00
-1.932093830791145939e+00
-1.921556071462332982e+00
-1.909796819066059692e+00
-1.884378549812297798e+00
-1.871102800509623965e+00
-1.857495134250740199e+00
-1.843737502403182571e+00
-1.829864790360311577e+00
-3.342075178082322684e-01
-3.316838775379526982e-01
-3.275082611728636350e-01
-3.217248790908848188e-01
-3.143928668453171427e-01
-3.055840180667638850e-01
-1.815974367370196907e+00
-1.802182707778962278e+00
-1.746131086797550802e+00
-1.619335978609719895e+00
-1.614585705801609761e+00
-1.605974651247245921e+00
-1.594643002599218207e+00
-1.581517044470660105e+00
-2.953747932273943499e-01
-2.838676333642142224e-01
-1.927259112596527157e-01
-2.573095381345527621e-01
-2.425422742158283296e-01
-2.100378980744571911e-01
-2.266277497942752461e-01
-1.567229396238396300e+00
3.348450764090580289e-01
3.331943504026727010e-01
-1.297792076132361139e+00
3.299099143370290421e-01
3.250250496926332944e-01
-1.748237789665193220e-01
-1.299274995935965071e+00
3.185878893139535428e-01
-1.552193414613401101e+00
-1.763785720611689145e+00
-1.753528152466760304e+00
-1.302221294301373122e+00
3.106594547336119505e-01
-9.398806098012649213e-02
-7.486455809328157462e-02
-1.306592929272514247e+00
-1.312335304831242944e+00
-5.475816626195945808e-02
-3.428488497344657493e-02
2.655799696768374463e-01
2.514143615054563186e-01
2.361337774111311183e-01
8.903465396721872704e-02
6.890311070252146119e-02
2.201501285167793420e-01
2.033021517265923561e-01
-1.536682191624038518e+00
1.122195868548059305e-01
-1.319379829138205285e+00
-1.327646473859509291e+00
-1.250596706505546496e-01
1.302580118649923624e-01
3.013113047941800016e-01
2.786834297333647403e-01
1.489011697140864288e-01
-1.363091820990369567e-02
4.844735987013440437e-02
-1.565297989376667753e-01
-1.520888422494526271e+00
-1.337050088231149791e+00
1.857391717497536565e-01
-1.441984247884968484e+00
7.097235919884823177e-03
-1.473309400726059648e+00
-1.457473668864886163e+00
-1.347494432730502067e+00
-1.426830534049044363e+00
-1.488953426216812925e+00
-1.412088216349513425e+00
-1.358884316029768113e+00
2.143883357962251157e+00
2.143222329387252767e+00
2.142120995529883665e+00
2.140579927587453302e+00
2.138599930274647676e+00
2.136182044524393309e+00
1.298311409957052742e+00
1.300418663204565339e+00
1.303903673875386415e+00
2.133326549420994311e+00
2.117526117228316629e+00
2.122156425811704494e+00
2.126313764844081522e+00
1.308727062466872315e+00
1.314836023298323608e+00
1.322166382884237601e+00
2.112590026683636601e+00
2.107151713131548920e+00
1.340190687516528145e+00
1.350718188446766499e+00
1.362132776422150249e+00
1.374242063746679454e+00
2.101299464260691696e+00
2.130037460863026588e+00
2.095032569790044708e+00
2.081266899507026036e+00
2.088354096299406493e+00
2.072547932765056444e+00
1.387466899563648992e+00
2.065982933203968752e+00
2.057697511336303631e+00
2.049062564507118545e+00
1.401027719608060274e+00
2.040073700493536091e+00
1.619361280868236719e+00
1.614792020366962566e+00
1.606461038183693901e+00
1.595430014035980726e+00
2.030748452009815797e+00
1.582587562178111806e+00
1.568556598278620484e+00
1.460237355063641163e+00
1.476479146218822702e+00
1.491164569728424372e+00
1.553751168748564560e+00
1.507068727404906827e+00
1.444850487573602127e+00
1.415178706169398115e+00
1.429812456842218138e+00
1.982094096508931758e+00
1.991244146634650436e+00
2.021117449630827068e+00
1.970570822956229984e+00
1.886471174313370192e+00
1.899466699758678434e+00
1.912034390987566557e+00
1.873173190444817671e+00
1.942197043352635211e+00
1.934638343375386649e+00
-1.384197724017704800e+00
1.923951135889127473e+00
1.522843733579910097e+00
2.001196222368446076e+00
1.791224740493708723e+00
1.778409863575574290e+00
1.859598827137808996e+00
1.804600329148817073e+00
1.766557220095716696e+00
1.845889575434697782e+00
1.756277990234896391e+00
-1.775739806074978722e+00
-1.397841583670186072e+00
2.011232762341769398e+00
1.818283910492844102e+00
1.748450482267790429e+00
1.832085884048467728e+00
1.744109510620021286e+00
-2.130032147403084775e+00
-1.384257030241922148e-01
-2.711447741587595384e-01
1.675613586898641871e-01
-1.788683018903133082e+00
2.906244686745196870e-01
1.538449540791722692e+00
2.781594937714485655e-02
1.330642878757577252e+00
-1.504950147369461311e+00
-1.729819345274438813e+00
-1.371107873046967462e+00
-1.897326993851992327e+00
-2.021281113343572411e+00
-2.088447203649768547e+00
-1.077347257922983026e+00
