1.000000000000000072e-18
1.000000000000000072e-18
1.000000000000000072e-18
1.000000000000000072e-18
1.000000000000000072e-18
1.000000000000000072e-18
1.000000000000000072e-18
1.000000000000000072e-18
1.000000000000000072e-18
1.000000000000000072e-18
1.000000000000000072e-18
1.000000000000000072e-18
1.000000000000000072e-18
1.000000000000000072e-18
1.000000000000000072e-18
1.000000000000000072e-18
1.000000000000000072e-18
1.000000000000000072e-18
1.000000000000000072e-18
1.000000000000000072e-18
1.000000000000000072e-18
1.000000000000000072e-18
1.000000000000000072e-18
1.000000000000000072e-18
1.000000000000000072e-18
1.000000000000000072e-18
1.000000000000000072e-18
1.000000000000000072e-18
3.030295466895724247e-16
5.319026121320263749e-17
1.024665613273176507e-03
1.000000000000000072e-18
1.000000000000000072e-18
1.598907035477653066e-12
4.367349818852274586e-03
1.000000000000000072e-18
1.000000000000000072e-18
1.000000000000000072e-18
1.000000000000000072e-18
1.000000000000000072e-18
1.000000000000000072e-18
1.000000000000000072e-18
1.000000000000000072e-18
1.000000000000000072e-18
1.000000000000000072e-18
1.000000000000000072e-18
1.000000000000000072e-18
1.000000000000000072e-18
3.426895196904352519e-07
4.275007292582282251e-14
2.474913914510655380e-13
3.751674870731759083e-05
1.000000000000000072e-18
1.000000000000000072e-18
1.000000000000000072e-18
1.000000000000000072e-18
1.000000000000000072e-18
1.000000000000000072e-18
1.000000000000000072e-18
1.000000000000000072e-18
1.000000000000000072e-18
1.000000000000000072e-18
1.000000000000000072e-18
1.000000000000000072e-18
1.000000000000000072e-18
2.996662104564644900e-03
1.810376844859447153e-11
1.000000000000000072e-18
1.000000000000000072e-18
6.856766465071752409e-04
6.576856834983189487e-18
1.602124683585299632e-17
1.000000000000000072e-18
1.000000000000000072e-18
1.000000000000000072e-18
1.000000000000000072e-18
1.000000000000000072e-18
1.000000000000000072e-18
1.000000000000000072e-18
1.000000000000000072e-18
1.000000000000000072e-18
1.000000000000000072e-18
1.000000000000000072e-18
1.000000000000000072e-18
1.000000000000000072e-18
1.000000000000000072e-18
1.000000000000000072e-18
1.000000000000000072e-18
1.000000000000000072e-18
1.000000000000000072e-18
1.000000000000000072e-18
1.000000000000000072e-18
1.000000000000000072e-18
1.000000000000000072e-18
1.000000000000000072e-18
1.000000000000000072e-18
1.000000000000000072e-18
1.000000000000000072e-18
1.000000000000000072e-18
1.000000000000000072e-18
1.101660753294599203e-16
1.573155541060040592e-13
1.216790392043362817e-04
1.088174811300878614e-07
1.088445297731649612e-06
4.379122685446692936e-08
1.047184206742230415e-12
2.329918999297684098e-17
8.152713458757746041e-08
2.979092005901145049e-03
1.624132622568973019e-04
3.397616194357849150e-07
2.375008629246846920e-17
3.527518628536951913e-13
1.086215927962618855e-09
5.234895555350760711e-07
2.320747217711240876e-12
6.702978820881554900e-08
5.844583085844803403e-12
1.198194044797480998e-02
1.730719154377449783e-08
1.495481526517702960e-17
6.873507799946281645e-07
1.273516392461695676e-08
2.914235932112233740e-09
1.801099221485880650e-03
9.510098422873814440e-08
8.490355097194674815e-08
5.026683335612454787e-09
7.399122030675035224e-15
1.622252570226298791e-07
8.661273455472528910e-08
5.328911405279749287e-10
3.958022302968692985e-07
8.605036292183704025e-15
5.993170603197863291e-08
8.324078089217528949e-10
8.529601117112713683e-09
4.251849629088402063e-12
1.073341338500653942e-08
3.948662252230831790e-07
1.340171916553940222e-08
1.150288045003840243e-03
1.423626806045985880e-08
1.364791052396024310e-07
1.772094163183943470e-07
5.070595278264500668e-06
7.445232854709077635e-05
1.267812827522940208e-02
7.135510816132023469e-12
5.801838742360812713e-03
2.632444785592258803e-07
1.094557003665143479e-09
1.650078957493713646e-11
5.097163984592045103e-08
1.491178230313607650e-08
1.091534264417228594e-07
3.464886416455581312e-03
7.666694769775282400e-09
4.429568191272802453e-06
3.096621903895765092e-12
7.299945597148665258e-10
9.614836579809939239e-13
4.196868093932045823e-09
2.206990663460473210e-08
1.960761958227656395e-08
9.740332320369620284e-09
1.687249130418959428e-07
1.787988143000146168e-09
6.021949177608973166e-10
3.092124081529750205e-04
2.087937556780046868e-09
7.697893421848757884e-09
9.530078851732921340e-09
5.396691560134709175e-07
1.287586113938792118e-04
4.684021201951541249e-06
4.439072232590182357e-09
4.748163454827296740e-09
2.338835549358872664e-06
9.590788975397799232e-09
5.499962458250162174e-08
2.924544448997213071e-05
5.152986814586610239e-05
6.182273807016056584e-10
5.640342562510739673e-10
4.175727933590150318e-05
1.485894230174503623e-09
1.946950425403991736e-04
2.801421566898661793e-06
7.445785083722186811e-09
1.126170400637398428e-08
6.686044299524006654e-06
5.731272941675056939e-10
2.118281746400353266e-06
3.513360499373050561e-09
1.977887040971568331e-07
8.200442090104020722e-09
8.425180005660233621e-07
7.643297645629709457e-09
3.802259536090588912e-05
7.631071151590584927e-09
1.478570992261822420e-08
8.407328895754150261e-04
1.004642516053798741e-04
1.079532653731028563e-10
3.204249326010770189e-04
2.260262442652245977e-06
8.671336615309584419e-10
1.233561724591481240e-05
4.403909096191855227e-10
1.612413750349766554e-07
3.037560030679502688e-04
2.787644799252452860e-06
1.329270266127533006e-03
1.296914405007181685e-10
1.076391041518295725e-09
6.814773405432021649e-11
7.574571265211836719e-06
6.003466476133084945e-05
2.067762817190716746e-10
7.879585699052383705e-10
3.104489016026243959e-11
5.312549297210503707e-08
1.905369353342780367e-06
9.644854496215398662e-11
4.877904604134888213e-09
2.617109412582671627e-09
5.248800745163643100e-11
3.806912078715189799e-05
1.145378386762653218e-04
3.249315933051645748e-11
1.842580031570660876e-09
8.094998517272146408e-12
5.194375351299374956e-11
1.258649861088566655e-08
5.855674510118326982e-11
1.605522005635000905e-09
5.871137904517392099e-11
1.230225013822184747e-07
5.532876941957284134e-12
2.427059668761233552e-12
1.943484616658547083e-12
5.586667178420447822e-13
5.817329055534320459e-10
1.426888783490876198e-03
4.748155088588275991e-10
1.241795986331525988e-05
4.277883295864151440e-03
3.498194352042984113e-08
1.431576990850261500e-11
1.580978271644889295e-05
5.118773460313403766e-06
1.674472073131625521e-03
2.457221100906554698e-03
1.414456246236548075e-10
2.089094210240404759e-01
1.247274759660858302e-02
8.381340166678089394e-07
1.223849254776667364e-06
6.641461576999051546e-09
7.318387628017850908e-06
4.086766028101701391e-09
7.738849552910888146e-09
4.356247236555341878e-03
5.588815552019630040e-07
3.640995632900496386e-07
5.316354738647360628e-11
5.240346228940818453e-04
6.932762254976190873e-07
4.263345595355941286e-04
8.741477496757296198e-10
2.134698466746957928e-06
1.732604305010932962e-03
1.047322552347191794e-06
3.722006899226229836e-07
2.622042045839239396e-06
3.457224010622974493e-07
7.576080532697318771e-10
4.274747793116493355e-09
1.999305771878383899e-07
5.155610643261891377e-03
3.030966655786145815e-05
1.180342384288946694e-01
4.526348484827036494e-07
4.743714866636955999e-07
3.001767145924465023e-03
1.071781931655261518e-09
2.885643497465899290e-05
2.653343198980643956e-05
7.002668164535681445e-06
5.779227416005658186e-06
2.017850449812789252e-08
1.841204566654912544e-12
9.199989695059203369e-07
4.058067541541141195e-03
7.217348630740453089e-05
2.240113937455530727e-11
3.782740935360516885e-11
2.139708153288571595e-11
1.880761365954015951e-05
4.241745815883295611e-13
3.781508950017899382e-07
7.964833862927923147e-14
1.512110629228201851e-02
1.942468478223445538e-02
3.007150239584095665e-05
6.826843553072517378e-06
1.282955886370343375e-12
1.010544235571369510e-12
4.191018424090292636e-04
4.403613176648915551e-07
8.174273453140665311e-04
3.105535890463169964e-09
3.901293244016949509e-05
6.219174338644635502e-05
1.494802167034338071e-06
4.411459360492571674e-07
6.401392550767071943e-14
1.060491437780759832e-05
5.091802352078305822e-06
1.492419247404684068e-01
2.633927674000753380e-05
2.213272872229151302e-11
2.984040137324101179e-05
5.368618605439477140e-05
5.014849815570905083e-06
4.823515761135469004e-04
1.068879217331160043e-09
8.865415046211956852e-13
4.557109080485053158e-09
7.754286214442985094e-07
6.983256411199656146e-12
1.515664809922805968e-04
7.856953590610484181e-08
2.471101280823450640e-09
5.783602202508695326e-09
2.585516533057075942e-10
1.484597872573224143e-08
4.526550527787409236e-06
1.489574084826928417e-07
4.960935029761894144e-11
3.302362147283100711e-05
1.717452137688900141e-07
1.722344159780028369e-11
6.962396312855399724e-07
5.999359958152081489e-10
8.256424882041420863e-07
2.108124582934019054e-07
1.303746076594098968e-08
8.869026025940977354e-05
1.020246140144022136e-04
3.484171075886169193e-03
1.975980577714318235e-03
1.980170124111950388e-07
1.014597263401592098e-10
1.752059360212350830e-07
5.457532628697977394e-08
2.332642126775780919e-05
9.660782862915829165e-10
4.554890163431615168e-08
2.930144152540374702e-09
2.317896100217496578e-06
3.220269785589899118e-04
2.125465065527119748e-03
1.462971452458768029e-07
9.106855678339845607e-08
2.440971707636956957e-04
5.183185808199305887e-08
4.936805132334760348e-08
1.409978284324656583e-04
4.204910563634802551e-08
4.033552477984957965e-06
7.454290732364060590e-03
4.958689232098349720e-04
1.833925890198093113e-03
1.352513271975038151e-04
6.885457721583424081e-05
6.112012255617406209e-08
4.451879757478718236e-08
1.104863378055549739e-03
1.715339893570106767e-04
7.161890756310327586e-08
4.203663693796519415e-08
4.665449173016001272e-05
4.879034646807083671e-08
2.825108554402622830e-09
6.527035219135843736e-05
2.183003182791792583e-08
1.502981060523996137e-06
4.540250045810933137e-08
1.256654699869029035e-07
3.582971000745152413e-09
9.047864198000221662e-07
1.029532900955944595e-07
1.348109850371251237e-09
2.056676754321443493e-08
4.537793810387424222e-08
4.306010957818306996e-08
2.966150716503861874e-08
2.244439334301960263e-08
7.807243240042524835e-08
4.032849029271509776e-07
4.831617632196448165e-06
6.976246425163423379e-08
4.110763472924906429e-05
2.454155702150545028e-04
2.040428069968640300e-08
6.338435945930427635e-08
5.517785220763997980e-07
4.637815934720779937e-03
1.169418357485030487e-03
9.655170765510573615e-08
1.105466853199391931e-07
6.435216025149647669e-07
1.945190297811478351e-07
1.504717361097503180e-06
5.910720299169796958e-03
1.169633864413085166e-03
3.110383476354627169e-03
2.319977295511517577e-05
4.955474868271773194e-06
5.178895900192138453e-10
3.014646533078752923e-07
1.138699364238941747e-02
7.196474400199469045e-09
9.709059068101810242e-05
1.083850333675608399e-08
5.465497742463941715e-05
8.421537742541146812e-12
7.799866816538252273e-12
6.323788647678663468e-05
2.806299735602322436e-08
2.756625036530471764e-05
2.710245300928198447e-08
5.170778582959391967e-10
5.934818551999661918e-09
7.539576506232635762e-04
8.278877066806780835e-04
5.032001027611255245e-09
6.199919330424159839e-12
5.871847123742003105e-09
1.529464224901688339e-06
2.229564466238287721e-08
4.796381010415441410e-05
3.892570251834552894e-12
2.098079552112039906e-05
1.738962514744964247e-03
5.305028485488760796e-06
1.975793145983959170e-12
1.536610967198326351e-09
5.293841192232217109e-11
6.416107314065262541e-07
2.689338574817706149e-05
8.730458352100048571e-08
4.405667701162901226e-07
4.435099271474365933e-12
1.158378683921995169e-11
5.942854753188260419e-12
2.838933190506231943e-07
2.165113279226141014e-08
7.515113205030926647e-06
4.039464204954661900e-05
7.333130858546371889e-12
5.672161181048035437e-06
2.210122305767654251e-06
7.900618395624516680e-06
3.889636819616125249e-10
2.174145882247496106e-07
2.283035531489908444e-04
8.965097062247816507e-07
1.032318161974561709e-10
1.000000000000000072e-18
1.000000000000000072e-18
1.000000000000000072e-18
1.000000000000000072e-18
2.004535850838105906e-12
1.788787434073155259e-11
4.927581479415184523e-06
8.093138923204525796e-10
5.217183259818132441e-11
6.159828410975516047e-05
1.438052230906611614e-05
1.048821054593291171e-03
1.636071695864175431e-06
2.480491511268346730e-10
9.145989953111887603e-06
1.180079409444143856e-11
2.771223260683729661e-05
1.385024112616288161e-10
1.385334164352317484e-10
1.695441587126006401e-04
9.499618545330567378e-10
6.323555919630594674e-08
7.636361150065596316e-12
1.252485111570777559e-05
2.682148726926797053e-03
5.832557127913785453e-05
6.282313008232500275e-05
9.696523988101941709e-04
9.334911835513334605e-07
2.368565799044278599e-04
4.021679734874649118e-06
1.736720904569951720e-10
2.139713999004281627e-09
1.291400301423770928e-04
6.597574639220106974e-08
9.864699793650116594e-05
1.742430218325494290e-07
2.052411637043252647e-04
1.945026907513025301e-06
2.948886271726666039e-05
3.404984077006212278e-08
4.006654138042598873e-05
1.004838130906291006e-05
1.990069790362482835e-04
1.671522431618131351e-06
6.980926999870290441e-04
8.030507775722560990e-05
1.501975944150237726e-05
5.132278403733664873e-06
3.148826073402623792e-03
9.285427101415696005e-05
7.726151275598360543e-05
1.244364491675145829e-04
1.516615169039411261e-06
1.673852341561669335e-04
2.724260068828425864e-04
2.207665398835268887e-04
2.478350811192085468e-05
1.621380889138351227e-03
4.376527809078352774e-03
3.441146849643083824e-05
3.600036173061738586e-04
5.017179433260413099e-08
6.107571945203065943e-07
4.674954211011559616e-06
3.680272993451727982e-07
2.354294919677777666e-04
6.971338213420854169e-05
2.290064676576335605e-08
1.788330759253446949e-07
6.012787084417551640e-12
6.755704739272250262e-07
1.073123025588675542e-06
2.646540932681385860e-03
3.766816473401051087e-03
5.348913421870178784e-07
6.495024323643168104e-05
2.725600565084274020e-08
1.997883629928725022e-11
6.483451371945584567e-11
1.934350729960481103e-06
6.518252447046979730e-06
2.141557808683255272e-08
5.499684224496919445e-04
6.540444681054178630e-07
1.280574759290100664e-04
2.641952016836368562e-07
3.453981252834455741e-10
6.407407523162420016e-03
1.950199650648265000e-06
6.582692006329099090e-06
1.314707572144932154e-04
3.464801220678647227e-10
1.764662671140940212e-05
6.849351157698263578e-10
8.532597567546115374e-10
6.381867616735405202e-03
5.135835827151992786e-03
2.127905063147888619e-09
9.653708164394412390e-07
1.411487697598856217e-05
2.035829865885044159e-07
1.856009637923852458e-03
7.644258125923680961e-08
8.174654085333660726e-06
1.041809932004173491e-06
3.099213482805581506e-05
2.093755415157933951e-05
7.081800968681592295e-08
2.636463748371031111e-07
2.355398950253700911e-05
1.115849114650134254e-06
6.214903273341613153e-03
3.426660803368919941e-08
1.728503880797386399e-02
4.811216469342834800e-07
3.802517389600014307e-06
2.609204423665712146e-08
2.380988143387613231e-05
2.237964533471692224e-05
8.691933502783999650e-06
4.248026800539116613e-07
2.702496146027226178e-05
2.312024398563875595e-05
7.775634275178523855e-08
9.640623248260226701e-08
4.127784679444750538e-08
1.496427771374030348e-07
6.067773097050104247e-05
9.966896685980865812e-06
2.279485042333273943e-05
2.720542498136959129e-06
1.428500332068338707e-02
5.152363272106345350e-03
2.083241756508503606e-06
8.553688342184404611e-09
9.174178415280941479e-08
5.854917434607393107e-04
2.583633080566417890e-09
3.631175062758384449e-05
5.533008761205452687e-03
5.012506883031100924e-02
1.271807067688962735e-07
6.331605723102441838e-07
9.315247345580811644e-06
2.307188274474134608e-08
2.093744332320892395e-07
8.869071901227382138e-08
6.579029577296997477e-10
9.692225488299553760e-11
8.773746649201896529e-07
1.899204223469713550e-08
6.641599191299109288e-09
5.625687994782012370e-08
2.099946040004876957e-04
3.278643343771090130e-05
2.080398145436548885e-02
2.552293399948248714e-06
3.915472341750242321e-10
3.259403356577160178e-06
5.881743280779154061e-08
3.376876869170024200e-08
8.487250803890828344e-09
1.302001139690405447e-05
4.645642340439009751e-09
8.348352097123195183e-07
1.572321633714808912e-10
6.624172173114295024e-06
2.344958173136423595e-07
1.049934813985739252e-03
1.392909313761708400e-08
1.053728554687000255e-06
4.640422870901347733e-05
1.041113045783783535e-04
4.015779399107775381e-07
3.261383500369711622e-10
2.936571359280110453e-04
3.173626701612773513e-08
3.091863095498332149e-03
8.838049485221673350e-06
6.388730269606884570e-11
7.706205660307978429e-07
2.113847450924153557e-07
1.262472612813116086e-05
2.246144363750392317e-08
4.133629446109268225e-04
4.920271664988482615e-04
6.117554363522326264e-04
3.555521477376788345e-05
8.713133869914121956e-11
1.200569397790123612e-03
4.874924557576709727e-01
2.865911982397724362e-10
3.270274107944277224e-10
1.096549000422261232e-03
8.943606866449449445e-09
2.426673831368286320e-05
7.242252816900641771e-04
7.031167727769118669e-06
6.312823355108551565e-06
2.531385261459185692e-05
9.700675662696077437e-06
3.536985033709259224e-06
2.899529447364321017e-04
4.804412991601224320e-06
3.266807206225785093e-07
1.598986155570123744e-08
4.049687879171663153e-04
3.417464418000123401e-12
1.888065833377616243e-12
1.508247232492192039e-06
7.690186183652636384e-07
5.019986028716428007e-13
6.778270072185754421e-04
1.100221455976275389e-10
6.796535484846986365e-14
4.342632551175399942e-04
1.073803269844039294e-11
3.142981502479450044e-05
1.273033695022864585e-05
4.950252223899751949e-13
6.232131510487498756e-03
1.072918832262147578e-08
1.257719039561435803e-04
7.547333999543054124e-09
7.652189914702042743e-06
9.325441290604556899e-14
3.545973232251653958e-13
2.256956086566696274e-05
5.482947584027436882e-09
4.586910129322356892e-04
6.880764894118359691e-07
1.077343925180915472e-06
6.592090054883538691e-13
6.232124706029398457e-06
1.157501077493235335e-05
1.000000000000000072e-18
1.000000000000000072e-18
1.000000000000000072e-18
1.000000000000000072e-18
1.013383441506956372e-05
1.075989371444124597e-09
1.049992335267203294e-04
3.609770869362264410e-08
2.859781472854279574e-06
2.060692138499498610e-11
1.183428026942711866e-08
1.175313933663342872e-02
6.933152072937675040e-05
1.493591078962604425e-05
1.965584613261708888e-06
1.564541623336888638e-03
5.427162911476534572e-04
3.635159194306700719e-07
3.393981275126082099e-07
9.559963707804071975e-06
7.279316540923290250e-08
5.550927756008692221e-06
5.059966036624273223e-10
2.635691949503879222e-09
1.771017567361096446e-06
3.555785306923285724e-04
4.882054847333861872e-06
2.724991246292284946e-05
2.817597757481353201e-07
1.534142407228938654e-06
4.462431530176015201e-09
1.977693878738958147e-02
1.324419858304579447e-04
2.287257291190203235e-06
2.624237275918849285e-07
1.135358125865355405e-03
1.231342773511882564e-06
7.527883005541304314e-11
1.302161764616267250e-04
1.090105303072871323e-06
2.298953614562233798e-06
5.544943080304902687e-06
2.612893294918944593e-07
1.045105815757607211e-06
1.698138849078055285e-05
1.160108593861149898e-07
3.177913260059946543e-04
3.064202885071657181e-02
1.921123479043499479e-04
2.655203596311545733e-07
9.070393314783190914e-06
8.605681421749723694e-09
1.404745799554240428e-06
2.840691291867875496e-06
1.413114236054555930e-04
1.295051819130262788e-06
7.548796368553460298e-03
4.199572474917609433e-02
1.849199373794348521e-05
3.404422146514870079e-07
1.399776209749408923e-06
6.555005615657370901e-06
1.946836602574335709e-07
1.359563365831107046e-04
1.026700350395555461e-02
1.091361712376187518e-06
6.986746933821916147e-07
3.796192418741120786e-06
1.466354339692225568e-07
1.375812038828373728e-06
4.456895177510124958e-08
9.575160258117141132e-06
6.960652886096140459e-06
5.598309119718147819e-02
2.075008081800644449e-05
7.742009544163840100e-08
3.034097363158775222e-06
1.870575048181641181e-06
1.469623912053196510e-04
3.160047499761291381e-05
2.199456281885525319e-02
6.212319394757250814e-05
3.217967036661288261e-07
1.024898005486683389e-01
5.771194842406428973e-08
2.355087486526911642e-08
2.647025667723131785e-06
6.826948626028381336e-06
8.143720135662705384e-06
9.579530056999478664e-07
4.219397324859345488e-09
2.974979399762730741e-07
3.650562028791881194e-07
2.786741913177743057e-08
7.150717159745481610e-04
1.917149679100310352e-08
5.338414821437737585e-04
1.962886360637787486e-02
5.225510733483438119e-10
8.717102185088734800e-02
1.523625747772931669e-07
2.258606112489516107e-08
2.614094866778452988e-05
2.693108553655523600e-08
2.949287013577110737e-07
7.673733666705347123e-02
1.262335532365516384e-05
1.238190763318640884e-02
9.120754200244700352e-09
1.215549182539604478e-01
3.730732073600081449e-07
4.727063799442168981e-08
4.747950480952671726e-05
2.496020949805049952e-08
7.758957053316632984e-05
8.222110464679114468e-09
5.430599548365904698e-04
9.229537356731994316e-07
1.688605771692514934e-03
6.184387941055811915e-08
1.100598196846364972e-06
3.208035017491164100e-08
2.026047793362882786e-07
2.782937414708040399e-05
2.352581830116530249e-10
9.653625659275584078e-07
4.169495562853193256e-10
5.041276678035293193e-04
6.274880700050539117e-05
2.765654501039219810e-05
1.586784758066314183e-06
1.102101711151034764e-09
3.950385168773756228e-01
3.185177682388062737e-10
1.528651023026625824e-09
1.605906412194329088e-10
1.018062010366363270e-05
9.911730431426447436e-09
3.873531919611242384e-06
1.023851230975856964e-05
4.552370579964087091e-10
3.606148299404301929e-10
3.408192862792136773e-04
4.069069656731550003e-10
4.219198284596229896e-04
3.018794193189452339e-10
7.754317981224298907e-05
1.758406564090095065e-03
5.362898622547357899e-12
1.453260130946936134e-12
1.125996501054556657e-11
9.314906925006286028e-13
6.567757954674785177e-07
7.086776448145122245e-10
5.784309865083442313e-08
1.490398867908006541e-09
4.787473801904071939e-10
7.472787580771793192e-09
1.153310513460484469e-08
4.242258020619930704e-07
4.176447147578639096e-06
3.235785236953865954e-03
6.508353460665372723e-06
3.798704851977879278e-06
1.383515531871583265e-05
8.897272043807736384e-06
5.732889660505103133e-09
8.221320599476463001e-10
7.758277104255177002e-06
1.372062694954483239e-04
1.790760205228055998e-02
2.889786549115150777e-09
1.801484396283967128e-05
1.443667977890616167e-09
1.248649757471167741e-08
1.639705525178217736e-03
1.419900775221689341e-03
5.819422292923585776e-06
3.718715751977418309e-04
8.110527686955816915e-07
5.943067702954121259e-07
7.774087268898525571e-06
2.057886850979789872e-05
3.193689226733858867e-07
7.020749984512685091e-05
3.145529750440034804e-07
1.439049568345294687e-05
3.990902798638484611e-04
3.362303817718948603e-06
3.208920771684030306e-06
2.063073331506926478e-06
3.019858043799717302e-06
1.519550673197359592e-01
2.571922382891936613e-04
2.517128870216167602e-01
1.402532352765517272e-03
7.785623441458590366e-03
1.063710179502456304e-02
1.506882071369343712e-01
3.671952075481662046e-05
1.161287101164124036e-01
5.516346714505164506e-02
1.312161864419894054e-02
8.362136777566458318e-03
1.435104423704661113e-05
4.717111909881756965e-02
1.753927691745244266e-01
1.850632518809230131e-01
4.786548071237891055e-01
4.653476233007341860e-03
5.628907186272531088e-02
6.231213967941933163e-01
5.152412726486701347e-08
3.834338944961980926e-06
1.553383106970300975e-04
1.873518813378050596e-01
2.542036526755746262e-02
8.373336511269438565e-03
8.446244991645022182e-01
3.609456497618914426e-03
3.319898802983143465e-03
1.544694761533119002e-03
3.596956133586148296e-01
8.300580789790111894e-03
6.492870972362131329e-04
2.703978679936664895e-02
1.124648207893095241e-02
5.676798403747735928e-13
5.122640009678944284e-02
1.024553371384151063e-01
2.152927522298609536e-03
7.119091091337733657e-01
7.100191029655749109e-01
3.869557683659448633e-01
1.886386643337058938e-02
1.496633433937801516e-01
1.766325294808252593e-06
1.525942363292592252e-01
1.901250956906767528e-03
5.139179834727085616e-01
8.761188801552350150e-03
2.232884020963311206e-02
6.640464841561329878e-01
1.357674630420941109e-01
1.995427411266934275e-03
3.857754744493494536e-01
3.383415984278923538e-01
3.932492378039217362e-01
1.429887733953493986e-02
4.073188337014569532e-02
4.330186690630636465e-02
5.071175365952214353e-02
3.423929048285134173e-03
1.337097907672810670e-01
2.265570090168329831e-01
4.348896521944354589e-03
3.135724901033126732e-02
8.155894629085266856e-03
7.743575888142851735e-03
4.212340015474125982e-02
8.978266832949495235e-01
1.580820614569402316e-01
3.596107277096373123e-01
4.557016806109396028e-04
2.748758034508668180e-01
5.187358592691138776e-03
1.509113450528546951e-01
3.572134936164587937e-02
1.127912010662826883e-02
6.416583799436065272e-02
2.694639445043073983e-03
1.330326062739529969e-01
1.383388208035043754e-01
4.801468301284815832e-01
2.253344216900251065e-02
1.723014352478909397e-02
1.732633489230608198e-03
1.202145319129727802e-03
6.433027646238292929e-01
1.028389124356248185e-01
1.345179189001283193e-01
1.337620858932500045e-01
1.565120273178096516e-02
2.452056901490925339e-02
3.972682490498907759e-01
1.000000000000000072e-18
6.062958586378356623e-06
4.394521724928619928e-03
4.097493057029785528e-04
2.648298633107543099e-01
3.753489941507045331e-04
5.524136924948539655e-04
2.382071355855619815e-05
4.766682726997668873e-02
5.049938741127328471e-04
1.973187743254693760e-02
5.626026223504927465e-05
2.646495859520817812e-03
2.415735767991190192e-03
7.164465212372566217e-04
2.755808750436678986e-02
5.964269727851435063e-04
5.523109116807980637e-05
2.007082950647877048e-02
4.146953515748458968e-02
2.461450736503351805e-02
3.672872146917128622e-04
8.053041929611423036e-05
2.089003917315658593e-08
2.296691763285048891e-03
7.580756326113990973e-01
6.376078556688346763e-03
1.380441090000884830e-02
5.905090616993674026e-03
8.064561555423253869e-03
7.689130372014034778e-03
4.858111124258870928e-02
2.343081471026906004e-02
9.235666145297284635e-02
4.835660479662431607e-03
9.332616044673988859e-04
4.096600589715670981e-02
4.295937460580324894e-06
3.719630685880275997e-03
4.559809863671372698e-02
2.215956669389165454e-03
5.695608081046041882e-01
1.103969938770929110e-01
6.184283708986774153e-01
2.951184871029659956e-02
6.235705067117939648e-05
8.339076353645665657e-03
3.093673012225952104e-02
5.080905264679519417e-01
4.253665177825081273e-03
1.038628337719071665e-03
1.539610065272009869e-03
3.970657691807454905e-03
8.828677647567356734e-02
1.768421043308742282e-03
5.373499201392389207e-03
3.727552875177759227e-04
1.500065811971683328e-03
1.039021458496995273e-02
1.000000000000000072e-18
2.646485059557787678e-02
5.241820848550241474e-04
6.088340767177904782e-03
2.121222618277563126e-03
1.937555199351178106e-02
3.173884013295160123e-01
1.741570806218105394e-02
2.317822962688427871e-02
1.557261872818583789e-02
1.074536166198873793e-01
3.992545624804861859e-01
4.259106726733111747e-01
1.662476971464577416e-02
3.393245428808293589e-03
5.205411275092047081e-04
1.340109032252329024e-01
1.906126567907364677e-01
1.925954160028218176e-01
7.755702008203541639e-05
2.600594804053835141e-01
4.515676587556844909e-03
1.105440429687747916e-01
1.414533331800259513e-03
5.853903069941458065e-02
3.044785116746272975e-05
8.285258423041924614e-01
9.940283785716602302e-03
1.243039429831858528e-01
4.087773199622795617e-01
9.678605820111519666e-05
2.508455833566724906e-03
1.896311710260457136e-03
7.138453870686845004e-01
7.014924075455461830e-03
6.961552942197143934e-02
9.815841662988990756e-05
1.811528340147404178e-12
5.245947494319487536e-02
2.316825949738409995e-01
4.909205181544849528e-01
3.757067594438032732e-01
3.160435098429668129e-03
7.196682663874715002e-02
4.873829419754621695e-02
2.943034482005902393e-04
3.342667031717226622e-02
1.000000000000000072e-18
