1.000000000000000072e-18
1.000000000000000072e-18
1.000000000000000072e-18
1.000000000000000072e-18
1.000000000000000072e-18
1.000000000000000072e-18
1.000000000000000072e-18
1.000000000000000072e-18
1.000000000000000072e-18
1.000000000000000072e-18
1.000000000000000072e-18
1.000000000000000072e-18
1.000000000000000072e-18
1.000000000000000072e-18
1.000000000000000072e-18
1.000000000000000072e-18
1.000000000000000072e-18
1.000000000000000072e-18
1.000000000000000072e-18
1.000000000000000072e-18
1.000000000000000072e-18
1.000000000000000072e-18
1.000000000000000072e-18
1.000000000000000072e-18
1.000000000000000072e-18
1.000000000000000072e-18
1.000000000000000072e-18
1.000000000000000072e-18
8.992442848143993819e-16
3.175968277651756455e-16
7.060360997628881369e-05
1.000000000000000072e-18
1.000000000000000072e-18
3.202833585765739071e-11
8.048553758677921225e-04
1.000000000000000072e-18
1.000000000000000072e-18
1.000000000000000072e-18
1.000000000000000072e-18
1.000000000000000072e-18
1.000000000000000072e-18
1.000000000000000072e-18
1.000000000000000072e-18
1.000000000000000072e-18
1.000000000000000072e-18
1.000000000000000072e-18
1.000000000000000072e-18
1.000000000000000072e-18
8.832999048306104053e-07
1.208955288856911122e-13
2.981814588414635895e-13
7.355168417374886511e-08
1.000000000000000072e-18
1.000000000000000072e-18
1.000000000000000072e-18
1.000000000000000072e-18
1.000000000000000072e-18
1.000000000000000072e-18
1.000000000000000072e-18
1.000000000000000072e-18
1.000000000000000072e-18
1.000000000000000072e-18
1.000000000000000072e-18
1.000000000000000072e-18
1.000000000000000072e-18
2.710862561559412946e-06
4.861507884618555862e-12
1.000000000000000072e-18
1.000000000000000072e-18
3.426155452174892239e-05
3.012293891414976428e-16
2.319906259649556354e-17
1.000000000000000072e-18
1.000000000000000072e-18
1.000000000000000072e-18
1.000000000000000072e-18
1.000000000000000072e-18
1.000000000000000072e-18
1.000000000000000072e-18
1.000000000000000072e-18
1.000000000000000072e-18
1.000000000000000072e-18
1.000000000000000072e-18
1.000000000000000072e-18
1.000000000000000072e-18
1.000000000000000072e-18
1.000000000000000072e-18
1.000000000000000072e-18
1.000000000000000072e-18
1.000000000000000072e-18
1.000000000000000072e-18
1.000000000000000072e-18
1.000000000000000072e-18
1.000000000000000072e-18
1.000000000000000072e-18
1.000000000000000072e-18
1.000000000000000072e-18
1.000000000000000072e-18
1.000000000000000072e-18
1.000000000000000072e-18
3.454920837229622252e-16
3.111244178495142087e-13
2.279317872653789965e-05
3.252776078456805135e-06
2.912478603294132250e-05
3.952458938082360060e-09
7.179258588488884768e-13
3.308658916684342973e-17
2.117086698408941842e-06
1.140406844258490027e-05
9.481275681784569719e-06
1.672189602445061128e-05
3.369305798171473456e-17
2.667206330284095488e-13
2.839513888119460515e-10
1.437468472335882322e-07
3.691492931577911208e-12
1.599877687189619314e-06
8.563929469180558150e-12
2.727245401163632283e-05
2.151949348163544804e-08
2.173204800318368783e-17
3.636307327019798151e-07
2.163410975343203004e-08
2.181416202950052521e-09
1.560533993229948959e-05
4.318363453298853430e-08
4.454797287363478890e-06
9.157669967048419756e-10
7.491550635486435996e-15
7.135123828316392612e-08
4.884998376174646560e-08
4.905895672588319202e-10
2.063577384298618907e-05
2.086691471790668544e-14
1.375992812678858378e-06
1.069595560201021617e-09
1.341303479005981301e-09
2.533051698973902410e-12
2.607458287546329643e-08
2.324024462677737439e-06
1.928124780565284178e-07
1.082189871562463194e-05
2.119323807923456118e-07
1.540503088048154765e-06
7.527029140754034215e-08
2.747675057400868097e-06
5.782145531621010013e-06
2.294093962455181463e-05
1.026619359657545647e-11
2.354438898810668943e-05
1.814792916658689690e-05
2.856748026672475938e-10
8.417416366971621477e-12
5.020481393427220752e-07
1.631977563515231382e-07
2.974461637949790885e-06
1.148397145475639330e-05
5.365105772490401470e-08
9.068425762654032818e-07
1.907424328702942712e-12
4.242715534980506010e-10
6.644701995125037609e-13
8.016016827005674153e-10
4.046406647220050895e-07
3.424447679943247460e-07
1.140080353371622906e-07
6.206590824654420795e-06
6.859912059644320213e-10
4.161441546416042229e-10
2.148284170990164959e-05
4.728731459610716764e-10
7.201198244200982084e-08
5.673479423785336844e-08
1.800022622489720439e-07
2.040967473440901829e-05
4.765624445958252613e-07
8.004884786834027796e-08
1.335102648668228138e-09
1.952958678318314142e-06
5.690624525466053715e-08
1.232523405621761932e-06
3.679875143181033232e-05
9.561350139591544224e-06
4.138522302913029027e-10
4.821381965559636196e-10
1.060304743786784961e-06
6.107369988627533998e-10
1.840140404867536222e-05
3.259753399165327436e-06
6.580544000666417128e-08
6.203836909702852860e-08
3.017333728853369870e-07
4.312845336725948075e-10
3.129606025092743951e-08
1.079901093495494104e-09
4.425716993991773042e-06
5.372863044460671926e-08
1.435142973445157911e-06
8.223606949605194963e-08
1.611153446883652372e-05
5.371909106775655967e-08
7.365770925785654922e-08
6.335927216857966684e-05
3.322352600095006130e-07
4.372617316495306335e-11
2.622945810209084749e-07
1.379763077282372309e-07
1.734055582588553226e-10
2.203395615338822945e-07
1.103473122155917648e-10
1.885369809211875481e-08
4.211987624856272373e-05
2.441930958564035689e-04
1.906184088934998800e-04
7.569544991230075473e-10
5.061282572643549910e-10
3.247934792462081983e-11
7.114110080913339144e-08
2.039007263314427011e-07
1.288070135290454712e-09
5.921499088378679836e-09
1.465793904444452768e-10
1.864174591120424130e-07
2.921462067843049831e-08
4.064154076563346856e-11
5.531626796526322503e-10
3.638698179992022791e-10
2.688483415031622306e-10
1.638225290464142596e-05
1.689207550898776165e-05
1.545449492406540055e-10
6.993643601629259773e-10
8.792477049054490177e-12
2.730005252382481790e-11
1.046615059217179396e-09
3.048628392846301202e-10
1.339493040868298883e-08
3.057873580360520189e-10
2.417996575681328252e-06
7.108068696028704345e-12
9.798920148749059626e-11
6.939012199644225572e-11
4.387956781445548420e-12
3.497722985698148352e-10
4.477435959548600720e-04
2.958664258257789868e-10
1.132704133481116232e-06
3.577927077775888871e-03
1.076588158385942707e-05
1.288631525159326975e-09
6.201720202501768585e-05
1.289797763275803834e-06
1.216643133699307809e-03
1.554987937333725473e-04
1.097706409320759616e-10
1.857230966833903901e-02
3.546701502104466271e-03
4.967423206720196813e-05
2.183297950763095753e-04
2.619323794959169598e-09
2.572673149796173127e-06
1.753855809705550925e-09
2.971366577052486554e-09
2.740436140236030861e-03
3.794960431935236411e-05
2.755274697117907027e-05
7.958574712681640388e-09
4.294766313825110076e-06
1.046656794882619972e-07
6.361563345407153871e-05
4.895571815692332389e-10
2.550858016094173890e-05
3.323413331344175076e-03
4.624194791149421159e-05
2.824205337313045444e-05
2.910037912612480434e-05
1.483596253220231191e-04
3.344172957680403296e-07
7.243512447751810481e-06
4.084120874349613471e-08
1.847261626071643799e-04
2.126250530820727268e-06
6.914382101020475247e-05
3.281796872826896254e-05
6.426962253858898840e-06
7.865252815672000523e-04
2.858035123498360548e-07
2.249010028513939718e-06
3.949987980141665731e-06
9.931548231218712277e-08
9.300883170469161709e-07
3.241168396885691117e-07
1.323236348801841443e-09
2.172366406350197357e-05
1.967403057748327334e-03
2.067789597180258801e-05
7.136709379470112539e-12
1.074898035020008512e-11
6.885207469471804199e-12
9.781076637085651905e-05
1.631506245766766656e-10
2.740128450374909892e-05
1.927140653646763638e-11
1.294688681178555973e-05
2.506802619192700576e-05
1.026380287761018310e-05
9.331113993583940014e-07
7.618686602887910893e-10
5.381641286135344759e-10
4.018637664114330403e-04
5.379433417273096230e-06
9.098205732201265978e-05
3.259379264723768103e-10
1.901346088769792449e-06
4.486919190171754485e-07
2.790471707516032390e-05
2.926584790449490562e-05
1.470974461471236172e-11
6.884355528270339516e-05
1.264345293066064111e-06
8.229795941325367841e-05
2.954032018368602802e-06
7.069724220067431035e-12
2.159387137481966676e-06
1.907353805872546190e-06
1.070532937740518241e-06
1.657707390586174481e-06
2.854019046823310164e-07
4.466981529588436604e-10
5.860917548661693662e-07
3.923435746765514435e-05
3.280172654204668653e-11
3.426310021898150405e-04
1.292593981533829437e-07
6.906073651031440707e-09
2.234634602444668591e-09
2.186363034007356859e-10
4.449544753353490898e-09
2.285829789195565988e-07
1.566939504061670909e-06
2.014292806496055828e-10
1.824289348442658775e-05
1.790233408639432039e-06
2.736864826033756522e-11
5.947841472578134213e-07
4.133218288324553067e-10
6.659825135748071944e-07
2.784767976746823005e-07
2.926221802928098360e-08
3.126136248136082924e-05
3.550953679475475264e-04
4.842630479648858727e-06
8.278411256967074686e-05
2.809195279247029320e-08
1.071629588265882313e-10
1.821890524278681687e-06
3.650645649796345790e-07
1.800084720179334895e-05
2.996366479903018138e-09
9.973057826815631687e-09
1.352751756310414324e-09
1.336605910124872233e-06
5.053525337056379751e-05
5.020432827205789197e-06
2.272661806655705473e-07
1.796346274137332203e-07
1.105984614763441685e-05
3.301675179308517713e-07
1.523697321124746342e-07
3.430322974328717939e-04
1.788573190524450943e-07
1.946731808971389358e-06
1.553319382086549045e-05
5.822912871311839811e-05
4.976514132418025727e-06
3.980454659905540609e-05
5.013221547336853192e-05
4.497905033927689968e-07
2.344558324035324431e-07
8.462319805299754811e-06
2.324610504678079070e-05
1.637063932373600920e-07
1.897546864487335907e-07
1.921674046891127448e-05
1.525731949861935400e-07
7.771210847624008839e-09
2.791396789419157347e-04
2.376469646699243523e-07
2.232337115406080996e-06
1.613050239805393206e-07
2.258019968897428690e-06
3.527992490470494199e-06
3.195953773741538702e-06
2.373172886592930794e-06
2.754676166128559917e-06
2.400752224000415332e-07
2.972532550658846514e-07
2.387024471430621401e-07
2.493751266989711928e-07
3.372419769994952139e-06
2.372812418304877558e-06
2.673395999863673428e-06
9.099604586029080965e-07
7.432702131903903380e-07
1.184489188054169644e-04
5.786874753524216342e-04
2.406153900091048096e-07
3.544124094964379227e-06
3.932270315126668083e-07
2.988450420043339329e-04
2.134784233400285071e-06
1.806894358348643931e-07
1.908285318761505920e-07
4.211377467363901691e-07
2.443858811799423762e-07
2.233755965668435137e-06
2.927846003970715447e-05
1.909450708894617495e-05
2.088110500701390650e-05
1.302052603407256224e-05
3.143166186505605934e-05
3.339115826650764496e-09
5.353200518068022064e-06
1.913894149153713817e-04
2.304057200900543255e-06
9.598745613886223754e-05
3.413576750302211576e-06
2.803172575229751257e-05
8.923476057184398074e-09
1.368429704431110492e-08
9.927847755136675798e-05
2.453528486417408189e-07
2.025553654249807832e-05
8.254258248175424290e-08
3.334661493564966833e-09
2.258019542064976505e-06
4.742945558187671741e-05
2.441744932708743389e-04
3.498694466959217059e-06
7.003128224673946540e-11
9.812314604325482086e-08
3.099919932971691600e-05
2.373473734718769901e-07
4.379647130141246000e-05
8.597524602545038828e-10
4.520102466526478138e-05
3.184630983430425887e-04
6.086999918331503534e-06
2.528188819037883934e-11
8.348002706413148404e-09
4.649855919632774233e-10
7.571628041156630824e-06
5.121935528201067154e-05
3.718941809958267033e-06
6.362772932284063457e-06
5.198817127341789241e-11
1.219329091158358962e-10
6.744464372034404571e-11
5.285602598913133866e-06
1.627331765223366609e-06
2.671100867760912656e-05
8.160290528066154608e-05
3.554138611114491152e-09
4.539174023312398277e-05
3.003163699053611456e-05
4.481278450616034515e-06
2.615681471324353323e-09
4.775297607908191419e-06
3.729311000650209371e-05
1.344888640333063255e-05
8.248559226451582014e-08
1.000000000000000072e-18
1.000000000000000072e-18
1.000000000000000072e-18
1.000000000000000072e-18
3.922256170328084732e-11
2.748279373789870801e-10
2.862743384988283702e-05
7.420432924352621040e-09
1.268204483329703868e-11
1.982698934016897878e-05
1.835784577576195055e-05
4.245365291665269446e-06
6.242663687365444206e-05
2.715997604410988375e-09
1.075097382769747244e-05
1.902700999190630255e-10
1.719827400796123542e-05
3.057140807214170666e-11
3.057755888374919251e-11
7.337537530432669543e-06
8.489744624780655187e-09
2.340139459376430851e-07
1.293402761340193315e-10
9.668907689124044716e-06
3.310388328402330176e-06
2.078552133955460064e-05
1.959791078865057273e-05
4.501027495003976903e-06
8.764452079534211000e-06
7.627330212552538269e-05
2.063400075428373329e-05
1.999035606744425395e-09
3.503571621813350725e-10
1.998507612717253108e-05
6.850200511997330345e-09
2.570028078242586379e-06
4.654270242485693672e-06
2.279066365157701550e-05
2.277144157889028758e-05
2.302357530630579847e-05
3.897053171943315428e-09
1.980263220041121740e-05
2.070379733402176933e-05
6.706937419214742761e-06
6.318753151486955553e-05
2.196992856642173431e-05
2.086950750829766132e-05
9.189633839332441483e-06
6.109620349324657159e-05
2.716491439110379113e-06
1.328906429351569264e-05
1.658814223892040438e-05
2.283553677923907320e-05
9.632732971654944055e-06
7.549429936280290410e-05
2.399223128490404538e-04
3.601682788233569332e-06
7.183470283508792160e-06
2.661589313189235785e-06
3.120714999430751749e-06
2.299507398467912384e-05
8.030569562113478853e-05
4.368785012330060627e-06
6.400022451057112833e-06
6.084627912926187260e-05
2.335232299615705770e-06
2.510076548636217417e-06
1.823115949489881700e-05
1.703476701711065473e-06
4.674953720300220628e-06
1.690398667250606600e-08
6.609260446902972976e-06
1.011773012734241502e-05
3.845386260082032796e-06
5.950620233280383425e-05
4.641361524342539192e-06
1.117399797890293101e-04
1.973574768614539762e-06
6.966971382412554073e-09
8.303412693610795907e-08
3.156004901850799864e-05
2.205063852467317926e-05
2.704324409648586155e-08
2.353516684783117847e-04
6.540917305412764992e-06
2.895599798154251150e-05
5.062580324991008873e-06
1.833026547766949070e-07
1.235524084511791009e-03
3.155130813688503642e-05
2.200975577166012785e-05
8.898199975040865323e-06
2.017606535833266745e-10
4.444359740038212101e-05
4.663652208328084597e-10
6.072708346266114059e-10
2.645845712169196982e-05
1.752987442869035131e-04
1.658975006906439113e-08
2.096626259085600762e-06
4.362711230111679642e-06
6.098560341254316524e-07
2.395043166106948312e-04
2.791249188772917964e-07
4.863038335766871976e-06
3.439980721215027908e-08
6.425400228025075044e-07
1.664991055169722318e-06
4.856688738452432216e-09
5.007571177764679191e-07
1.573255866327327021e-06
5.033695995719904055e-06
4.647171086751910414e-04
1.473144723854993417e-07
6.163619494455536204e-05
6.477222309394256289e-07
2.141219237529212782e-06
1.186324866240567939e-07
5.685032126463468115e-06
2.149551783296060032e-05
7.843246926246354349e-06
4.702015878648999440e-07
1.483883551263457992e-06
1.586705217401214267e-06
2.236296467673382222e-07
2.530640092118757643e-07
1.562913507400113721e-07
4.770568195423867614e-07
1.268690443326723034e-06
2.189441794782580456e-06
2.121630271725900410e-06
6.482970459891182799e-08
1.252294588019896163e-03
1.979861291272089099e-04
3.818671546300167596e-06
6.912332268829768224e-08
3.237187245349546678e-06
1.260987729578545246e-06
3.602902354486196642e-10
3.123408351572778014e-06
1.111737004026668957e-04
2.448411586840779260e-03
2.971008014835352438e-07
7.610153706742101227e-07
1.507642932502408850e-05
6.496643109069060761e-09
1.350362833664155076e-07
3.896588884160213299e-08
1.257175915362425695e-07
9.580594960525040144e-08
1.248618600606849219e-05
3.275604319663652564e-06
2.035742235847795114e-10
9.701606525466478674e-10
1.614064185529914323e-07
7.263738518526308345e-08
4.066408809683015602e-04
7.707791257253366094e-05
2.046081777033915996e-07
1.844002923472392815e-05
1.003114360694421068e-09
6.621332480052067721e-10
2.415976195040756711e-10
3.268839641621753294e-08
1.896662546040683061e-06
2.146465959955605866e-05
2.324284714692639652e-07
6.169022049082268982e-05
2.827918645065089554e-09
7.667693827934242432e-07
3.445802529741891971e-10
8.465861182840009084e-09
8.236652392031245480e-04
1.520016390487496406e-03
1.456701711400574846e-05
2.223502419892098129e-07
1.615328583554948929e-07
6.321923429151830506e-10
3.349137976616721567e-07
2.209215412813636991e-07
2.368227917388706238e-09
1.542871211249616657e-05
1.677452750213196868e-06
3.355719337516000508e-05
3.308624443973777834e-11
1.675465812746638535e-07
9.223880713187762348e-06
2.246052837360527603e-06
2.216347557051729378e-05
3.108386358012139997e-09
4.384818295802860087e-05
3.900354392209907429e-04
1.017878714394126235e-12
1.132711727667983535e-12
1.004671739312200893e-05
1.600514676566468404e-11
4.472461273719419530e-05
2.317035208973185819e-03
1.215498120661069159e-05
1.069754214744307396e-04
1.737165972994499567e-06
2.833876847894958402e-08
4.012754971214234712e-08
5.278441613444107220e-06
7.585860757709869594e-08
2.663764639365050891e-10
2.532158118141726265e-11
1.671625535974480909e-07
1.768421838797844206e-10
1.040789132744915145e-10
5.673925811748319447e-06
1.421401356035731475e-05
3.176790469717576574e-11
6.276142928955915842e-03
3.811588404197372481e-09
5.269916924717629768e-12
2.893293727261862363e-07
6.916896678821901880e-14
5.210428020078056854e-08
3.232214169212545598e-08
5.315543535239618614e-15
5.342487568181544462e-06
1.848270497853188233e-11
1.550458152018152758e-07
1.366393928435129722e-07
1.082299227809915896e-04
7.003875027641956913e-12
2.325463425270786163e-11
4.355684931513664831e-08
1.086034754968845388e-11
1.694686438301097276e-07
4.731225781538419896e-10
1.253606751242082293e-05
4.056108852405273032e-11
1.421000466716969008e-04
2.835224082723124153e-04
1.000000000000000072e-18
1.000000000000000072e-18
1.000000000000000072e-18
1.000000000000000072e-18
1.679331012713057670e-05
5.906059772690888204e-10
2.813434657929948186e-05
1.228266284744838349e-08
1.686874756397624394e-08
1.480464649548921855e-13
2.341597759445562119e-11
2.021268937510041632e-06
1.064996726241203937e-07
4.206146556200176922e-08
1.461220449868348689e-08
2.399110412138659723e-07
1.278302823232407143e-04
1.300372991418472856e-06
8.374803443349627618e-07
6.719659222069398154e-06
9.439787378068644311e-11
2.354377676730865065e-09
1.963657355871561663e-12
7.253499287608231548e-12
7.571086142233976066e-06
2.197672414761237902e-04
2.433511758455177886e-06
1.057079032136389680e-05
2.620660175518187791e-10
1.396751981927806839e-08
1.096036942186310266e-11
6.840665630111774090e-06
4.613003099107694017e-05
2.645704771517516460e-07
2.510336939029894206e-07
3.027191835971520075e-05
1.579415940512457931e-08
4.247109953963906582e-13
6.708085242401721709e-07
7.162436751878900777e-10
4.115235894125795487e-07
4.126881889258522168e-06
2.350899039974599255e-07
2.659164490274132928e-07
4.544795856608895763e-08
1.344047065981402577e-10
3.296616343683102013e-07
6.692670205280501267e-05
1.679437462953805593e-06
2.004079197691471040e-07
9.237111374109988083e-07
3.657837518867421380e-09
1.408033254240016428e-08
1.681833693598347034e-08
3.313647229486501138e-07
1.463068598366358122e-08
1.141747293705833611e-04
1.232741942115071049e-04
1.410660790501821031e-06
1.721072908374080196e-07
1.409220883602319632e-08
3.463459129679650273e-07
4.912602108278418215e-09
9.659937183443298263e-05
2.731213928930397672e-05
4.976658992908637904e-07
2.175466485223936234e-07
5.510591614828857405e-07
4.029489056143791786e-09
2.707790956076464340e-08
1.800555150104236895e-09
5.849648185781704744e-07
7.890419683709599540e-07
6.179236078827717743e-05
2.926407942944341637e-06
1.229340723884552957e-07
1.732913211801991784e-08
4.923976436783434788e-08
2.199762739499655771e-07
2.002199035503339233e-06
7.909091419352305089e-05
2.861683485478381949e-06
1.723910296864471183e-07
7.007906968823291772e-05
2.130352857460960126e-09
1.236755998005922257e-09
2.915045975907789010e-08
5.219825458046900880e-08
8.663013129663909701e-07
4.616822144097611084e-07
5.027905819245744139e-08
1.755972984993225638e-07
1.971265980138151733e-07
4.648741834568189202e-09
4.515312123377525049e-07
2.618806833820659278e-09
1.251997265231809633e-04
5.066802901977656868e-04
9.056349193777845495e-08
5.044280639618931982e-04
5.251126510721849714e-08
3.390075922625918732e-09
1.074317361705459235e-06
4.419534793459197332e-09
1.466488059218723863e-06
5.146448676843579963e-03
1.277098883555697630e-05
4.087127407736142561e-04
3.725719227751995997e-06
2.093807593868791950e-02
1.690044083173446142e-06
5.029225503781234934e-07
1.035611960401148090e-06
3.945617620492469024e-09
6.278436529439264244e-07
5.786956617417254350e-10
1.271601770477501540e-04
2.919053265988751209e-06
1.511771665752906766e-04
5.846316994807877431e-07
1.603438596267699687e-06
1.739926384310046514e-09
7.309658992933148966e-09
1.263670326339095033e-06
2.061647795462963073e-08
2.998767036113687332e-06
8.175035470018004054e-08
1.266269844457591949e-04
6.026202836574644853e-07
6.995015728353610666e-07
2.999304709059248425e-07
1.089356196800028462e-10
1.458456624599388713e-04
3.659658195755615493e-07
1.731164227178988417e-06
4.264410444486337807e-07
1.722454256221750580e-06
6.742467543734237583e-10
3.666073690603346435e-07
2.088798927937773723e-06
1.382695979559293829e-07
5.212661804226480481e-08
4.954876628171992869e-05
7.480497088275779019e-08
4.476863009782519778e-06
3.644772590356736815e-11
3.637495148306987593e-07
2.063860428647083908e-06
1.261179879152267519e-11
2.644306447384711821e-12
3.036624701198463788e-11
1.542145925751039523e-12
1.859933779040361811e-07
5.827024662899414129e-10
2.582492160269591343e-08
1.117360181012573844e-09
2.621403122177386190e-09
7.970326117258726721e-08
1.401764175061645236e-07
7.913244593614007595e-06
1.969049867075077890e-06
9.996402761265008526e-06
9.634704472667836323e-07
6.761352914603764715e-07
1.060881652839435969e-05
5.681550730983582015e-06
5.671388253074032592e-08
5.052903997922577900e-09
1.419736931632294559e-05
3.542186342974200917e-05
5.264864319954712423e-04
1.989720927681061023e-09
1.111710835857149384e-05
1.007348054489771218e-08
1.556109730276282139e-07
7.631845644918024802e-06
7.270089730087701665e-06
1.884180427166488285e-06
7.030540440267234676e-06
6.373137403503391959e-06
6.988079413210705188e-06
9.157542918160136694e-06
4.990273377409593905e-05
1.886169091868253794e-05
1.014792065954733527e-05
1.033186201702771311e-05
1.459978752549662973e-05
4.529360814998970901e-06
2.125227022890146054e-06
2.176444199513309124e-06
5.265722304619409121e-05
2.255632615663995790e-06
1.953562275948873448e-05
2.681032118687047614e-08
1.368470903162952949e-03
1.432476824220045706e-07
2.424286302482627823e-05
1.074687207733821624e-06
3.574070471413651271e-05
1.052764148531178715e-05
1.279257510808270858e-05
6.702564109820241436e-06
2.273073343048218731e-05
8.627185163589174550e-07
3.805166516324458605e-06
4.986919597151005114e-06
4.177504002514108891e-04
4.212960451202726436e-05
2.471164520820979637e-04
3.302808672876485626e-06
8.897349331934301803e-04
9.941341485655253232e-03
1.137022175826008268e-06
2.026708433655570945e-07
3.159586156507100040e-05
3.626079157937852401e-05
1.755461745810978720e-04
7.870092744962679733e-05
5.579549321508359486e-04
1.254781487569859167e-04
3.943069197898787717e-05
2.273681130061293565e-07
4.794775643246772939e-02
8.547402750380833765e-07
6.943494372229329099e-05
2.788991471082584843e-06
1.151353349731667596e-04
4.140318209876104388e-12
5.453142533579741916e-06
8.881384189717594262e-04
1.693133730260358788e-03
3.250182307419198068e-03
4.394876850880217556e-04
5.026026305154090643e-03
6.707155838262640038e-05
1.570783350635508724e-02
2.252650531364149990e-05
1.788569036055224207e-05
2.173799983809082128e-04
3.911300175182365942e-04
1.818950360814584194e-02
1.649523845660157530e-05
1.595222550009939592e-03
2.777646042742641975e-05
3.737337514462294678e-04
6.622819736671268478e-05
2.706527546233231628e-03
1.370494390575868185e-04
8.921325938932920708e-06
2.158723608802833347e-05
1.392951412445331868e-05
6.446178452884408678e-06
4.083319785776457595e-05
1.443593608192774253e-05
6.261611349746485072e-04
4.805514861255662919e-06
1.905306515542648396e-04
5.742963324686189282e-06
1.210598562363995932e-04
6.865854754210417817e-05
1.908651170306674069e-02
6.100974408994373419e-03
1.582379395685127373e-04
7.719433665472576396e-05
6.786918403897796576e-03
1.990075747330300942e-06
1.894355063546893027e-04
1.055147593638275181e-05
5.380910390087494322e-05
1.075516377151002642e-04
4.323495273683991438e-05
2.459670321489372852e-05
1.498541248682461230e-05
7.958125895884241062e-04
1.458234015717585421e-04
2.308347028396811888e-05
5.566851571727257354e-05
1.145403174082411271e-04
4.115607753619747087e-04
1.455073807887232846e-05
8.178144437230367618e-04
1.501632083390620179e-05
5.199879138144946353e-04
2.889518163390920061e-06
6.492318225619408750e-04
1.000000000000000072e-18
2.886714497944934074e-06
2.834326782612160951e-06
6.325659429622727987e-06
8.621392722514382382e-04
3.513695744073685833e-05
1.108117232745916807e-05
1.838713506019697605e-05
5.433568089030551339e-06
7.945856925769680481e-05
2.884179804347133861e-06
2.155697477551994027e-05
3.845427591768621718e-06
1.783650882695310590e-05
2.024069985756438042e-05
4.527964339933918895e-05
2.881424575558571760e-05
1.570792002639830411e-04
7.142449691784327130e-05
4.242431123781517980e-04
9.964168330893860732e-04
1.817284461844281688e-04
9.894595188538286227e-05
2.624896102149876141e-08
2.630814984467583391e-04
3.186616269293888592e-03
6.536867000435396301e-07
1.401862456054977358e-06
4.059363050374431917e-04
7.848054511980034030e-05
8.511048982591928999e-07
5.368033552097133853e-05
3.251910193461495305e-03
6.843052490931572759e-05
2.030456896382668946e-06
2.045469412549063090e-05
4.358365283159328610e-06
5.001413384858609707e-05
4.032122715954123884e-07
2.824636380770050741e-04
1.202504444558904686e-06
6.194837394950322576e-04
1.367374149566618073e-05
3.839897502960114631e-04
7.543150100604217277e-06
1.030284558151765058e-03
9.544269558637853228e-07
6.580190614458930609e-02
1.005172444095208013e-03
4.494883004393012619e-04
9.913712771037505670e-07
1.582735727136772324e-07
1.289377429040597552e-02
1.604110928198921758e-03
1.979615621895013960e-07
5.415519060031724105e-07
1.299235704125342055e-04
1.519434278629018050e-07
5.069639351870180668e-05
1.000000000000000072e-18
2.814578703666406614e-06
6.202898197622801371e-08
6.296545296338346432e-07
3.331132383922040963e-04
2.149300459781409050e-06
1.691553445915776734e-04
2.107301157626310129e-06
2.383907349655074734e-05
1.921306225885475704e-06
1.273025922831005368e-05
1.068163180082635637e-04
1.265877679983772410e-04
2.038285500139067938e-06
1.967739801200532682e-05
6.690341523267582034e-06
5.388905614496398169e-05
5.618732065843522509e-05
6.272163097767886322e-05
1.326226188669042477e-04
4.530508306903300881e-04
5.454063001368210036e-07
3.314236320074061683e-04
2.814737123502016109e-06
1.406841790273729740e-04
1.350757681109979564e-06
6.026245250714460213e-04
2.063986346521747245e-04
8.748833332101984064e-03
1.463206667675879960e-04
5.252289316738741992e-07
1.683633550461040816e-03
1.049010330381259297e-06
2.042327946714577250e-02
2.368838680038253918e-06
1.474904976573921745e-03
4.195721472072143257e-07
3.448817138314604684e-12
7.575327114149265858e-06
1.912343706362343342e-03
5.226942866973216788e-04
6.120376314151570931e-05
7.452259588703680393e-06
1.144903368404721645e-04
9.312035745659108014e-06
5.637489780946510622e-06
3.575785076361708689e-06
1.000000000000000072e-18
