-6.000000000000000000e+00
-5.878787878787878896e+00
-5.757575757575757791e+00
-5.636363636363636687e+00
-5.515151515151515582e+00
-5.393939393939393590e+00
-5.272727272727272485e+00
-5.151515151515151381e+00
-5.030303030303030276e+00
-4.909090909090909172e+00
-4.787878787878788067e+00
-4.666666666666666075e+00
-4.545454545454544970e+00
-4.424242424242423866e+00
-4.303030303030302761e+00
-4.181818181818181657e+00
-4.060606060606060552e+00
-3.939393939393939448e+00
-3.818181818181818343e+00
-3.696969696969696795e+00
-3.575757575757575690e+00
-3.454545454545454586e+00
-3.333333333333333037e+00
-3.212121212121211933e+00
-3.090909090909090828e+00
-2.969696969696969724e+00
-2.848484848484848619e+00
-2.727272727272727071e+00
-2.606060606060605966e+00
-2.484848484848484862e+00
-2.363636363636363313e+00
-2.242424242424242209e+00
-2.121212121212121104e+00
-2.000000000000000000e+00
-1.878787878787878896e+00
-1.757575757575757791e+00
-1.636363636363636687e+00
-1.515151515151514694e+00
-1.393939393939393590e+00
-1.272727272727272485e+00
-1.151515151515151381e+00
-1.030303030303030276e+00
-9.090909090909091717e-01
-7.878787878787880672e-01
-6.666666666666660745e-01
-5.454545454545449701e-01
-4.242424242424238656e-01
-3.030303030303027612e-01
-1.818181818181816567e-01
-6.060606060606055223e-02
6.060606060606055223e-02
1.818181818181816567e-01
3.030303030303027612e-01
4.242424242424247538e-01
5.454545454545458583e-01
6.666666666666669627e-01
7.878787878787880672e-01
9.090909090909091717e-01
1.030303030303030276e+00
1.151515151515151381e+00
1.272727272727273373e+00
1.393939393939394478e+00
1.515151515151515582e+00
1.636363636363636687e+00
1.757575757575757791e+00
1.878787878787878896e+00
2.000000000000000000e+00
2.121212121212121104e+00
2.242424242424242209e+00
2.363636363636363313e+00
2.484848484848484418e+00
2.606060606060605522e+00
2.727272727272726627e+00
2.848484848484849508e+00
2.969696969696970612e+00
3.090909090909091717e+00
3.212121212121212821e+00
3.333333333333333925e+00
3.454545454545455030e+00
3.575757575757576134e+00
3.696969696969697239e+00
3.818181818181818343e+00
3.939393939393939448e+00
4.060606060606060552e+00
4.181818181818181657e+00
4.303030303030302761e+00
4.424242424242423866e+00
4.545454545454544970e+00
4.666666666666667851e+00
4.787878787878788955e+00
4.909090909090910060e+00
5.030303030303031164e+00
5.151515151515152269e+00
5.272727272727273373e+00
5.393939393939394478e+00
5.515151515151515582e+00
5.636363636363636687e+00
5.757575757575757791e+00
5.878787878787878896e+00
6.000000000000000000e+00
-2.590403864874794237e+00
-2.596953534912791461e+00
-2.590033229616741206e+00
-2.592753564306645497e+00
2.590622277873740220e+00
2.598675070442773460e+00
2.601263551984416722e+00
2.589914299305510870e+00
-2.600314006675484180e+00
-2.606116996536256281e+00
-2.597646531700665840e+00
-2.602671859870123061e+00
2.600998846327800429e+00
2.607168963567252362e+00
2.601455781850342319e+00
2.596433789537430759e+00
-2.606140030651155737e+00
-2.592778254500097912e+00
-2.598517757239213744e+00
-2.589305675555238828e+00
2.589570249823295534e+00
2.590412819570079961e+00
2.603880550347029033e+00
2.594825328163048006e+00
-2.587745233032545222e+00
-2.606392265866332103e+00
-2.596218313716648129e+00
-2.591553534074618081e+00
2.603230827895104849e+00
2.593628261618416975e+00
2.601946455726072749e+00
2.600117523893864302e+00
-2.595894351577536341e+00
-2.602882003648013143e+00
-2.591430434187402376e+00
-2.591932905446526547e+00
2.602295524417006956e+00
2.587282723957569086e+00
2.597241479169810408e+00
2.604032004198931993e+00
-2.586957370310762450e+00
-2.587293374144011615e+00
-2.602008546305941028e+00
-2.590750811767243533e+00
2.588532404050569280e+00
2.603714452633082210e+00
2.588296789916639362e+00
2.586119993651339488e+00
-2.592031715552298721e+00
-2.600067333411574477e+00
-2.599721427809466689e+00
-2.601195906304808236e+00
2.587493774172518801e+00
2.599012782232461571e+00
2.597402693334421198e+00
2.600359903421606944e+00
-2.599626815218666565e+00
-2.586763215269388461e+00
-2.584736094971998632e+00
-2.586947693882462485e+00
2.598774079422073502e+00
2.592062070233298154e+00
2.580364315249096929e+00
2.600062210669964458e+00
-2.582750709117688004e+00
-2.590696834084619926e+00
-2.581902409892130379e+00
-2.582411155132718239e+00
2.587048283998547138e+00
2.589629093939124882e+00
2.589738364953907190e+00
2.591435201551366863e+00
-2.590445384478356594e+00
-2.586364207517218183e+00
-2.580072772932118230e+00
-2.582210184068505665e+00
2.586261186401483503e+00
2.593252038356679279e+00
2.587153299026945241e+00
2.581286031277681747e+00
-2.582482012507127500e+00
-2.596455271405313514e+00
-2.595460090271674680e+00
-2.579947936797483798e+00
2.570464769390310433e+00
2.578637610287376258e+00
2.572407767871337292e+00
2.574195486583431780e+00
-2.576410763824853234e+00
-2.571631959445841886e+00
-2.575509840836215147e+00
-2.582499170274200839e+00
2.571119117899544282e+00
2.581950848538731247e+00
2.579475830493302535e+00
2.567825649919307285e+00
-2.576051563761436292e+00
-2.566961155475896650e+00
-2.568659358743353049e+00
-2.582778793879441093e+00
-2.572817865810410609e+00
-2.573527583914375416e+00
-2.568225527825613419e+00
-2.576608947194465760e+00
2.566899442003454102e+00
2.566525105074140445e+00
2.579541518045363802e+00
2.566497811899564496e+00
2.577353940232580243e+00
2.565037472920131734e+00
2.576008858866431162e+00
2.583750936429281442e+00
-2.569065056503696542e+00
-2.578553804086422208e+00
-2.573594738582812180e+00
-2.574142142564359137e+00
2.570134444454132971e+00
2.574562431093126325e+00
2.579247892923241192e+00
2.565872722033819553e+00
-2.565826337360374687e+00
-2.574017732223120358e+00
-2.579024400717445431e+00
-2.568284664239712800e+00
2.579251200328423366e+00
2.563252240137797955e+00
2.572347437397855430e+00
2.562346022148760394e+00
-2.561870656298216531e+00
-2.564157724164875418e+00
-2.578268694501979930e+00
-2.562412094191222955e+00
2.561561847964241245e+00
2.575183442907722053e+00
2.574508099289541274e+00
2.565061169627784299e+00
-2.564079381322290629e+00
-2.572177373327971583e+00
-2.577863490571420169e+00
-2.565029183138940461e+00
2.552035988379410814e+00
2.556270534923074766e+00
2.556374507922113626e+00
2.552446636788697543e+00
-2.523205469178579463e+00
-2.520213712519887572e+00
-2.525678967608288694e+00
-2.520192685878822836e+00
2.536090984671125259e+00
2.524740349849680765e+00
2.535639715624303125e+00
2.528675017528516644e+00
-2.529212046517240520e+00
-2.537428460731417257e+00
-2.537436888766861465e+00
-2.521855565653285502e+00
2.524785921197160388e+00
2.530456302803875346e+00
2.531609730978336525e+00
2.538335278709152210e+00
-2.536247692529683739e+00
-2.523684040955026298e+00
-2.525719079701962411e+00
-2.524927042542025823e+00
2.519908132940681611e+00
2.537262239717847923e+00
2.525814019942483668e+00
2.534441259850235717e+00
-2.522186555433424626e+00
-2.524837743293308456e+00
-2.522181539851423793e+00
-2.537142753878619317e+00
2.530665101485563007e+00
2.522106193712478017e+00
2.526240075527878215e+00
2.521576102265520980e+00
2.524239549777758551e+00
2.522314639040107664e+00
2.524846030762196047e+00
2.532235124766529566e+00
-2.531321271889067859e+00
-2.521867402908537059e+00
-2.532217094106058219e+00
-2.525690683647157098e+00
2.512674897985305300e+00
2.518807637947866329e+00
2.525867443648484922e+00
2.526330666720136620e+00
-2.529272941212461490e+00
-2.514709159524780357e+00
-2.521430476054581593e+00
-2.518512510638913682e+00
2.512412362511279529e+00
2.528684929123108827e+00
2.524118828693128425e+00
2.526873145341932414e+00
-2.508677634325089389e+00
-2.515035128205679094e+00
-2.513176725491091723e+00
-2.514638162108080444e+00
2.522398946345105752e+00
2.518891475566778837e+00
2.524786759836127548e+00
2.520473599104296802e+00
-2.514222537872936147e+00
-2.509712285821185329e+00
-2.516582219750770566e+00
-2.527488193082577883e+00
2.520918123443425696e+00
2.516625998358896332e+00
2.510187858969200381e+00
2.507128746167784250e+00
-2.518019179132135132e+00
-2.522116270996072274e+00
-2.508998631367857168e+00
-2.512727063621162493e+00
2.514627604749414047e+00
2.519268989571342043e+00
2.516941473288063946e+00
2.507149025196496517e+00
-2.514609072063707984e+00
-2.511417640438981635e+00
-2.510905579065357163e+00
-2.508491158477801797e+00
-2.510609489511873793e+00
-2.512775380775567502e+00
-2.518973557600411084e+00
-2.515474746197195355e+00
2.514119840822302887e+00
2.513332987520164430e+00
2.525313743809306288e+00
2.522064747289399111e+00
2.368557623955381164e+00
2.369918907284726206e+00
2.362215916814756067e+00
2.364680748080227879e+00
-2.359076941725017473e+00
-2.361143779039416302e+00
-2.367977297967626349e+00
-2.366224746863327955e+00
2.365030965218406500e+00
2.373507324728947321e+00
2.372816757630384021e+00
2.376622474767378090e+00
-2.376855609490961196e+00
-2.365549363326803878e+00
-2.370519551976177919e+00
-2.365940362479691750e+00
2.365472262398869319e+00
2.367193690050902966e+00
2.359916301330429178e+00
2.369923580629312632e+00
-2.370572438229255230e+00
-2.360253173767871804e+00
-2.372109825037111985e+00
-2.362638855793926407e+00
2.368032361798273477e+00
2.370852094288443457e+00
2.359823716538153704e+00
2.360372204871111990e+00
-2.365679036719880113e+00
-2.368796560423386932e+00
-2.370598988315115729e+00
-2.368838866755085260e+00
-2.368529590769376192e+00
-2.367353985790324078e+00
-2.359160916533521668e+00
-2.361323077389032576e+00
2.353827069967847407e+00
2.361948191373078654e+00
2.359832493851951707e+00
2.357809940832613638e+00
-2.361285599140948488e+00
-2.372468514644524795e+00
-2.363508001072881726e+00
-2.362560717372143237e+00
2.372603158152502445e+00
2.355334273852738747e+00
2.355079459094948202e+00
2.361297360079047447e+00
-2.372114314761602394e+00
-2.357181499269506819e+00
-2.354215021825498688e+00
-2.359803742063165899e+00
2.366493000567868599e+00
2.354268523937462998e+00
2.370838176817609000e+00
2.365776440879210352e+00
-2.340230072950229001e+00
-2.351496971320415241e+00
-2.352813748403825844e+00
-2.350087691342082952e+00
2.342248701947961642e+00
2.340185954785094058e+00
2.344063084501323502e+00
2.336930339194231543e+00
-2.346530602122326226e+00
-2.340820233259334859e+00
-2.337130138095053322e+00
-2.352216590696363685e+00
2.352237116512108095e+00
2.340769567919956273e+00
2.343552062680859915e+00
2.351527598364270055e+00
-2.346765643144294256e+00
-2.350502228446004427e+00
-2.344796011511144584e+00
-2.343134540318578818e+00
2.343854254320409947e+00
2.347189038885792112e+00
2.341270289944044070e+00
2.349615478913281930e+00
2.353044549221962267e+00
2.353339790489398897e+00
2.337484200465642203e+00
2.349594213404336163e+00
-2.334515485316152716e+00
-2.339433071201574954e+00
-2.335748537213829135e+00
-2.348599314027395746e+00
-2.339293402163968860e+00
-2.339174028074737510e+00
-2.328077620802921022e+00
-2.323097233968160147e+00
2.332685307210561110e+00
2.325944853513531640e+00
2.327763686251130171e+00
2.326826424364326407e+00
2.331562961949211754e+00
2.329712313244169053e+00
2.323501645066978316e+00
2.322794710140994034e+00
-2.328956237942343410e+00
-2.332031200815112726e+00
-2.326443743215375282e+00
-2.328696936319790911e+00
2.336797002772234233e+00
2.319658660914032389e+00
2.321597954138538089e+00
2.334911273426936162e+00
-2.336321830061875993e+00
-2.318699031151137735e+00
-2.329078479067114849e+00
-2.329553870006936034e+00
2.334090374680091173e+00
2.330561918914816122e+00
2.322426892386971975e+00
2.334335329146791871e+00
-2.331950763225941969e+00
-2.329813504841391492e+00
-2.335955688438690725e+00
-2.331730532855721627e+00
2.319223375638121087e+00
2.325710156796947370e+00
2.318780107823704917e+00
2.332214918844753626e+00
-2.328648384686490491e+00
-2.333157951662015339e+00
-2.327516681579171909e+00
-2.333553639670762347e+00
2.321422764996343258e+00
2.321486731262424108e+00
2.319575892302887077e+00
2.327982488137900319e+00
-2.318603161213658836e+00
-2.325797564426982156e+00
-2.316466368291799860e+00
-2.320001529505429261e+00
2.322178440218923168e+00
2.328441549851365533e+00
2.319495909368318287e+00
2.319814463553534267e+00
-2.207634471839574175e+00
-2.205104606632133368e+00
-2.221768240188397137e+00
-2.216297747777003835e+00
-1.988793620045399724e+00
-1.988572687584662324e+00
-1.996967797031461656e+00
-1.982066408721037121e+00
1.991628416901619847e+00
1.983749112596542075e+00
2.000915646282324545e+00
1.996187512920781781e+00
-2.001282675923413912e+00
-2.001355879017758355e+00
-1.996325129414151522e+00
-1.990023276019956322e+00
1.996664251723998529e+00
1.984392296191854532e+00
1.985094060137386318e+00
1.987843746399829303e+00
-1.982416493078152708e+00
-1.984857031431908059e+00
-1.982707729135667174e+00
-1.985411000522082858e+00
1.981249115872822708e+00
1.998450608359191749e+00
1.983524086353979587e+00
1.999565771918053958e+00
-1.986644868936558561e+00
-1.992971735359490237e+00
-1.980364935748256894e+00
-1.991724631275680224e+00
1.988627356161692061e+00
1.992130749405939261e+00
1.997989481200783679e+00
1.985278213138548020e+00
-1.988586099042622735e+00
-1.979512258192734464e+00
-1.981687116786603031e+00
-1.996983910852612398e+00
1.987001761543816469e+00
1.975948775370200750e+00
1.988565113393937933e+00
1.975940148757730386e+00
-1.987830869899871455e+00
-1.981562790589973977e+00
-1.984599643729342944e+00
-1.988147815571033261e+00
1.988556417553541067e+00
1.984559195984431978e+00
1.984402042390896126e+00
1.990432485627577686e+00
-1.980534209326423101e+00
-1.984440886322777597e+00
-1.988659652237843467e+00
-1.990519525867181949e+00
1.980634140955272127e+00
1.988528974836227148e+00
1.988548927112901765e+00
1.976921460799084596e+00
-1.977997941163752049e+00
-1.973300687261034581e+00
-1.972285131230966382e+00
-1.966943672773528773e+00
1.982573655097081833e+00
1.972956864727418269e+00
1.971943029548829163e+00
1.971558783723939223e+00
-1.969373609611736908e+00
-1.984840052816379430e+00
-1.980074322413726495e+00
-1.979133667065213986e+00
1.979168691551712378e+00
1.981074616382130449e+00
1.971481487859483739e+00
1.968042302881030547e+00
-1.968770698341171688e+00
-1.968382416112795186e+00
-1.968255713311986899e+00
-1.965850213905848243e+00
1.964878021329230284e+00
1.976640383430841919e+00
1.966251413959826611e+00
1.978013875871496685e+00
-1.974547791055271562e+00
-1.979966778753119883e+00
-1.964851001880389303e+00
-1.975124376864733078e+00
1.967104432216266074e+00
1.969665244587812669e+00
1.966143210698096944e+00
1.980545958772798043e+00
1.975795964442026653e+00
1.960870562763755265e+00
1.974083093899296593e+00
1.958944052059358398e+00
-1.933976597192601732e+00
-1.930311765367073606e+00
-1.922656594731067869e+00
-1.930662439358986182e+00
-1.918378208712176125e+00
-1.927833831288862543e+00
-1.935033920773056249e+00
-1.921535047206897939e+00
1.921987695224596449e+00
1.922754560783042965e+00
1.918519126851187639e+00
1.922507909276027105e+00
1.917117277455473667e+00
1.925160804717353402e+00
1.930748527803627601e+00
1.917790395800823777e+00
-1.922935840544503838e+00
-1.926392456639212769e+00
-1.926315374850403384e+00
-1.923723841079944208e+00
-1.921932371170548715e+00
-1.920477566296721728e+00
-1.921568960727433772e+00
-1.925263731245517196e+00
1.915638200171413175e+00
1.932146126055255708e+00
1.920860587814865683e+00
1.931759930816832505e+00
-1.925596176934138315e+00
-1.916091295175126774e+00
-1.925893602822061013e+00
-1.913002192766880771e+00
1.922089376588076215e+00
1.930066608551353369e+00
1.922960177390265812e+00
1.920227773124875803e+00
-1.914147818164143811e+00
-1.922920221219451387e+00
-1.928966981685168003e+00
-1.914241390125222653e+00
1.921048860940417491e+00
1.912374190439081856e+00
1.925822726799718776e+00
1.914308673449190534e+00
-1.917439321543706665e+00
-1.927275045728056524e+00
-1.913937752488608535e+00
-1.922899694804689918e+00
1.914525637920936774e+00
1.919541415651311755e+00
1.912838310511949302e+00
1.923378417650265737e+00
-1.881435548634087240e+00
-1.895639314183872992e+00
-1.894533261859430606e+00
-1.881461151237939777e+00
1.881754501690441783e+00
1.894180322608672418e+00
1.879148383311186166e+00
1.896320066420448702e+00
-1.895992488804796539e+00
-1.882277671298565380e+00
-1.884948754639000024e+00
-1.890410682951378263e+00
1.882507323277480049e+00
1.885036255614326972e+00
1.881876068836693561e+00
1.893465241907423824e+00
-1.887556722939601528e+00
-1.881321394185933471e+00
-1.885513672931756535e+00
-1.887062271356628740e+00
1.893204773669688867e+00
1.887806597795342878e+00
1.886291053524882022e+00
1.890545747438900026e+00
-1.885614933459069054e+00
-1.885565393590961314e+00
-1.883548045119012970e+00
-1.889446277131402452e+00
1.885661272495067209e+00
1.879937262888767169e+00
1.893026577844173941e+00
1.890819114264703948e+00
-1.880958924167279278e+00
-1.873426649765223440e+00
-1.886087712199727484e+00
-1.881617839830439953e+00
1.878033401032170646e+00
1.873091876643078413e+00
1.888571449710412020e+00
1.876893032912121395e+00
-1.885545556853970295e+00
-1.885799779645962904e+00
-1.870899457013705636e+00
-1.877092213351061689e+00
1.875868338388634537e+00
1.886580610652051959e+00
1.878248126990333722e+00
1.880196953287088135e+00
-1.886536598312168245e+00
-1.879858257532843080e+00
-1.876288524145199421e+00
-1.875800104232750565e+00
1.886361829537339885e+00
1.872406507172364787e+00
1.884969064632147084e+00
1.874650335933338630e+00
1.872708237369754114e+00
1.872463368486872115e+00
1.874153342613287032e+00
1.882155267619264105e+00
-1.871036030909530412e+00
-1.875181790532800097e+00
-1.871915399923119061e+00
-1.884469666987617753e+00
-1.881983809520294537e+00
-1.875075930803615565e+00
-1.871224496553395289e+00
-1.870672326134943608e+00
1.882491163614909535e+00
1.871729385295981318e+00
1.869213854919730800e+00
1.883347716928981397e+00
1.866964821746200931e+00
1.875499697352051909e+00
1.879458139880212375e+00
1.875281398141755540e+00
-1.878354352710654096e+00
-1.882539760482297764e+00
-1.870650524621448652e+00
-1.868569433756892106e+00
1.869605064468433664e+00
1.879290753518874979e+00
1.868547343180553488e+00
1.876777158942549040e+00
-1.872347780334885803e+00
-1.880385728825365366e+00
-1.877206744575834474e+00
-1.870913434029697342e+00
-1.701054781742673327e+00
-1.700913594393433703e+00
-1.703730206731070673e+00
-1.718029227389960001e+00
-1.837989397412144177e-01
-1.981354128362968203e-01
-1.795444280089106004e-01
-1.941097914207652320e-01
1.897189310580402466e-01
1.883348754992711094e-01
1.817749403196575742e-01
1.962718791021260401e-01
1.785534559967502100e-01
1.974925313086692003e-01
1.806581278257287093e-01
1.817623438216909304e-01
-1.810130775736105146e-01
-1.789055803124233457e-01
-1.841417387547543694e-01
-1.854954175442468933e-01
1.947000507251129553e-01
1.892059862265670911e-01
1.880849263071634747e-01
1.878416623439337352e-01
-1.937012338162032721e-01
-1.968367970082163798e-01
-1.795215686893837925e-01
-1.857228094521923834e-01
1.949438639302214227e-01
1.944591794672891338e-01
1.891243878929359801e-01
1.796983242806289294e-01
-1.943446547052815054e-01
-1.835957658661578618e-01
-1.840466922609444722e-01
-1.925772411956602759e-01
1.916170976500873868e-01
1.882913706402084275e-01
1.929547539501675346e-01
1.918536769585503232e-01
-1.936107126078019380e-01
-1.902897778799570450e-01
-1.805536654129469287e-01
-1.784300912670636063e-01
1.793828955961789540e-01
1.831708458898984038e-01
1.820233233344184243e-01
1.744999015893472505e-01
-1.841219018100264948e-01
-1.824647786514831949e-01
-1.741934730517367691e-01
-1.898395895238177422e-01
1.901351474833476163e-01
1.857091882822267948e-01
1.740493040117607193e-01
1.882686141987647832e-01
-1.701697820883834589e-01
-1.810088396047140613e-01
-1.742396662009563779e-01
-1.813226547501116948e-01
1.701195114153323806e-01
1.649815397226865321e-01
1.734861089172893278e-01
1.685346082950014146e-01
-1.797686623028675879e-01
-1.791380684034740711e-01
-1.737397842210904875e-01
-1.765784136430386120e-01
1.764322638617141503e-01
1.647299896675345487e-01
1.739302492026717772e-01
1.708013053844437412e-01
-1.670474354687197516e-01
-1.673055983676795533e-01
-1.650860765835104882e-01
-1.770423205089635132e-01
1.712304792260445907e-01
1.640387596090041589e-01
1.621337083263088563e-01
1.640255087137104384e-01
-1.712093984680805314e-01
-1.723067690475570957e-01
-1.758882333227092809e-01
-1.761658446623219632e-01
1.723055285524284774e-01
1.766717116139662203e-01
1.649269614445332544e-01
1.695706957898416578e-01
-1.647740988727268430e-01
-1.637027428033671905e-01
-1.632577775509371776e-01
-1.762605998943302110e-01
1.349200956199596291e-01
1.526073961702076043e-01
1.373850518216139793e-01
1.370233033978400516e-01
-1.497532650690986122e-01
-1.353189530199611079e-01
-1.448345248963126830e-01
-1.461970238858026627e-01
1.505189642616376888e-01
1.384376829592418312e-01
1.462294425394478903e-01
1.445181310940560904e-01
-1.525756342704852608e-01
-1.516426097734364098e-01
-1.341302837679944349e-01
-1.400553065126547703e-01
-1.455651889318196890e-01
-1.392435305630376208e-01
-1.468982236886072490e-01
-1.481057565663463638e-01
1.440644256670456369e-01
1.482100403290489976e-01
1.340441122323795253e-01
1.437166647335817449e-01
-1.333910436970825453e-01
-1.384742805518953401e-01
-1.300972473077007530e-01
-1.402117413530604706e-01
1.388495135593071916e-01
1.325123659234142270e-01
1.390714463851443761e-01
1.451373093644974521e-01
-1.437941229023950440e-01
-1.313671831498128828e-01
-1.366301426130716867e-01
-1.358244073231237858e-01
1.353602315714763082e-01
1.411787332645305648e-01
1.346473515929485498e-01
1.284736082610270502e-01
-1.307358209675659189e-01
-1.310684828591947848e-01
-1.312480174719832804e-01
-1.373953519804878010e-01
1.432494110932061027e-01
1.450721813745671773e-01
1.339771963638980712e-01
1.441709825038789416e-01
-1.314952114175573505e-01
-1.416972865568004170e-01
-1.362712862982962125e-01
-1.281023881563434497e-01
1.351425121513945282e-01
1.446733807108266101e-01
1.386681967102862401e-01
1.416342334360564115e-01
5.054990727273495077e-02
5.365158597112955341e-02
5.316737094100131705e-02
5.285685062961058278e-02
-1.125141228546935705e-02
-1.167104653746164900e-02
-1.372868984663764245e-02
-8.793369461771647494e-03
1.291964643312512075e-02
4.850077453082676793e-03
3.356958204156986619e-03
1.766032375781478175e-02
-7.670481427688074887e-03
-1.596478502247470135e-02
-1.871189653262878699e-02
-1.127398005220958677e-02
1.384876056878863240e-02
1.263426268885788767e-02
1.909843084393389456e-02
1.875668721413398937e-02
-1.738398193879699821e-02
-1.558556830918802864e-02
-8.701005071487924458e-03
-6.330955246822400281e-03
1.996394532786534282e-02
1.466090111545875763e-02
1.390045116651881033e-02
1.756479617482904765e-02
-6.753208499571900468e-03
-1.252022153883063094e-02
-1.511215410245194193e-02
-6.395709152307377937e-03
2.712982539746437716e-03
4.785548170124631975e-03
2.630241120712013478e-03
1.273555967561563161e-02
-1.015225114581108298e-03
-8.319342625590749746e-03
5.642680999343851339e-03
-2.951130806409241192e-03
1.537628839429405411e-03
-2.415093627327264889e-03
-4.415356565730641641e-03
6.243124647932280814e-03
-2.597486877338409439e+00
2.597442020043809308e+00
-2.597363874686433149e+00
2.597269454472765027e+00
-2.596786725278471764e+00
2.596765783973194353e+00
-2.596656060342760419e+00
2.596093070241108691e+00
-2.595184220808925524e+00
2.595171063383831633e+00
-2.594820242903800533e+00
2.594808055130608082e+00
-2.593688235830817757e+00
2.590414743255277763e+00
-2.590260127538768664e+00
2.590225926034534609e+00
-2.589635810172407293e+00
2.589384811251320695e+00
-2.589194789407190278e+00
2.589071824214555839e+00
-2.587019745869586274e+00
2.575762728982220917e+00
-2.574847296039329159e+00
2.574806966118652340e+00
-2.574617112789499451e+00
-2.574223244016430545e+00
2.574213154982499585e+00
2.573971005324272365e+00
-2.572342533670941567e+00
2.572182930410763735e+00
-2.571642905962577164e+00
2.570869869945866526e+00
-2.570528243928714929e+00
2.570488050059316354e+00
-2.570328268423077933e+00
2.550874357551919047e+00
-2.529546412646392017e+00
2.529522629752382290e+00
-2.528885274693050356e+00
2.528883995039242549e+00
-2.528219589959709968e+00
2.527941198001008249e+00
-2.527619778188310740e+00
2.527587615216157602e+00
2.525686577355210183e+00
-2.522251748133435889e+00
2.521889096944968767e+00
-2.521813168507361258e+00
2.521493557444895561e+00
-2.517730528530179424e+00
2.517688836348792147e+00
-2.517514541342214418e+00
2.516998153401383664e+00
-2.516631851688983179e+00
2.516482398576738611e+00
-2.516360604354781039e+00
-2.515984945492951930e+00
2.515965025252391296e+00
2.368743236806332586e+00
-2.368562673071353597e+00
2.368514483487884181e+00
-2.368097026546941208e+00
2.367154127268753960e+00
-2.367102444342901624e+00
2.366416457934836792e+00
-2.366301495437626023e+00
-2.363356808525887143e+00
2.363316853373511606e+00
-2.362764023757917276e+00
2.362718927226947319e+00
-2.362375299247874150e+00
2.362352151608612338e+00
-2.346155121023297596e+00
2.346017733159434293e+00
-2.345453188570563174e+00
2.344877689674915278e+00
-2.343610794447126722e+00
2.343579753218903328e+00
2.343361380732577270e+00
-2.343210429711445109e+00
-2.330189259433870230e+00
2.330165447756240127e+00
2.329507964350702842e+00
-2.329406558790670267e+00
2.329062674288265189e+00
-2.327606012448073525e+00
2.326372060325247570e+00
-2.326123837580558629e+00
2.326068644444450495e+00
-2.324798919086432658e+00
2.324511228974599941e+00
-2.324389460161234933e+00
2.324271368575641539e+00
-2.213688083798734496e+00
-1.991834276344662369e+00
1.991812296976126495e+00
-1.991624492778077737e+00
1.991455703461981086e+00
-1.991132909748206670e+00
1.991109060896689487e+00
-1.989828964375995879e+00
1.989753034242920382e+00
-1.987974019226614653e+00
1.985523767027189912e+00
-1.985005370488122090e+00
1.984915541017299390e+00
-1.984467426970320858e+00
1.981730822185861607e+00
-1.976749149848227916e+00
1.976670293965561376e+00
-1.975215730044348472e+00
1.975200093949071700e+00
-1.974672377397600487e+00
1.974392051577241958e+00
-1.974075161154961178e+00
1.974041153013033512e+00
1.966002712193109847e+00
-1.927244928588228490e+00
-1.926595813394948120e+00
1.926442221729084858e+00
1.925802561409377223e+00
-1.924591959984669698e+00
-1.923208742865978982e+00
1.923152471332935987e+00
-1.922545818456093736e+00
1.921508358449585341e+00
-1.919751208520564578e+00
1.919745730904909964e+00
-1.918871345521611538e+00
1.918841137062498259e+00
-1.890959721502205815e+00
1.889120865216618705e+00
-1.888887642005504519e+00
1.888833551693101631e+00
-1.888067663575620170e+00
1.887436873772680102e+00
-1.886983630397599754e+00
1.886831773034796766e+00
-1.879458661753394821e+00
1.879430378746092423e+00
-1.879140364415114561e+00
1.879031018686291743e+00
-1.878644165285176859e+00
1.878606167477326228e+00
1.875707680956716805e+00
-1.875704721116101537e+00
-1.875296932893299573e+00
1.875085397228851036e+00
1.874674292766899786e+00
-1.874384823794265520e+00
1.874352498800200051e+00
-1.874235964237028762e+00
-1.710859165065318210e+00
-1.890234886000025372e-01
1.890074648548075165e-01
1.885367302226734487e-01
-1.885219302428149113e-01
1.877916317416948588e-01
-1.877671415600861982e-01
1.871709203690819223e-01
-1.870875595839293082e-01
1.870200296734496337e-01
-1.839002871191694755e-01
1.835101237282259212e-01
-1.833698214377273705e-01
1.831179889594901911e-01
-1.720666168277990848e-01
1.720115437220791077e-01
-1.716887000842317601e-01
1.711149237558199920e-01
-1.703016869124536203e-01
1.702065402518543324e-01
-1.689526901326351693e-01
1.688601036120070398e-01
-1.688021480178429345e-01
1.444788006181718931e-01
-1.440865390958342984e-01
1.439857236990059741e-01
-1.433735459973155546e-01
-1.422106458694395170e-01
1.411981089261424016e-01
-1.395712330920862165e-01
1.395107479872675360e-01
-1.370110841501468169e-01
1.369724945479095790e-01
-1.363719969446804681e-01
1.362811600936771894e-01
-1.359729403870682807e-01
1.359459181740774736e-01
4.365389416579454340e-02
-1.334542541753280451e-02
1.310711474304632369e-02
-1.271823200999584041e-02
1.218944598944286285e-02
-1.030065584092721732e-02
1.020662005475576201e-02
-9.752454312665472316e-03
5.157743425017543085e-03
-7.867292514058216255e-04
7.325211857340738208e-04
