4.305677342242847927e-01
4.206622113010660136e-01
4.092926716578035862e-01
3.963545647517480175e-01
3.817758827856755355e-01
3.655311633762968193e-01
3.476553782432645900e-01
3.282555755790215191e-01
3.075177213908052432e-01
2.857062767410845083e-01
2.631548593354051668e-01
2.402478602015563625e-01
2.173948007905357749e-01
1.950009478529051155e-01
1.734386438963855803e-01
1.530236077264282846e-01
1.339991980432203578e-01
1.165297877631317480e-01
1.007025876874090287e-01
8.653597379092903275e-02
7.399181303863366921e-02
6.298937158889141019e-02
5.341889238876300350e-02
4.515358910524522318e-02
3.805942616311573656e-02
3.200253682949982109e-02
2.685444555234665909e-02
2.249542667971642790e-02
1.881638824696566306e-02
1.571965700046056014e-02
1.311899194440308870e-02
1.093909119831769708e-02
9.114794630326085445e-03
7.590129687332191309e-03
6.317302787416911522e-03
5.255703728536772167e-03
4.370964681544760484e-03
3.634096874933197361e-03
3.020715408247966888e-03
2.510354294736448152e-03
2.085868632783996913e-03
1.732917803447832404e-03
1.439522083643490942e-03
1.195684537763671510e-03
9.930701401367008317e-04
8.247345343528174550e-04
6.848954828048806369e-04
5.687407892328626364e-04
4.722672181689689034e-04
3.921456456912334929e-04
3.256083324632372961e-04
2.703548017109084827e-04
2.244733284590276804e-04
1.863755036828739636e-04
1.547417323888269003e-04
1.284758637413361507e-04
1.066674404133173201e-04
8.856029953162093433e-05
7.352646475938894694e-05
6.104444354526680631e-05
5.068119015456660391e-05
4.207711798414338732e-05
3.493364750634641842e-05
2.900286213671245851e-05
2.407891606766436089e-05
1.999089794635801654e-05
1.659690413770548818e-05
1.377911683904947066e-05
1.143971687652649085e-05
9.497489769558374034e-06
7.885007566025283531e-06
6.546288835274287644e-06
5.434855734665997429e-06
4.512120801454149348e-06
3.746047535228474394e-06
3.110038318360324594e-06
2.582011098686233308e-06
2.143632801248707490e-06
1.779682869818756542e-06
1.477524851730960932e-06
1.226667687196058096e-06
1.018401476305380280e-06
8.454950811094192307e-07
7.019450659041644733e-07
5.827672605331962123e-07
4.838237108467718083e-07
4.016790087388743927e-07
3.334810139969058594e-07
2.768618269185669562e-07
2.298555736477222863e-07
1.908301498463033673e-07
1.584305529058986538e-07
1.315318352261948809e-07
1.092000451120031430e-07
9.065979915890208849e-08
7.526736023624453379e-08
6.248828632671688861e-08
5.187887418040688432e-08
4.307075349665152807e-08
3.575809673370275047e-08
