4.510570448187017179e-10
4.510616555107106385e-10
4.510672090499928421e-10
4.510738982271132301e-10
4.510819552476781209e-10
4.510916597877545458e-10
4.511033486944123005e-10
4.511174276666037461e-10
4.511343853200662824e-10
4.511548101215482055e-10
4.511794107758343017e-10
4.512090407673225665e-10
4.512447278988417819e-10
4.512877098401056606e-10
4.513394769006277339e-10
4.514018234839922546e-10
4.514769099690623734e-10
4.515673371070293439e-10
4.516762354309003683e-10
4.518073726552320680e-10
4.519652826118657524e-10
4.521554199300452693e-10
4.523843454412010913e-10
4.526599481748535864e-10
4.529917108195628181e-10
4.533910266443778156e-10
4.538715770925091183e-10
4.544497805245725288e-10
4.551453238126745995e-10
4.559817895124091059e-10
4.569873918991462465e-10
4.581958348013963499e-10
4.596473021785698544e-10
4.613895876039716078e-10
4.634793593694036978e-10
4.659835408599428886e-10
4.689807564661714531e-10
4.725627442111633406e-10
4.768355558987865663e-10
4.819202360398121856e-10
4.879524649100660031e-10
4.950803288785529164e-10
5.034588870182151596e-10
5.132394675325722361e-10
5.245505840512811543e-10
5.374660015828833829e-10
5.519539952157187293e-10
5.678009294769545188e-10
5.845037135297377497e-10
6.011330661723697785e-10
6.161885722055890688e-10
6.275025435339480119e-10
6.322980723215502833e-10
6.275346569050746626e-10
6.106123785698636342e-10
5.802945423615187876e-10
5.374311153004452105e-10
4.849982161238225624e-10
4.273198703248432034e-10
3.688720652594303985e-10
3.132818010567911985e-10
2.628755565850888561e-10
2.187355170814744235e-10
1.810199725915407365e-10
1.493256946427452875e-10
1.229774515429199500e-10
1.012180702601865705e-10
8.331521748714791212e-11
6.861165662990227152e-11
5.654202435268823997e-11
4.663199163924485797e-11
3.848942411828189488e-11
3.179283882511923093e-11
2.627981273285821545e-11
2.173650992953958800e-11
1.798871346023512534e-11
1.489437026575991741e-11
1.233749687017160106e-11
1.022324262151888619e-11
8.473908084900468900e-12
7.025738250506859878e-12
5.826338538355082565e-12
4.832589284715857180e-12
4.008958760667997303e-12
3.326135086765811163e-12
2.759913850447531269e-12
2.290291323195364418e-12
1.900723504423308344e-12
1.577519339195101232e-12
1.309342836012794866e-12
1.086803830129195679e-12
9.021210987112769667e-13
7.488446717824799079e-13
6.216266789057390949e-13
5.160320659898424427e-13
4.283821171696915331e-13
3.556250065537239343e-13
2.952286480992463115e-13
2.450919590160724674e-13
2.034713420291804456e-13
