-6.000000000000000000e+00
-5.878787878787878896e+00
-5.757575757575757791e+00
-5.636363636363636687e+00
-5.515151515151515582e+00
-5.393939393939393590e+00
-5.272727272727272485e+00
-5.151515151515151381e+00
-5.030303030303030276e+00
-4.909090909090909172e+00
-4.787878787878788067e+00
-4.666666666666666075e+00
-4.545454545454544970e+00
-4.424242424242423866e+00
-4.303030303030302761e+00
-4.181818181818181657e+00
-4.060606060606060552e+00
-3.939393939393939448e+00
-3.818181818181818343e+00
-3.696969696969696795e+00
-3.575757575757575690e+00
-3.454545454545454586e+00
-3.333333333333333037e+00
-3.212121212121211933e+00
-3.090909090909090828e+00
-2.969696969696969724e+00
-2.848484848484848619e+00
-2.727272727272727071e+00
-2.606060606060605966e+00
-2.484848484848484862e+00
-2.363636363636363313e+00
-2.242424242424242209e+00
-2.121212121212121104e+00
-2.000000000000000000e+00
-1.878787878787878896e+00
-1.757575757575757791e+00
-1.636363636363636687e+00
-1.515151515151514694e+00
-1.393939393939393590e+00
-1.272727272727272485e+00
-1.151515151515151381e+00
-1.030303030303030276e+00
-9.090909090909091717e-01
-7.878787878787880672e-01
-6.666666666666660745e-01
-5.454545454545449701e-01
-4.242424242424238656e-01
-3.030303030303027612e-01
-1.818181818181816567e-01
-6.060606060606055223e-02
6.060606060606055223e-02
1.818181818181816567e-01
3.030303030303027612e-01
4.242424242424247538e-01
5.454545454545458583e-01
6.666666666666669627e-01
7.878787878787880672e-01
9.090909090909091717e-01
1.030303030303030276e+00
1.151515151515151381e+00
1.272727272727273373e+00
1.393939393939394478e+00
1.515151515151515582e+00
1.636363636363636687e+00
1.757575757575757791e+00
1.878787878787878896e+00
2.000000000000000000e+00
2.121212121212121104e+00
2.242424242424242209e+00
2.363636363636363313e+00
2.484848484848484418e+00
2.606060606060605522e+00
2.727272727272726627e+00
2.848484848484849508e+00
2.969696969696970612e+00
3.090909090909091717e+00
3.212121212121212821e+00
3.333333333333333925e+00
3.454545454545455030e+00
3.575757575757576134e+00
3.696969696969697239e+00
3.818181818181818343e+00
3.939393939393939448e+00
4.060606060606060552e+00
4.181818181818181657e+00
4.303030303030302761e+00
4.424242424242423866e+00
4.545454545454544970e+00
4.666666666666667851e+00
4.787878787878788955e+00
4.909090909090910060e+00
5.030303030303031164e+00
5.151515151515152269e+00
5.272727272727273373e+00
5.393939393939394478e+00
5.515151515151515582e+00
5.636363636363636687e+00
5.757575757575757791e+00
5.878787878787878896e+00
6.000000000000000000e+00
-2.888535679934237432e+00
-2.896733469370853520e+00
-2.879965018463253923e+00
-2.884699840591439024e+00
2.891978265499043133e+00
2.879070074228134324e+00
2.877787553235486406e+00
2.881564343958830321e+00
-2.881813163961071123e+00
-2.883616838542454541e+00
-2.891389641729191329e+00
-2.896627805152471868e+00
2.880727180638093632e+00
2.884887031814897806e+00
2.887049984997354990e+00
2.880946557473036407e+00
-2.881558561382498329e+00
-2.886126966789059001e+00
-2.883505647144273265e+00
-2.884113467684077392e+00
2.893818599807612024e+00
2.895616697751658641e+00
2.891416378209629379e+00
2.887836902099055081e+00
-2.880557480308181262e+00
-2.889251872924093245e+00
-2.886847136473050135e+00
-2.883325448069661068e+00
2.885895650756673980e+00
2.882352005925429062e+00
2.883345992391605161e+00
2.879391964361660783e+00
-2.891638244955257786e+00
-2.892337981304527794e+00
-2.890191617678117719e+00
-2.888972992424356345e+00
2.877769503177132204e+00
2.883885453935753684e+00
2.874754219755281337e+00
2.878449850676432664e+00
-2.878603060375041434e+00
-2.874150687578228336e+00
-2.883391118743390269e+00
-2.887671608761236630e+00
2.881659177618705492e+00
2.872274884139014439e+00
2.871586098008405585e+00
2.881864248415750396e+00
-2.870218982450131850e+00
-2.885257964907830708e+00
-2.877757814239636502e+00
-2.884593146476109204e+00
-2.876931377008991042e+00
-2.876647730659272817e+00
-2.880744117346464961e+00
-2.878874146638759957e+00
2.886415486573097322e+00
2.870033220119422523e+00
2.886121272907053115e+00
2.880082971504745792e+00
-2.878613499862970215e+00
-2.884115640541480285e+00
-2.867661777803845347e+00
-2.877501395982016597e+00
2.871669257417221566e+00
2.867727861301502479e+00
2.870889925292012812e+00
2.879428512203996426e+00
-2.869743546633317877e+00
-2.871745696254250024e+00
-2.868722244961677603e+00
-2.873590721270922632e+00
2.877172764269516847e+00
2.869368135877034209e+00
2.880431590653401042e+00
2.873352678844420360e+00
-2.864507681744137280e+00
-2.879470304956272209e+00
-2.862591766284160677e+00
-2.871683081582123709e+00
2.868128889335078036e+00
2.864057266023023463e+00
2.870925046641002343e+00
2.872025408834153470e+00
-2.865932694877244558e+00
-2.864780190056664733e+00
-2.860603872164391159e+00
-2.851950299877520134e+00
2.849976131840093352e+00
2.851208679116940203e+00
2.856027436366816108e+00
2.856999017779308758e+00
2.853600398131598048e+00
2.850743177282077045e+00
2.856457526918791956e+00
2.851824713025698621e+00
-2.858034983931519335e+00
-2.849216332575140065e+00
-2.850805658282040689e+00
-2.855398763134051165e+00
2.859117402334478530e+00
2.850598410226595991e+00
2.861368953098138768e+00
2.847496553758981808e+00
-2.853218035389671670e+00
-2.862529561760168040e+00
-2.849913886956828790e+00
-2.846295530643676130e+00
2.858828338890643916e+00
2.857302739757345833e+00
2.858652686511729879e+00
2.857766417533353476e+00
-2.852608705402988054e+00
-2.842089113048569260e+00
-2.852968740300943384e+00
-2.858262253476788750e+00
2.852129219329673226e+00
2.844456119724315002e+00
2.846454204060604454e+00
2.839205364851467017e+00
-2.837570402953905280e+00
-2.852607079801013246e+00
-2.846371895018758202e+00
-2.850083985996920699e+00
2.840314346727437655e+00
2.847373368139695327e+00
2.837910351414891785e+00
2.834666386130495486e+00
-2.833030568878552202e+00
-2.837527151058263808e+00
-2.838944424531451904e+00
-2.834380847817283833e+00
2.841482634654430406e+00
2.837373348182703481e+00
2.845029235365913234e+00
2.843314291121900261e+00
-2.849345605388623248e+00
-2.844962032518309591e+00
-2.845927170712750254e+00
-2.842599223966702837e+00
2.845006624337465873e+00
2.843164786972972813e+00
2.835034353083080827e+00
2.840992707328980238e+00
-2.803324533825932718e+00
-2.806770608559971070e+00
-2.808707378166089175e+00
-2.802417263231729461e+00
2.817556222901577812e+00
2.799891304613126408e+00
2.802310133915241419e+00
2.810535855786267412e+00
2.812295914766049787e+00
2.813545559627164572e+00
2.807362033150736735e+00
2.803331219458367052e+00
-2.815042529398692928e+00
-2.814854375478385240e+00
-2.804944502661677497e+00
-2.803802329716681196e+00
2.803722323027530106e+00
2.808001518186688639e+00
2.812348055074690656e+00
2.812485542944119565e+00
-2.795104637549359783e+00
-2.806977785194168629e+00
-2.791788997317957932e+00
-2.792595708114477659e+00
2.796555264584405176e+00
2.805509400677080212e+00
2.809200369029465350e+00
2.808752896325354076e+00
-2.793984247075214533e+00
-2.788188361845443719e+00
-2.793538452107526382e+00
-2.805705439907787202e+00
2.794486767950678185e+00
2.790370614073667266e+00
2.792119351159039198e+00
2.797571121088135104e+00
-2.798118735435188409e+00
-2.791667160301660733e+00
-2.795709935505112487e+00
-2.788154157874483730e+00
2.794547578473311145e+00
2.790899874571985517e+00
2.787278133779365508e+00
2.792563616789248915e+00
-2.792867479220662030e+00
-2.778261008517411312e+00
-2.786219700542126532e+00
-2.777627479128154331e+00
2.786972930067647791e+00
2.792226809211937333e+00
2.781735890900117969e+00
2.786097911302749086e+00
-2.786448369974420469e+00
-2.770700033205206747e+00
-2.771890749486517258e+00
-2.773515531411347101e+00
2.771174266889138149e+00
2.772779069836969423e+00
2.772629138866509635e+00
2.777379938707165596e+00
-2.785055056580388655e+00
-2.779575083436213845e+00
-2.778407676579897068e+00
-2.778092819623738219e+00
2.784977143884346251e+00
2.766764420709922678e+00
2.773840293851999927e+00
2.777743177614966363e+00
-2.770870028682378639e+00
-2.776812616524574562e+00
-2.769384684530409313e+00
-2.778983724905123243e+00
2.767015025192160582e+00
2.774165420563237117e+00
2.766494830145323380e+00
2.776498672104497967e+00
-2.776115717484409551e+00
-2.766169109226673140e+00
-2.772939805751386100e+00
-2.770720844507450931e+00
2.775921367280976160e+00
2.770020390376696451e+00
2.779800004129524105e+00
2.774238417245351584e+00
-2.765131541449698638e+00
-2.761155471062414879e+00
-2.778493591459878953e+00
-2.764041945734863504e+00
2.627949494537848540e+00
2.625333494670773593e+00
2.628044677514417060e+00
2.636532395145867902e+00
-2.642036144785231411e+00
-2.629034034252391017e+00
-2.636657837145394812e+00
-2.624409286865489577e+00
-2.642260928826764665e+00
-2.633899164410708149e+00
-2.633630749591532538e+00
-2.635366279892031205e+00
2.634252494409022205e+00
2.628785925002520063e+00
2.626686531891949450e+00
2.635529411553818591e+00
-2.634145256313274341e+00
-2.636236290603686694e+00
-2.626238641384599060e+00
-2.634714016909754264e+00
2.626996853311022839e+00
2.633133157587366213e+00
2.630770700304131626e+00
2.634749367308897305e+00
-2.633727281289505395e+00
-2.633597397453494970e+00
-2.627636850442523375e+00
-2.623920534988284814e+00
2.615419563340416254e+00
2.631912027650874730e+00
2.619793128087458900e+00
2.614744867995068223e+00
-2.619139251214101183e+00
-2.610782640465956206e+00
-2.619162682246170437e+00
-2.627937569602037282e+00
2.614160294309098909e+00
2.609195375725304800e+00
2.615434984888224790e+00
2.611653395549230705e+00
-2.603800238068775030e+00
-2.606355032500459412e+00
-2.607055303559815851e+00
-2.607230967695327806e+00
2.604351096348124894e+00
2.604759476618249803e+00
2.617858843046453110e+00
2.616837215717866982e+00
-2.604957482406114799e+00
-2.608448315154202390e+00
-2.616781094709824007e+00
-2.609422429478892358e+00
2.605075453757231596e+00
2.606365773872403757e+00
2.604275951128683708e+00
2.606602334721039860e+00
-2.602013147727747722e+00
-2.593641008848388108e+00
-2.589372833237609584e+00
-2.603969814507702374e+00
2.584010143186146191e+00
2.586238861236787479e+00
2.599973138043801146e+00
2.599894980619897655e+00
-2.583303677619404048e+00
-2.595109009068317985e+00
-2.592310611732617787e+00
-2.595071003375957641e+00
2.583228578470416981e+00
2.583553306852431675e+00
2.590033096344360963e+00
2.589438671748065968e+00
-2.577898750101709879e+00
-2.578579031731884630e+00
-2.590370950490564983e+00
-2.586276274220565163e+00
2.588224078839661768e+00
2.588727972294093238e+00
2.570893706048722915e+00
2.581857852147401822e+00
-2.582993151801415532e+00
-2.576723180521066414e+00
-2.584765764454385550e+00
-2.579869406774517593e+00
2.579242156640001671e+00
2.566324916915086796e+00
2.579274819511461647e+00
2.582343125192184452e+00
2.577085598570020064e+00
2.566530988927817170e+00
2.559609332138621962e+00
2.568671134164794090e+00
-2.561173329202153681e+00
-2.568555383130584513e+00
-2.569791732078654967e+00
-2.578137517837913784e+00
2.564336387965373110e+00
2.567222635883423809e+00
2.574861223947281452e+00
2.555062452112696114e+00
-2.563637571852557251e+00
-2.567770279042841608e+00
-2.570493927569062809e+00
-2.568014636541960272e+00
2.562898357145592776e+00
2.560303260360218935e+00
2.554472007209656059e+00
2.558846934410694995e+00
-2.560742249531721360e+00
-2.550723249702610218e+00
-2.545449428638528744e+00
-2.545667800914081624e+00
2.549383235360090261e+00
2.554981394918534043e+00
2.549445750091702489e+00
2.548619526449084738e+00
-2.554941125478229935e+00
-2.548545472477802942e+00
-2.560975350387844074e+00
-2.556606640343885406e+00
2.557786040990142951e+00
2.557360814452714237e+00
2.552788989817684762e+00
2.554785256992274434e+00
-2.545069042504738199e+00
-2.547741662758649106e+00
-2.543911275549867845e+00
-2.547755976192954463e+00
2.547792517433225878e+00
2.545371861264623892e+00
2.555918604424406215e+00
2.539269336119705400e+00
-2.538193236686816512e+00
-2.536951925863907054e+00
-2.553274427371420963e+00
-2.544602859464952349e+00
2.551422480982222130e+00
2.548773345972623616e+00
2.553527343756877954e+00
2.544678475521352290e+00
-2.428189649582944476e+00
-2.413149571586912678e+00
-2.424674041191903218e+00
-2.419323177694339577e+00
-2.213602227902467856e+00
-2.209107865659143854e+00
-2.219929897981395062e+00
-2.214375456902138772e+00
2.211320281166034629e+00
2.208391080653751004e+00
2.209415172837181807e+00
2.222754999940788512e+00
-2.217771573961133225e+00
-2.204598967666191900e+00
-2.214897446370314604e+00
-2.207136045600774032e+00
2.205431604114602706e+00
2.222868974008477938e+00
2.220352799541698730e+00
2.220816022865236050e+00
-2.211974902890883055e+00
-2.220892278975849177e+00
-2.213235633089640331e+00
-2.213972162830212032e+00
2.202578249379131936e+00
2.216341239439046262e+00
2.214027782877408423e+00
2.214932771808102885e+00
-2.202890697188366609e+00
-2.209754334187698621e+00
-2.199889170161066776e+00
-2.213731943353441256e+00
2.209182762323739890e+00
2.207499289736010617e+00
2.202821415230270752e+00
2.200927511528643077e+00
-2.206005477702929429e+00
-2.206130910475957663e+00
-2.198919428635289997e+00
-2.201446786078270712e+00
2.210501892670234447e+00
2.194086176586820258e+00
2.206790798706061985e+00
2.204496305872016393e+00
-2.191406911202788965e+00
-2.191483918765177563e+00
-2.195388242451426386e+00
-2.192208369967610704e+00
2.202931043728130867e+00
2.185121239479746347e+00
2.199677422916298752e+00
2.185603725220538696e+00
-2.198104688845468502e+00
-2.197517274089891615e+00
-2.195747845267995491e+00
-2.193122763104761841e+00
2.182247008921869291e+00
2.196161242980640527e+00
2.179974933623406219e+00
2.186200604704886974e+00
-2.194256193234255914e+00
-2.188775473346031397e+00
-2.185112506588994918e+00
-2.184133770090453286e+00
2.180127704642414344e+00
2.177049198846050526e+00
2.191614412955901869e+00
2.189717795162518854e+00
2.188249138394934068e+00
2.173495504137890943e+00
2.188860868907869683e+00
2.174346997175073515e+00
-2.181424505073829234e+00
-2.172477939206248099e+00
-2.179415202939662510e+00
-2.173709364413437317e+00
2.164620089026228378e+00
2.162818318896365000e+00
2.166685996298721495e+00
2.173716659878111912e+00
-2.177745780602801329e+00
-2.161944156735006839e+00
-2.174040314336060042e+00
-2.169142444793715541e+00
2.171238235961574503e+00
2.168085497708838627e+00
2.177925932987582858e+00
2.173139367773973873e+00
-2.169167012497067670e+00
-2.156850635586665454e+00
-2.170494274025490444e+00
-2.156611567029994792e+00
2.172323818115777794e+00
2.174866380417019407e+00
2.161541774263139981e+00
2.166889524897513297e+00
-2.133605827126596299e+00
-2.131301561143578382e+00
-2.121714904174087479e+00
-2.130300993939397092e+00
2.136161274887492301e+00
2.129094398376722541e+00
2.118303157840235151e+00
2.124523664214912788e+00
-2.120369513299331210e+00
-2.133049658532247594e+00
-2.125915658509248463e+00
-2.134066813845904687e+00
2.118768228238767204e+00
2.133406438366113989e+00
2.129308334284659487e+00
2.125203976974370246e+00
-2.111123521728632380e+00
-2.118794168530540478e+00
-2.110840256044837382e+00
-2.120630523225718544e+00
2.113538635058075599e+00
2.117465101692026064e+00
2.113285539158603843e+00
2.105714129032690618e+00
-2.110882005368654113e+00
-2.113173963224257434e+00
-2.112459383790037393e+00
-2.112933573448692037e+00
2.116041962717682523e+00
2.103757072344142554e+00
2.112279126787732775e+00
2.118726655248639013e+00
-2.107255762161417412e+00
-2.110527293788810432e+00
-2.107337291263189361e+00
-2.102969282322916023e+00
2.103271350272140516e+00
2.108594115869063312e+00
2.094767428077072058e+00
2.103926472002575654e+00
-2.093798787509721926e+00
-2.093687925122899252e+00
-2.104499252235320750e+00
-2.103355650383479158e+00
-2.095622735910770196e+00
-2.102098823399671801e+00
-2.103703239808623504e+00
-2.103006067053021066e+00
2.103517294462069476e+00
2.097575276336427041e+00
2.085359600923747614e+00
2.100785227122482279e+00
-2.085817353436991262e+00
-2.079265048426531592e+00
-2.082142924202531109e+00
-2.068640034171286501e+00
2.074364672716219715e+00
2.082701191244878736e+00
2.079399599145074884e+00
2.072110079975387986e+00
-2.080247058449974595e+00
-2.079039454350386062e+00
-2.071026666892503254e+00
-2.067112977926981898e+00
2.071920864991409594e+00
2.066775075226028768e+00
2.069414114538404625e+00
2.074358978323541880e+00
-2.059461491180495596e+00
-2.074214336055787644e+00
-2.063689660916654400e+00
-2.070076904022127628e+00
2.067417044537832371e+00
2.054006335416388218e+00
2.069459850115918265e+00
2.061024810820325737e+00
-2.066208616351854932e+00
-2.065608758933607181e+00
-2.060650295783891028e+00
-2.067546800486908865e+00
2.058340819126336374e+00
2.054621563099812587e+00
2.060404942153243546e+00
2.057181588966822794e+00
-2.045462757805394993e+00
-2.058244893534405318e+00
-2.049439229661337514e+00
-2.054563144007421460e+00
2.051180394983186606e+00
2.060310916852599483e+00
2.052758624536006327e+00
2.051331502015795394e+00
-2.047568591802499061e+00
-2.055981888396735346e+00
-2.041795443991361925e+00
-2.044827568378499993e+00
2.058537841871376450e+00
2.045911502360197254e+00
2.040815516394436813e+00
2.055526122452403737e+00
-2.043385254938414164e+00
-2.042309240733058306e+00
-2.044389145858866108e+00
-2.055133904200507011e+00
2.054766870869269013e+00
2.046678817042974607e+00
2.037744921981622159e+00
2.043450708753644207e+00
-2.052641968644012493e+00
-2.042811844691043710e+00
-2.050296314884937576e+00
-2.051596772506902866e+00
2.043041938874211372e+00
2.034628202129969310e+00
2.039079949235071076e+00
2.040044510012913204e+00
-2.050499110747022069e+00
-2.048777895170715624e+00
-2.037459227588812816e+00
-2.033370220416317764e+00
2.033094940448950894e+00
2.049331364723659732e+00
2.029905152285102599e+00
2.031773179144256147e+00
-2.032981764007715242e+00
-2.040995945198562644e+00
-2.028945459233512327e+00
-2.032941018150558055e+00
2.032933619469049269e+00
2.042503841895215277e+00
2.035561497042927215e+00
2.029045575888529296e+00
-2.046501891151895069e+00
-2.044882588323704731e+00
-2.037596747120255625e+00
-2.047631283415023873e+00
2.030672076946017590e+00
2.044517953434727087e+00
2.029184911219712006e+00
2.039366298789652365e+00
-1.979042197600087594e+00
-1.990980169755915519e+00
-1.996025848142268799e+00
-1.987076141797456508e+00
2.534445417241315002e-01
2.409766522022152302e-01
2.528025155568444093e-01
2.481269336208362930e-01
-2.454276817827702739e-01
-2.435541584734955967e-01
-2.463304722453217577e-01
-2.479679913944375924e-01
2.449313187033586858e-01
2.523814495109489298e-01
2.533463632743804261e-01
2.438789199657680207e-01
-2.481673457422651774e-01
-2.427364532573829115e-01
-2.365868769173149477e-01
-2.495663287288183430e-01
2.441280476261372401e-01
2.322615752035199210e-01
2.490764231724493516e-01
2.335567530653036294e-01
-2.486999756095938097e-01
-2.413474812062829655e-01
-2.326527623604670858e-01
-2.478516317651024425e-01
2.321002797582845112e-01
2.413843270748790293e-01
2.451603234016377919e-01
2.301138993102260777e-01
-2.418168919597892819e-01
-2.306992851558672952e-01
-2.387782836165005529e-01
-2.309324205284489229e-01
2.346739236928834238e-01
2.310952970600348710e-01
2.420629738028023392e-01
2.370630375111540955e-01
-2.262559933490484732e-01
-2.347180267856369129e-01
-2.272505012117569945e-01
-2.318957440825351324e-01
2.397077652944484549e-01
2.240574629082792979e-01
2.278483916285763689e-01
2.301801816989016147e-01
-2.267601322697096744e-01
-2.235879913861524015e-01
-2.370099561696361601e-01
-2.321023015803400646e-01
2.236424081193029711e-01
2.350902573427242070e-01
2.348923668176516044e-01
2.235522711614376101e-01
-2.175421302343092667e-01
-2.257334314454574054e-01
-2.209199719874434531e-01
-2.122145501131053325e-01
2.219033159875532790e-01
2.092105491639917325e-01
2.116139230400083115e-01
2.157307896772368838e-01
-2.042844803070354986e-01
-2.142415576508689135e-01
-2.232483635532819533e-01
-2.167157521945001497e-01
2.195156199097337835e-01
2.203046663503448466e-01
2.058160500219154421e-01
2.203708193746888866e-01
-2.034632285892307157e-01
-2.074701561429168339e-01
-2.160998289097716130e-01
-2.055975378131589815e-01
1.992860372970272631e-01
2.043940959874664398e-01
1.949538477398115033e-01
2.036121307575681494e-01
-1.968511340629882644e-01
-2.050314284049918889e-01
-1.933349636101148461e-01
-1.994512083384365475e-01
1.993416128376125362e-01
2.046952117836567109e-01
1.877375870587229545e-01
2.015881485913392501e-01
-2.023514780657181267e-01
-1.952199319221105123e-01
-2.041274751032700618e-01
-1.899869774245410148e-01
-1.867452368980692667e-01
-1.816206304350266032e-01
-1.809432678209757228e-01
-1.762176685448482716e-01
1.846784652099591750e-01
1.752438949078987118e-01
1.778061835324833140e-01
1.777713752560899640e-01
-1.835916739485988214e-01
-1.785252206546703579e-01
-1.721980157818104873e-01
-1.740176607412857457e-01
1.764255846795929061e-01
1.698626688894200043e-01
1.677452157943858657e-01
1.773635112158172267e-01
-1.667298137612639453e-01
-1.603440993352372723e-01
-1.693976923474085072e-01
-1.593119020724360901e-01
1.583563444232926054e-01
1.591650963317181311e-01
1.573944779646886116e-01
1.552437888949452782e-01
-1.639077373009878436e-01
-1.523609198592568159e-01
-1.570033354375487689e-01
-1.614860834282881019e-01
1.668045276800045051e-01
1.500608129421681924e-01
1.652573915590878906e-01
1.544351809791837393e-01
-1.573845830379414501e-01
-1.433029144909697961e-01
-1.578775832079534203e-01
-1.594515385251080164e-01
1.467290570499481528e-01
1.569843080145587599e-01
1.535335786963124838e-01
1.434777884641136592e-01
-1.461244072066154587e-01
-1.519587266264607051e-01
-1.383607423694536986e-01
-1.554741262026419490e-01
1.351768547287740818e-01
1.460561530177475476e-01
1.446875737779341198e-01
1.530786173850695042e-01
-1.433024658432731913e-01
-1.502625038300788862e-01
-1.368298902435041708e-01
-1.429050745658125843e-01
1.364821674699007725e-01
1.431282223948109333e-01
1.327740726832704055e-01
1.483582220965855569e-01
-4.155889049260948209e-02
-3.668452351638025466e-02
-4.329825758224747911e-02
-4.833780836165760264e-02
3.482557543585469706e-02
3.000023909179514239e-02
4.538120122587711164e-02
3.826855924394904213e-02
-4.550770775239812438e-02
-2.944370326597929230e-02
-3.427125619822591479e-02
-3.927168567290294926e-02
3.779361163407038426e-02
2.953448848588317160e-02
4.007049122311637929e-02
3.075701579672229791e-02
2.374798144735282973e-02
3.680626268286211339e-02
3.852944639344414723e-02
3.989698031753446256e-02
-2.894515360852931846e-02
-3.353354117205397528e-02
-3.129277824976001848e-02
-2.690376537338166202e-02
2.644780047520235364e-02
1.531373717005491200e-02
1.848295573614952558e-02
1.406960986746761191e-02
-1.643109655821836657e-02
-1.755628498722855077e-02
-1.845024807551491619e-02
-2.441303301064821907e-02
1.700606766207408971e-02
1.727775594481981147e-02
9.385342902498795825e-03
2.039315856125360413e-02
-9.708512042101076836e-03
-8.962530297035635474e-03
-1.880837863523914660e-02
-1.092903681818486669e-02
-3.664677399698744453e-03
4.582271761923436409e-03
6.155184046999231939e-03
1.216861786235265940e-02
-2.887904402314506846e+00
2.887679354785578134e+00
-2.887604390039897329e+00
2.887194636969281358e+00
-2.886634570511735998e+00
2.885931197265346082e+00
-2.885081638949943628e+00
2.884857844518613046e+00
-2.883828673959717648e+00
2.882666488094904889e+00
-2.881377933912516731e+00
2.880021636460909473e+00
-2.879102366964418458e+00
-2.877896354265735646e+00
2.877764355711176059e+00
-2.876138960078851170e+00
2.874353071384974090e+00
-2.872489721153395958e+00
2.870632291653001822e+00
-2.870210608533899865e+00
2.868648140940678992e+00
-2.860519374503105006e+00
2.859730104002979445e+00
2.858649273997122098e+00
-2.857888297770694308e+00
2.857374524750416533e+00
-2.855022612158793827e+00
2.852552805826027438e+00
-2.849945720774425872e+00
2.847411082025422147e+00
-2.846826832812589192e+00
2.844464000204723675e+00
-2.842389048155785414e+00
2.840782000111137684e+00
-2.839847833451974335e+00
2.839342423868872256e+00
-2.809133698896863152e+00
2.809115047923458786e+00
2.808069098655258777e+00
-2.806217865896704300e+00
2.803791381105525726e+00
-2.800978260423354627e+00
2.800274826540474660e+00
-2.797192589079970038e+00
2.794485002554733644e+00
-2.790616993955474801e+00
2.787417120726391584e+00
-2.786670418794135795e+00
2.783583097350163627e+00
-2.780399686182277286e+00
2.777936248686617482e+00
-2.775531949400213527e+00
2.775012415452129844e+00
-2.773044247792163741e+00
2.771493735520153212e+00
-2.770408665234295853e+00
2.769825063210885396e+00
-2.769752345297470164e+00
2.634079509838447297e+00
-2.634078866639955052e+00
-2.633371942314332692e+00
2.632053223602370373e+00
-2.630161073747785849e+00
2.627746621849501363e+00
-2.627106863983377671e+00
2.624131740639022770e+00
-2.620671965916337776e+00
2.617123673303939579e+00
-2.613279268088422480e+00
2.612361625938801168e+00
-2.608626596764835881e+00
2.606496547811501863e+00
-2.597229110502415672e+00
2.593194236933976438e+00
-2.592176189730894809e+00
2.587779265900114201e+00
-2.583371632361109338e+00
2.579096969599507627e+00
-2.575303482470120198e+00
2.574533442588438525e+00
2.568459957754880119e+00
-2.568284841141964758e+00
2.564896435640143135e+00
-2.561380641502529087e+00
2.558072809348753474e+00
-2.555055784168046795e+00
2.554390151682446319e+00
-2.551814489079385684e+00
2.549639314280220059e+00
-2.547875016897447775e+00
2.546567999524981918e+00
-2.546327277197089067e+00
2.545601603830492721e+00
-2.418219180381989020e+00
-2.215501780148316335e+00
2.215245289264139661e+00
-2.214479462346607086e+00
2.214225395563444554e+00
-2.212845718095184822e+00
2.210995428422551701e+00
-2.208685472148891993e+00
2.205966998659430356e+00
-2.205253533078001205e+00
2.202045736373344109e+00
-2.198529729574921099e+00
2.194733169624918823e+00
-2.190775757902501564e+00
2.187060191680925580e+00
-2.185203951073619866e+00
2.185019665152844848e+00
2.180970395550499763e+00
-2.176697318201792797e+00
2.172626193524748839e+00
-2.169018575451988617e+00
2.168277014230685751e+00
-2.165839257840857623e+00
2.164938079886395972e+00
-2.130596285406205048e+00
2.128063480845974631e+00
-2.127290118070607861e+00
2.123507483353288983e+00
-2.119151838394891296e+00
2.114609111137357278e+00
-2.109944545432162144e+00
2.108846327313199875e+00
-2.104279737036382159e+00
2.099988791174709934e+00
-2.096282141333850380e+00
-2.095278089548167522e+00
2.093800423221423124e+00
-2.076608415197926494e+00
2.075398605796785478e+00
-2.073238330596809398e+00
2.070133300460359482e+00
-2.066707334234498816e+00
2.063248028612608476e+00
-2.062443812146052213e+00
2.059154029248472462e+00
-2.054874971968436270e+00
2.052694028514620683e+00
-2.050008664877968290e+00
2.049401676023010488e+00
-2.046978005970159220e+00
2.044922622128193979e+00
-2.042908163256303311e+00
2.041298613617480218e+00
-2.040960771155345910e+00
2.039711355136907933e+00
-2.038760438492047466e+00
2.038112196967203360e+00
-2.037769239319979775e+00
2.037745854892841546e+00
-1.987575974323552153e+00
2.438721820711809984e-01
-2.438596962941239621e-01
2.434448490171542689e-01
-2.426605460238602241e-01
2.415099886194243539e-01
-2.399977633745585537e-01
2.395886974603498032e-01
-2.376393984389757741e-01
2.354561131383477723e-01
-2.327142193278250171e-01
2.297831325605823316e-01
-2.290510115847128603e-01
2.258434290429423008e-01
-2.202446132010770219e-01
2.175943861846391658e-01
-2.135756133823192016e-01
2.125758225324707318e-01
-2.082081436723416390e-01
2.037268545979827594e-01
-1.993655173246703938e-01
1.958721506636698084e-01
-1.952000313407036558e-01
-1.819394796235143108e-01
1.818779118679573759e-01
-1.781375448116827853e-01
1.733282590747006746e-01
-1.682320183007649239e-01
1.631314615654003708e-01
-1.619459025424464516e-01
1.570956648128876421e-01
-1.526141009473197807e-01
1.487617527515762983e-01
-1.456787373783784700e-01
1.450895280603954063e-01
-1.432686081847558690e-01
1.426427486180706361e-01
-3.935604755186844494e-02
3.727197992373766644e-02
-3.659539373138205598e-02
3.303728335938253824e-02
3.172000016137769413e-02
-2.851382849745934950e-02
2.326754318680617981e-02
-1.749854076055898378e-02
1.595439492041469259e-02
-9.658581354006334080e-03
3.250417924549933377e-03
