1.780381044840818714e-12
1.780377094073170813e-12
1.780372334518753984e-12
1.780366600398853801e-12
1.780359691861617065e-12
1.780351367936936958e-12
1.780341338016137104e-12
1.780329251538661679e-12
1.780314685496985574e-12
1.780297129280292279e-12
1.780275966265488974e-12
1.780250451421470169e-12
1.780219684011129773e-12
1.780182574244366134e-12
1.780137802435780401e-12
1.780083768831096798e-12
1.780018531756217655e-12
1.779939731067464739e-12
1.779844492982706361e-12
1.779729311166403238e-12
1.779589897310087040e-12
1.779420992234077500e-12
1.779216125504319206e-12
1.778967307399418657e-12
1.778664631333723021e-12
1.778295756939121199e-12
1.777845233099155006e-12
1.777293605187707894e-12
1.776616230093956935e-12
1.775781694362931040e-12
1.774749692497872827e-12
1.773468171256894306e-12
1.771869478526905172e-12
1.769865169461535319e-12
1.767339017418923878e-12
1.764137657258601004e-12
1.760058168846319313e-12
1.754831824760685248e-12
1.748103250321424747e-12
1.739404508708046976e-12
1.728124352506301719e-12
1.713474416426162988e-12
1.694456913779140373e-12
1.669842883119152857e-12
1.638176291657620260e-12
1.597826315432951181e-12
1.547114623319149106e-12
1.484540068872939610e-12
1.409101292368826747e-12
1.320673352188715439e-12
1.220336964491700152e-12
1.110520132923670190e-12
9.948355322186416998e-13
8.776007851963881925e-13
7.631688606273108723e-13
6.552836384490254581e-13
5.566512411837492605e-13
4.688046133729534461e-13
3.922175886899616523e-13
3.265598354890449499e-13
2.709848797941347206e-13
2.243807555912635883e-13
1.855543316792607726e-13
1.533490391207726613e-13
1.267092974512592767e-13
1.047079696630669956e-13
8.655097362592904629e-14
7.156937623158794395e-14
5.920571825664138869e-14
4.899858922864342060e-14
4.056762510379430673e-14
3.359995449072433563e-14
2.783845773251496071e-14
2.307185140131688114e-14
1.912644384261692549e-14
1.585934425945878095e-14
1.315289899853368249e-14
1.091014556732903058e-14
9.051101751420276584e-15
7.509735904258307036e-15
6.231491241919040218e-15
5.171260306906427020e-15
4.291725363466755026e-15
3.561996595168489368e-15
2.956493048922167402e-15
2.454021806864523688e-15
2.037019333674713519e-15
1.690925744170838975e-15
1.403668198280810499e-15
1.165234028227084289e-15
9.673177522085298176e-16
8.030290015181450012e-16
6.666507194861970091e-16
5.534388880359385692e-16
4.594565857738998612e-16
3.814364476863173006e-16
3.166666342464866609e-16
2.628962698651357217e-16
2.182570114945424841e-16
1.811979854979761219e-16
