2.734296099823358914e-12
2.734286155369291408e-12
2.734274175761946241e-12
2.734259744139407953e-12
2.734242358089956863e-12
2.734221412021699414e-12
2.734196175865587173e-12
2.734165769335204062e-12
2.734129130794220945e-12
2.734084979571748125e-12
2.734031770301861738e-12
2.733967637535586297e-12
2.733890328460756431e-12
2.733797121044617676e-12
2.733684724250817532e-12
2.733549156135601403e-12
2.733385594531367418e-12
2.733188193606018023e-12
2.732949857721743030e-12
2.732661961559071665e-12
2.732314002205906500e-12
2.731893164539891805e-12
2.731383775354424050e-12
2.730766613727602418e-12
2.730018034347689600e-12
2.729108845838603389e-12
2.728002866167605063e-12
2.726655050094539702e-12
2.725009046914998982e-12
2.722993997417873100e-12
2.720520313428671778e-12
2.717474097676784566e-12
2.713709752716828286e-12
2.709040194322601892e-12
2.703223932222565193e-12
2.695948127060547867e-12
2.686806619411051207e-12
2.675271940987253388e-12
2.660660619941543018e-12
2.642091954449404130e-12
2.618442277032423962e-12
2.588300150298993756e-12
2.549933558092105833e-12
2.501288296302706191e-12
2.440046558732413971e-12
2.363782664871327870e-12
2.270251310742172026e-12
2.157820974725465243e-12
2.026011043633422629e-12
1.876010656368787635e-12
1.710985296922377066e-12
1.535975902930943390e-12
1.357311336515626358e-12
1.181657812476778545e-12
1.015000697728802778e-12
8.618768239424392307e-13
7.250381763982205530e-13
6.055334942355326468e-13
5.030607511518537567e-13
4.164149180245360484e-13
3.439012297388793380e-13
2.836509948707552879e-13
2.338293262399020241e-13
1.927521261625909171e-13
1.589382862874384425e-13
1.311210695188911746e-13
1.082367750997883120e-13
8.940273836092326587e-14
7.389192210061934325e-14
6.110804722449851320e-14
5.056313336686645858e-14
4.185811777433231115e-14
3.466658177361274376e-14
2.872131282767963977e-14
2.380331818670587221e-14
1.973289261096066198e-14
1.636237503805327189e-14
1.357027867675807468e-14
1.125653118877079270e-14
9.338609637939207153e-15
7.748396247291302636e-15
6.429615331563100858e-15
5.335739648224499191e-15
4.428276760481435535e-15
3.675363804070428333e-15
3.050613181065645281e-15
2.532162920107909445e-15
2.101894357461497599e-15
1.744786897336714928e-15
1.448385289133859237e-15
1.202359415633643040e-15
9.981402550698826609e-16
8.286186449250155071e-16
6.878958794146572685e-16
5.710771281621824924e-16
4.741002587339172022e-16
3.935939502232924836e-16
3.267600542804382066e-16
2.712760380398442557e-16
2.252140656903885058e-16
