2.243834436923808126e-10
2.243817764512735232e-10
2.243797680910193616e-10
2.243773487782874389e-10
2.243744343656812301e-10
2.243709234494116142e-10
2.243666938189699342e-10
2.243615981706628631e-10
2.243554589307426589e-10
2.243480619993612214e-10
2.243391491858260640e-10
2.243284090537476064e-10
2.243154658325096913e-10
2.242998659712312824e-10
2.242810618134603084e-10
2.242583917463330052e-10
2.242310560191567013e-10
2.241980872264610356e-10
2.241583141920806188e-10
2.241103176565434991e-10
2.240523757371871090e-10
2.239823965641173240e-10
2.238978347474472262e-10
2.237955873499500389e-10
2.236718637363520819e-10
2.235220219452157100e-10
2.233403619504555940e-10
2.231198631781209688e-10
2.228518497307568787e-10
2.225255617455783882e-10
2.221276050096104364e-10
2.216412433502977514e-10
2.210454897259026625e-10
2.203139433727064339e-10
2.194133141880726261e-10
2.183015765165478391e-10
2.169257114946896849e-10
2.152190452774401182e-10
2.130982939204543091e-10
2.104606189524089823e-10
2.071813223727718151e-10
2.031132988561328784e-10
1.980899995114980310e-10
1.919342999734160474e-10
1.844759206638054519e-10
1.755792226151093714e-10
1.651804468427934955e-10
1.533284153865825473e-10
1.402166247072905258e-10
1.261911767580321516e-10
1.117227786015843589e-10
9.734362059587438451e-11
8.356588931855295419e-11
7.080778671483115861e-11
5.934867757066365803e-11
4.932069434554105628e-11
4.072961806400596629e-11
3.349071095162113559e-11
2.746613753912931975e-11
2.249580154040150403e-11
1.841876642391184455e-11
1.508590694731341485e-11
1.236592080760984751e-11
1.014699493114137315e-11
8.335985970240899553e-12
6.856402258924459942e-12
5.645979822109881468e-12
4.654288721717520767e-12
3.840577417376359665e-12
3.171929214050858782e-12
2.621733910426079898e-12
2.168444699062157207e-12
1.794578545016121683e-12
1.485917377200652519e-12
1.230871502537522782e-12
1.019972464619253039e-12
8.454684978770569862e-13
7.010010598326276244e-13
5.813454188181045936e-13
4.822019257854784773e-13
4.000274993033112525e-13
3.318991263973465346e-13
2.754029509261335618e-13
2.285438931699761275e-13
1.896718080136617998e-13
1.574210152522825137e-13
1.306606792804099674e-13
1.084540191360450554e-13
9.002472592766602302e-14
7.472927767639990837e-14
6.203409025485206468e-14
5.149664162714115727e-14
4.274986585621362835e-14
3.548924167664458299e-14
2.946210426015842660e-14
2.445879311056770713e-14
2.030531770572179550e-14
1.685727861144242222e-14
1.399482774139120262e-14
1.161848914598862114e-14
