2.056739724137431710e-11
2.056743919019214997e-11
2.056748971194524562e-11
2.056755055723793967e-11
2.056762383351243869e-11
2.056771207749617724e-11
2.056781834222799409e-11
2.056794630153918289e-11
2.056810037540003168e-11
2.056828588017761410e-11
2.056850920857046873e-11
2.056877804482057347e-11
2.056910162172441708e-11
2.056949102700557938e-11
2.056995956769551686e-11
2.057052320230497887e-11
2.057120105161694426e-11
2.057201599980462092e-11
2.057299539799628447e-11
2.057417188206129681e-11
2.057558431468173079e-11
2.057727885792338485e-11
2.057931017523914727e-11
2.058174274930678819e-11
2.058465228162370978e-11
2.058812710738259159e-11
2.059226950914383703e-11
2.059719673700502899e-11
2.060304142962992279e-11
2.060995096322274340e-11
2.061808501127764980e-11
2.062761024523279267e-11
2.063869060247020963e-11
2.065147083788899858e-11
2.066605008870467994e-11
2.068244083725436669e-11
2.070050686896267006e-11
2.071987152960400966e-11
2.073978480053972833e-11
2.075893462620077153e-11
2.077518511109909739e-11
2.078522291773643761e-11
2.078409590025649134e-11
2.076463900322365259e-11
2.071680846462323649e-11
2.062699534370018256e-11
2.047747199427643475e-11
2.024624107835538402e-11
1.990768359728938679e-11
1.943447328368563469e-11
1.880111698238095364e-11
1.798905303565682239e-11
1.699245807178925541e-11
1.582303307400936442e-11
1.451165658514137408e-11
1.310550025460169217e-11
1.166095684479489312e-11
1.023458086915330355e-11
8.874977895112059114e-12
7.617796613128275358e-12
6.484377471307283224e-12
5.483253014882555024e-12
4.613144257174814283e-12
3.866254747848461954e-12
3.231130458489364364e-12
2.694800060260119931e-12
2.244198948836774304e-12
1.867012731151991921e-12
1.552105526235557398e-12
1.289678101626510853e-12
1.071264865990716727e-12
8.896440891192719555e-13
7.387084923830669010e-13
6.133241755102810179e-13
5.091932854621666011e-13
4.227280564801984937e-13
3.509392747561231363e-13
2.913396752554408985e-13
2.418614651041698766e-13
2.007865745029650601e-13
1.666880450138468307e-13
1.383809864133916130e-13
1.148816570284922014e-13
9.537338687604550733e-14
7.917823494774390264e-14
6.573343505112282632e-14
5.457183143308879558e-14
4.530563368061875910e-14
3.761293039920225921e-14
3.122649440477966710e-14
2.592449058358571757e-14
2.152276320223222127e-14
1.786843419547261206e-14
1.483458952976611261e-14
1.231586862360809727e-14
1.022480327105149895e-14
8.488778636821014507e-15
7.047510571082678366e-15
5.850951482055367500e-15
4.857551932251404945e-15
