1.898260979672764526e-01
1.898276850868872434e-01
1.898297074653987615e-01
1.898322844533091858e-01
1.898355681171749465e-01
1.898397522010878413e-01
1.898450835387446578e-01
1.898518765836876288e-01
1.898605319055551854e-01
1.898715597280898060e-01
1.898856098722215280e-01
1.899035098292938262e-01
1.899263131428950702e-01
1.899553608432141827e-01
1.899923593784036968e-01
1.900394793477989119e-01
1.900994803856737303e-01
1.901758687892698696e-01
1.902730959335334759e-01
1.903968071379286142e-01
1.903968071379286142e-01
1.904048038375699414e-01
1.904129110189461127e-01
1.904211301960324065e-01
1.904294629031985375e-01
1.904379106954769973e-01
1.904464751488288698e-01
1.904551578604130879e-01
1.904639604488651550e-01
1.904728845545716753e-01
1.904819318399523786e-01
1.904911039897418112e-01
1.905004027112818799e-01
1.905098297348062630e-01
1.905193868137411983e-01
1.905290757249991640e-01
1.905388982692781119e-01
1.905488562713719691e-01
1.905589515804726186e-01
1.905691860704859519e-01
1.905795616403435089e-01
1.905900802143244144e-01
1.906007437423747342e-01
1.906115542004335195e-01
1.906225135907672064e-01
1.906336239422941614e-01
1.906448873109301279e-01
1.906563057799247340e-01
1.906678814602046912e-01
1.906796164907262614e-01
1.906915130388240898e-01
1.907035733005671418e-01
1.907157995011210250e-01
1.907281938951081446e-01
1.907407587669777971e-01
1.907534964313768733e-01
1.907664092335254746e-01
1.907794995495958879e-01
1.907927697870948625e-01
1.908062223852551031e-01
1.908198598154210446e-01
1.908336845814489202e-01
1.908476992201039169e-01
1.908619063014645734e-01
1.908763084293296775e-01
1.908909082416321012e-01
1.909057084108534974e-01
1.909207116444422980e-01
1.909359206852415392e-01
1.909513383119158525e-01
1.909669673393837586e-01
1.909828106192536512e-01
1.909988710402684142e-01
1.910151515287434321e-01
1.910316550490258058e-01
1.910483846039371936e-01
1.910653432352414638e-01
1.910825340240977499e-01
1.910999600915349872e-01
1.911176245989148759e-01
1.911355307484115529e-01
1.911536817834875446e-01
1.911720809893786011e-01
1.911907316935790302e-01
1.912096372663335264e-01
1.912288011211326078e-01
1.912482267152133542e-01
1.912679175500608120e-01
1.912878771719161153e-01
1.913081091722893257e-01
1.913286171884766296e-01
1.913494049040746492e-01
1.913704760495086032e-01
1.913918344025604956e-01
1.914134837888994412e-01
1.914354280826135735e-01
1.914576712067554976e-01
1.914802171338814418e-01
1.915030698865976266e-01
1.915262335381149594e-01
1.915497122127953200e-01
1.915735100867175245e-01
1.915976313882330750e-01
1.916220803985307641e-01
1.916468614522079672e-01
1.916719789378358851e-01
1.916974372985385533e-01
1.917232410325701575e-01
1.917493946938894911e-01
1.917759028927522313e-01
1.918027702962863679e-01
1.918300016290896415e-01
1.918576016738167966e-01
1.918855752717720520e-01
1.919139273235086762e-01
1.919426627894233461e-01
1.919717866903588033e-01
1.920013041082062055e-01
1.920312201865055635e-01
1.920615401310559467e-01
1.920922692105215546e-01
1.921234127570350392e-01
1.921549761668142620e-01
1.921869649007662550e-01
1.922193844851021183e-01
1.922522405119489741e-01
1.922855386399577038e-01
1.923192845949186769e-01
1.923534841703727905e-01
1.923881432282219528e-01
1.924232676993412050e-01
1.924588635841875672e-01
1.924949369534101340e-01
1.925314939484555066e-01
1.925685407821771666e-01
1.926060837394346914e-01
1.926441291776984366e-01
1.926826835276469474e-01
1.927217532937633149e-01
1.927613450549287288e-01
1.928014654650085924e-01
1.928421212534395801e-01
1.928833192258091189e-01
1.929250662644319547e-01
1.929673693289201131e-01
1.930102354567455325e-01
1.930536717638007826e-01
1.930976854449510949e-01
1.931422837745775667e-01
1.931874741071168688e-01
1.932332638775878242e-01
1.932796606021130181e-01
1.933266718784328875e-01
1.933743053864029060e-01
1.934225688884889383e-01
1.934714702302449130e-01
1.935210173407854728e-01
1.935712182332403331e-01
1.936220810051988983e-01
1.936736138391403073e-01
1.937258250028531803e-01
1.937787228498308034e-01
1.938323158196642304e-01
1.938866124384051592e-01
1.939416213189216753e-01
1.939973511612320678e-01
1.940538107528158862e-01
1.941110089689146168e-01
1.941689547727996901e-01
1.942276572160292480e-01
1.942871254386761559e-01
1.943473686695345315e-01
1.944083962262990739e-01
1.944702175157239921e-01
1.945328420337471831e-01
1.945962793655930390e-01
1.946605391858441114e-01
1.947256312584818017e-01
1.947915654368918281e-01
1.948583516638454916e-01
1.949259999714400005e-01
1.949945204810009380e-01
1.950639234029580282e-01
1.951342190366711915e-01
1.952054177702252369e-01
1.952775300801755931e-01
1.953505665312574857e-01
1.954245377760488178e-01
1.954994545545832296e-01
1.955753276939221907e-01
1.956521681076692498e-01
1.957299867954386541e-01
1.958087948422697899e-01
1.958886034179858904e-01
1.959694237764926517e-01
1.960512672550229762e-01
1.961341452733177393e-01
1.962180693327416903e-01
1.963030510153380981e-01
1.963891019828116480e-01
1.964762339754430043e-01
1.965644588109322910e-01
1.966537883831648015e-01
1.967442346609028503e-01
1.968358096863944418e-01
1.969285255739033902e-01
1.970223945081504557e-01
1.971174287426691596e-01
1.972136405980713381e-01
1.973110424602181889e-01
1.974096467782931186e-01
1.975094660627782217e-01
1.976105128833287594e-01
1.977127998665350328e-01
1.978163396935872509e-01
1.979211450978139719e-01
1.980272288621163779e-01
1.981346038162791479e-01
1.982432828341529341e-01
1.983532788307204031e-01
1.984646047590250262e-01
1.985772736069673083e-01
1.986912983939638500e-01
1.988066921674633558e-01
1.989234679993179267e-01
1.990416389819985588e-01
1.991612182246673413e-01
1.992822188490761814e-01
1.994046539853119582e-01
1.995285367673714783e-01
1.996538803285627661e-01
1.997806977967251096e-01
1.999090022892744678e-01
2.000388069080551168e-01
2.001701247339985890e-01
2.003029688215909043e-01
2.004373521931300250e-01
2.005732878327785018e-01
2.007107886804013475e-01
2.008498676251837534e-01
2.009905374990267335e-01
2.011328110697069849e-01
2.012767010338034346e-01
2.014222200093803705e-01
2.015693805284241580e-01
2.017181950290149461e-01
2.018686758472530707e-01
2.020208352089044868e-01
2.021746852207743916e-01
2.023302378618090924e-01
2.024875049738976696e-01
2.026464982523888403e-01
2.028072292363009566e-01
2.029697092982311324e-01
2.031339496339402417e-01
2.032999612516243615e-01
2.034677549608503166e-01
2.036373413611610173e-01
2.038087308303332956e-01
2.039819335122842192e-01
2.041569593046197451e-01
2.043338178458216636e-01
2.045125185020512104e-01
2.046930703535837226e-01
2.048754821808429771e-01
2.050597624500485328e-01
2.052459192984531222e-01
2.054339605191712048e-01
2.056238935455870220e-01
2.058157254353356058e-01
2.060094628538507722e-01
2.062051120574683316e-01
2.064026788760813247e-01
2.066021686953344039e-01
2.068035864383604705e-01
2.070069365470365852e-01
2.072122229627645917e-01
2.074194491067654356e-01
2.076286178598755194e-01
2.078397315418468727e-01
2.080527918901366180e-01
2.082678000381804062e-01
2.084847564931495145e-01
2.087036611131767860e-01
2.089245130840513553e-01
2.091473108953723070e-01
2.093720523161582414e-01
2.095987343699130812e-01
2.098273533091247478e-01
2.100579045892188579e-01
2.102903828419370180e-01
2.105247818481575939e-01
2.107610945101408562e-01
2.109993128232036108e-01
2.112394278468147091e-01
2.114814296751193479e-01
2.117253074068818353e-01
2.119710491148466547e-01
2.122186418145293185e-01
2.124680714324198583e-01
2.127193227736152714e-01
2.129723794888776223e-01
2.132272240411212660e-01
2.134838376713296404e-01
2.137422003639149470e-01
2.140022908115192801e-01
2.142640863792666661e-01
2.145275630684732315e-01
2.147926954798297094e-01
2.150594567760543696e-01
2.153278186440426012e-01
2.155977512565145637e-01
2.158692232331844429e-01
2.161422016014564740e-01
2.164166517566722958e-01
2.166925374219294542e-01
2.169698206074833491e-01
2.172484615697619637e-01
2.175284187700121941e-01
2.178096488326104474e-01
2.180921065030507477e-01
2.183757446056553697e-01
2.186605140010335346e-01
2.189463635433114563e-01
2.192332400371854728e-01
2.195210881948272963e-01
2.198098505926807666e-01
2.200994676281949891e-01
2.203898774765369051e-01
2.206810160473291205e-01
2.209728169414747756e-01
2.212652114080966848e-01
2.215581283016731240e-01
2.218514940394128721e-01
2.221452325589289289e-01
2.224392652762880729e-01
2.227335110444820798e-01
2.230278861124113110e-01
2.233223040844379281e-01
2.236166758805850086e-01
2.239109096974767898e-01
2.242049109700790799e-01
2.244985823343315923e-01
2.247918235907784834e-01
2.250845316692539622e-01
2.253766005947515916e-01
2.256679214545471157e-01
2.259583823666995450e-01
2.262478684500064396e-01
2.265362617955548052e-01
2.268234414399420140e-01
2.271092833403064448e-01
2.273936603512669574e-01
2.276764422039017355e-01
2.279574954868797687e-01
2.282366836298709289e-01
2.285138668893669789e-01
2.287889023370320851e-01
2.290616438507245833e-01
2.293319421083216958e-01
2.295996445844713241e-01
2.298645955504278748e-01
2.301266360770892194e-01
2.303856040414038187e-01
2.306413341362441027e-01
2.308936578839416720e-01
2.311424036535826843e-01
2.313873966822310724e-01
2.316284591002106819e-01
2.318654099605931274e-01
2.320980652730267046e-01
2.323262380420586248e-01
2.325497383100643134e-01
2.327683732049496412e-01
2.329819469927344178e-01
2.331902611351606425e-01
2.333931143524421714e-01
2.335903026912922731e-01
2.337816195983286049e-01
2.339668559989825924e-01
2.341458003820122147e-01
2.343182388897220303e-01
2.344839554139789284e-01
2.346427316981143929e-01
2.347943474447900525e-01
2.349385804298904090e-01
2.350752066225074433e-01
2.352040003110643374e-01
2.353247342356176719e-01
2.354371797263591914e-01
2.355411068483417580e-01
2.356362845524244964e-01
2.357224808324292487e-01
2.357994628884807486e-01
2.358669972964989037e-01
2.359248501837733769e-01
2.359727874105664314e-01
2.360105747576511093e-01
2.360379781196787485e-01
2.360547637042622049e-01
2.360606982366262041e-01
2.360555491696884056e-01
2.360390848993726420e-01
2.360110749849825551e-01
2.359712903744140278e-01
2.359195036339751805e-01
2.358554891825686561e-01
2.357790235299667414e-01
2.356898855188849229e-01
2.355878565705580852e-01
2.354727209334815941e-01
2.353442659349766486e-01
2.352022822352220488e-01
2.350465640833616088e-01
2.348769095752903380e-01
2.346931209127136320e-01
2.344950046630293050e-01
2.342823720196026693e-01
2.340550390619550170e-01
2.338128270154098964e-01
2.335555625096819021e-01
2.332830778359298585e-01
2.329952112017567578e-01
2.326918069836243497e-01
2.323727159761685424e-01
2.320377956378775752e-01
2.316869103325822077e-01
2.313199315662360922e-01
2.309367382184136508e-01
2.305372167680064810e-01
2.301212615125618477e-01
2.296887747807219993e-01
2.292396671372353700e-01
2.287738575800095098e-01
2.282912737286930949e-01
2.277918520042676587e-01
2.272755377991659831e-01
2.267422856374325391e-01
2.261920593244636790e-01
2.256248320858826317e-01
2.250405866951219469e-01
2.244393155893167902e-01
2.238210209731235634e-01
2.231857149101160176e-01
2.225334194014280120e-01
2.218641664513451572e-01
2.211779981195798050e-01
2.204749665599895214e-01
2.197551340455314861e-01
2.190185729792885061e-01
2.182653658914187611e-01
2.174956054219353563e-01
2.167093942892490133e-01
2.159068452444324882e-01
2.150880810112265618e-01
2.142532342118236843e-01
2.134024472785114313e-01
2.125358723512864312e-01
2.116536711616106570e-01
2.107560149024730045e-01
2.098430840850103729e-01
2.089150683819261944e-01
2.079721664580175267e-01
2.070145857881353357e-01
2.060425424629321600e-01
2.050562609828011640e-01
2.040559740404162548e-01
2.030419222923401934e-01
2.020143541201545601e-01
2.009735253816323231e-01
1.999196991524749834e-01
1.988531454591458969e-01
1.977741410033872493e-01
1.966829688789845654e-01
1.955799182813842130e-01
1.944652842107829072e-01
1.933393671692927307e-01
1.922024728528302084e-01
1.910549118383576828e-01
1.898969992671218077e-01
1.887290545245365880e-01
1.875514009173464558e-01
1.863643653487250529e-01
1.851682779919392174e-01
1.839634719632175786e-01
1.827502829944426810e-01
1.815290491062868106e-01
1.803001102824026980e-01
1.790638081452405328e-01
1.778204856340884488e-01
1.765704866858867628e-01
1.753141559193564791e-01
1.740518383229738841e-01
1.727838789472774805e-01
1.715106226020164937e-01
1.702324135585694120e-01
1.689495952580934990e-01
1.676625100257951861e-01
1.663714987917391808e-01
1.650769008185183906e-01
1.637790534361652783e-01
1.624782917845775110e-01
1.611749485637702373e-01
1.598693537921966890e-01
1.585618345733819934e-01
1.572527148710679001e-01
1.559423152930583256e-01
1.546309528839098779e-01
1.533189409266080827e-01
1.520065887533361415e-01
1.506942015654025580e-01
1.493820802624073463e-01
1.480705212806646132e-01
1.467598164409073258e-01
1.454502528052531996e-01
1.441421125434176054e-01
1.428356728081135174e-01
1.415312056195787427e-01
1.402289777591367304e-01
1.389292506717020592e-01
1.376322803771004299e-01
1.363383173900747369e-01
1.350476066488331961e-01
1.337603874519747160e-01
1.324768934036238965e-01
1.311973523665865560e-01
1.299219864233400745e-01
1.286510118446529960e-01
1.273846390656175054e-01
1.261230726688901960e-01
1.248665113749054811e-01
1.236151480388371637e-01
1.223691696540711860e-01
1.211287573619602848e-01
1.198940864676063811e-01
1.186653264614354331e-01
1.174426410463274006e-01
1.162261881700376587e-01
1.150161200626802632e-01
1.138125832790257974e-01
1.126157187453610542e-01
1.114256618106797547e-01
1.102425423019586931e-01
1.090664845832813729e-01
1.078976076185788890e-01
1.067360250377551723e-01
1.055818452059708590e-01
1.044351712958635769e-01
1.032961013624852514e-01
1.021647284207491679e-01
1.010411405251733091e-01
9.992542085171944588e-02
9.881764778153491469e-02
9.771789498640121030e-02
9.662623151570830238e-02
9.554272188477527794e-02
9.446742616434040951e-02
9.340040007105991637e-02
9.234169505885146678e-02
9.129135841092853032e-02
9.024943333237961385e-02
8.921595904314555403e-02
8.819097087126558099e-02
8.717450034626035571e-02
8.616657529252509662e-02
8.516721992262255014e-02
8.417645493035649795e-02
8.319429758352890614e-02
8.222076181627215041e-02
8.125585832086926197e-02
8.029959463897148875e-02
7.935197525212789316e-02
7.841300167155092204e-02
7.748267252704807428e-02
7.656098365504311609e-02
7.564792818563706445e-02
7.474349662863735699e-02
7.384767695850964764e-02
7.296045469820298945e-02
7.208181300179856976e-02
7.121173273594331998e-02
7.035019256003402499e-02
6.949716900511554440e-02
6.865263655146200406e-02
6.781656770482098751e-02
6.698893307128789276e-02
6.616970143080418143e-02
6.535883980924797609e-02
6.455631354911459119e-02
6.376208637877076035e-02
6.297612048027352583e-02
6.219837655575004287e-02
6.142881389233466327e-02
6.066739042565776063e-02
5.991406280189148087e-02
5.916878643835285501e-02
5.843151558266872214e-02
5.770220337050646631e-02
5.698080188188274497e-02
5.626726219605438645e-02
5.556153444500507022e-02
5.486356786553859416e-02
5.417331084999008062e-02
5.349071099557338449e-02
5.281571515237423048e-02
5.214826947000923696e-02
5.148831944296676510e-02
5.083580995464506702e-02
5.019068532010930589e-02
4.955288932758419168e-02
4.892236527870225810e-02
4.829905602752736921e-02
4.768290401837504272e-02
4.707385132244931020e-02
4.647183967331804111e-02
4.587681050124644416e-02
4.528870496641360099e-02
4.470746399102987906e-02
4.413302829037953068e-02
4.356533840281236886e-02
4.300433471869995194e-02
4.244995750838739812e-02
4.190214694915467969e-02
4.136084315121526384e-02
4.082598618277086949e-02
4.029751609414464197e-02
3.977537294101693433e-02
3.925949680678092468e-02
3.874982782404349374e-02
3.824630619529201941e-02
3.774887221274255550e-02
3.725746627740154915e-02
3.677202891734877160e-02
3.629250080527098715e-02
3.581882277526303449e-02
3.535093583891479180e-02
3.488878120070672967e-02
3.443230027273050387e-02
3.398143468875351736e-02
3.353612631765001684e-02
3.309631727620931246e-02
3.266194994134735685e-02
3.223296696173382631e-02
3.180931126885315485e-02
3.139092608751777730e-02
3.097775494584911402e-02
3.056974168474169487e-02
3.016683046682879649e-02
2.976896578496219734e-02
2.937609247022411260e-02
2.898815569948356985e-02
2.860510100251408352e-02
2.822687426868539240e-02
2.785342175324361999e-02
2.748469008319368370e-02
2.712062626279700475e-02
2.676117767869682848e-02
2.640629210468498425e-02
2.605591770612173189e-02
2.571000304402040748e-02
2.536849707880892493e-02
2.503134917377951643e-02
2.469850909823767190e-02
2.436992703036159821e-02
2.404555355978085784e-02
2.372533968988702058e-02
2.340923683988539034e-02
2.309719684659528038e-02
2.278917196601120895e-02
2.248511487463327949e-02
2.218497867057445463e-02
2.188871687445481315e-02
2.159628343008977366e-02
2.130763270498218370e-02
2.102271949062424136e-02
2.074149900261828758e-02
2.046392688062327256e-02
2.018995918813420304e-02
1.991955241210119354e-02
1.965266346239631298e-02
1.938924967113238654e-02
1.912926879184273857e-02
1.887267899852556469e-02
1.861943888456102716e-02
1.836950746150561170e-02
1.812284415776936261e-02
1.787940881718186673e-02
1.763916169745257528e-02
1.740206346852877367e-02
1.716807521085854729e-02
1.693715841356185567e-02
1.670927497251410362e-02
1.648438718834810413e-02
1.626245776437760041e-02
1.604344980444622273e-02
1.582732681070701114e-02
1.561405268133569425e-02
1.540359170818071666e-02
1.519590857435550169e-02
1.499096835177462540e-02
1.478873649863778235e-02
1.458917885686554679e-02
1.439226164948876827e-02
1.419795147799553584e-02
1.400621531963884558e-02
1.381702052470579201e-02
1.363033481375389849e-02
1.344612627481518718e-02
1.326436336057049831e-02
1.308501488549766202e-02
1.290805002299444913e-02
1.273343830247995571e-02
1.256114960647484319e-02
1.239115416766425892e-02
1.222342256594421799e-02
1.205792572545340280e-02
1.189463491159324995e-02
1.173352172803652886e-02
1.157455811372736648e-02
1.141771633987389602e-02
1.126296900693461375e-02
1.111028904160073216e-02
1.095964969377534286e-02
1.081102453355106859e-02
1.066438744818749666e-02
1.051971263908924210e-02
1.037697461878642549e-02
1.023614820791842600e-02
1.009720853222163470e-02
9.960131019523144058e-03
9.824891396740555866e-03
9.691465686889133915e-03
9.559830206097160235e-03
9.429961560630537379e-03
9.301836643927582221e-03
9.175432633643877678e-03
9.050726988709217186e-03
8.927697446396600303e-03
8.806322019403742610e-03
8.686578992948735742e-03
8.568446921878926023e-03
8.451904627795431627e-03
8.336931196192181107e-03
8.223505973610800365e-03
8.111608564812071431e-03
8.001218829963709783e-03
7.892316881845417784e-03
7.784883083071104069e-03
7.678898043329726933e-03
7.574342616643541318e-03
7.471197898645455526e-03
7.369445223875220954e-03
7.269066163094357706e-03
7.170042520621340912e-03
7.072356331685608795e-03
6.975989859802083845e-03
6.880925594165737853e-03
6.787146247066150502e-03
6.694634751323074590e-03
6.603374257742338285e-03
6.513348132592634322e-03
6.424539955103335774e-03
6.336933514983366170e-03
6.250512809961194204e-03
6.165262043346197637e-03
6.081165621611052050e-03
5.998208151996082052e-03
5.916374440134528068e-03
5.835649487699722665e-03
5.756018490073470419e-03
5.677466834036248855e-03
5.599980095478904359e-03
5.523544037135756299e-03
5.448144606339599440e-03
5.373767932797904670e-03
5.300400326390794850e-03
5.228028274990474851e-03
5.156638442301958794e-03
5.086217665725452711e-03
5.016752954239952003e-03
4.948231486308176871e-03
4.880640607802692182e-03
4.813967829953305459e-03
4.748200827315509666e-03
4.683327435759921352e-03
4.619335650482533744e-03
4.556213624036027643e-03
4.493949664381730741e-03
4.432532232961985084e-03
4.371949942793523780e-03
4.312191556580658239e-03
4.253245984849367105e-03
4.195102284101154093e-03
4.137749654987237652e-03
4.081177440502426271e-03
4.025375124199174690e-03
3.970332328421014370e-03
3.916038812555735528e-03
3.862484471307961638e-03
3.809659332991018402e-03
3.757553557837859087e-03
3.706157436331387108e-03
3.655461387553143697e-03
3.605455957551101376e-03
3.556131817726005534e-03
3.507479763236040753e-03
3.459490711419966735e-03
3.412155700238265858e-03
3.365465886732474984e-03
3.319412545502165458e-03
3.273987067199830240e-03
3.229180957043286965e-03
3.184985833345387908e-03
3.141393426061157845e-03
3.098395575351868027e-03
3.055984230166221456e-03
3.014151446838200191e-03
2.972889387701656630e-03
2.932190319721394208e-03
2.892046613140484678e-03
2.852450740143927348e-03
2.813395273538235250e-03
2.774872885446875818e-03
2.736876346021599460e-03
2.699398522169130406e-03
2.662432376293389844e-03
2.625970965053047931e-03
2.590007438134019589e-03
2.554535037037105293e-03
2.519547093880290713e-03
2.485037030215808424e-03
2.450998355861685411e-03
2.417424667747627640e-03
2.384309648775123722e-03
2.351647066691632797e-03
2.319430772978697906e-03
2.287654701753773223e-03
2.256312868685700530e-03
2.225399369923718694e-03
2.194908381039692609e-03
2.164834155983645300e-03
2.135171026052250579e-03
2.105913398870272370e-03
2.077055757384758169e-03
2.048592658871842189e-03
2.020518733956053713e-03
1.992828685641921584e-03
1.965517288357853179e-03
1.938579387012022426e-03
1.912009896060214197e-03
1.885803798585495173e-03
1.859956145389460519e-03
1.834462054095155900e-03
1.809316708261246793e-03
1.784515356507562593e-03
1.760053311651800859e-03
1.735925949857058167e-03
1.712128709790513735e-03
1.688657091792679235e-03
1.665506657057338417e-03
1.642673026822047931e-03
1.620151881568884528e-03
1.597938960235658484e-03
1.576030059437057455e-03
1.554421032696001563e-03
1.533107789684755003e-03
1.512086295475934244e-03
1.491352569803094290e-03
1.470902686330971283e-03
1.450732771935056391e-03
1.430839005990593377e-03
1.411217619670727475e-03
1.391864895253780866e-03
1.372777165439544598e-03
1.353950812674386368e-03
1.335382268485252235e-03
1.317068012822195794e-03
1.299004573409594633e-03
1.281188525105774996e-03
1.263616489270962678e-03
1.246285133143559950e-03
1.229191169224509760e-03
1.212331354669772586e-03
1.195702490690678287e-03
1.179301421962220811e-03
1.163125036039045108e-03
1.147170262779119302e-03
1.131434073774972198e-03
1.115913481792419172e-03
1.100605540216621813e-03
1.085507342505492596e-03
1.070616021650234269e-03
1.055928749643043202e-03
1.041442736951789369e-03
1.027155232001630879e-03
1.013063520663495852e-03
9.991649257492759336e-04
9.854568065137164941e-04
9.719365581629175370e-04
9.586016113692647899e-04
9.454494317928473614e-04
9.324775196091958634e-04
9.196834090432317102e-04
9.070646679095072844e-04
8.946188971583918671e-04
8.823437304284206069e-04
8.702368336044998074e-04
8.582959043820126595e-04
8.465186718367220938e-04
8.349028960003874881e-04
8.234463674420195497e-04
8.121469068547199251e-04
8.010023646480255192e-04
7.900106205456627678e-04
7.791695831886957064e-04
7.684771897439383838e-04
7.579314055176144876e-04
7.475302235741385255e-04
7.372716643600325456e-04
7.271537753328344159e-04
7.171746305949752189e-04
7.073323305325522527e-04
6.976250014589210945e-04
6.880507952630835226e-04
6.786078890627531219e-04
6.692944848620840416e-04
6.601088092139700998e-04
6.510491128868848513e-04
6.421136705361736065e-04
6.333007803797602135e-04
6.246087638782084296e-04
6.160359654190594942e-04
6.075807520054292074e-04
5.992415129487676942e-04
5.910166595657490030e-04
5.829046248792542177e-04
5.749038633233394474e-04
5.670128504521967146e-04
5.592300826530215499e-04
5.515540768627319977e-04
5.439833702885285170e-04
5.365165201321690086e-04
5.291521033180137225e-04
5.218887162246864126e-04
5.147249744203694121e-04
5.076595124016692034e-04
5.006909833359954537e-04
4.938180588074157860e-04
4.870394285659302314e-04
4.803538002801535471e-04
4.737598992932993080e-04
4.672564683824930961e-04
4.608422675213007290e-04
4.545160736454880606e-04
4.482766804219414486e-04
4.421228980207045985e-04
4.360535528900904754e-04
4.300674875348499079e-04
4.241635602973222894e-04
4.183406451415594331e-04
4.125976314403619733e-04
4.069334237651954077e-04
4.013469416789537973e-04
3.958371195315287840e-04
3.904029062581399639e-04
3.850432651804092132e-04
3.797571738101044822e-04
3.745436236555774526e-04
3.694016200307853907e-04
3.643301818669321076e-04
3.593283415266436214e-04
3.543951446206709864e-04
3.495296498270799570e-04
3.447309287128801601e-04
3.399980655580884105e-04
3.353301571821745057e-04
3.307263127728558914e-04
3.261856537172256915e-04
3.217073134351630930e-04
3.172904372150100929e-04
3.129341820514811045e-04
3.086377164857725735e-04
3.044002204478417025e-04
3.002208851008275050e-04
2.960989126875926674e-04
2.920335163793424168e-04
2.880239201262994159e-04
2.840693585104278000e-04
2.801690766001248777e-04
2.763223298069217510e-04
2.725283837441177170e-04
2.687865140873325160e-04
2.650960064369668832e-04
2.614561561825272233e-04
2.578662683687957063e-04
2.543256575638275685e-04
2.508336477287374561e-04
2.473895720892661907e-04
2.439927730090871649e-04
2.406426018648401429e-04
2.373384189228768264e-04
2.340795932176686922e-04
2.308655024318802187e-04
2.276955327780762759e-04
2.245690788820382279e-04
2.214855436676689603e-04
2.184443382434672902e-04
2.154448817905542228e-04
2.124866014522138369e-04
2.095689322249534646e-04
2.066913168510388181e-04
2.038532057124960704e-04
2.010540567265645432e-04
1.982933352425703783e-04
1.955705139402042771e-04
1.928850727291954220e-04
1.902364986503407855e-04
1.876242857779009414e-04
1.850479351233086270e-04
1.825069545402101159e-04
