-6.017908214149440282e-06
-3.461446684776043067e-06
-8.864744956262912078e-07
1.707142384076842556e-06
4.319538955591726060e-06
6.950851197685113827e-06
9.601216073709629636e-06
1.227077153873382889e-05
1.495965654672162530e-05
1.766801105776614708e-05
2.039597604537419658e-05
2.314369350380464388e-05
2.591130645545882823e-05
2.869895895832539490e-05
3.150679611347892537e-05
3.433496407263204924e-05
3.718361004574334506e-05
4.005288230867961056e-05
4.294293021093408783e-05
4.585390418339967112e-05
4.878595574619990264e-05
5.173923751657474087e-05
5.471390321682574316e-05
5.771010768231630547e-05
6.072800686953227860e-05
6.376775786419844121e-05
6.682951888945578298e-05
6.991344931409732791e-05
7.301970966086304671e-05
7.614846161479549118e-05
7.929986803165584583e-05
8.247409294640051865e-05
8.567130158171950421e-05
8.889166035663681746e-05
9.213533689517191378e-05
9.540250003506559203e-05
9.869331983656809014e-05
1.020079675912907149e-04
1.053466158311217786e-04
1.087094383372070862e-04
1.120966101489960168e-04
1.155083075733521965e-04
1.189447081937298876e-04
1.224059908794186008e-04
1.258923357948527055e-04
1.294039244089894268e-04
1.329409395047546850e-04
1.365035651885569570e-04
1.400919868998707013e-04
1.437063914208876821e-04
1.473469668862408260e-04
1.510139027927955165e-04
1.547073900095138552e-04
1.584276207873892871e-04
1.621747887694540314e-04
1.659490890008578239e-04
1.697507179390208480e-04
1.735798734638588445e-04
1.774367548880842254e-04
1.813215629675793135e-04
1.852344999118469670e-04
1.891757693945350389e-04
1.931455765640386268e-04
1.971441280541774048e-04
2.011716319949521557e-04
2.052282980233777936e-04
2.093143372943949377e-04
2.134299624918613910e-04
2.175753878396221154e-04
2.217508291126604140e-04
2.259565036483287203e-04
2.301926303576617874e-04
2.344594297367708123e-04
2.387571238783213967e-04
2.430859364830923884e-04
2.474460928716216502e-04
2.518378199959322473e-04
2.562613464513474604e-04
2.607169024883881957e-04
2.652047200247586241e-04
2.697250326574170370e-04
2.742780756747357704e-04
2.788640860687477017e-04
2.834833025474820314e-04
2.881359655473897819e-04
2.928223172458582551e-04
2.975426015738170515e-04
3.022970642284348360e-04
3.070859526859085332e-04
3.119095162143442450e-04
3.167680058867327654e-04
3.216616745940172528e-04
3.265907770582573955e-04
3.315555698458879036e-04
3.365563113810726269e-04
3.415932619591565767e-04
3.466666837602138448e-04
3.517768408626955950e-04
3.569239992571743856e-04
3.621084268601899728e-04
