-7.115080093765980412e-05
1.432648809748080648e-02
2.882837647987101029e-02
4.343526918909183798e-02
5.814792653361930408e-02
7.296711432712107981e-02
8.789360392831876978e-02
1.029281722811376254e-01
1.180716019551479173e-01
1.333246811862985048e-01
1.486882039179456827e-01
1.641629698421789851e-01
1.797497844414461254e-01
1.954494590304797774e-01
2.112628107985271009e-01
2.271906628518860494e-01
2.432338442567487657e-01
2.593931900823558401e-01
2.756695414444627623e-01
2.920637455491210677e-01
3.085766557367762841e-01
3.252091315266862903e-01
3.419620386616594176e-01
3.588362491531182363e-01
3.758326413264886368e-01
3.929520998669179255e-01
4.101955158653239342e-01
4.275637868647775841e-01
4.450578169072206824e-01
4.626785165805231692e-01
4.804268030658802591e-01
4.983036001855528641e-01
5.163098384509537953e-01
5.344464551110820194e-01
5.527143942013078570e-01
5.711146065925118975e-01
5.896480500405778535e-01
6.083156892362459045e-01
6.271184958553263078e-01
6.460574486092756086e-01
6.651335332961407776e-01
6.843477428518707217e-01
7.037010774020000525e-01
7.231945443137075547e-01
7.428291582482500210e-01
7.626059412137774496e-01
7.825259226185297123e-01
8.025901393244186943e-01
8.227996357009985662e-01
8.431554636798258562e-01
8.636586828092147616e-01
8.843103603093878107e-01
9.051115711280259823e-01
9.260633979962213935e-01
9.471669314848346621e-01
9.684232700612602773e-01
9.898335201466046396e-01
1.011398796173275549e+00
1.033120220642989029e+00
1.054998924185200693e+00
1.077036045615952231e+00
1.099232731997150214e+00
1.121590138696273220e+00
1.144109429446508397e+00
1.166791776407326786e+00
1.189638360225495184e+00
1.212650370096530317e+00
1.235829003826597106e+00
1.259175467894858791e+00
1.282690977516273811e+00
1.306376756704848985e+00
1.330234038337352320e+00
1.354264064217485686e+00
1.378468085140522437e+00
1.402847360958411338e+00
1.427403160645356328e+00
1.452136762363866129e+00
1.477049453531285472e+00
1.502142530886806604e+00
1.527417300558965962e+00
1.552875078133630460e+00
1.578517188722475373e+00
1.604344967031958058e+00
1.630359757432790602e+00
1.656562914029918065e+00
1.682955800732999441e+00
1.709539791327401304e+00
1.736316269545706836e+00
1.763286629139738881e+00
1.790452273953107465e+00
1.817814617994281789e+00
1.845375085510192914e+00
1.873135111060364011e+00
1.901096139591583745e+00
1.929259626513117443e+00
1.957627037772463163e+00
1.986199849931655326e+00
2.014979550244122564e+00
2.043967636732102022e+00
2.073165618264609655e+00
