-6.309832206029264423e-05
1.328814544868146125e-02
2.673606203385484742e-02
4.028135141566444033e-02
5.392471864470076148e-02
6.766687387663787578e-02
8.150853240919925247e-02
9.545041471938925381e-02
1.094932465009951089e-01
1.236377587023602259e-01
1.378846875644312298e-01
1.522347746590798634e-01
1.666887669277032358e-01
1.812474167201030828e-01
1.959114818336462061e-01
2.106817255527093924e-01
2.255589166884088281e-01
2.405438296186183100e-01
2.556372443282763918e-01
2.708399464499853249e-01
2.861527273049050413e-01
3.015763839439420946e-01
3.171117191892367515e-01
3.327595416759516200e-01
3.485206658943623137e-01
3.643959122322522060e-01
3.803861070176149384e-01
3.964920825616662370e-01
4.127146772021662025e-01
4.290547353470564595e-01
4.455131075184124989e-01
4.620906503967147083e-01
4.787882268654390927e-01
4.956067060559726789e-01
5.125469633928516622e-01
5.296098806393297886e-01
5.467963459432736428e-01
5.641072538833942218e-01
5.815435055158082456e-01
5.991060084209417491e-01
6.167956767507696281e-01
6.346134312763984653e-01
6.525601994359943037e-01
6.706369153830572527e-01
6.888445200350447051e-01
7.071839611223478261e-01
7.256561932376224267e-01
7.442621778854758841e-01
7.630028835325162184e-01
7.818792856577606587e-01
8.008923668034113597e-01
8.200431166259980476e-01
8.393325319478903701e-01
8.587616168091855018e-01
8.783313825199672298e-01
8.980428477129478448e-01
9.178970383964895063e-01
9.378949880080081902e-01
9.580377374677657709e-01
9.783263352330524576e-01
9.987618373527588078e-01
1.019345307522345312e+00
1.040077817139210214e+00
1.060960445358454241e+00
1.081994279149055771e+00
1.103180413350445921e+00
1.124519950729498285e+00
1.146014002037928581e+00
1.167663686070111506e+00
1.189470129721315050e+00
1.211434468046355573e+00
1.233557844318681873e+00
1.255841410089881816e+00
1.278286325249623268e+00
1.300893758086026475e+00
1.323664885346477416e+00
1.346600892298877028e+00
1.369702972793336082e+00
1.392972329324318581e+00
1.416410173093231695e+00
1.440017724071468663e+00
1.463796211063915109e+00
1.487746871772905433e+00
1.511870952862647277e+00
1.536169710024114510e+00
1.560644408040406272e+00
1.585296320852579877e+00
1.610126731625961094e+00
1.635136932816938504e+00
1.660328226240231020e+00
1.685701923136654568e+00
1.711259344241371494e+00
1.737001819852637574e+00
1.762930689901044179e+00
1.789047304019266038e+00
1.815353021612309492e+00
1.841849211928270780e+00
1.868537254129610803e+00
1.895418537364937706e+00
1.922494460841317476e+00
