-7.591687781017446637e-05
1.428394493980488997e-02
2.874778270757080006e-02
4.331634928776063875e-02
5.799040299392357878e-02
7.277070763035595191e-02
8.765803253185849853e-02
1.026531526037810227e-01
1.177568483623575579e-01
1.329699059753329804e-01
1.482931173028844696e-01
1.637272799388384548e-01
1.792731972521868222e-01
1.949316784289031879e-01
2.107035385140622052e-01
2.265895984542636299e-01
2.425906851403636100e-01
2.587076314505161179e-01
2.749412762935243282e-01
2.912924646525080208e-01
3.077620476288851492e-01
3.243508824866735418e-01
3.410598326971124306e-01
3.578897679836068879e-01
3.748415643669987807e-01
3.919161042111644067e-01
4.091142762689428114e-01
4.264369757283966167e-01
4.438851042594076368e-01
4.614595700606102247e-01
4.791612879066640684e-01
4.969911791958695479e-01
5.149501719981277592e-01
5.330392011032474286e-01
5.512592080696028241e-01
5.696111412731423851e-01
5.880959559567529027e-01
6.067146142799821895e-01
6.254680853691197973e-01
6.443573453676411100e-01
6.633833774870183664e-01
6.825471720578969448e-01
7.018497265816432407e-01
7.212920457822671327e-01
7.408751416587182614e-01
7.606000335375617816e-01
7.804677481260369198e-01
8.004793195654968940e-01
8.206357894852388535e-01
8.409382070567206213e-01
8.613876290481727871e-01
8.819851198796044844e-01
9.027317516782068507e-01
9.236286043341607188e-01
9.446767655568446553e-01
9.658773309314522271e-01
9.872314039760191617e-01
1.008740096198862402e+00
1.030404527156435268e+00
1.052225824511603403e+00
1.074205124092338925e+00
1.096343569950843921e+00
1.118642314423098583e+00
1.141102518188842563e+00
1.163725350331988651e+00
1.186511988401477424e+00
1.209463618472568891e+00
1.232581435208577769e+00
1.255866641923060634e+00
1.279320450642448037e+00
1.302944082169131157e+00
1.326738766145009185e+00
1.350705741115491021e+00
1.374846254593964812e+00
1.399161563126731567e+00
1.423652932358411283e+00
1.448321637097821579e+00
1.473168961384330622e+00
1.498196198554696545e+00
1.523404651310386271e+00
1.548795631785380378e+00
1.574370461614475802e+00
1.600130472002075255e+00
1.626077003791479347e+00
1.652211407534679877e+00
1.678535043562657592e+00
1.705049282056187554e+00
1.731755503117161421e+00
1.758655096840423537e+00
1.785749463386123725e+00
1.813040013052602317e+00
1.840528166349794770e+00
1.868215354073172740e+00
1.896103017378217181e+00
1.924192607855434778e+00
1.952485587605914175e+00
1.980983429317428435e+00
2.009687616341093275e+00
2.038599642768578413e+00
2.067721013509869810e+00
