-3.536761938332247359e-06
-1.180302592754391716e-06
1.193219249841892002e-06
3.583927134471334942e-06
5.991945500705297712e-06
8.417399689149072833e-06
1.086041594796609419e-05
1.332112143944920844e-05
1.579964424663962008e-05
1.829611337999402829e-05
2.081065878409944173e-05
2.334341134443727869e-05
2.589450289419598534e-05
2.846406622113308678e-05
3.105223507448707078e-05
3.365914417193933115e-05
3.628492920662595728e-05
3.892972685420129097e-05
4.159367477995170215e-05
4.427691164596144694e-05
4.697957711833016767e-05
4.970181187444254971e-05
5.244375761029106364e-05
5.520555704785114887e-05
5.798735394251037698e-05
6.078929309055071390e-05
6.361152033668575107e-05
6.645418258165197061e-05
6.931742778985497270e-05
7.220140499707164102e-05
7.510626431820704692e-05
7.803215695510868743e-05
8.097923520443653270e-05
8.394765246559012949e-05
8.693756324869350626e-05
8.994912318263744604e-05
9.298248902318029274e-05
9.603781866110723650e-05
9.911527113044868822e-05
1.022150066167584070e-04
1.053371864654511505e-04
1.084819731902012435e-04
1.116495304814010223e-04
1.148400232146818095e-04
1.180536174594956861e-04
1.212904804877593747e-04
1.245507807825612908e-04
1.278346880469311800e-04
1.311423732126734925e-04
1.344740084492643869e-04
1.378297671728135687e-04
1.412098240550908163e-04
1.446143550326179370e-04
1.480435373158263184e-04
1.514975493982811039e-04
1.549765710659718016e-04
1.584807834066709830e-04
1.620103688193594684e-04
1.655655110237207401e-04
1.691463950697037408e-04
1.727532073471551698e-04
1.763861355955209241e-04
1.800453689136186628e-04
1.837310977694803574e-04
1.874435140102662361e-04
1.911828108722512620e-04
1.949491829908830054e-04
1.987428264109122118e-04
2.025639385965980995e-04
2.064127184419862159e-04
2.102893662812609153e-04
2.141940838991733510e-04
2.181270745415444124e-04
2.220885429258443160e-04
2.260786952518479003e-04
2.300977392123680642e-04
2.341458840040661852e-04
2.382233403383411674e-04
2.423303204522971770e-04
2.464670381197912831e-04
2.506337086625599463e-04
2.548305489614273119e-04
2.590577774675943560e-04
2.633156142140086696e-04
2.676042808268186217e-04
2.719240005369084022e-04
2.762749981915177963e-04
2.806575002659459847e-04
2.850717348753397480e-04
2.895179317865667818e-04
2.939963224301760732e-04
2.985071399124436574e-04
3.030506190275065754e-04
3.076269962695832414e-04
3.122365098452847213e-04
3.168793996860126390e-04
3.215559074604481008e-04
3.262662765871312057e-04
3.310107522471314109e-04
3.357895813968084838e-04
