-3.191738932021580093e-03
9.873082403111309129e-05
3.413025998717608700e-03
6.751319105573964051e-03
1.011378390726117189e-02
1.350059542460925466e-02
1.691192994572793262e-02
2.034796503518220001e-02
2.380887954323499672e-02
2.729485361515657932e-02
3.080606870060133978e-02
3.434270756305242422e-02
3.790495428933496336e-02
4.149299429919786619e-02
4.510701435496534267e-02
4.874720257125797485e-02
5.241374842478443985e-02
5.610684276420403738e-02
5.982667782006051427e-02
6.357344721478805361e-02
6.734734597278946300e-02
7.114857053058754044e-02
7.497731874704988142e-02
7.883378991368755750e-02
8.271818476502870721e-02
8.663070548906692814e-02
9.057155573778530311e-02
9.454094063775714263e-02
9.853906680082263891e-02
1.025661423348435686e-01
1.066223768545356831e-01
1.107079814923790234e-01
1.148231689096081420e-01
1.189681533072810826e-01
1.231431504374288638e-01
1.273483776142858570e-01
1.315840537256010578e-01
1.358503992440316666e-01
1.401476362386188668e-01
1.444759883863467875e-01
1.488356809837854122e-01
1.532269409588173925e-01
1.576499968824497944e-01
1.621050789807119696e-01
1.665924191466387205e-01
1.711122509523408386e-01
1.756648096611628795e-01
1.802503322399287289e-01
1.848690573712762353e-01
1.895212254660809947e-01
1.942070786759698686e-01
1.989268609059255399e-01
2.036808178269817748e-01
2.084691968890113323e-01
2.132922473336057445e-01
2.181502202070487173e-01
2.230433683733837325e-01
2.279719465275756307e-01
2.329362112087677295e-01
2.379364208136354464e-01
2.429728356098360686e-01
2.480457177495556387e-01
2.531553312831549274e-01
2.583019421729130793e-01
2.634858183068717885e-01
2.687072295127788113e-01
2.739664475721332870e-01
2.792637462343317001e-01
2.845994012309175369e-01
2.899736902899335278e-01
2.953868931503768058e-01
3.008392915767609255e-01
3.063311693737814090e-01
3.118628124010883740e-01
3.174345085881653539e-01
3.230465479493175307e-01
3.286992225987663829e-01
3.343928267658551889e-01
3.401276568103634990e-01
3.459040112379339060e-01
3.517221907156086180e-01
3.575824980874806047e-01
3.634852383904563777e-01
3.694307188701337341e-01
3.754192489967943525e-01
3.814511404815124074e-01
3.875267072923787026e-01
3.936462656708440977e-01
3.998101341481801185e-01
4.060186335620581399e-01
4.122720870732504705e-01
4.185708201824506203e-01
4.249151607472165249e-01
4.313054389990353954e-01
4.377419875605132460e-01
4.442251414626881001e-01
4.507552381624687632e-01
4.573326175602002719e-01
4.639576220173554644e-01
4.706305963743561138e-01
