-1.906543209440246028e-06
2.036196071406805617e-05
4.279170496727379715e-05
6.538385704863171051e-05
8.813959291014352598e-05
1.110600970185669106e-04
1.341465624170694586e-04
1.574001907873278619e-04
1.808221925120765631e-04
2.044137867381106896e-04
2.281762014397442715e-04
2.521106734827271035e-04
2.762184486886255915e-04
3.005007818996703215e-04
3.249589370440706749e-04
3.495941872018064659e-04
3.744078146708892290e-04
3.994011110341136187e-04
4.245753772262797878e-04
4.499319236019130343e-04
4.754720700034688460e-04
5.011971458300297933e-04
5.271084901065071181e-04
5.532074515533335745e-04
5.794953886566703988e-04
6.059736697391163726e-04
6.326436730309316662e-04
6.595067867417752673e-04
6.865644091329646710e-04
7.138179485902573958e-04
7.412688236971564943e-04
7.689184633087541541e-04
7.967683066261014614e-04
8.248198032711235184e-04
8.530744133620730843e-04
8.815336075895323885e-04
9.101988672929621407e-04
9.390716845378111821e-04
9.681535621931777790e-04
9.974460140100365434e-04
1.026950564700031092e-03
1.056668750014839054e-03
1.086602116826105094e-03
1.116752223205965365e-03
1.147120638508141279e-03
1.177708943449626115e-03
1.208518730192969680e-03
1.239551602429144524e-03
1.270809175461027132e-03
1.302293076287471939e-03
1.334004943688000752e-03
1.365946428308103871e-03
1.398119192745156175e-03
1.430524911634961389e-03
1.463165271738914568e-03
1.496041972031804043e-03
1.529156723790243717e-03
1.562511250681746563e-03
1.596107288854446910e-03
1.629946587027462836e-03
1.664030906581929039e-03
1.698362021652670894e-03
1.732941719220552684e-03
1.767771799205495199e-03
1.802854074560160781e-03
1.838190371364320551e-03
1.873782528919907273e-03
1.909632399846746724e-03
1.945741850178997695e-03
1.982112759462275470e-03
2.018747020851486759e-03
2.055646541209369803e-03
2.092813241205750911e-03
2.130249055417518522e-03
2.167955932429316973e-03
2.205935834934975338e-03
2.244190739839668769e-03
2.282722638362820120e-03
2.321533536141738834e-03
2.360625453336027448e-03
2.400000424732725776e-03
2.439660499852225328e-03
2.479607743054956098e-03
2.519844233648828834e-03
2.560372065997473540e-03
2.601193349629251673e-03
2.642310209347060665e-03
2.683724785338931218e-03
2.725439233289429081e-03
2.767455724491855659e-03
2.809776445961276962e-03
2.852403600548352684e-03
2.895339407053999694e-03
2.938586100344881685e-03
2.982145931469743199e-03
3.026021167776573283e-03
3.070214093030623932e-03
3.114727007533290258e-03
3.159562228241837196e-03
3.204722088890000955e-03
