-2.574472206674598834e-03
1.316665633334327973e-03
5.235978170232502213e-03
9.183669409526130228e-03
1.315994483387119759e-02
1.716501141376904072e-02
2.119907761833956725e-02
2.526235342617222726e-02
2.935505033625573565e-02
3.347738137898690486e-02
3.762956112725913266e-02
4.181180570763121107e-02
4.602433281157700118e-02
5.026736170681658789e-02
5.454111324872949751e-02
5.884580989185039801e-02
6.318167570144825329e-02
6.754893636518922995e-02
7.194781920488402260e-02
7.637855318832018070e-02
8.084136894118036654e-02
8.533649875904654458e-02
8.986417661949144819e-02
9.442463819425724048e-02
9.901812086152277093e-02
1.036448637182592059e-01
1.083051075926755313e-01
1.129990950567539287e-01
1.177270704388758138e-01
1.224892798365397606e-01
1.272859711291709495e-01
1.321173939910237904e-01
1.369837999041776666e-01
1.418854421716270742e-01
1.468225759304661038e-01
1.517954581651691504e-01
1.568043477209668246e-01
1.618495053173194809e-01
1.669311935614878062e-01
1.720496769622020805e-01
1.772052219434301912e-01
1.823980968582451789e-01
1.876285720027935089e-01
1.928969196303645384e-01
1.982034139655612093e-01
2.035483312185741855e-01
2.089319495995588805e-01
2.143545493331165674e-01
2.198164126728806289e-01
2.253178239162080265e-01
2.308590694189774917e-01
2.364404376104947691e-01
2.420622190085055803e-01
2.477247062343177486e-01
2.534281940280322387e-01
2.591729792638848284e-01
2.649593609656990534e-01
2.707876403224506179e-01
2.766581207039445212e-01
2.825711076766063146e-01
2.885269090193867125e-01
2.945258347397822773e-01
3.005681970899717337e-01
3.066543105830688010e-01
3.127844920094933201e-01
3.189590604534605633e-01
3.251783373095900043e-01
3.314426462996339917e-01
3.377523134893285484e-01
3.441076673053652391e-01
3.505090385524858299e-01
3.569567604307016806e-01
3.634511685526369829e-01
3.699926009609981747e-01
3.765813981461686999e-01
3.832179030639331074e-01
3.899024611533276063e-01
3.966354203546206270e-01
4.034171311274241667e-01
4.102479464689349209e-01
4.171282219323089180e-01
4.240583156451681601e-01
4.310385883282419339e-01
4.380694033141421806e-01
4.451511265662763672e-01
4.522841266978958608e-01
4.594687749912824137e-01
4.667054454170747602e-01
4.739945146537337117e-01
4.813363621071485299e-01
4.887313699303863501e-01
4.961799230435831598e-01
5.036824091539793269e-01
5.112392187761007900e-01
5.188507452520851881e-01
5.265173847721569267e-01
5.342395363952479048e-01
5.420176020697702324e-01
5.498519866545383827e-01
5.577430979398410038e-01
