-2.276709209593831031e-03
2.045423494930809650e-03
6.398851615827752179e-03
1.078380175490513751e-02
1.520050215473470537e-02
1.964918271053208917e-02
2.413007498212323479e-02
2.864341220599733034e-02
3.318942930744709502e-02
3.776836291279700442e-02
4.238045136171999377e-02
4.702593471964329475e-02
5.170505479024423839e-02
5.641805512803645117e-02
6.116518105104717939e-02
6.594667965358644302e-02
7.076279981910854611e-02
7.561379223316692932e-02
8.049990939646266275e-02
8.542140563798730768e-02
9.037853712826122987e-02
9.537156189266762785e-02
1.004007398248829702e-01
1.054663327004049661e-01
1.105686041901781935e-01
1.157078198743186626e-01
1.208842472559375214e-01
1.260981557750650017e-01
1.313498168226750751e-01
1.366395037548118196e-01
1.419674919068178442e-01
1.473340586076659908e-01
1.527394831943946207e-01
1.581840470266475396e-01
1.636680335013189214e-01
1.691917280673049251e-01
1.747554182403611711e-01
1.803593936180688528e-01
1.860039458949082625e-01
1.916893688774420623e-01
1.974159584996083572e-01
2.031840128381244281e-01
2.089938321280018219e-01
2.148457187781744049e-01
2.207399773872386617e-01
2.266769147593087896e-01
2.326568399199863968e-01
2.386800641324451633e-01
2.447469009136331031e-01
2.508576660505912326e-01
2.570126776168905058e-01
2.632122559891886815e-01
2.694567238639055118e-01
2.757464062740202504e-01
2.820816306059893974e-01
2.884627266167880677e-01
2.948900264510743163e-01
3.013638646584774206e-01
3.078845782110116724e-01
3.144525065206165704e-01
3.210679914568232984e-01
3.277313773645495476e-01
3.344430110820233448e-01
3.412032419588362231e-01
3.480124218741276199e-01
3.548709052549002818e-01
3.617790490944690074e-01
3.687372129710421165e-01
3.757457590664388669e-01
3.828050521849407639e-01
3.899154597722803706e-01
3.970773519347671199e-01
4.042911014585524043e-01
4.115570838290330546e-01
4.188756772503959835e-01
4.262472626653044383e-01
4.336722237747264730e-01
4.411509470579068060e-01
4.486838217924841166e-01
4.562712400747531705e-01
4.639135968400737164e-01
4.716112898834280975e-01
4.793647198801263554e-01
4.871742904066620472e-01
4.950404079617192754e-01
5.029634819873314289e-01
5.109439248901923580e-01
5.189821520631243690e-01
5.270785819066983180e-01
5.352336358510125791e-01
5.434477383776293857e-01
5.517213170416693790e-01
5.600548024940663616e-01
5.684486285039828113e-01
5.769032319813893750e-01
5.854190529998055670e-01
5.939965348192066674e-01
6.026361239090951560e-01
6.113382699717420099e-01
6.201034259655917591e-01
