-2.965986896379407195e-06
1.748705544084010927e-06
6.497535821832483748e-06
1.128075111989000874e-05
1.609860041106722924e-05
2.095133447092095388e-05
2.583920589080715787e-05
3.076246909102898846e-05
3.572138033407923900e-05
4.071619773797965084e-05
4.574718128971610949e-05
5.081459285877119533e-05
5.591869621075494951e-05
6.105975702113422771e-05
6.623804288906148200e-05
7.145382335130386531e-05
7.670736989627219087e-05
8.199895597815350080e-05
8.732885703114352349e-05
9.269735048378428518e-05
9.810471577340421914e-05
1.035512343606631445e-04
1.090371897442031306e-04
1.145628674754044349e-04
1.201285551732493313e-04
1.257345425392926929e-04
1.313811213727415772e-04
1.370685855856437329e-04
1.427972312181859365e-04
1.485673564541037037e-04
1.543792616362014807e-04
1.602332492819867041e-04
1.661296240994155336e-04
1.720686930027536454e-04
1.780507651285516261e-04
1.840761518517357797e-04
1.901451668018155948e-04
1.962581258792085769e-04
2.024153472716835834e-04
2.086171514709225544e-04
2.148638612892025891e-04
2.211558018761992364e-04
2.274933007359099149e-04
2.338766877437022606e-04
2.403062951634836876e-04
2.467824576649963104e-04
2.533055123412372538e-04
2.598757987260044049e-04
2.664936588115702099e-04
2.731594370664819967e-04
2.798734804534926731e-04
2.866361384476203908e-04
2.934477630543391269e-04
3.003087088279013210e-04
3.072193328897924601e-04
3.141799949473199414e-04
3.211910573123367019e-04
3.282528849200995057e-04
3.353658453482644911e-04
3.425303088360195447e-04
3.497466483033575668e-04
3.570152393704849368e-04
3.643364603773751004e-04
3.717106924034606070e-04
3.791383192874690777e-04
3.866197276474023941e-04
3.941553069006615510e-04
4.017454492843142979e-04
4.093905498755142985e-04
4.170910066120635121e-04
4.248472203131258224e-04
4.326595947000904481e-04
4.405285364175862747e-04
4.484544550546477578e-04
4.564377631660353251e-04
4.644788762937086509e-04
4.725782129884564353e-04
4.807361948316831758e-04
4.889532464573515761e-04
4.972297955740871515e-04
5.055662729874396645e-04
5.139631126223070815e-04
5.224207515455239498e-04
5.309396299886079591e-04
5.395201913706775898e-04
5.481628823215315251e-04
5.568681527048960052e-04
5.656364556418408841e-04
5.744682475343665558e-04
5.833639880891577402e-04
5.923241403415146437e-04
6.013491706794524966e-04
6.104395488679788999e-04
6.195957480735446443e-04
6.288182448886737476e-04
6.381075193567704341e-04
6.474640549971051161e-04
6.568883388299838217e-04
6.663808614020972753e-04
6.759421168120536422e-04
