-2.871259806048816372e-03
7.370307531688659883e-04
4.371447987147076414e-03
8.032181072207052186e-03
1.171942055444567983e-02
1.543335835965344363e-02
1.917418780330469238e-02
2.294210360061979537e-02
2.673730187670034925e-02
3.055998017673783318e-02
3.441033747629604345e-02
3.828857419166802056e-02
4.219489219030807259e-02
4.612949480133911317e-02
5.009258682613641073e-02
5.408437454898756824e-02
5.810506574782999673e-02
6.215486970506611114e-02
6.623399721845663057e-02
7.034266061209291931e-02
7.448107374744883380e-02
7.864945203451234601e-02
8.284801244299808132e-02
8.707697351364078464e-02
9.133655536957066556e-02
9.562697972777114974e-02
9.994846991061953623e-02
1.043012508575112546e-01
1.086855491365680826e-01
1.131015929564315875e-01
1.175496121781416103e-01
1.220298383271006398e-01
1.265425046051253666e-01
1.310878459025848486e-01
1.356660988106270505e-01
1.402775016334937008e-01
1.449222944009242453e-01
1.496007188806499077e-01
1.543130185909778185e-01
1.590594388134666248e-01
1.638402266056936951e-01
1.686556308141146654e-01
1.735059020870165225e-01
1.783912928875638904e-01
1.833120575069401847e-01
1.882684520775838588e-01
1.932607345865204884e-01
1.982891648887910307e-01
2.033540047209781432e-01
2.084555177148295080e-01
2.135939694109803000e-01
2.187696272727751579e-01
2.239827607001896870e-01
2.292336410438533534e-01
2.345225416191734913e-01
2.398497377205617842e-01
2.452155066357638025e-01
2.506201276602921246e-01
2.560638821119639585e-01
2.615470533455441782e-01
2.670699267674945254e-01
2.726327898508290049e-01
2.782359321500775806e-01
2.838796453163577871e-01
2.895642231125554189e-01
2.952899614286155217e-01
3.010571582969436832e-01
3.068661139079190692e-01
3.127171306255196459e-01
3.186105130030610910e-01
3.245465677990483355e-01
3.305256039931437906e-01
3.365479328022491501e-01
3.426138676967056540e-01
3.487237244166094818e-01
3.548778209882478274e-01
3.610764777406514359e-01
3.673200173222684883e-01
3.736087647177591675e-01
3.799430472649115709e-01
3.863231946716795262e-01
3.927495390333447522e-01
3.992224148498031422e-01
4.057421590429751701e-01
4.123091109743438065e-01
4.189236124626184998e-01
4.255860078015269998e-01
4.322966437777371329e-01
4.390558696889066415e-01
4.458640373618648622e-01
4.527215011709260772e-01
4.596286180563350365e-01
4.665857475428458745e-01
4.735932517584363621e-01
4.806514954531566075e-01
4.877608460181153127e-01
4.949216735046025883e-01
5.021343506433517678e-01
5.093992528639408324e-01
5.167167583143333909e-01
