2.068108150614497709e-01
2.032672187085932114e-01
2.083906789288129668e-01
1.987123099442975049e-01
2.098359474278083114e-01
1.942551739520302911e-01
2.111527181737422043e-01
1.899231844624063859e-01
2.123497677914160664e-01
1.857396718819707693e-01
2.134382771111154597e-01
1.817241135297054944e-01
2.144314990999448278e-01
1.778924053039245834e-01
2.153443858814368395e-01
1.742571863466417792e-01
2.161931914185445947e-01
1.708281924552880193e-01
2.169950654224680475e-01
1.676126185539325020e-01
2.177676520434596585e-01
1.646154750150335133e-01
2.185287042045363504e-01
1.618399267132311914e-01
2.192957213773519265e-01
1.592876072242175867e-01
2.200856154730257974e-01
1.569589034867806543e-01
2.209144065836373683e-01
1.548532085298506833e-01
2.217969477544148582e-01
1.529691415795983445e-01
2.227466759201549851e-01
1.513047360799008589e-01
2.237753846725465678e-01
1.498575969676687047e-01
2.248930136629805621e-01
1.486250290265743179e-01
2.261074491831973066e-01
1.476041383759303383e-01
2.274243307824804494e-01
1.467919092030904871e-01
2.288468596490902118e-01
1.461852577746623472e-01
2.303756058816039398e-01
1.457810656105284763e-01
2.320083136837850779e-01
1.455761935129687989e-01
2.337397059165016722e-01
1.455674779414042885e-01
2.355612923062760933e-01
1.457517110361062906e-01
2.374611888936744575e-01
1.461256054421044559e-01
2.394239599152110654e-01
1.466857449848277539e-01
2.414304970936848593e-01
1.474285222170990395e-01
2.434579550185294872e-01
1.483500639065145066e-01
2.454797645752225255e-01
1.494461456751059736e-01
2.474657487573624914e-01
1.507120972494005728e-01
2.493823660829397326e-01
1.521427001355378783e-01
2.511931055824639936e-01
1.537320800031600210e-01
2.528590532783978606e-01
1.554735966389609869e-01
2.543396427003048466e-01
1.573597350021399555e-01
2.555935910168512515e-01
1.593820016536172390e-01
2.565800079930669053e-01
1.615308315977030396e-01
2.572596479692972338e-01
1.637955113107967819e-01
2.575962568515358098e-01
1.661641243603609874e-01
2.575579487857099226e-01
1.686235264454056526e-01
2.571185332873557328e-01
1.711593568107880881e-01
2.562587057161897497e-01
1.737560926901303149e-01
2.549670143078387463e-01
1.763971526111980936e-01
2.532405267443838537e-01
1.790650529709031658e-01
2.510851383373302603e-01
1.817416202132733916e-01
2.485154906390288354e-01
1.844082582418802851e-01
2.455545006220422044e-01
1.870462674636333422e-01
2.422325324896349996e-01
1.896372082746655141e-01
2.385862725367743353e-01
1.921632981261052753e-01
2.346573886995440006e-01
1.946078278801081640e-01
2.304910681857479660e-01
1.969555803524039583e-01
2.261345281375610194e-01
1.991932320954564184e-01
2.216355864855631685e-01
2.013097189023132505e-01
2.170413651048302695e-01
2.032965463884841006e-01
2.123971778796317766e-01
2.051480293669631916e-01
2.077456352535330675e-01
2.068614474267520542e-01
2.031259768523538678e-01
2.084371088498314650e-01
1.985736267048874848e-01
2.098783203181902590e-01
1.941199525374768253e-01
2.111912652623338382e-01
1.897922019193630794e-01
2.123847986749036187e-01
1.856135834291595954e-01
2.134701703138494056e-01
1.816034598541592104e-01
2.144606911273228833e-01
1.777776218912767714e-01
2.153713592800625132e-01
1.741486140339847111e-01
2.162184623426625651e-01
1.707260885325437572e-01
2.170191711578183247e-01
1.675171678806162967e-01
2.177911388654191205e-01
1.645268007520637177e-01
2.185521158571059330e-01
1.617581003869387468e-01
2.193195883628935028e-01
1.592126579385288454e-01
2.201104452483724216e-01
1.568908261788696246e-01
2.209406746731075732e-01
1.547919712253980618e-01
2.218250897192197146e-01
1.529146916482174157e-01
2.227770800697326248e-01
1.512570055218263043e-01
2.238083853677754198e-01
1.498165067820549368e-01
2.249288850443133814e-01
1.485904927222806149e-01
2.261463991579870936e-01
1.475760646896257244e-01
2.274664951243938193e-01
1.467702040888777260e-01
2.288922960977135823e-01
1.461698257257035560e-01
2.304242881815298793e-01
1.457718103677000387e-01
2.320601255690206699e-01
1.455730182093732394e-01
2.337944351274204857e-01
1.455702847254818910e-01
2.356186248214390266e-01
1.457604002107913410e-01
2.375207036656053206e-01
1.461400741535374137e-01
2.394851245139790752e-01
1.467058854920785804e-01
2.414926647787586367e-01
1.474542197745885574e-01
2.435203638687027383e-01
1.483811942937688366e-01
2.455415393956250913e-01
1.494825724144674961e-01
2.475259065352440058e-01
1.507536685616139849e-01
2.494398257607614577e-01
1.521892456958791329e-01
2.512467028371078159e-01
1.537834075769629882e-01
2.529075608202935310e-01
1.555294886947380661e-01
2.543817963229558221e-01
1.574199454223905725e-01
2.556281212336833919e-01
1.594462526868513919e-01
2.566056766090530350e-01
1.615988112186377279e-01
2.572752883834689697e-01
1.638668711770656927e-01
2.576008163285786745e-01
1.662384785707311241e-01
2.575505304427941899e-01
1.687004513133799621e-01
2.570984351974546778e-01
1.712383918651181614e-01
2.562254544075297513e-01
