5.817065024825536224e-01
5.814371744114004148e-01
5.817233353108171023e-01
5.814204835245779801e-01
5.817397089164838553e-01
5.814042707390536524e-01
5.817555730268946235e-01
5.813885866290721127e-01
5.817708789735493990e-01
5.813734801576475597e-01
5.817855798375173304e-01
5.813589985197520349e-01
5.817996305891344200e-01
5.813451869906847147e-01
5.818129882216600546e-01
5.813320887802462256e-01
5.818256118785103403e-01
5.813197448932051481e-01
5.818374629737935733e-01
5.813081939965457634e-01
5.818485053058026768e-01
5.812974722940185135e-01
5.818587051632175822e-01
5.812876134084181690e-01
5.818680314237492102e-01
5.812786482720385672e-01
5.818764556449926850e-01
5.812706050257047119e-01
5.818839521472598530e-01
5.812635089267819133e-01
5.818904980882547706e-01
5.812573822664640621e-01
5.818960735293350339e-01
5.812522442966977509e-01
5.819006614932896726e-01
5.812481111669705047e-01
5.819042480134483109e-01
5.812449958712757603e-01
5.819068221740500979e-01
5.812429082053589546e-01
5.819083761417563894e-01
5.812418547345025166e-01
5.819089051882446739e-01
5.812418387718976120e-01
5.819084077038507719e-01
5.812428603677499694e-01
5.819068852022073468e-01
5.812449163091087945e-01
5.819043423158811734e-01
5.812480001304414223e-01
5.819007867830114922e-01
5.812521021349195127e-01
5.818962294249884204e-01
5.812572094263390721e-01
5.818906841152057252e-01
5.812633059515056599e-01
5.818841677389774425e-01
5.812703725530004029e-01
5.818767001446852882e-01
5.812783870320632484e-01
5.818683040862767664e-01
5.812873242213668634e-01
5.818590051572407607e-01
5.812971560674320415e-01
5.818488317162108237e-01
5.813078517223603248e-01
5.818378148043771292e-01
5.813193776445102490e-01
5.818259880548629637e-01
5.813316977077948033e-01
5.818133875943343192e-01
5.813447733191485778e-01
5.818000519370108981e-01
5.813585635437632515e-01
5.817860218714032694e-01
5.813730252375999275e-01
5.817713403399926708e-01
5.813881131867424390e-01
5.817560523121860783e-01
5.814037802530289678e-01
5.817402046508685087e-01
5.814199775255002312e-01
5.817238459728657496e-01
5.814366544770845913e-01
5.817070265037282972e-01
5.814537591259862914e-01
5.816897979271670183e-01
5.814712382012159342e-01
5.816722132295946146e-01
5.814890373116845534e-01
5.816543265401639129e-01
5.815071011182942895e-01
5.816361929667748232e-01
5.815253735084424669e-01
5.816178684284946110e-01
5.815437977723543206e-01
5.815994094848819795e-01
5.815623167806737159e-01
5.815808731627218897e-01
5.815808731627242212e-01
5.815623167806727167e-01
5.815994094848826457e-01
5.815437977723540985e-01
5.816178684284939449e-01
5.815253735084412456e-01
5.816361929667738240e-01
5.815071011182946226e-01
5.816543265401639129e-01
5.814890373116841094e-01
5.816722132295941705e-01
5.814712382012152680e-01
5.816897979271675734e-01
5.814537591259862914e-01
5.817070265037291854e-01
5.814366544770843692e-01
5.817238459728653055e-01
5.814199775254982328e-01
5.817402046508679536e-01
5.814037802530280796e-01
5.817560523121854121e-01
5.813881131867411067e-01
5.817713403399918937e-01
5.813730252376007046e-01
5.817860218714038245e-01
5.813585635437634735e-01
5.818000519370104540e-01
5.813447733191495770e-01
5.818133875943335420e-01
5.813316977077940262e-01
5.818259880548648511e-01
5.813193776445092498e-01
5.818378148043765741e-01
5.813078517223594366e-01
5.818488317162108237e-01
5.812971560674314864e-01
5.818590051572393174e-01
5.812873242213656422e-01
5.818683040862775435e-01
5.812783870320642476e-01
5.818767001446857323e-01
5.812703725530012910e-01
5.818841677389766653e-01
5.812633059515045497e-01
5.818906841152055032e-01
5.812572094263371847e-01
5.818962294249869771e-01
5.812521021349187356e-01
5.819007867830128244e-01
5.812480001304389798e-01
5.819043423158819506e-01
5.812449163091081283e-01
5.819068852022071248e-01
5.812428603677503025e-01
5.819084077038497727e-01
5.812418387718967239e-01
5.819089051882443409e-01
5.812418547345011843e-01
5.819083761417557232e-01
5.812429082053596208e-01
5.819068221740505420e-01
5.812449958712755382e-01
5.819042480134477557e-01
5.812481111669705047e-01
5.819006614932882293e-01
5.812522442966945313e-01
5.818960735293342568e-01
5.812573822664640621e-01
5.818904980882547706e-01
5.812635089267806920e-01
5.818839521472602971e-01
5.812706050257042678e-01
5.818764556449920189e-01
5.812786482720373460e-01
5.818680314237509865e-01
5.812876134084188351e-01
5.818587051632175822e-01
5.812974722940191796e-01
5.818485053058026768e-01
5.813081939965450973e-01
5.818374629737933512e-01
5.813197448932041489e-01
5.818256118785103403e-01
5.813320887802462256e-01
5.818129882216606097e-01
5.813451869906846037e-01
5.817996305891361963e-01
5.813589985197520349e-01
5.817855798375178855e-01
5.813734801576480038e-01
5.817708789735503982e-01
5.813885866290700033e-01
5.817555730268944014e-01
5.814042707390538745e-01
5.817397089164846324e-01
5.814204835245775360e-01
5.817233353108176575e-01
5.814371744114015250e-01
5.817065024825553987e-01
