5.556666658946745052e-01
5.491667311596042378e-01
5.560513841602039431e-01
5.487433342049085061e-01
5.564230927597946241e-01
5.483298497912487690e-01
5.567808574553447798e-01
5.479277837023701636e-01
5.571238051537705793e-01
5.475386172751147695e-01
5.574511236866410702e-01
5.471637999067708868e-01
5.577620611735727429e-01
5.468047416080621392e-01
5.580559250125656234e-01
5.464628056596749772e-01
5.583320805449845103e-01
5.461393014287234671e-01
5.585899494465277337e-01
5.458354773998081999e-01
5.588290078983726428e-01
5.455525144728787801e-01
5.590487845945190104e-01
5.452915195774892254e-01
5.592488586423365327e-01
5.450535196500031487e-01
5.594288574132257885e-01
5.448394560169039780e-01
5.595884543993122628e-01
5.446501792239551998e-01
5.597273671301650211e-01
5.444864443472140492e-01
5.598453552005381306e-01
5.443489068180631385e-01
5.599422184565413518e-01
5.442381187905275253e-01
5.600177953829748034e-01
5.441545260752074231e-01
5.600719617293304919e-01
5.440984656600678093e-01
5.601046294061143849e-01
5.440701638343738988e-01
5.601157456766311382e-01
5.440697349279284278e-01
5.601052926625710304e-01
5.440971806738201799e-01
5.600732871745650598e-01
5.441523901987790346e-01
5.600197808715539072e-01
5.442351406411478631e-01
5.599448607453006987e-01
5.443450983925646192e-01
5.598486499192193433e-01
5.444818209552839683e-01
5.597313087433025691e-01
5.446447594030354722e-01
5.595930361602333702e-01
5.448332614293556198e-01
5.594340713112573304e-01
5.450465749631575596e-01
5.592546953444282876e-01
5.452838523274379234e-01
5.590552333826771525e-01
5.455441549129087520e-01
5.588360566044319189e-01
5.458264583345485699e-01
5.585975843858548284e-01
5.461296580351260310e-01
5.583402864508431040e-01
5.464525752961639782e-01
5.580646849728398973e-01
5.467939636131825543e-01
5.577713565716357902e-01
5.471525153888234794e-01
5.574609341481061575e-01
5.475268688943694118e-01
5.571341085008183480e-01
5.479156154474673635e-01
5.567916296702611900e-01
5.483173067515227928e-01
5.564343079592419805e-01
5.487304623403832515e-01
5.560630145816463088e-01
5.491535770704558672e-01
5.556786818961803043e-01
5.495851286016872894e-01
5.552823031869823511e-01
5.500235848085378576e-01
5.548749319587067408e-01
5.504674110625359384e-01
5.544576807201549995e-01
5.509150773291613401e-01
5.540317192371910782e-01
5.513650650235949469e-01
5.535982722428510749e-01
5.518158735724650876e-01
5.531586165997199878e-01
5.522660266320020828e-01
5.527140779170129914e-01
5.527140779170136575e-01
5.522660266320016387e-01
5.531586165997195437e-01
5.518158735724645325e-01
5.535982722428519631e-01
5.513650650235949469e-01
5.540317192371917443e-01
5.509150773291613401e-01
5.544576807201549995e-01
5.504674110625346062e-01
5.548749319587071849e-01
5.500235848085363033e-01
5.552823031869823511e-01
5.495851286016866233e-01
5.556786818961814145e-01
5.491535770704558672e-01
5.560630145816457537e-01
5.487304623403846948e-01
5.564343079592424246e-01
5.483173067515233479e-01
5.567916296702615231e-01
5.479156154474658091e-01
5.571341085008186811e-01
5.475268688943675244e-01
5.574609341481070457e-01
5.471525153888225912e-01
5.577713565716373445e-01
5.467939636131817771e-01
5.580646849728407854e-01
5.464525752961642002e-01
5.583402864508436592e-01
5.461296580351256980e-01
5.585975843858563827e-01
5.458264583345467935e-01
5.588360566044302535e-01
5.455441549129091960e-01
5.590552333826768194e-01
5.452838523274377014e-01
5.592546953444282876e-01
5.450465749631585588e-01
5.594340713112568864e-01
5.448332614293555087e-01
5.595930361602345915e-01
5.446447594030355832e-01
5.597313087433007928e-01
5.444818209552826360e-01
5.598486499192187882e-01
5.443450983925641751e-01
5.599448607452998106e-01
5.442351406411469750e-01
5.600197808715525749e-01
5.441523901987810330e-01
5.600732871745665031e-01
5.440971806738205130e-01
5.601052926625684769e-01
5.440697349279257633e-01
5.601157456766308051e-01
5.440701638343730107e-01
5.601046294061141628e-01
5.440984656600673652e-01
5.600719617293299368e-01
5.441545260752052027e-01
5.600177953829743593e-01
5.442381187905266371e-01
5.599422184565419069e-01
5.443489068180622503e-01
5.598453552005363543e-01
5.444864443472146043e-01
5.597273671301632447e-01
5.446501792239546447e-01
5.595884543993113747e-01
5.448394560169035339e-01
5.594288574132237901e-01
5.450535196500047030e-01
5.592488586423365327e-01
5.452915195774898915e-01
5.590487845945192324e-01
5.455525144728778919e-01
5.588290078983726428e-01
5.458354773998096432e-01
5.585899494465274007e-01
5.461393014287236891e-01
5.583320805449848434e-01
5.464628056596737560e-01
5.580559250125656234e-01
5.468047416080625833e-01
5.577620611735736311e-01
5.471637999067702207e-01
5.574511236866419583e-01
5.475386172751159908e-01
5.571238051537706903e-01
5.479277837023704967e-01
5.567808574553447798e-01
5.483298497912507674e-01
5.564230927597940690e-01
5.487433342049088392e-01
5.560513841602040541e-01
5.491667311596040157e-01
5.556666658946759485e-01
