7.776325492372213599e-01
7.733284400065516540e-01
7.827111855542009389e-01
7.756957734561646944e-01
7.791069127633394320e-01
7.723382252992783137e-01
7.828443666622286745e-01
7.740193150145534551e-01
7.758250815273981527e-01
7.665658664334598082e-01
7.805739042650839954e-01
7.758338071188930485e-01
7.815967291535221850e-01
7.716485470114957668e-01
7.825695399735648206e-01
7.744543144380968691e-01
7.766567927474382627e-01
7.615735379543866479e-01
7.747850143697834202e-01
7.755937080790797911e-01
7.827957550925439545e-01
7.760188190080603565e-01
7.825469613377116218e-01
7.771145677572051103e-01
7.785741478675747285e-01
7.648115344494990087e-01
7.679145219131624511e-01
7.749235437188947140e-01
7.808858897609676220e-01
7.806113041869169322e-01
7.819160115432840508e-01
7.804938472582548803e-01
7.792154818904213354e-01
7.713604587076603458e-01
7.639844112214375649e-01
7.720360886646239207e-01
7.780348848928648753e-01
7.817649681802150141e-01
7.803624981698629171e-01
7.820291289683567459e-01
7.795964957720471489e-01
7.768704946767426289e-01
7.661711454998823001e-01
7.685896694253731010e-01
7.752976007202359021e-01
7.814989385154644808e-01
7.798110965098088432e-01
7.822470744863958547e-01
7.798605430113405568e-01
7.800935452975179540e-01
7.711067742503580069e-01
7.681270286973392869e-01
7.713354955018623116e-01
7.811818995166350810e-01
7.783193275177964221e-01
7.822048469283890970e-01
7.780108776396796877e-01
7.822479625209536325e-01
7.742390538619015050e-01
7.718049200200369775e-01
7.663201793709912835e-01
7.807215756701362253e-01
7.754487464238231098e-01
7.812174429468224934e-01
7.719520928759389111e-01
7.826437677290171147e-01
7.747801918774877006e-01
7.774539874030410580e-01
7.638409198061837380e-01
7.794544198604729246e-01
7.736448313713975011e-01
7.811215425595638973e-01
7.667203185638495899e-01
7.794348602982439367e-01
7.748476678383811045e-01
7.820009078004643843e-01
7.692192456796920208e-01
7.793322452034524561e-01
7.745687214566761014e-01
7.819375382236601890e-01
7.684413648671670760e-01
7.750414160566543309e-01
7.744682010982149034e-01
7.827742133928771162e-01
7.759031262422059205e-01
7.810094984617710345e-01
7.765420741375497204e-01
7.822354417068547727e-01
7.719737940048106983e-01
7.717261814361666694e-01
7.713377250741741964e-01
7.813770870717724470e-01
7.782337007784205785e-01
7.820927004877887834e-01
7.773524746907125582e-01
7.824460310563252641e-01
7.744791636397547752e-01
7.710534630096500530e-01
7.654718604388728309e-01
7.782414627239926386e-01
7.780738588748836726e-01
7.825996651747432198e-01
7.776885440712230091e-01
7.826011946457858137e-01
7.765239713917776454e-01
7.734184582141112596e-01
7.620498643183564180e-01
7.721681912966611439e-01
7.777064223436941370e-01
7.817156727622402990e-01
7.804019663503050097e-01
7.819570895966529989e-01
7.795630914399684919e-01
7.760168014403945325e-01
7.659033138604942614e-01
7.650533506526939753e-01
7.770000206463205661e-01
7.785368562847646556e-01
7.824940332664911402e-01
7.787859109616505071e-01
7.823360871583163734e-01
7.767263688349694828e-01
7.731087778816545519e-01
7.614030612262494557e-01
7.746537535737434421e-01
7.755537943811163792e-01
7.828260381960167047e-01
7.753297384102912915e-01
7.824662274925533456e-01
7.770560612877173146e-01
7.792506897249964481e-01
7.655952613375067717e-01
7.729926291057986898e-01
7.741314084889753255e-01
7.828122346426034106e-01
7.753439804200153995e-01
7.812284467146041189e-01
7.771014206547204317e-01
7.820882168676481783e-01
7.719516791093572472e-01
7.742930389824154158e-01
7.727252097963259736e-01
7.827008431762165763e-01
7.752967780755810612e-01
7.794911862652527113e-01
7.744643536415706242e-01
7.828574062578407267e-01
7.749820028650344916e-01
7.772527366872352683e-01
7.702995506650194280e-01
7.825259479834001386e-01
7.741792670037912494e-01
7.776378771091425612e-01
7.676040143466382748e-01
7.813041268300646713e-01
7.752244845563213138e-01
7.806807395021921891e-01
7.691513478686979877e-01
7.819998486443211494e-01
7.739557269379305771e-01
7.780891106540656077e-01
7.624042112499197499e-01
7.759882939612299246e-01
7.750671251060398115e-01
7.828353523951852022e-01
7.740825825158337281e-01
7.821000576732104470e-01
7.762765984492729920e-01
7.796809750220323743e-01
7.653772854878115872e-01
7.696375495893539309e-01
7.744302356554123579e-01
7.816090929726430270e-01
7.794437832424426782e-01
7.823299602622658666e-01
7.795119877618290616e-01
7.802333496387388045e-01
7.712682570513305080e-01
7.658423913030414365e-01
7.713655837924451308e-01
7.790406516473661336e-01
7.809117217077847783e-01
7.815760795530383165e-01
7.811428765167831578e-01
7.805977711724071400e-01
7.760838861923045062e-01
7.672274327430435026e-01
7.671811143989641923e-01
7.759749773332181855e-01
7.806173399175015959e-01
7.810902417818796906e-01
7.816203939712218496e-01
7.808761371565520193e-01
7.791335195217726772e-01
7.714470906849700826e-01
7.659283005342607531e-01
7.711386885883395603e-01
7.802585133021499031e-01
