7.043344675395504600e-05
1.294698295703139760e-04
3.694686345985742203e-03
8.551621023345899080e-05
1.041231295496824634e-05
7.720690617504882239e-06
3.741683332412937442e-03
7.748761363872715791e-06
7.021980712944012481e-07
1.918835321991918108e-07
3.981424684982268506e-04
4.955433408549163308e-07
4.826394943939037552e-08
5.701226760776625204e-09
4.842475591720749529e-07
9.144748163429083802e-08
2.832708884364496542e-08
1.301196354499580969e-09
1.362137944316543610e-08
1.878499282828905895e-07
2.192284326221656532e-03
1.374533129665469670e-07
2.411594300225727496e-06
1.840481983148051586e-06
2.046997355435993150e-06
3.259178499792551629e-08
2.039425912090453695e-08
9.310472810301521169e-06
1.321598276946850137e-07
2.047211962252240889e-08
2.416684994953857790e-09
6.273199103395619820e-07
1.762665565824178595e-08
2.799045629979092948e-09
1.787802630890062676e-10
2.606866290548833851e-09
1.857903328251721631e-08
1.108961414856086769e-06
3.074335280123747894e-09
2.591544499929286350e-08
1.539976627247635214e-07
8.118717517983443151e-06
2.102899689770556633e-08
2.991981683510819258e-08
2.175407295373011979e-06
1.294874171430150108e-06
1.132323874389134918e-06
7.569611590911732422e-08
5.873592503964799975e-04
1.368506569130502801e-07
1.088046570350099731e-08
9.818042864437176370e-10
1.912339903994566025e-08
8.024389599771149600e-08
7.795177774783422867e-07
6.605162049528242147e-09
5.922007572688003095e-08
4.540418190417664423e-07
5.824741806645279414e-05
9.370463929129965160e-08
2.204741221439791222e-07
7.326177216058688147e-06
4.784123855723616494e-05
1.651362432856781420e-03
2.297379358231414924e-05
8.747075059192257421e-04
4.798508425727018811e-06
2.261688827631239450e-07
2.782070725775363861e-08
7.624019641699536950e-07
1.514405163321294469e-06
3.440308549842957770e-06
6.605768576509152636e-08
6.483465103444926917e-07
5.615457867877560449e-06
7.403557632094634510e-04
1.562786670409891337e-06
6.165091063632159260e-06
6.901141233133287591e-05
3.751170126515095560e-03
8.138496815043866220e-05
1.291357906417021494e-04
6.052514958042993186e-04
3.727299717046906984e-03
2.187862788885328480e-04
7.530285789635721670e-05
6.933479259297605727e-04
3.345763060119474365e-03
1.144282046193310183e-03
3.017964200724067726e-04
7.541124912771664419e-04
3.421824927780859910e-03
8.774430861619084403e-04
1.176183090378578832e-04
1.484973781482792758e-04
3.760221322911453008e-03
1.978607454959260652e-04
2.412961428259718290e-05
8.332499941878239281e-06
2.780240688131728477e-03
1.632880308801052484e-05
1.594714631406052330e-06
2.237960790262084663e-07
2.766048594640187495e-05
2.382856348903818173e-06
5.222227235255805604e-07
3.003513522172397381e-08
4.123458139240041168e-07
3.020389417474817830e-06
1.678488814065074147e-04
5.713401489509580536e-07
4.443120989476028789e-06
2.384584521103539690e-05
5.599365273651559123e-04
3.459646069047591414e-06
4.417072353963223426e-06
2.286925079946823015e-04
1.130687470335134674e-04
7.100422990477898435e-05
6.584555052841712342e-06
2.267999962052194562e-03
1.577810023693980527e-05
1.533370781861205714e-06
1.320197614160366898e-07
2.322410693317767508e-06
1.047609303025825852e-05
1.115956870730001156e-04
1.042782119318451600e-06
8.426865666106465603e-06
5.883424575935400174e-05
1.536454638574552209e-03
1.448337456597991554e-05
2.983976015434376772e-05
5.265683701193468909e-04
1.068935751223240973e-03
1.929225196269434423e-03
2.279776857079983605e-04
3.417466349417168890e-03
2.137379923473309393e-04
1.869615970399653667e-05
2.182565610208043625e-06
5.024098924451255246e-05
9.380076348133216803e-05
1.892946824002906061e-04
4.703712728512065265e-06
3.745729964807080524e-05
3.026815930725359170e-04
2.765433405027701783e-03
1.277473138472711648e-04
3.022526546471975949e-04
1.496653590615059596e-03
3.171502322090466799e-03
1.206332720639348172e-03
2.588148407870004015e-03
2.999382232141288053e-03
1.300527400807998876e-03
9.938451489453322871e-05
1.411349057503235397e-05
4.932000251152318963e-04
4.010965539923186363e-04
3.869680719926477499e-04
1.262082957894331166e-05
1.383554313829981697e-04
8.613908342415728132e-04
3.161830945909932869e-03
4.096274694276242408e-04
1.542227881903932007e-03
2.799959195732755392e-03
1.898683140571834523e-03
6.337036178907071333e-04
1.506480019853202452e-04
3.710072140508403112e-03
2.273924596472446443e-04
2.139285868383378951e-05
2.881468922783773126e-06
2.942729771349467853e-04
3.703029248273885055e-05
9.483276614422638510e-06
4.956537603376471872e-07
6.474969145091505855e-06
5.201362168607679586e-05
2.303595091902702757e-03
1.151644801059744946e-05
9.014172345946939102e-05
4.330478267272554909e-04
3.539224567973038929e-03
7.568120736622532894e-05
1.034588274176305298e-04
2.251066434390596761e-03
3.053670997303863273e-03
1.658404751573149677e-03
1.720093579865808811e-03
3.384036048400493671e-03
1.646137206988692019e-03
1.239312674950151280e-04
1.288337705072038516e-05
1.563472883510345771e-04
1.427801730126967159e-03
