1.095467582235983561e-01
1.109422436091851982e-01
1.143330245423686276e-01
1.107427884328956447e-01
1.044405073030893472e-01
1.021280481845406318e-01
1.143156005376795847e-01
1.004577792409848125e-01
7.418779922942544958e-02
5.419494736386934464e-02
1.122430003693025147e-01
7.284631491744382459e-02
3.589658886848228619e-02
9.986378297290123690e-03
7.637661193542384652e-02
4.170070218177229782e-02
2.094612845670908857e-02
2.308777597480778532e-03
1.281766833609507966e-02
5.972660180555176140e-02
1.077026425017786476e-01
9.315847631634685544e-02
1.140776408031610317e-01
8.941630926179536254e-02
4.862648227399249401e-02
7.586427654036123625e-03
4.104840942321429445e-03
9.889565210833009545e-02
9.466313399625597008e-03
1.479844635840305445e-03
2.373431771585898212e-04
1.636126386836071409e-02
2.126707000388295115e-03
5.262831309481846983e-04
3.309760882737655999e-05
5.281011150910547465e-04
1.775447126422014226e-03
9.002339561513908114e-03
1.449746092485679617e-04
6.357108851195062771e-04
1.298261692378645249e-02
4.200593341744218723e-02
1.138068115040127282e-01
3.933009962614510829e-02
6.469290412331660245e-02
5.358224842885650138e-03
3.253008126350889328e-04
7.275262165587351778e-05
1.019908952873848501e-02
5.219588837813943054e-04
9.061510669734979331e-05
6.952974467886545327e-06
1.489361148074655212e-04
4.096419812069969227e-04
1.649174099838612417e-03
2.481714702364942604e-05
1.846887539461951257e-04
1.718219648667168586e-03
8.986903281207860028e-02
8.021222296544598934e-04
2.378626568967794758e-03
1.742304747498679696e-02
1.103997714777470024e-01
2.903972554313917140e-02
4.375652635230631304e-02
6.148745893086200731e-02
1.028287361179850284e-01
2.489334989720130842e-02
9.524282302517762810e-03
4.187348662423728135e-02
8.669968998346536115e-02
1.141506335860904275e-01
9.157894334104607625e-02
1.139452608772171804e-01
9.704240668315503027e-02
6.943549648179196676e-02
1.873801757362689169e-02
2.011561913753839859e-02
1.088208471538769095e-01
3.688221061846093385e-02
1.168009141399504319e-02
3.550869223069855890e-03
1.069419311944929118e-01
5.964066025339782862e-03
6.935808269115439689e-04
9.347607291229851072e-05
3.837920068290734919e-03
1.931910840643442885e-03
1.098608416999085268e-03
4.639135184942230219e-05
5.070009089603896672e-04
3.070358680767370455e-03
4.678923855464045545e-02
6.426606211825176178e-04
2.498790281459375203e-03
2.215308812542930716e-02
1.011631282135915244e-01
5.572940871456412426e-02
1.004715385797036731e-01
7.463671696584582571e-02
6.123459971206075131e-02
7.910771070469779787e-03
2.256266317636966470e-03
3.820817191825311154e-02
2.246510698815026852e-02
1.322127291825853784e-02
1.093704464294344755e-03
1.055752537745829715e-02
2.906838549216039444e-02
7.879459282800847786e-02
7.073428587173902909e-03
2.382881916812288822e-02
6.259613120216787896e-02
1.134490419002914252e-01
5.098437424147127250e-02
6.488839768316943812e-02
9.872304686111840755e-02
1.130094242442606645e-01
1.106649913011727854e-01
1.136691293476618236e-01
1.117574800173873895e-01
1.110827181323846280e-01
9.121457906419823403e-02
6.419440726030668787e-02
9.527190941153756976e-02
1.092910660983909127e-01
1.143276187057746807e-01
1.098302792661096372e-01
1.140030374502774557e-01
1.121023680170455533e-01
1.090440193577404127e-01
8.810555533366523639e-02
8.627301106283273568e-02
1.134839322600181277e-01
9.880239120703665501e-02
7.803769550710358549e-02
4.913321825836597379e-02
1.119027007762164461e-01
6.770975859069069958e-02
2.906997328695389363e-02
6.385260275744455288e-03
4.557535082938103665e-02
5.596042936457419625e-02
6.855981488542582658e-02
1.090142517105551281e-02
3.889867943362815272e-02
7.524268220062178825e-02
1.114478157844489975e-01
5.354019627860161223e-02
7.345797039906687420e-02
1.032717573665335453e-01
1.131867005045149310e-01
1.123055013643241840e-01
1.143001807194408415e-01
1.125697778318755782e-01
1.099429386060857827e-01
8.919678426352325995e-02
6.450991059753186097e-02
1.029510007639356656e-01
1.034060596785876390e-01
1.036550328233773327e-01
6.744373823320563843e-02
9.602964036771320655e-02
1.081581527808821996e-01
1.141540784443288714e-01
1.044316652486530494e-01
1.106426871964581449e-01
1.123903354184764142e-01
1.138001236428235197e-01
1.071967807648620541e-01
1.059821983813477864e-01
1.136920461440051044e-01
1.118977835831135303e-01
1.093149962900494820e-01
9.916309197922699992e-02
1.131578574850951313e-01
1.088766376197212032e-01
1.021609433381313048e-01
7.354119190653368721e-02
1.003365499159164509e-01
1.090506210600392378e-01
1.137731109050638539e-01
1.026377498955236001e-01
1.096562947140653499e-01
1.127654735845440293e-01
1.142844857930663260e-01
1.116565585061910504e-01
1.123643864803308690e-01
1.139097514019771357e-01
1.142601255747450473e-01
1.141921043156532423e-01
1.141018070111147892e-01
1.142749248251003213e-01
1.141317822066997140e-01
1.132896359081928817e-01
1.110430369246506593e-01
1.133753027558633275e-01
1.141426520895595653e-01
