1.000000000000000072e-18
1.000000000000000072e-18
1.000000000000000072e-18
1.000000000000000072e-18
1.000000000000000072e-18
1.000000000000000072e-18
1.000000000000000072e-18
1.000000000000000072e-18
1.000000000000000072e-18
1.000000000000000072e-18
1.000000000000000072e-18
1.000000000000000072e-18
1.000000000000000072e-18
1.000000000000000072e-18
1.000000000000000072e-18
1.000000000000000072e-18
1.000000000000000072e-18
1.000000000000000072e-18
1.000000000000000072e-18
1.000000000000000072e-18
1.000000000000000072e-18
1.000000000000000072e-18
1.000000000000000072e-18
1.000000000000000072e-18
1.000000000000000072e-18
1.000000000000000072e-18
1.000000000000000072e-18
1.000000000000000072e-18
1.000000000000000072e-18
1.000000000000000072e-18
1.000000000000000072e-18
1.000000000000000072e-18
6.220708885261536786e-02
1.117664505842428241e-01
2.299904049465708589e-01
3.237575150316667622e-02
1.676101252375797768e-04
2.257815826220607169e-01
1.890803590114736310e-01
2.192200656457244148e-09
1.337675560550566686e-18
1.000000000000000072e-18
1.000000000000000072e-18
1.000000000000000072e-18
1.000000000000000072e-18
1.000000000000000072e-18
1.949709001713356351e-16
3.793170390986318197e-02
1.697909378133153901e-01
2.684198198923304912e-01
2.450167123033030747e-01
2.361982347201241339e-01
2.699275570088154330e-01
3.397166158598062590e-14
1.000000000000000072e-18
1.000000000000000072e-18
1.000000000000000072e-18
1.000000000000000072e-18
1.000000000000000072e-18
1.000000000000000072e-18
1.043780678131144527e-10
7.169099214211691051e-02
1.266059108247202247e-01
2.840563723938611623e-05
3.808015394711591894e-02
9.331045461735881785e-02
4.880129960563630437e-02
5.231026899316873480e-02
1.000000000000000072e-18
1.000000000000000072e-18
1.000000000000000072e-18
1.000000000000000072e-18
1.000000000000000072e-18
1.000000000000000072e-18
1.000000000000000072e-18
1.000000000000000072e-18
1.000000000000000072e-18
1.000000000000000072e-18
1.000000000000000072e-18
1.000000000000000072e-18
1.000000000000000072e-18
1.000000000000000072e-18
1.000000000000000072e-18
1.000000000000000072e-18
1.000000000000000072e-18
1.000000000000000072e-18
1.000000000000000072e-18
1.000000000000000072e-18
1.000000000000000072e-18
1.000000000000000072e-18
1.000000000000000072e-18
1.000000000000000072e-18
1.000000000000000072e-18
1.000000000000000072e-18
1.000000000000000072e-18
1.000000000000000072e-18
1.000000000000000072e-18
1.000000000000000072e-18
1.000000000000000072e-18
1.000000000000000072e-18
1.837928974732843009e-03
2.375751814724468836e-01
1.697706899765890791e-06
1.165564054897222008e-09
7.565061677618141353e-07
2.214730068015693595e-02
3.200446371501402404e-02
9.397834244413047185e-04
6.908299442072792353e-11
5.715922880286045463e-04
1.630818852889160189e-02
2.670959023930483943e-06
1.157532315421120655e-09
2.283558987498021317e-02
3.214297120474444991e-02
1.050539997345839479e-04
2.889167783023322557e-06
1.321680485073139839e-06
9.097870716182499679e-03
1.572132396589515601e-06
5.871080622396934214e-03
5.470228487889697983e-03
8.231765388200715633e-10
2.399050707771100175e-09
8.006553429562696661e-08
4.875464896865672313e-08
4.494644600300028853e-02
8.469785044414417051e-10
8.343000773391635178e-03
4.729498604477522933e-02
9.149441878825116323e-03
4.854324527969518336e-07
1.456915578282086954e-01
7.392204552340759377e-03
2.535096122690150240e-08
7.633301578231442217e-03
4.570753812148784651e-02
1.991157543713792041e-02
1.021129056959936142e-07
2.580496048054267688e-02
4.901693110762019717e-03
2.500551110993407683e-02
9.749025530266592493e-03
4.838565589773116682e-02
4.984044860753711337e-03
4.102545725995073063e-03
3.366855110362392363e-06
7.479233086935342667e-03
1.000227518826514624e-02
8.709434776786718554e-03
2.179138470825252027e-01
8.305287147008800705e-03
3.021921727435256666e-01
2.019682182402687647e-03
9.086328378041136659e-04
1.069364511319267734e-02
1.984379991081266364e-02
3.786999289349378683e-01
8.940317788349748038e-03
4.132090666222789643e-01
1.573284361041625556e-02
2.591713061230884185e-01
7.914874671275133611e-02
6.878132412584639366e-02
4.987752202584815921e-03
1.218679635196584857e-02
8.651817661659589112e-03
7.988829511947353676e-03
8.542203752543413298e-02
2.509807488781894483e-02
2.651875693321562033e-02
7.441968835805121488e-03
2.906895060142574705e-01
1.399002346156399436e-02
8.695551204421078650e-02
1.222325417799709213e-02
1.215378077978404581e-02
1.579934950600734786e-02
1.245888464737623588e-02
3.111014148718132394e-02
1.778498901863826906e-02
3.858099750394905492e-02
1.447618515097893153e-02
1.065473439000057809e-01
1.255131917088695044e-02
3.721255354007022009e-02
8.044173831756371018e-02
8.633399246910212696e-03
4.004813859099370238e-02
1.533729686551779658e-02
2.690236688032082366e-02
1.880914938058445701e-02
4.021323227152983487e-02
1.208454800415008010e-02
3.193412044419403212e-02
1.815023128493336788e-02
1.642318619458321347e-02
5.552596911840360083e-02
6.374606232246471382e-02
2.537516934681915970e-02
2.468749047236004635e-01
8.155953468670198991e-02
1.689528169216717585e-02
4.232204409163892178e-02
2.611655728193827339e-02
1.707744067370157298e-02
6.004302728113772303e-02
7.026394898504337294e-02
4.435215806340990496e-02
3.551900464871096674e-02
2.072209910827733925e-02
6.462801399271134173e-02
2.298616536539295485e-02
2.350426644601522064e-01
5.698690528351636475e-01
3.405287041031095779e-02
6.072016684843175444e-02
6.547313163562089311e-02
5.323322227616846813e-01
3.354113878331330678e-01
9.290175774487562099e-02
5.571653964171544571e-01
6.309617134837533503e-02
2.580577615497670063e-02
2.657535899031917420e-02
3.056562401383296906e-02
2.679307598901974063e-02
2.006686748319646066e-02
3.594134467671235289e-02
3.825226943376334315e-02
4.974297704379985335e-02
2.288225380639641315e-01
3.991277841411283028e-02
5.227555378989164059e-02
2.444303591330655723e-02
1.050557916488986110e-01
3.769420466556099025e-02
1.598769170868390987e-01
2.651145608817866844e-02
1.716432811786600954e-01
2.116205034212043437e-02
4.941838592599284707e-02
4.199244716618669160e-02
3.267793761007874859e-02
3.341793986349735901e-01
4.081147633175889744e-02
4.261563142551776789e-02
6.761081399101559475e-02
2.817919548617331960e-01
5.391442251264958602e-02
2.099757014773705466e-01
1.244595613051143745e-01
4.170258758321384457e-02
4.261465003573089438e-02
8.828507696829204776e-02
7.472371221664611540e-02
3.445333331199670196e-02
2.297398909414163221e-02
2.383569517357048834e-02
3.473956828015776349e-02
2.236092408256880326e-01
7.012986128405965247e-02
4.596203816550331611e-01
7.642298640261899201e-02
4.166380946687663761e-02
4.128502090187503859e-02
5.274110192916973278e-02
6.507283857920659331e-02
3.479990221294284453e-02
5.144528973964025004e-02
1.507706076251732474e-01
1.113827528785334142e-01
4.273153899487727031e-02
2.330329803554659351e-01
1.499142466853648770e-01
8.486080199820966730e-02
4.180262455620165074e-01
4.161558974802516409e-02
5.688614814501019579e-02
5.881034932181763986e-02
7.324921532728670415e-02
4.644765855476746391e-02
9.457516162127022064e-02
7.599364090569536712e-02
5.177038001996421557e-02
4.028330420049087701e-01
4.111356922714139855e-02
4.784801103949239826e-02
4.937504973740167169e-02
5.601683282164980626e-02
4.620054927901361824e-02
4.776574142604401996e-02
1.551696597445274273e-01
3.692192384797863824e-01
5.737692462703535001e-02
4.648806493703699222e-02
6.803140412590953645e-02
5.265654221816021274e-02
5.472357201034384194e-02
5.936509200514109019e-02
6.853022900737693046e-02
5.447255492458573378e-02
4.756438912286371085e-02
1.205918089730658171e-01
5.229023178874357691e-02
6.063396171277123797e-02
5.059157095127413128e-02
4.098699650127156646e-01
7.036390446338566806e-02
4.620116540739772210e-02
5.310992984715216803e-02
3.768697381778701727e-01
1.081310292757872715e-01
4.889354232107638587e-02
5.024307790377011834e-02
4.961225378465976277e-02
7.727450669563695751e-02
5.525137836755430847e-03
2.213808579168530521e-01
4.529132863775803264e-02
5.087482493144788315e-02
4.644782959714310877e-02
5.495187991241401448e-02
1.859188772737225270e-01
5.914273512016884893e-03
2.107515743252857607e-02
1.155871116836452162e-01
3.098038025269200108e-02
1.394629020869231351e-01
6.716009786066570557e-03
1.368569081736282361e-02
6.286660466747617457e-03
1.891799829858931137e-02
2.535825645492816027e-02
2.547636717102803872e-02
5.483312445719210754e-02
2.669398515830018886e-02
6.506352715477924271e-03
1.245632266423532183e-02
6.566420949292807452e-02
5.884437402219208635e-02
2.388410158199502642e-02
2.841241003083306779e-02
4.213241403090197540e-02
6.138591015384284311e-02
6.226229489266123934e-02
5.972855290238592019e-02
4.533726419982640060e-02
7.110103446914738112e-02
1.435226699274586570e-01
3.429805100580560762e-01
1.266805325244167169e-01
6.815632111325155285e-02
1.115905655605295976e-01
9.873900829937114210e-02
5.720317228201430293e-01
1.524677749965068219e-01
2.608436151665027847e-01
1.016512532074188430e-01
7.847593732544110023e-02
7.160029439158094311e-02
9.901741123885887674e-02
1.009534548780393060e-01
1.114869795233586203e-01
9.977805365662134607e-02
2.481607029081992488e-01
7.663733131354105721e-02
2.953530933919605861e-01
2.644710674312384380e-01
1.207442857131927894e-01
1.184899946811910770e-01
3.065502349600799370e-01
1.402341870995245376e-01
2.142053148438099186e-01
7.508697234951883237e-02
1.997305736981472846e-01
8.276408205366828086e-02
1.174136256914262710e-01
1.328261184930144001e-01
1.061556331978993351e-01
1.664421562963917522e-01
3.426825828172876398e-01
2.438693949691187468e-01
8.471371769770458249e-02
1.200412360848131660e-01
7.767368420722732536e-02
8.460900519491273974e-02
1.339584096008203384e-01
1.551122988402164338e-01
1.019492959258163634e-01
9.398308454167025872e-02
2.462105559659519272e-01
8.131465893593425864e-02
9.077647177164052672e-02
1.256676804587282537e-01
1.247968419926792083e-01
1.723805905018389872e-01
9.520721257100792090e-02
4.849576795513761418e-01
3.786590550499566721e-01
1.934028517748468401e-01
7.617727895372239377e-02
1.495816072702290112e-01
1.199108789416742649e-01
7.766944017841226344e-02
8.181061159487071355e-02
8.155535873419808568e-02
2.286248853718122476e-01
7.965471235252091775e-02
7.605593283971998075e-02
8.430924180545064373e-02
1.206968316497196020e-01
1.011941512327458742e-01
1.409377183487162122e-01
9.265677115664791574e-02
1.518704354162952186e-01
7.405537420255785264e-02
9.979707373021828865e-02
7.412047936192023290e-02
7.737880803358818116e-02
1.472926245212046736e-01
8.885411144522221971e-02
7.591068537661325999e-02
1.586451817434862688e-01
8.018602179850051193e-02
8.673792389472408104e-02
1.227248902032010702e-01
9.551271775342197456e-02
9.356424991215570031e-02
1.072701882288790987e-01
2.212178069321575069e-01
1.148104251242025448e-01
1.208800522829987650e-01
2.079675455024828090e-01
9.615171894494294047e-02
6.944829498801755041e-02
7.173192458543835304e-02
1.238665939711182107e-01
7.118466849868709811e-02
6.625122231658031602e-02
7.596454175706356116e-02
9.872113983173541607e-02
9.464011439857750174e-02
1.086816035570257466e-01
4.619184960792321881e-02
7.516773132108686695e-02
1.375543163416109715e-01
4.452658650042642385e-01
8.082836950126487396e-02
6.016414137303766757e-02
5.827211317492202863e-02
5.967954309826802028e-02
2.335308059717609575e-01
1.533192269335714453e-01
3.568694475712051728e-02
1.804914477936541417e-01
4.815929994072275927e-02
3.631307133609972676e-02
4.209463847056104518e-02
1.144119276914578320e-01
3.438176648395922796e-02
1.412751502433928774e-01
1.350756510026341999e-02
7.119874733082903751e-02
1.450390714995817079e-03
2.439363973999474910e-01
7.241916394929601153e-02
3.630794344249449468e-02
5.288479849470407307e-02
6.817345337915281522e-04
2.945938915884471722e-04
5.670419165170459408e-02
1.326531069185417633e-01
5.859981726658310131e-02
4.074123787853324574e-02
6.262148194848178324e-04
8.001694521412078612e-03
1.740098535569672977e-02
3.642478293352629289e-03
2.413929188285057672e-03
1.299385769380943280e-02
4.935373754442971264e-04
4.903800436995465681e-03
2.422363262262311554e-03
9.548068911346165033e-03
3.081133251817335106e-01
2.968484682444220146e-01
2.838078350114399406e-02
1.772491190930972071e-02
1.996614656103506691e-01
5.027006207716485514e-02
7.423386695546181115e-03
7.798867547480320406e-02
3.114353445517402674e-01
1.852498395782882223e-01
2.388262086200526602e-01
8.304232383529558392e-02
9.032596510010471036e-02
1.906750459229994143e-01
8.305172821985939979e-02
1.358371391992365118e-01
2.370291560161713607e-01
2.500065085169828061e-01
1.387142389461217817e-01
1.483008414683004705e-01
1.026559511715611356e-01
1.060561087346319348e-01
1.273743988397486038e-01
3.144577247910329554e-01
3.035133560176135337e-01
3.104746540497868024e-01
3.155290009055728428e-01
9.560796122580487999e-02
2.764769184806435409e-01
9.318982834423716888e-02
1.078859415375484632e-01
1.917924161746344947e-01
1.983333128424060732e-01
2.419758102011528300e-01
2.987195611396756822e-01
1.374587393260603696e-01
1.393272198309818688e-01
1.954110723998304655e-01
1.158104442889763969e-01
2.545077294405736490e-01
2.609630428452873185e-01
3.459658560008185280e-01
3.087960635617992833e-01
8.973306368735314842e-02
2.108204521460586844e-01
2.750785644339613367e-01
8.942236685937923757e-02
2.596461782511093608e-01
2.094283470761667820e-01
2.529139535376518366e-01
2.335490504212440477e-01
1.019907617147704226e-01
8.665882528713725330e-02
2.345061837518501169e-01
2.041001716940787358e-01
2.867824447304810898e-01
2.656549374148120535e-01
3.171984835189685659e-01
2.336964050340852306e-01
1.145614406444561140e-01
1.249782634482302784e-01
2.495284454297584942e-01
1.013300627702918011e-01
2.772565573823068119e-01
2.754334152707408889e-01
2.835143661571190021e-01
2.424747574767911751e-01
2.763225179401584963e-01
1.075811314363324667e-01
2.191423775286611697e-01
8.217770083578979090e-02
3.023794528784762292e-01
2.297758552983156510e-01
2.959988997459999105e-01
3.033347262169827085e-01
1.019960945583342771e-01
9.298004814066722357e-02
1.012522793781326091e-01
9.450733822622534031e-02
2.211719246906562741e-01
2.484413436859552737e-01
2.193265295066479936e-01
2.842457046172525148e-01
1.010272982626841121e-01
1.749601043117633981e-01
5.920708212922153046e-02
1.548647300936382698e-01
2.329465326166480499e-01
3.416350070454533538e-01
3.438835680532613126e-01
2.190630834357976953e-01
8.131750200455048483e-02
8.656932112266474411e-02
7.250691413980836497e-02
5.809953508767472241e-02
2.729743227230410074e-01
2.710800352050268813e-01
2.400934911403684591e-01
2.218188241097372726e-01
8.062695221452820249e-02
7.170038598968415944e-02
5.983569027598001355e-02
2.096897327927125243e-01
2.210893254227894733e-01
2.700391432530971914e-01
2.879372622040925478e-01
2.482261381649122356e-01
8.461607185053438007e-02
1.496639928193918279e-01
6.749188401774262880e-02
1.156471345722953348e-01
2.368631224113079692e-01
2.298054971260417301e-01
2.070646033842447609e-01
2.956986546236447522e-01
4.907550780953764957e-02
1.013628638749472927e-01
2.649966421546359197e-01
5.865955700423132468e-02
1.865269347211832018e-01
2.415701985259605111e-01
2.947688337634993272e-01
2.088379528858813339e-01
6.011140578986376437e-02
5.571103930820989203e-02
5.266990758691834917e-02
9.201560833856170518e-02
2.091176959389520751e-01
2.712581940847789141e-01
2.026231369505976931e-01
1.888523119075715129e-01
3.674879678173573194e-02
6.510929712368347666e-02
5.458255011425439812e-02
4.415726138306501347e-02
1.486685456161297159e-01
1.528974671233559457e-01
2.540516525290090755e-01
1.703836062977195920e-01
4.248916247311684130e-02
4.102618857673578229e-02
5.257937329700454465e-02
4.827428766264904580e-02
2.605278169646916275e-01
2.703294549869562635e-01
2.256849088708330342e-01
1.710180201577842229e-01
4.155736636604898809e-02
8.968190184983027002e-02
4.446226051422014214e-02
3.864518172374802052e-02
2.821106326217081017e-01
1.232507588964780187e-01
1.162950090035675677e-01
2.658574750747451643e-01
5.430025961137754237e-02
1.930482567250518533e-01
2.882632016422019550e-02
3.202362630916821135e-02
2.417805262889064499e-01
1.234497787595853491e-01
1.398318850789228573e-01
1.195693695288656683e-01
3.649936846328889067e-02
4.798042412384893041e-01
5.394549492512865640e-01
2.098275147239035687e-02
1.019870238556487840e-01
2.405286825941262696e-01
2.713810568685205427e-01
8.752442754032963013e-02
2.571350044723998834e-02
2.287413826216972909e-02
7.995106035910129472e-02
1.269953905538353522e-01
2.742723182988248132e-01
7.826797958085035534e-02
1.164709932774951467e-01
9.772459306200691198e-02
7.519150407510058476e-02
7.963732273888709731e-03
9.129430659933879255e-02
1.225799790338041005e-02
2.218003284927349272e-01
8.472154445809607082e-02
8.494586115332186660e-02
1.438569220181587505e-01
5.868746924019236332e-03
8.482247747463013410e-03
9.540048506723058236e-03
2.364618784569786150e-02
2.765964313648788461e-02
2.393706897418923507e-01
1.890155059051175021e-02
9.125796818927445209e-02
4.746074596909523047e-01
1.060788197643955516e-01
2.273486830005766110e-02
1.254467137291562784e-01
9.564792371548701266e-02
5.411704921280400399e-02
8.859059827758944405e-02
5.742451563500462763e-02
1.375563242022115676e-04
6.729467478034354549e-03
1.552153444558108768e-03
6.296817078427077025e-03
7.531712829407262845e-05
2.873990228228833210e-01
3.637213709958174505e-05
5.618817483233229815e-05
3.040806927440533788e-06
1.801520968384846952e-03
3.453145562092219036e-03
1.495486865906942575e-01
1.248226678507437035e-05
1.778441058062552732e-02
2.552044808334368864e-01
2.526629359207449768e-06
3.952286985441451501e-07
1.331613705115694025e-02
2.050036127273116653e-08
7.991665676562418691e-09
6.535626175737699296e-05
2.142639820802810267e-06
1.437267934746911391e-01
1.821644116597432748e-03
1.000000000000000072e-18
1.000000000000000072e-18
1.000000000000000072e-18
1.000000000000000072e-18
5.399421637133577402e-03
1.163874670695401198e-03
4.182004381573849208e-06
1.633609463784598329e-02
1.222834705660802302e-05
1.329601989756791416e-03
4.939820826190536272e-03
2.725077918293390138e-05
3.327458012000478210e-05
9.402899190284379823e-05
1.385916045661419183e-01
1.766595422463085546e-04
1.920739242209992467e-02
4.289518294433513029e-04
4.979725551016125256e-04
1.820470641611857815e-02
9.298180990858551098e-02
1.379180121175235529e-01
2.567530936323255547e-02
2.776067538313194971e-01
5.390436578651101179e-02
1.732069528775752321e-02
3.012767135332041768e-01
1.445676549930464266e-02
6.494476263209349176e-02
4.046235752380228368e-02
2.606373893720839371e-02
4.401023125922742807e-02
1.118580765489640000e-01
2.551129930734699625e-02
6.219355469788465790e-02
3.124437331163371773e-02
5.834670122445742568e-02
2.281589254730242988e-02
4.311532427952970842e-02
6.275201582185981064e-02
6.845228991373183969e-02
3.322572589534494858e-01
2.036846883969147329e-02
8.507774271518812881e-02
1.188748980079653156e-01
2.266628185261613526e-01
1.940006469654776411e-01
4.268792108174658539e-02
2.515588210015377024e-01
2.061270621528835112e-01
4.714370275765739082e-02
3.398752698625239627e-02
8.031994037695731892e-02
7.945167060180949314e-02
3.258250892158371936e-01
8.624465486212055942e-02
7.563811128228739578e-02
1.747262547337027072e-01
1.317138365830450852e-01
2.461034942310791340e-01
7.040509300194890130e-02
7.620050951574283693e-02
1.437041806561755175e-01
2.898687487988870215e-01
2.828407482733594769e-01
3.301296434005336899e-01
2.692029923487526677e-01
3.281012303682417919e-01
3.066972435454207169e-01
3.119722217679378184e-01
2.106460621646395748e-01
9.812037816060398265e-02
1.349914033375076983e-01
7.744722929625813546e-02
2.744056260312500162e-01
7.324565438067288936e-02
2.866995864792619142e-01
2.900014537610605125e-01
1.347210191447249794e-01
2.679592154897616485e-01
2.781594646044708852e-01
1.427023645913197969e-01
6.431777796084262033e-02
7.205716196887360092e-02
2.987868896025629994e-01
3.462936939969576411e-01
2.853914835608988843e-01
2.839017563611171413e-01
1.131975867595667734e-01
2.488542062670223431e-01
3.292141245610064049e-01
1.629266773766685494e-01
1.367812828854128859e-01
1.182492633418482653e-01
1.169034529621009039e-01
2.858822281751515204e-01
3.236740213549952339e-01
2.881768643171014332e-01
7.828455739853586171e-02
1.832027866555268614e-01
3.215334951955762799e-01
1.344504795358729410e-01
3.349855390893500262e-01
3.112089955624693927e-01
8.689658697793564701e-02
1.279111768836746488e-01
3.376786939543357513e-01
8.875457026419376894e-02
1.476589169566440152e-01
2.211761969858291876e-01
1.827656716822911864e-01
1.424857531792440846e-01
1.665487303386296580e-01
1.678777435493814252e-01
1.538948393621306365e-01
1.677779787011271229e-01
2.008874144037030018e-01
2.157022749279258467e-01
2.821221264843654097e-01
1.849168039048335876e-01
4.209610032006588232e-01
1.880337225132336920e-01
1.754401514909076920e-01
1.164195977822438111e-01
1.564459283973851367e-01
1.540329621255570047e-01
2.119329062733427971e-01
1.867005404243138877e-01
1.656885464700842969e-01
2.438913861292404395e-01
2.796418940633101924e-01
3.132663365185502924e-01
2.393710539821680139e-01
2.238789588535753383e-01
1.048128073681291461e-01
1.159358870574898476e-01
2.117673432775224462e-01
1.657677134295292287e-01
3.554501230130008294e-01
1.745630356361040081e-01
9.863697058638461190e-02
1.048139183366944283e-01
1.108853866574108782e-01
9.825689744426578665e-02
2.588475140760750914e-01
2.412637375920428373e-01
1.029544379337335169e-01
2.289586614641509754e-01
5.702220565203814928e-01
4.438284243971657439e-01
2.761208892955843153e-01
3.210745798722935973e-01
1.293427900705932110e-01
2.548350066259920665e-01
3.669810299975462264e-02
6.181854635888286292e-02
2.664031992102832702e-01
2.707463099168572196e-01
3.330073092906536414e-01
3.332547123015887625e-01
1.439729438259537975e-01
1.979234777866105133e-01
9.846478425876895035e-02
3.217526297512732780e-01
4.185655547290917378e-01
1.819017427087960548e-01
5.060408090579808782e-01
1.999579957298784350e-01
4.313389521551014294e-01
2.654350251563780683e-01
3.884941482087516107e-01
4.313440847699647751e-01
3.143219989355802713e-01
2.513974700783565552e-01
1.923600420213117390e-01
3.024821065874371828e-01
2.927677426758035772e-01
3.047534832117769210e-01
2.274688677479856647e-01
2.710857759739861983e-01
4.744842787132478312e-01
1.698714325179941365e-01
1.636822683544869039e-01
2.280924604433895997e-01
4.417904218054444776e-01
1.852147647574084455e-01
4.512829040120043267e-01
2.223364930754335167e-01
2.831257845574601251e-01
3.044170268648769273e-01
2.052964420926106648e-01
2.287517790749455937e-01
9.926338867816785871e-05
1.036662869710416494e-04
5.822408596267574232e-01
7.975846120633965919e-01
8.921603693450475166e-04
9.301381021711145093e-04
5.818187968364394447e-01
7.952779289306433075e-01
2.471763361953994206e-03
2.567558234580933837e-03
5.812724148234245103e-01
7.909927419788274072e-01
4.827319286736235504e-03
4.983624855123458888e-03
5.814471402737745320e-01
7.823997680204654026e-01
7.950784242980174846e-03
8.123776528373939307e-03
5.870769445997892078e-01
7.581814884097958229e-01
1.201640689193929183e-02
1.193170388810629347e-02
5.411690623332690020e-01
8.158794857937332612e-01
1.639773856542570477e-02
1.612398692612900322e-02
5.589372342007787875e-01
7.802281768488105174e-01
2.207708720629620106e-02
2.041401085433370427e-02
5.592539823088483741e-01
7.605634913179188938e-01
3.078310903888921771e-02
2.217116177211420416e-02
5.322530105803935374e-01
5.738613065002667879e-01
4.609963411039053049e-02
2.316993819858597162e-02
6.924184670727073776e-01
5.139951373527924527e-01
3.446953303759540260e-02
4.351764551331967212e-02
4.994597206250819266e-01
6.444216037700776223e-01
4.117750307769144774e-02
4.767793135366263368e-02
4.627366551504474845e-01
5.565773212355167310e-01
4.615061814802220302e-02
5.069264227206524837e-02
3.782232589635894926e-01
3.921397747607678896e-01
4.520889507579550770e-02
4.663748695267769945e-02
1.526045332004677124e-01
1.113185045566891657e-01
9.548853557957875590e-03
7.060813151103782249e-03
2.299107822373791521e-02
3.848858441540795733e-02
4.123643670908459097e-02
6.401212283500878897e-02
3.905025015201489813e-01
6.206383730495705908e-01
6.596586004173859985e-02
8.842576802164800465e-02
5.091519331298337558e-01
8.532304748642172143e-01
7.456126946235767938e-02
9.528621127142825054e-02
5.331528799362073023e-01
8.882047074769557904e-01
7.818993880590008327e-02
9.784381070099044952e-02
5.336518803696213009e-01
8.664791700185449086e-01
7.798555314360190727e-02
9.701627190041527127e-02
5.255611387868901474e-01
8.287071238297283315e-01
7.232711447220008250e-02
9.015063187499895714e-02
5.121902890921705698e-01
7.686602109974927100e-01
5.826746294611591381e-02
7.341070483291226023e-02
4.917806926030207082e-01
6.755968689921485471e-01
3.309201712066120460e-02
4.248213277479936240e-02
4.671406903279369249e-01
5.531586192285704584e-01
5.118401766984037767e-03
6.720924816429293611e-03
1.617433986800166992e-02
2.373786702229595952e-02
6.416178264709278267e-02
7.417969366561008582e-02
2.318304644765493694e-01
3.628597710249600317e-01
1.516391896068058354e-01
1.853521860237566377e-01
3.221986707326345289e-01
6.888872038217526139e-01
1.960619112259370245e-01
2.333330443670258991e-01
3.467826828615554469e-01
8.422060801963943133e-01
2.143607614068984979e-01
2.537873129431774122e-01
3.424876938205966281e-01
9.069720554156596171e-01
2.221011936634654793e-01
2.644458843833310535e-01
3.070949480191946801e-01
9.194492247178867039e-01
2.209179662451971060e-01
2.876386235139085090e-01
3.400114252171241302e-01
9.636896884781809280e-01
2.245425631330462690e-01
2.812612619616819964e-01
2.928919293412347025e-01
9.579480975274536902e-01
2.206686207186577542e-01
2.853168589183035508e-01
2.533433014832140451e-01
9.440986969494693515e-01
2.155068822884181334e-01
2.825846960983243727e-01
2.167011594819009956e-01
9.175082490228817500e-01
1.835374640534578883e-01
3.051314669325915219e-01
1.664453161809708592e-01
8.685342713000233639e-01
1.603570949050610595e-01
3.045028377483502968e-01
1.202976552990845105e-01
7.812789801549642199e-01
1.211163323079044035e-01
3.067776807628683766e-01
7.546434629787680815e-02
6.243345160680515704e-01
7.123034718613405203e-02
3.086173628556491133e-01
3.578453971007446166e-02
3.587181807735412287e-01
2.433543591003500123e-02
3.098393025356824260e-01
7.643845928257585187e-03
5.644257693636427209e-02
9.507872080329360679e-04
1.000000000000000072e-18
1.000023457112417854e-03
6.272797198607206297e-03
8.215065272042649386e-03
3.323944841995439270e-01
2.388446897847606998e-02
5.315939051527996534e-02
3.711171224501108590e-02
3.319814800979362102e-01
6.788793123779589267e-02
1.319427377565182413e-01
7.432823641958651029e-02
3.311383742292081656e-01
1.205248573994943118e-01
2.222027695165204042e-01
1.124471128488787053e-01
3.304209945897843559e-01
1.733586729272369176e-01
3.081196660395377762e-01
1.473465575844373765e-01
3.284857415522535184e-01
2.196933230678017324e-01
3.776389583239492254e-01
1.733474894870012106e-01
3.269486926628674683e-01
2.621079478656174189e-01
4.494587114848467291e-01
1.954664059435906598e-01
3.226628645888517388e-01
2.832125970529902892e-01
5.129352228961369109e-01
2.000299012959340650e-01
3.137459265990449886e-01
2.524045814236474672e-01
6.221835387198739742e-01
9.863100036439069462e-02
1.862176925649947357e-01
5.930883812064540184e-01
2.346691317042512714e-01
3.331637156451764947e-01
3.276296544267154887e-01
4.943610015136271074e-01
4.081519101245620895e-01
3.152489552492864777e-01
3.205965346294152862e-01
4.668796765875453669e-01
4.480348440918885955e-01
1.000000000000000072e-18
