1.000000000000000072e-18
1.000000000000000072e-18
1.000000000000000072e-18
1.000000000000000072e-18
1.000000000000000072e-18
1.000000000000000072e-18
1.000000000000000072e-18
1.000000000000000072e-18
1.000000000000000072e-18
1.000000000000000072e-18
1.000000000000000072e-18
1.000000000000000072e-18
1.000000000000000072e-18
1.000000000000000072e-18
1.000000000000000072e-18
1.000000000000000072e-18
1.000000000000000072e-18
1.000000000000000072e-18
1.000000000000000072e-18
1.000000000000000072e-18
1.000000000000000072e-18
1.000000000000000072e-18
1.000000000000000072e-18
1.000000000000000072e-18
1.000000000000000072e-18
1.000000000000000072e-18
1.000000000000000072e-18
1.000000000000000072e-18
1.000000000000000072e-18
1.000000000000000072e-18
1.000000000000000072e-18
1.000000000000000072e-18
9.567938206607567650e-03
2.143089161561233941e-02
6.008557179660298231e-02
5.506757037751548560e-03
5.598954249853789521e-05
4.626075275277889004e-02
3.808550746431879630e-02
3.876741977134971259e-10
1.000000000000000072e-18
1.000000000000000072e-18
1.000000000000000072e-18
1.000000000000000072e-18
1.000000000000000072e-18
1.000000000000000072e-18
9.524869734609544366e-16
2.577952242689369317e-02
7.914413464481685756e-02
8.509020779644956012e-02
9.070411328132133022e-02
5.896357522514986821e-02
6.845732188024063192e-02
7.652576338321183363e-15
1.000000000000000072e-18
1.000000000000000072e-18
1.000000000000000072e-18
1.000000000000000072e-18
1.000000000000000072e-18
1.000000000000000072e-18
6.236049802615370899e-10
8.186892098412484886e-02
8.454717995868855918e-02
1.078834818890939194e-04
7.127853320791670104e-03
6.205312646625733147e-02
2.113344465960619381e-02
1.035814626539228664e-02
1.000000000000000072e-18
1.000000000000000072e-18
1.000000000000000072e-18
1.000000000000000072e-18
1.000000000000000072e-18
1.000000000000000072e-18
1.000000000000000072e-18
1.000000000000000072e-18
1.000000000000000072e-18
1.000000000000000072e-18
1.000000000000000072e-18
1.000000000000000072e-18
1.000000000000000072e-18
1.000000000000000072e-18
1.000000000000000072e-18
1.000000000000000072e-18
1.000000000000000072e-18
1.000000000000000072e-18
1.000000000000000072e-18
1.000000000000000072e-18
1.000000000000000072e-18
1.000000000000000072e-18
1.000000000000000072e-18
1.000000000000000072e-18
1.000000000000000072e-18
1.000000000000000072e-18
1.000000000000000072e-18
1.000000000000000072e-18
1.000000000000000072e-18
1.000000000000000072e-18
1.000000000000000072e-18
1.000000000000000072e-18
3.010555903701899599e-04
4.928233659448273685e-02
2.669675394157006697e-07
1.796770377944442506e-10
1.152374664392809060e-07
6.242636328254648481e-03
1.113891735947048975e-02
1.470709147047602179e-04
1.057895971604536782e-11
9.288401547965947902e-05
2.460471190239161762e-03
4.206402606058046112e-07
1.706477526586461765e-10
3.497123717978813107e-03
5.268932670705749229e-03
1.681394462540228608e-05
4.551255536201070916e-07
2.076701477427735245e-07
1.590934219321984413e-03
2.471595034801260096e-07
1.015354663383710807e-03
8.426083076470515043e-04
1.212045737406069870e-10
3.546711322918800195e-10
1.247738509231176334e-08
7.587659476728312904e-09
6.801060087078254594e-03
1.304648936395518626e-10
1.235261972177784540e-03
2.164239915617822627e-02
1.349398334983217731e-03
7.373095300277222155e-08
3.947759995601164695e-02
1.238925594270828172e-03
3.938480821260864132e-09
1.282432017313765889e-03
8.508377434296074057e-03
2.977853191505346660e-03
1.536637789561248823e-08
7.655033889722934540e-03
7.903896148119458854e-04
3.785177290502360695e-03
1.484113369130146383e-03
7.346404439367836339e-03
8.012566605883267431e-04
7.229664281170485561e-04
5.184702219276329670e-07
1.530217921496587969e-03
1.558507550382693188e-03
1.431615052534587805e-03
4.347460008848138407e-02
1.404231101139708946e-03
1.992421867980328498e-01
3.475417792963849490e-04
1.447424542566668458e-04
2.015706447978143651e-03
3.623693899742174741e-03
9.729686808866147563e-02
1.375651235140217931e-03
1.094851236725747218e-01
3.675605013875023717e-03
1.577963388099903330e-01
3.117065246769911216e-02
1.951654726384467742e-02
7.904211321427559661e-04
1.880188927526108521e-03
1.363237785357042636e-03
1.233844560334936436e-03
5.999182355541200079e-02
3.858475383237015138e-03
4.058153880405969589e-03
1.372482919128173483e-03
6.824532768422070239e-02
2.188095227951817288e-03
1.375659681126900451e-02
1.991330321491001278e-03
1.924038173046646767e-03
3.697333376280278767e-03
1.944999426286944753e-03
4.837027920652017983e-03
3.076943094537660205e-03
7.474487237496015186e-03
2.435549469177625964e-03
1.746358361547464474e-02
1.953259009353623069e-03
6.085007195957124575e-03
3.304891040136843927e-02
1.483292755590695251e-03
7.809802826006278370e-03
2.601600337272114670e-03
4.133433988811271304e-03
3.181521658087987404e-03
1.455622155835680810e-02
1.921859105620384338e-03
9.853843757271571122e-03
2.688774986583132142e-03
2.649404568630676134e-03
8.558954140954411899e-03
9.866050399511664543e-03
3.907113358797367937e-03
1.745728828410129108e-01
2.531287156546156020e-02
3.099487504877548785e-03
1.605076577120058759e-02
4.508272114656771724e-03
2.826290958675003930e-03
9.262358543673406691e-03
1.095415026588697667e-02
7.381340570659742674e-03
5.512955721298455798e-03
3.327698347109301399e-03
3.608653832460988892e-02
3.665561021014604893e-03
4.930499965244853483e-02
1.639136487831026889e-01
5.253746756197621992e-03
1.207919827359144917e-02
1.433202747862104276e-02
3.051581164845349470e-01
2.016757386849539202e-01
2.140875033917932074e-02
1.574808907769502664e-01
9.818205782119854980e-03
4.047231955392196004e-03
3.990955626806475670e-03
4.606001622831775930e-03
4.081523676953186311e-03
3.446081795034353600e-03
5.646648506014832238e-03
6.794673191115032859e-03
9.788564156633150493e-03
4.744526681072776947e-02
6.199670809811199876e-03
2.366752837653604211e-02
5.594277048888479133e-03
6.399428670526248475e-02
6.670162749650426250e-03
2.888347063540484122e-02
4.108030593040348094e-03
4.746655529968757392e-02
3.819571489918771254e-03
2.236888060508731083e-02
7.793783565464080382e-03
1.001537336012676103e-02
1.621661185624498069e-01
1.548693312855682451e-02
1.068479000234023694e-02
3.917366359906861162e-02
6.448408814482269047e-02
1.057884756316164812e-02
4.294240925744539222e-02
3.085833705472330185e-02
7.873372781979134233e-03
7.318831790512362635e-03
4.887535713109955604e-02
4.838067265000130929e-02
5.654416071490520751e-03
3.709302187695415025e-03
3.923006959767967941e-03
5.654520992267451050e-03
4.708845201490955562e-02
1.102814199554378281e-02
1.191753449630283124e-01
1.598096932539582599e-02
7.556954792555314188e-03
8.116774142639053558e-03
1.946417871820263837e-02
3.449314932445395748e-02
5.820043729660044629e-03
9.674249704604362052e-03
3.953013045613044951e-02
1.867480996664127799e-02
1.004689648418923345e-02
1.135344679323580241e-01
1.034812104240668690e-01
4.934638090283932632e-02
1.108252466469310249e-01
6.802040032849667080e-03
1.067841258104015867e-02
1.114397743758935994e-02
1.711567574900519501e-02
1.097612839872645456e-02
5.880555808306682508e-02
5.369576008583720056e-02
8.316441472204531490e-03
1.083679232831995243e-01
6.806169360953424202e-03
7.782764282377211199e-03
1.402409502028220678e-02
8.888666310853584121e-03
8.209492399860374504e-03
1.238970094493830991e-02
3.004028523721395325e-02
7.967161933169319976e-02
9.164803706068978470e-03
7.649623272925830733e-03
3.169341392650180944e-02
8.558470873210067068e-03
8.720570226859746671e-03
2.329584390564113858e-02
1.143023575856556839e-02
9.817946484151969522e-03
8.150045622099300752e-03
2.884327433582987640e-02
9.434132763282606846e-03
2.529215333265046398e-02
1.398601370311071054e-02
1.652546761568249312e-01
1.179148675139479567e-02
7.847890943341824521e-03
8.640570154533623939e-03
8.211291424933810090e-02
2.147271225891985227e-02
7.946852325722423768e-03
8.245826434294748972e-03
8.081441462447496935e-03
1.516987171761899345e-02
9.889619311623412505e-04
4.635499560257916318e-02
7.594107468715503156e-03
1.216564115782554391e-02
8.222097186381517250e-03
1.232406246033221874e-02
3.668749662008855689e-02
1.050763066746126335e-03
3.639240278767448978e-03
2.816105727846912946e-02
5.435118805076744053e-03
2.700773670399251453e-02
1.269093579006510056e-03
3.253493458412786560e-03
1.204797384290758576e-03
2.848849236012443182e-03
4.265628581872892358e-03
4.289410688640286733e-03
9.786176513858010559e-03
7.447613438049500816e-03
2.427486577726109106e-03
3.315431079441399399e-03
1.341629379282668379e-02
1.063405626606850340e-02
3.916827996466707221e-03
4.805291710145373658e-03
7.235911791442077058e-03
1.002965267531830129e-02
1.024695469204272430e-02
9.742015694404394799e-03
8.790891531364117967e-03
1.176979542845297058e-02
2.681975696356882211e-02
9.294947225718055983e-02
2.288825087983837811e-02
2.875426864652904160e-02
2.332994735594279626e-02
6.355007727544907670e-02
2.233676910166167706e-01
3.543679510995908361e-02
7.285475972254971955e-02
2.059234551585044370e-02
1.299079290410674013e-02
1.905605103103423861e-02
6.501263270235138614e-02
4.792871955898692776e-02
2.458588116275423063e-02
1.652460755847119656e-02
6.828248336370444649e-02
1.411413359906780844e-02
6.388945428947204186e-02
1.764199396396709529e-01
2.227058455628024014e-02
2.073998406509174053e-02
1.993762927834017151e-01
3.127299711862410042e-02
5.478221022323656597e-02
1.272242394280522458e-02
4.998704433544675502e-02
4.825030706148361603e-02
2.021000954707108388e-02
8.771045664544556419e-02
1.739774701364419848e-02
3.928552970493560254e-02
7.714050251877135889e-02
6.479862247887532845e-02
1.582129916024891877e-02
2.119625567698086785e-02
4.034309728049208232e-02
5.085347771190364824e-02
1.034517748922702263e-01
3.544269612490042604e-02
2.023362523358200257e-02
1.556067988423476614e-02
4.873010279948571805e-02
1.833474782113152929e-02
5.885502796420844646e-02
5.406692640830740304e-02
4.758665600205917029e-02
4.072309660568074891e-02
1.577031608434478413e-02
1.426017085085332370e-01
1.088065046539629654e-01
1.566191073881408879e-01
3.680192817188708554e-02
1.197685886045495723e-01
2.298053814057532396e-02
1.333950320533567463e-02
1.372662706866878933e-02
1.369308591544571643e-02
4.362255361390521280e-02
4.351616741676905820e-02
2.003911249403671213e-02
1.757316757660071574e-02
3.356586705770096823e-02
1.673746756277597753e-02
3.109493029171180381e-02
1.775965972452097502e-02
2.620186486459744404e-02
2.171494794124910824e-02
7.084286569575370951e-02
2.163812609366966982e-02
3.963479625787020427e-02
3.305736652151039512e-02
1.467735715857844229e-02
1.271051355108523961e-02
3.636273438764713734e-02
1.616106525179785564e-02
5.518733671503857352e-02
7.832458701913797006e-02
1.609538155917145455e-02
1.830150079000913976e-02
1.775164225223510583e-02
4.176312655729394474e-02
2.394218870207545646e-02
8.428099303142490284e-02
1.714249891678147342e-01
1.957110715184500263e-02
2.475410139841699789e-02
1.174372177392699404e-02
2.079040293292526778e-02
1.165760970330995822e-02
1.089664071247713369e-02
1.288540451175526277e-02
2.855791431185901452e-02
1.793923924476074558e-02
8.423401959656337534e-02
7.418223627855506132e-03
1.431674802370889142e-02
2.348776328070364613e-02
1.152389157507619361e-01
4.978300264928689489e-02
1.976415728848868528e-02
9.642371066629653459e-03
1.787615355333805472e-02
4.508651947862262616e-02
2.666753422903767740e-02
6.256035212301778656e-03
3.275187973830909899e-02
1.875124611007675593e-02
7.906830728624790819e-03
1.360238706763485482e-02
7.631897817187359434e-02
5.635246009292225848e-03
3.241350674584153602e-02
2.125835319209589715e-03
1.422533378687737028e-02
2.897180052451418927e-04
1.864870362724688757e-01
4.326707685244697565e-02
7.956292131343701765e-03
9.995882922191244579e-03
1.161055661727088546e-04
5.156732386302064635e-05
1.085535980702514829e-02
1.128104885536269641e-01
2.859452699041766660e-02
8.115728542358379566e-03
1.429707577289362585e-04
1.220309790947722833e-03
2.725280878561434604e-03
5.714357598588917569e-04
3.929908384515153736e-04
3.361030088782509650e-03
6.951579076608308937e-04
2.219658485401248930e-03
1.606771259992550603e-03
1.457568584553011479e-03
7.947433412766108374e-02
6.823536897917362176e-02
4.696565676470371674e-03
3.885751599235772770e-03
9.241513996943268028e-02
1.136103711366440346e-02
2.652307600209068660e-03
1.731819571101314223e-02
7.354848280956954865e-02
4.227664105194361976e-02
5.143131445154785347e-02
5.013811544768566331e-02
2.617217649517999609e-02
8.917010197124265736e-02
2.070802589159600679e-02
2.788080391487699969e-02
5.161578904190841643e-02
5.465539651353121253e-02
2.677662260949059334e-02
4.453673994980662104e-02
5.969209987634915837e-02
4.038214520217092013e-02
1.361083721281495240e-01
8.116385239610901525e-02
8.261937540527722335e-02
8.240616371649575611e-02
7.722787100131590921e-02
9.620930703228916525e-02
2.028761949741331727e-01
8.500084977693216082e-02
1.186137798279576355e-01
4.028723378583689424e-02
4.034450913898075114e-02
5.142663851148350507e-02
6.810848125341203985e-02
5.284215304466936131e-02
5.262751752074573686e-02
4.929268983151492006e-02
6.822722312046046456e-02
5.180252697616812702e-02
5.310600596536049767e-02
8.346160577682879000e-02
7.250323365799840603e-02
8.540573164126888384e-02
2.088037140352945187e-01
2.735819418497140165e-01
8.336393408534781280e-02
5.509202399244950143e-02
4.329448391128187801e-02
5.148454877503768484e-02
4.861582006490292041e-02
1.152945924452243864e-01
7.203058177867913137e-02
5.808269722135428470e-02
5.233858822341601325e-02
6.321233115287072657e-02
5.412720241521425113e-02
6.641460778730741421e-02
4.775992332846706184e-02
1.300096926113769036e-01
1.800543058880867131e-01
2.481631583436090249e-01
1.236766406591668643e-01
5.660178863586142611e-02
5.620549881533694336e-02
6.129881883950021731e-02
5.021176125278972030e-02
5.703184107412511555e-02
5.945445977367239121e-02
5.404352972211268202e-02
7.982985025455630046e-02
6.943865745978580750e-02
4.582341382253499185e-02
6.179983708423476829e-02
6.507612531235776321e-02
1.146003083518286059e-01
1.034917806572561438e-01
1.137548267719597633e-01
6.327396460759147911e-02
4.451003759068378890e-02
4.936851371580628506e-02
4.434472138290508625e-02
6.402988524085127808e-02
5.615441460552088315e-02
8.725380158707175815e-02
6.734047595054593049e-02
9.420020782107697832e-02
4.702502647211972281e-02
7.703548123106909729e-02
8.062836247430643644e-02
4.447200009745207183e-02
1.456491280636321162e-01
9.153323088363285454e-02
1.104517040733506983e-01
7.272514251655103068e-02
5.793844778562524250e-02
5.742953010811926301e-02
4.841314613832907454e-02
4.495775991025748042e-02
9.648213056496821038e-02
1.151558467185686829e-01
6.753258025752340021e-02
6.681225985416880397e-02
4.338651217540304139e-02
5.410460873775417567e-02
5.973581939284208081e-02
4.878588110912548959e-02
8.624179430140800628e-02
1.621962684059677917e-01
6.277673440598441346e-02
1.356675079788148830e-01
4.929045179312582792e-02
4.499368631723060785e-02
4.243960334110046667e-02
6.416759588263339087e-02
7.035440532316951379e-02
8.037735103545567972e-02
5.910076678655781790e-02
6.063999223856228471e-02
3.608779897443109563e-02
4.731513130512614296e-02
6.378973655879210947e-02
3.963240767173365625e-02
8.734304210293435122e-02
9.065989725071740835e-02
6.297980979779936594e-02
1.063459064539059723e-01
4.342619870525721293e-02
5.746220521609170240e-02
4.181670817690331249e-02
3.801231841806743811e-02
5.672314769853034622e-02
8.460276210900817551e-02
9.176735990588430480e-02
5.450753086785966456e-02
2.753564981082025354e-02
2.967369230210245568e-02
5.204734252929119065e-02
3.105781335064517618e-02
6.306009630883850636e-02
8.420605717984451510e-02
6.797269586494820992e-02
8.341312504620156110e-02
5.425400556373144445e-02
5.739371964715708069e-02
4.675973962829104574e-02
3.442117318532187525e-02
8.168656340514050818e-02
7.801255551256339182e-02
8.395962000630359523e-02
5.241876274066514102e-02
5.939591299460000862e-02
2.311902498592446897e-02
2.083443275915404860e-02
5.542783064676967686e-02
7.245761117744214941e-02
1.716086873755324205e-01
6.540107237595095546e-02
6.800250265979784769e-02
5.065455423100814758e-02
2.147893996393145447e-02
2.737418269609949439e-02
2.210898745231289556e-02
4.468258550422095354e-02
2.914978537364194544e-01
3.070628431659980784e-01
3.851995640956355077e-02
1.915167284852933513e-02
4.957784945633911255e-02
5.692394348872895776e-02
1.582993050779275129e-02
2.402196954817733404e-02
4.048668756535668545e-02
5.445744586692167349e-02
5.857379063373910344e-02
5.759456020812957905e-02
1.354093809682814509e-02
2.023201958734724068e-02
1.664487326728199268e-02
1.185488314984272096e-01
7.828639877258871532e-03
1.096944409818738642e-01
2.548227678914078906e-02
4.466130555579727462e-02
1.419834013410483341e-02
1.523680128255816384e-02
2.597715803059425302e-02
1.044976976753219169e-02
1.339597058166729776e-02
1.850505143897625271e-02
3.648913864472069779e-02
4.447369386478548445e-03
4.873354365692936230e-02
3.148674805537197020e-03
1.733634230889522995e-02
1.917265561851466960e-01
1.462925082997013071e-01
5.001045449377105462e-02
1.191119944486780935e-01
1.860533755652328883e-02
9.799292709108488320e-03
1.674803585291625638e-02
1.046510262401743538e-02
4.992113068172353025e-04
1.680597820027242631e-02
6.485918423712174960e-03
1.375137166865033483e-02
1.235566181029543692e-05
6.019600458235523782e-02
5.996466481772771829e-06
9.236071058148754456e-06
1.628729200515440946e-05
2.956036930380813617e-03
5.586370007757528351e-03
6.919450014934729054e-02
2.072817764795479918e-06
2.877366871665407513e-03
5.247477224516015892e-02
4.241540188535940777e-07
2.274951440673678187e-06
3.629168607476238040e-02
1.215207806394570839e-07
5.142906734143332477e-08
1.073201547452208986e-05
3.600994377365434527e-07
2.614438204458867029e-02
2.920411035928360149e-04
1.000000000000000072e-18
1.000000000000000072e-18
1.000000000000000072e-18
1.000000000000000072e-18
8.814783631423096181e-04
1.863002714098698138e-04
6.852741206827658999e-07
2.695814429469486819e-03
5.288606802864151873e-06
2.443119935177797504e-04
7.931728899244154920e-04
1.015896867296241103e-05
5.370342111177763456e-06
1.509316167689147515e-05
3.147086175955868259e-02
2.828816324967198050e-05
5.157309672113243211e-03
9.551911709020495479e-05
1.079472320747380500e-04
1.510173639462209123e-02
1.923903823896359888e-02
3.075785490991924873e-02
4.416094392225138401e-03
7.486388726387437076e-02
9.090577371784319335e-03
1.250004190472913529e-02
7.720067005447045494e-02
1.926863448062593465e-02
1.215296190986387206e-02
7.350990117456464648e-03
4.645184931413355416e-03
7.694799229961204155e-03
2.851372683294475449e-02
1.059237005798758895e-02
2.195522381125237024e-02
9.124114145232734702e-03
1.117920293649957673e-02
3.877774355949072365e-03
7.567414948763564846e-03
1.149496845553259379e-02
5.676759722473143088e-02
7.493253936038170304e-02
1.435145695708487865e-02
2.196950954928931360e-02
2.501279387074136634e-02
5.335293369579865996e-02
4.603614383542339872e-02
7.478814841290377068e-03
6.641576492445369628e-02
6.254761741847157663e-02
3.214573507386532525e-02
2.903227945240980171e-02
1.528638254529434901e-02
1.507287243546690664e-02
1.178716889013391445e-01
1.660775374970142881e-02
3.614024199526764264e-02
4.116645750074742621e-02
3.928648744481010036e-02
6.597058938197204736e-02
1.311599995018458177e-02
1.436301360748695397e-02
3.051363979249892278e-02
8.513384946548351040e-02
6.893824982269804169e-02
7.557746834090181554e-02
7.922468060202220164e-02
7.373495753730770208e-02
1.025807060252728331e-01
8.271766811980876821e-02
4.793467671018453169e-02
1.950324644258194864e-02
7.914239355008587107e-02
6.164455268033645907e-02
6.519492665368173401e-02
5.855923260007932230e-02
1.177992304863046125e-01
1.159130351276406318e-01
2.750505277833853457e-02
7.145816213416647522e-02
6.831241647883963541e-02
7.991202325951052288e-02
3.654522896413087141e-02
4.202084512526230858e-02
9.522314728420963603e-02
1.265620671796621743e-01
1.171981664697794023e-01
8.093647460659529613e-02
7.927733047372659270e-02
1.035566271194395260e-01
8.749711244388397313e-02
6.812865894613273632e-02
2.831492897425617536e-02
2.570658637653863016e-02
2.486592327770524580e-02
8.191656777700198622e-02
7.623063960649259507e-02
8.033715421097711862e-02
5.214862889001368323e-02
8.553268702118929645e-02
1.319175584089555264e-01
3.101895830381240504e-02
8.731393499024724114e-02
7.896783808255827819e-02
4.787035464105165311e-02
6.404670684455053553e-02
1.373930923381945779e-01
4.763036787359236496e-02
3.149809482175913028e-02
4.933152974226874543e-02
3.862332720380984297e-02
3.073613521065704512e-02
9.335774729789510229e-02
6.287618456466312344e-02
9.309926233931446748e-02
6.287218197951928433e-02
5.024663801353366349e-02
5.387720755781304216e-02
1.143002693932976266e-01
4.633360576565108413e-02
1.818482934998638390e-01
1.121775404420005673e-01
1.098546544416752480e-01
5.956712315586139284e-02
3.368046556614582437e-02
3.332356332576801028e-02
4.628939764569840742e-02
3.960826545900890394e-02
1.094532335046325550e-01
9.532468598270449345e-02
6.647897307342531814e-02
7.067123934342334213e-02
5.875661503067588359e-02
5.469417294737879270e-02
2.292444766641577383e-02
2.669754620405380766e-02
1.002780636532569630e-01
7.390401991211198451e-02
1.572641949725051558e-01
8.308084098364372505e-02
2.004006804481737666e-02
2.450240607334368964e-02
2.903197374045995635e-02
1.978530096851916983e-02
8.351113567897523737e-02
6.618838974638689698e-02
2.968310357670691721e-02
5.883135345282458628e-02
2.781129812936116719e-01
2.218605301872055846e-01
1.396197780263389310e-01
1.621220048344325648e-01
6.542653098104847520e-02
5.354130903972228323e-02
2.057772034754797724e-02
2.535757376735110757e-02
8.142800603694810846e-02
9.347939384088817250e-02
7.556433736616915975e-02
7.504902815600825172e-02
5.666196481625116604e-02
7.895917694932803876e-02
5.376248780157990431e-02
7.182103469414218011e-02
1.617583690982732358e-01
6.835475464803378309e-02
1.517455930649656837e-01
7.726478046602844318e-02
1.113549986409212711e-01
8.463996326475797805e-02
1.023285186769897354e-01
1.162456755297954086e-01
7.677390972561173865e-02
6.459051089051157102e-02
6.612151217049594409e-02
8.194158470712446796e-02
8.136811007003393048e-02
7.931168103508590139e-02
8.848007907212311618e-02
8.434021139063317685e-02
1.371840423232355277e-01
6.715623534839855469e-02
6.417050571825465288e-02
8.404291333883265325e-02
1.237857396211483885e-01
9.398981551259245892e-02
1.430493371271757963e-01
8.196865322881824456e-02
6.562537110299283827e-02
8.007157892624591766e-02
9.655940108674912481e-02
9.468901297957400820e-02
1.588318911257785194e-05
1.658809007272610378e-05
1.782462258722518622e-01
4.504602395153223804e-01
1.428303671311996134e-04
1.489418095088708611e-04
1.780054349702022976e-01
4.467635811815016122e-01
3.961344510880047574e-04
4.117251285040217064e-04
1.777181733376957673e-01
4.398639029770096687e-01
7.748712723446616896e-04
8.008513456130366640e-04
1.779201662235713743e-01
4.252059631126527961e-01
1.278950573044564326e-03
1.309113454713767928e-03
1.819360633314322517e-01
3.839231827337662439e-01
1.938247407025439758e-03
1.929736162031736590e-03
1.531186601765473776e-01
5.212103992151114751e-01
2.653332700091525984e-03
2.617255754570853472e-03
1.639505150269418010e-01
4.429361319827174182e-01
3.586980659543285901e-03
3.327503756604267404e-03
1.647132604839148529e-01
4.203086798716960670e-01
5.035427910887148133e-03
3.622426065842311409e-03
1.860396312283388309e-01
4.389089128291364661e-01
7.685320837068142924e-03
3.766378318909640362e-03
2.985624757585044753e-01
1.392345210556525659e-01
5.651881796383234624e-03
7.258773632863893717e-03
1.318090875302385667e-01
2.605601973706690444e-01
6.790950517457820107e-03
8.007172950471430628e-03
1.147857134175112453e-01
1.948105881827194019e-01
7.656344440248024491e-03
8.590592160689740353e-03
8.262655415993772068e-02
1.082718835714369804e-01
7.561448929734570709e-03
8.019783219951844011e-03
2.656667050405596420e-02
2.202040433507032255e-02
1.639727240565741267e-03
1.322078118911869035e-03
3.669650313324903344e-03
6.904132549206016059e-03
7.064876341825383418e-03
1.100627341917896455e-02
8.754621287210002933e-02
2.120119468732700185e-01
1.123565655201127188e-02
1.526179905661144594e-02
1.402992470617200338e-01
4.970562044733854989e-01
1.271997041835837457e-02
1.655558695315534345e-02
1.534715882674655141e-01
6.299080362320619297e-01
1.336642284139469283e-02
1.709445515772905003e-02
1.545142168188631260e-01
6.445272912589727898e-01
1.333165336469326924e-02
1.700862976584559608e-02
1.504889553509612399e-01
6.182078902447253332e-01
1.232203653960728396e-02
1.579335581583301076e-02
1.446430390264292487e-01
5.517700065351875960e-01
9.824075331390205029e-03
1.275195134593325001e-02
1.363997313020180180e-01
4.503489662692685691e-01
5.463298333648622732e-03
7.192693746443611785e-03
1.274646963956977408e-01
3.317050598352606627e-01
8.231235327758632892e-04
1.087243190582665858e-03
2.520029747504915190e-03
4.757939716135466991e-03
1.331138441691327723e-02
1.711557421941667378e-02
4.701719636407876435e-02
1.605269632724866946e-01
3.290422457217076491e-02
3.982778570797641804e-02
7.646697607673219599e-02
4.714314586005878827e-01
4.122543431051800544e-02
4.889445093912671986e-02
8.305350815564706279e-02
6.909740321675056363e-01
4.439264624385583918e-02
5.276807548981027329e-02
7.984769752764850348e-02
7.822215510197811916e-01
4.573950735882493374e-02
5.491700451099263552e-02
6.793895301654233332e-02
7.581830732539666107e-01
4.553823069279269720e-02
6.059623840539590800e-02
7.590119987882430752e-02
8.676486826796129259e-01
4.632863767443069769e-02
5.883451469180933646e-02
6.175209462305842473e-02
8.194553238042417975e-01
4.568008825864760397e-02
5.986409407892927942e-02
5.084109202384258508e-02
7.486551676700718971e-01
4.495729147793497277e-02
5.906941458989842242e-02
4.136616133345275004e-02
6.591906635160029726e-01
3.740534817173526289e-02
6.538685573194291667e-02
3.025631498034928729e-02
5.182486970320063779e-01
3.241906417148889691e-02
6.519914227815712393e-02
2.085986480515899383e-02
3.643113409790318391e-01
2.362383076642729507e-02
6.585924938905565740e-02
1.254871695688136030e-02
2.093586267387321787e-01
1.300861225095939315e-02
6.639958983099991663e-02
5.763896404989001659e-03
8.178827324114990027e-02
4.123723349441969430e-03
6.676105649312032153e-02
1.213888606438805629e-03
9.471381079677106130e-03
1.531745361134220014e-04
1.000000000000000072e-18
1.599818968787100376e-04
1.009088406164616696e-03
1.359134944339024202e-03
7.481040058734549081e-02
4.027648574851282887e-03
8.916466941676904484e-03
6.665521773346370221e-03
7.473185991538355832e-02
1.258122523413699248e-02
2.388356134589931720e-02
1.432573605070400213e-02
7.455384051152851022e-02
2.448000553891748268e-02
4.438351616533935118e-02
2.269147959440656614e-02
7.445947458112689432e-02
3.800966499475939842e-02
6.855660805749098918e-02
3.056973550425313990e-02
7.404630884661869694e-02
5.093158690877483408e-02
9.338133046459935749e-02
3.679326714409877214e-02
7.368393214300730798e-02
6.431330256090188324e-02
1.245660787995420682e-01
4.181288273737734928e-02
7.276482539957455919e-02
7.127143751162408336e-02
1.618041521776225344e-01
4.293602788212252247e-02
7.085464546433735411e-02
6.226654935180152978e-02
2.705068332039869405e-01
1.997537067915335432e-02
4.429931765166465751e-02
2.876769884700502988e-01
4.737114379230084743e-02
7.538562404462811894e-02
7.356735217553350692e-02
1.487453694227886813e-01
1.056580628309681108e-01
7.065262184743101304e-02
7.191892354923129504e-02
1.353462902526517686e-01
1.250949804250089947e-01
1.000000000000000072e-18
