1.000000000000000072e-18
1.000000000000000072e-18
1.000000000000000072e-18
1.000000000000000072e-18
1.000000000000000072e-18
1.000000000000000072e-18
1.000000000000000072e-18
1.000000000000000072e-18
1.000000000000000072e-18
1.000000000000000072e-18
1.000000000000000072e-18
1.000000000000000072e-18
1.000000000000000072e-18
1.000000000000000072e-18
1.000000000000000072e-18
1.000000000000000072e-18
1.000000000000000072e-18
1.000000000000000072e-18
1.000000000000000072e-18
1.000000000000000072e-18
1.000000000000000072e-18
1.000000000000000072e-18
1.000000000000000072e-18
1.000000000000000072e-18
1.000000000000000072e-18
1.000000000000000072e-18
1.000000000000000072e-18
1.000000000000000072e-18
1.000000000000000072e-18
1.000000000000000072e-18
8.306266923596066030e-04
1.000000000000000072e-18
1.000000000000000072e-18
1.056009557047522515e-18
4.680097637323967288e-03
1.000000000000000072e-18
1.000000000000000072e-18
1.000000000000000072e-18
1.000000000000000072e-18
1.000000000000000072e-18
1.000000000000000072e-18
1.000000000000000072e-18
1.000000000000000072e-18
1.000000000000000072e-18
1.000000000000000072e-18
1.000000000000000072e-18
1.000000000000000072e-18
1.000000000000000072e-18
4.699425628799026174e-08
1.000000000000000072e-18
1.000000000000000072e-18
2.460213440784965023e-08
1.000000000000000072e-18
1.000000000000000072e-18
1.000000000000000072e-18
1.000000000000000072e-18
1.000000000000000072e-18
1.000000000000000072e-18
1.000000000000000072e-18
1.000000000000000072e-18
1.000000000000000072e-18
1.000000000000000072e-18
1.000000000000000072e-18
1.000000000000000072e-18
1.000000000000000072e-18
2.133309414897386204e-04
4.790569606373523534e-18
1.000000000000000072e-18
1.000000000000000072e-18
7.312077949959692232e-04
1.000000000000000072e-18
1.000000000000000072e-18
1.000000000000000072e-18
1.000000000000000072e-18
1.000000000000000072e-18
1.000000000000000072e-18
1.000000000000000072e-18
1.000000000000000072e-18
1.000000000000000072e-18
1.000000000000000072e-18
1.000000000000000072e-18
1.000000000000000072e-18
1.000000000000000072e-18
1.000000000000000072e-18
1.000000000000000072e-18
1.000000000000000072e-18
1.000000000000000072e-18
1.000000000000000072e-18
1.000000000000000072e-18
1.000000000000000072e-18
1.000000000000000072e-18
1.000000000000000072e-18
1.000000000000000072e-18
1.000000000000000072e-18
1.000000000000000072e-18
1.000000000000000072e-18
1.000000000000000072e-18
1.000000000000000072e-18
1.000000000000000072e-18
1.000000000000000072e-18
1.000000000000000072e-18
1.000000000000000072e-18
1.000000000000000072e-18
1.000000000000000072e-18
3.672781315747876298e-10
8.706258471706298747e-09
1.000000000000000072e-18
2.137955777988085554e-17
2.979219666668543807e-05
1.102825210647347707e-06
1.157957439576254187e-05
7.735948393767026679e-08
1.000000000000000072e-18
1.822651004153860729e-05
1.000000000000000072e-18
3.589878857928553669e-17
1.580130719225137192e-17
8.141296406682253933e-08
4.054117456335399290e-06
1.317674709048915996e-07
2.818853299032613225e-06
1.297916271220571304e-10
4.791383149162117555e-08
9.270433844770160343e-11
1.779909138327750721e-06
9.721348158703248246e-06
1.000000000000000072e-18
9.158922083748589771e-08
1.000000000000000072e-18
6.180732078402983255e-09
1.000000000000000072e-18
1.000000000000000072e-18
1.000000000000000072e-18
6.241057220249840334e-05
1.000000000000000072e-18
5.229719504448839332e-04
1.195633855911340688e-18
1.000000000000000072e-18
3.517263705755728438e-06
7.158090896204140669e-10
9.645671450627540152e-11
2.462760005843846015e-07
1.041468199741439744e-13
1.000000000000000072e-18
1.000000000000000072e-18
1.000000000000000072e-18
1.555074324899982925e-08
1.000000000000000072e-18
1.100907890748222569e-08
3.055209785820036132e-04
2.893995797261229767e-14
2.798913960163634682e-11
6.696784859101753874e-13
1.511160230820901347e-13
3.664061142814019382e-13
1.525767973241025381e-13
1.121615553063981196e-05
9.046959145453173086e-06
3.374507512203767097e-07
1.238238852078839736e-04
8.552642241806257513e-13
2.348594004587521640e-10
3.446263943247896533e-08
2.458581174898609955e-10
5.755183759952994853e-05
7.986868389572066875e-05
6.251114361090440718e-12
7.060992835913615144e-09
4.219661531265328461e-08
1.151587436852041989e-15
1.313494727321532262e-13
1.467704339823037671e-13
2.100897921093874683e-05
5.277424573134233799e-05
3.141401997569856085e-04
6.837383839091311310e-06
3.040846401614251640e-10
6.202814871953686659e-07
2.894466182333287828e-12
1.772516043747893391e-07
3.143704615473825799e-11
8.806105120694048817e-11
1.421024799111086882e-07
1.556136071430604272e-08
9.333685930289417641e-14
4.963280292355412059e-13
9.569304056479550645e-14
5.390363518531004171e-03
1.833748679837651085e-11
1.170225859178043203e-09
7.523607085261486515e-12
4.789136687224186475e-08
3.336633323575112314e-06
1.106781181770733024e-06
1.422174179027231634e-06
4.519081357612325616e-11
1.476709459679925936e-06
3.925333335709547669e-10
7.544503428160169184e-12
6.256440865765212709e-12
2.028377624319514533e-03
8.320294788887024942e-14
4.457692879516184217e-06
2.317582565235280778e-03
4.641667528187000402e-02
6.720373523036336283e-07
1.470205831518985029e-13
1.720874085807596397e-13
4.099864943034310304e-15
1.457791419978899353e-10
1.498775919789489997e-14
5.843031519479519847e-12
1.439019273487332357e-11
7.843488564718751446e-09
4.923231224605666666e-05
5.684478591343594095e-11
1.954155474076829802e-11
2.166034554575598569e-06
5.147036287524276747e-12
9.505238582700832617e-16
4.054118783331507554e-09
9.970288406068737190e-12
3.760053254968486699e-11
4.624181956579637216e-10
6.522414786278761581e-06
4.900526741917143821e-14
1.549332101498396850e-09
1.688201365423474425e-05
1.086076576836080482e-10
3.334332433174931257e-11
4.666630076420283277e-05
1.647554707720846008e-15
3.510646691747618385e-12
1.002609583620733350e-06
5.663630484842462008e-09
2.770511678718368859e-10
2.029936849027654371e-12
1.529368932494496588e-11
1.325693721761270144e-13
1.192634632550164073e-08
9.147344210308732619e-18
1.896113014447147077e-18
3.649224016199031849e-18
1.584456034752540556e-18
5.426105038405141996e-15
3.805414056554844160e-03
4.541863850102598802e-07
6.757416816872141112e-15
1.005917152729324032e-03
4.182309378753274123e-07
1.739675484917733913e-12
4.494195622519933066e-06
1.861149279985731524e-03
7.660754003134506609e-07
1.042612531921111319e-15
2.876411032855610424e-07
1.151753329505899145e-10
3.164647423026797079e-06
3.526205740583647602e-07
1.463190276998747676e-06
1.140731919364420677e-06
4.415810123108479904e-10
3.111140035406782219e-10
7.074026536055307425e-05
8.715096644703462349e-13
3.229159984735026788e-14
1.497225871185018518e-14
6.354052210758828799e-05
9.754372677208321916e-12
2.978823405256200631e-06
4.317176310531805266e-07
8.707678585285461967e-07
1.508335928529818259e-13
4.410421489301522048e-09
8.119137268299563781e-07
1.047395502664156999e-05
4.599235431106596064e-07
7.491227795153545562e-06
7.556974257464981193e-13
5.556180724869126959e-10
3.756436000408527995e-07
2.125784651645813293e-04
8.099496431835804669e-07
2.813294831546942319e-07
4.431558217866233916e-07
4.106530291108298289e-10
1.058101390085501757e-14
4.413662953914713589e-07
6.926637470984611445e-08
1.960444498493859905e-13
2.186949615872660111e-10
6.535724286376211155e-11
2.432449218152745452e-01
1.082565459650059077e-03
8.919642848657866467e-06
7.255413577586580720e-09
7.024199791924595027e-10
2.847048110754343237e-06
4.193292312214579795e-10
3.220011001281702526e-13
1.798449753036180387e-15
1.015349011821098441e-18
2.118164203785105615e-01
6.741105799114541523e-04
3.223136590594581302e-07
6.869662718650053866e-03
2.774110548535366836e-07
1.362530379674051985e-05
4.833127384036553856e-17
4.969509757065819053e-15
8.986806510925686028e-13
5.668296296087495874e-07
2.819896190614625911e-16
2.100555075087051795e-17
4.088269218490838547e-03
8.284222630015319815e-06
3.744519580426816141e-14
6.544579378156777682e-06
3.542790097200824269e-07
1.000000000000000072e-18
1.442042878450668636e-15
3.032810743777240509e-06
4.252380857512436236e-13
3.792775519927588907e-06
4.033122486894431119e-03
4.083443153313114297e-07
3.924925456776767662e-06
2.979231817964554316e-03
4.779572091968099185e-07
2.581345110051613399e-10
6.961552139534995780e-15
8.222731208802771424e-16
8.336216542910713373e-03
1.944664157858195497e-05
8.453433437478016376e-15
4.991841102079674941e-18
9.382113393432023679e-16
8.961904193817031952e-18
6.118505025404232570e-07
8.227231900308799244e-13
1.256983863834060418e-03
6.908995626191132452e-12
2.574852862711007429e-11
1.958570915049563661e-08
2.136435906449379618e-05
1.355431811655273124e-17
3.327008238245347457e-16
1.380945146915672975e-13
4.043362379689177411e-10
5.675217987449076478e-04
4.998844033508997778e-13
1.835670913738865381e-05
1.194223848865832642e-16
1.424972192948020101e-14
7.164525580081910674e-17
2.037697440172210288e-05
5.730601074531496524e-03
1.733933493818318132e-16
8.249890812006482111e-10
6.310019587746302843e-04
1.104016968108313505e-02
2.745971748878293375e-10
1.129517728787067127e-05
9.435218493035898394e-05
2.112330816140104057e-05
6.254912652587284129e-05
1.259459305320057969e-13
1.385819202838243812e-10
9.333665347414372981e-03
7.339585406633946395e-10
1.359185133168490004e-07
2.961692668109770559e-04
7.008815478504229729e-05
3.449645676218719327e-07
8.618561666097428035e-05
1.272143639333869432e-10
1.081231026107188357e-08
7.556189447086592297e-05
1.807100469954729020e-11
2.431797785384103320e-04
1.035950752312087201e-10
1.678992051494750875e-10
7.368839546138871678e-10
6.482532678286467408e-04
2.374345818361148008e-05
1.103925341200214078e-10
8.054195997925231920e-04
2.362713198866997247e-05
1.783223506114644043e-09
1.421494807146431606e-10
3.266841530682925918e-03
9.081034645104968091e-07
5.700473163353198170e-09
1.280916239852332243e-10
2.016684783834321593e-04
1.281447518506291028e-04
3.484369403463131684e-04
2.985625046153467909e-10
9.565612337370943009e-09
1.635195676385684500e-10
1.100918318484090866e-10
1.443247993190131244e-07
6.682992798414085035e-09
1.333326880748951059e-04
2.082090770420718981e-08
3.967047272877971046e-10
2.409247544053861150e-09
1.125141713412425744e-10
1.124794141947186509e-09
1.904038502221109720e-09
3.049883060492135036e-08
2.025558085535084354e-09
2.367745390332413444e-09
1.158018377745599393e-09
3.782846394426969421e-08
2.220363263282086012e-09
5.631399962317526541e-05
1.393060604392856205e-10
2.478757562172724624e-10
4.533614452724558686e-08
3.218801006266817099e-10
1.074242025926222403e-15
3.210441161530474206e-10
1.895378288012205989e-08
3.745592620978357203e-05
4.114635418471993255e-05
1.864076963360465015e-04
3.060580264556149503e-05
3.944155758231104175e-03
1.224898287396258162e-09
9.232602361253816268e-12
1.600634476742127221e-09
1.104164879355872068e-10
2.912271562214761705e-15
1.569818001058295784e-07
1.160078711240892030e-10
1.980232879731520443e-03
2.372814986579412432e-09
9.045420838657136377e-11
1.355461187362924134e-09
5.135122856419771093e-11
1.506547680655657343e-06
6.027423210222500483e-17
9.943052670504127458e-11
2.677649590796621881e-06
1.139945057482405196e-17
5.767696003386053926e-10
3.819640555684707545e-05
2.003393098849386708e-18
5.257180956297566892e-12
3.584216452602435127e-06
1.000000000000000072e-18
2.127507757649711580e-06
2.531854529102985220e-13
2.036704688728858968e-14
1.151157970497849237e-09
1.714989078224129588e-09
2.935641145668161069e-05
2.205249859002222398e-06
1.000000000000000072e-18
3.610659779839406162e-05
4.161019372360432872e-06
6.278240514909952765e-05
1.416790857151077032e-18
2.460289133099352989e-08
1.564519695139639903e-15
1.000000000000000072e-18
4.408860819880520633e-10
6.946376408732933514e-09
3.981541363612575211e-06
7.736170560622047270e-05
1.000000000000000072e-18
1.000000000000000072e-18
1.000000000000000072e-18
1.000000000000000072e-18
1.000000000000000072e-18
1.000000000000000072e-18
1.453516477679403738e-06
4.579701766381472975e-08
1.695471322977108609e-12
8.499572684829177833e-06
2.723415226144726391e-18
4.034512556903078888e-06
1.583995932651464673e-04
5.899638496834232193e-05
5.441878809805244789e-05
4.846526751962553254e-06
4.662379646524407344e-15
2.138656887120279183e-13
2.717948776971963282e-06
1.213639215934584990e-16
4.247533999342162394e-17
2.144054848298604438e-16
6.743410339590039567e-07
1.126365353242225507e-06
3.206484676271011051e-15
4.569409714248616148e-06
5.916576369224486180e-17
5.917315678596331343e-15
2.237267880182275837e-03
1.220101470189726414e-05
1.872623734886909897e-08
5.772147154301506037e-08
4.010641357493988298e-18
3.992592827817473527e-04
1.002625232172238971e-05
2.400629600788932238e-05
1.870590010233738292e-17
3.971644122193831642e-11
2.007654988774357040e-07
1.401826842374108015e-06
1.318317273027108225e-12
3.742230392259866809e-06
9.350843354907922589e-06
1.853405381056580934e-12
1.918853536876649678e-05
4.853829957760094827e-05
2.291022738847034075e-08
1.976977336558283740e-07
1.877460597098228690e-08
2.648091105124301634e-09
4.219033888532380908e-05
3.824220402002527052e-05
2.477859296336013915e-06
1.445275608075586717e-07
4.561682949820958656e-05
9.873881295144962278e-05
3.082553265888586362e-08
3.488196772067207090e-04
2.095640464977497979e-04
1.305043072386962351e-05
6.991566325205493191e-07
3.959980626640690654e-06
1.873945659700395501e-08
5.674726719263922181e-08
4.622343036443571959e-05
8.837324031145267530e-06
9.051711843134298724e-06
1.069076419432393813e-04
2.273797122434669867e-06
3.287541101193894616e-08
3.496592408074037425e-04
4.608942754533530000e-08
8.474464451240770422e-07
3.025184748621618131e-11
1.373787103019714814e-05
9.131958356672184261e-10
7.687722540205811453e-08
5.963988690333444902e-14
1.975485559298926133e-07
1.721625340544833907e-07
8.130726495419230156e-14
1.554340606195935289e-05
4.339156630878226153e-10
1.637872823476856733e-05
3.570147390034238433e-07
6.422285294951773786e-07
1.937828194437114492e-10
2.828645916750077849e-14
7.395034008688000790e-14
8.787337999044045724e-06
9.980889379579680147e-11
1.094799492508345487e-11
1.076484147012895524e-10
1.139428034374447691e-07
9.034540304303350051e-14
2.960784788170574652e-12
9.170924212246608115e-11
5.643278514861283434e-04
5.289253314314261087e-03
3.090470153761296340e-04
6.156416534574872618e-13
1.289867767502521045e-08
1.218550129560818989e-03
6.190335269747843788e-03
9.267424997579072072e-10
1.056459055512653811e-11
4.646194648185327863e-15
2.813180991030340999e-15
4.575988301933858947e-10
3.595219218691256968e-07
1.092603042397384785e-14
7.593855118346475535e-12
1.756545910290917527e-14
1.755231185501515594e-06
1.281082329313204754e-03
2.884766032483467543e-11
1.106600365949138795e-07
4.558164223265256075e-03
1.045349216788871898e-03
1.291469856332824045e-03
5.315794427107355113e-03
2.495577732281501648e-07
8.549518222728385314e-07
1.296635160094400906e-11
1.677468347617999352e-06
3.581011411387266568e-10
3.115760992647734486e-09
1.288502273485298607e-03
2.293178020549269904e-10
2.817107011140475138e-11
5.822458711600864646e-12
4.939305909529731466e-06
4.034113480667201004e-07
4.321093788146427233e-11
3.440211882782159531e-08
5.918035540529350538e-04
5.600509297036869536e-04
1.445244186809279958e-13
2.858355309666452316e-14
5.043330422160901589e-12
1.073318809559419204e-06
2.810875731659303017e-11
4.840053735538573168e-03
3.062119354590984716e-09
4.777073757323223833e-03
1.967544913056380667e-11
1.569126934604329107e-12
5.485891504133035618e-11
1.257671338762205209e-10
3.878403626947640064e-04
1.298924341922587397e-07
1.736995464395352955e-09
1.455342266556643393e-07
6.209883625844282457e-06
3.416436478766910825e-06
5.032195053067527608e-06
6.177138629114435798e-06
3.194772047891002064e-09
1.111063955677401064e-04
2.648200911038903835e-09
7.308047132483950880e-08
3.409281704506344632e-14
1.282704809933673314e-05
2.358531640396504464e-09
7.288902021220388185e-10
2.864777463622283771e-05
1.540109094087382394e-07
1.048111897470407368e-10
1.497680284547727760e-03
1.564244266883914254e-05
2.218848247069430956e-14
1.068097255919136975e-09
1.610703288575749889e-05
1.936837535110877070e-02
1.523981412207087518e-04
1.239370510843920937e-05
5.625788363717191502e-07
1.151746035900843379e-08
4.248247662930312389e-08
6.741430929165878888e-10
2.174209862474815410e-08
3.870139099254560342e-16
1.589940501243590237e-06
1.337884212851329938e-07
4.391772150733682616e-10
6.251679839957709693e-06
1.359079261078563020e-17
4.335153589126210987e-05
1.000000000000000072e-18
3.870686459120850597e-06
1.122625649069172005e-05
1.500848720692563509e-03
9.558224877898495800e-03
3.424846009210587145e-16
1.573864906479182468e-07
2.753678508126119648e-09
9.955388608922098731e-08
6.836655707256580322e-06
2.162607245878543985e-02
1.984221948088272488e-09
1.250329522014635207e-07
6.579681751431191938e-10
5.478254779419105149e-10
7.449425118028269183e-09
2.213710440249481080e-09
2.254268583913037378e-06
1.748703490877143740e-05
1.000000000000000072e-18
1.014091669701074088e-04
3.453367575496928135e-07
1.000000000000000072e-18
7.724546302359212857e-04
2.299212879346381425e-15
2.470019907923089483e-07
2.010849043976419195e-07
1.000000000000000072e-18
1.000000000000000072e-18
1.000000000000000072e-18
1.000000000000000072e-18
5.465654568020161478e-07
4.709622621091858975e-10
2.158648481504878560e-09
2.550272132145826976e-05
9.541508339962565942e-05
1.000000000000000072e-18
1.253038159210447932e-03
9.324090851700806608e-05
5.414210446870753653e-15
7.125291733622458857e-06
5.316233520801411844e-15
8.593360539754319205e-10
8.038335793930940135e-18
3.366615053970089007e-16
1.744573615069414070e-05
1.000000000000000072e-18
8.512323094208675360e-16
3.172304911249675036e-13
1.000000000000000072e-18
1.000000000000000072e-18
1.000000000000000072e-18
1.000000000000000072e-18
2.153088479808400059e-09
5.372736444732001073e-08
2.759330040412166311e-09
5.849474441368679770e-07
1.000000000000000072e-18
9.692756329412029603e-10
6.018057593268733454e-10
2.534583885568642585e-07
1.050319362784129356e-17
1.000000000000000072e-18
1.000000000000000072e-18
8.266341532276997821e-06
1.000000000000000072e-18
9.101738472837894774e-07
4.132475298742765223e-09
1.000000000000000072e-18
6.777782850858764991e-13
1.006273699472997532e-15
7.507537879859482818e-17
9.853323503999163862e-07
6.111001311192896532e-09
5.340497034740776802e-15
1.274285978008374382e-06
9.548987780232447381e-05
2.336241771402911156e-09
6.973690940372845002e-16
1.000000000000000072e-18
2.055931114014141670e-07
3.138335583762059126e-07
7.307538014530555480e-14
2.363877290505240645e-04
9.634930799393551900e-09
8.243876233100771270e-16
1.088290202654188684e-10
8.552249420954405554e-10
1.000000000000000072e-18
5.819120904012482011e-07
7.923544992125276200e-08
5.304117857423406075e-09
1.823724046409784680e-07
7.379609057977476677e-10
1.975563895011230953e-08
1.780997885513604032e-09
2.546070833300830700e-13
5.502726975386442185e-09
1.292213289258117130e-14
2.021104767124413863e-13
8.173393472767408700e-15
3.529735410881925120e-08
2.635534957965223031e-13
7.317953061478463923e-08
3.441508041260769097e-07
1.116061631270125732e-08
2.902829804742284698e-09
1.652536345712609600e-09
3.683021978420603516e-03
1.912656824556559579e-04
2.274223201963019667e-06
4.092440679145739488e-06
7.316594129800996117e-10
4.202274833350981883e-09
3.922888938222240094e-09
3.217869610329880759e-09
6.887730460107564227e-09
7.450486854151492561e-12
4.008772107279130273e-11
1.610156870739610895e-10
1.487919048067726431e-09
3.562491603522491338e-06
6.193500781870589304e-08
2.464212858083607535e-10
1.235258339426081946e-07
1.597674275047679149e-09
4.394106845059547816e-12
2.114195115054335026e-07
9.179362573251348069e-10
7.246468881416520406e-09
1.566591792299717442e-05
1.185600319597858844e-08
3.319391342573645570e-08
5.856740927771854426e-08
7.058921428621247933e-10
7.280250349618617283e-10
3.411284253480439501e-10
2.754254885946985133e-09
2.716931823354487341e-09
6.489881653618229486e-09
1.156035047381233187e-03
1.361035483785058348e-10
7.588252002754181408e-07
8.760561986540000857e-06
1.077647739385721178e-04
9.288488714112008715e-02
1.944049686979578903e-02
4.525948293880647556e-08
1.131875261466836289e-07
3.403699466378510204e-11
2.888934743215640195e-11
1.150136050584865575e-05
8.207038841709301280e-07
1.639719252539700073e-06
2.644050476603978410e-09
2.888827699236956627e-10
1.529834884251834849e-08
4.294833764063598486e-03
3.395727965198700864e-06
1.259277998161321618e-02
2.750164523864521871e-09
1.404210931618073701e-09
2.339544293954149718e-10
6.765142150508984260e-07
7.869485346662659066e-06
4.632340339024252564e-12
1.509060420368586545e-12
1.429628357663854522e-12
3.489304959679744456e-03
2.083884008457686924e-09
1.667668444601876648e-06
2.855629807059454986e-06
2.865293828667290828e-06
4.150590729435580342e-13
3.162845808461465955e-14
1.434590251129924708e-03
7.355302714571487635e-07
2.036868919585049412e-06
1.592322306491664515e-12
1.199875753295824488e-05
2.919374207263117391e-09
3.463478140452167222e-09
6.610371202312738913e-04
1.733025569410559519e-02
7.799948494645328467e-02
2.165166386784110546e-06
8.674722275236688056e-07
1.880422568697198439e-05
1.577612488385394239e-05
2.757159997870558957e-13
3.007016257414910076e-03
2.721871270238844856e-02
5.577027848741679349e-14
2.885600407976853418e-16
7.766560827410394692e-05
3.327770094203340040e-15
8.652774403286770608e-06
1.000000000000000072e-18
2.163657306451932894e-18
3.699412026174213061e-18
1.000000000000000072e-18
2.796611204947109478e-14
5.814138750888070989e-10
4.362153993602563770e-13
1.915884900229049079e-08
4.538627128468053327e-05
1.486920756287776710e-06
4.401035671620853221e-12
4.083326662407801645e-14
1.063264536726597299e-06
9.378669541371600237e-15
3.196328408107551458e-04
1.083504143820285383e-13
1.662442907841137337e-13
6.359281399074819428e-12
6.256229897669446404e-05
8.687790444835656313e-08
6.417615128924478293e-04
1.064573675591609712e-07
6.092402181659405824e-05
7.254704920927486868e-08
7.245428644736062682e-12
7.667900412713544377e-13
1.189328715954747686e-07
1.670897342642266629e-04
7.253030713227355531e-08
2.120901278991616836e-07
3.926809297903121677e-05
1.308903497782966506e-06
3.335080830475405979e-05
8.101471409157630931e-07
1.132670098625589791e-08
1.656781582557412171e-07
5.987420315098195842e-07
1.372296881746584039e-07
2.094030537278952838e-06
3.412093310824072841e-07
1.115281981325012793e-07
1.542446200200861083e-06
9.156940052349650986e-08
1.663563597313418057e-05
1.762763380472725789e-04
3.178321030606380959e-08
1.590518124749286388e-01
8.541564921389151506e-08
1.929359813642368172e-03
2.710571302487951345e-07
9.537079297980816626e-04
4.199254463499082758e-05
4.691732659379117359e-05
2.869326506224846769e-05
2.475009712500269958e-03
7.582596588034543646e-07
1.183726940645161205e-05
7.714129987734161581e-06
5.769482202918280872e-02
9.482272728976580845e-04
1.735628012384083513e-02
2.937432616267980894e-04
5.041969935923960866e-02
5.551085853090989009e-01
1.126110702550962482e-08
3.731568156064411016e-07
7.334811067742962661e-05
5.637559487955323603e-04
3.817612599546197152e-03
2.065006880612303437e-03
4.730647365204185273e-02
3.248680247150180413e-03
2.269361348289924366e-03
2.271182531834295063e-06
3.990790981275190719e-01
6.553924162837804129e-07
7.502657799733834744e-04
1.904539244980716124e-06
4.065382264579277954e-03
1.573739339462013811e-18
1.282652768138015418e-05
7.288383985029117662e-02
2.194054728419161764e-03
3.707514181037593337e-01
3.515650234113584099e-02
3.304800912428800808e-01
8.817218606337178313e-03
1.556659689536332714e-01
1.947348129590514068e-06
9.944599898325943077e-05
2.038527979761814261e-03
3.561575746700404443e-02
9.851120624767005160e-03
6.440969180890657435e-05
1.646757615936955410e-01
2.299208750428278776e-04
2.219295308595640830e-03
1.188827868654279739e-03
2.273749165618615953e-01
3.527378782225071025e-03
1.036863885457835563e-04
7.341298150431522498e-04
5.928930223235598200e-04
5.265714273180706009e-05
1.834071372088348032e-03
4.887734423308815352e-05
7.382706334327888975e-02
5.081038529150338308e-04
1.964647981819319864e-02
4.336657871163579481e-04
6.102249986774538511e-03
8.349289441554132857e-03
8.424078710265354708e-01
1.710850160193335967e-01
9.012378174387155466e-03
4.788601358183841063e-04
2.704200306119946551e-01
1.002030482797685727e-04
2.136579023574811109e-02
3.932551157241960830e-04
6.100105877188911549e-03
5.229139693286506164e-03
5.881014365844471417e-04
4.752754129287168738e-04
4.748913226916066346e-05
9.522243291871851367e-02
1.375849862379795001e-02
2.736876283380498386e-03
1.274286147294067043e-03
1.261799043557252720e-03
2.563314537818232874e-02
1.629223957662704193e-04
6.409113084136702776e-02
6.948407263664261896e-05
1.477271364811343426e-02
1.807767257179942151e-05
6.165639510410847457e-02
1.000000000000000072e-18
6.108982895520657785e-07
1.217116694149188155e-04
3.402116181520782433e-05
1.074467228278671860e-01
6.258511463349747590e-05
4.013348746741113955e-04
1.404269631057235942e-05
1.435699001899519757e-05
5.666474899801946397e-04
3.207689231452861140e-05
3.802979599409618246e-05
1.713770289779513413e-04
5.392659630973084685e-05
5.722849114107757870e-04
1.509657183036794675e-03
6.331425420940308552e-04
4.444737603842442827e-05
3.892596311843154501e-03
2.095602378288383139e-02
2.561307364945989568e-02
2.756296045360717554e-04
7.966664033167407009e-05
5.600702728833540471e-11
2.101951534193441558e-03
3.399140871031643973e-01
3.031047422021696688e-07
3.946412807066577005e-07
6.119833504816117598e-03
5.102696142882208984e-03
1.622416303094513288e-06
4.768207105983377457e-03
2.606021803891840627e-02
1.293599974696617132e-03
9.456387476074561951e-05
1.494864528117428523e-04
4.998748971679119647e-06
1.934606697030032525e-06
7.219672162504038089e-07
2.863453942296473667e-02
2.664154330663078880e-05
5.940709137715981247e-02
5.949703732993391983e-05
2.692151182810716831e-02
1.969971135149283306e-04
6.461532809989691884e-05
3.000715006771012093e-06
3.479812539187929904e-02
1.123822249776931653e-01
3.031163089692427877e-03
9.493065710128023571e-05
8.633750439366437498e-08
4.430492504494404002e-03
8.163656822838248617e-02
4.566583268964380795e-07
7.532789544806964354e-08
2.828960252473925927e-04
3.460427311347163823e-08
3.861447464536176617e-04
1.000000000000000072e-18
3.243282413581758726e-06
3.015779449692568081e-08
3.534604397353486299e-07
2.228784721208846263e-03
4.205289076836727913e-06
9.504207137496285818e-03
4.396291700151153573e-06
2.033501169552832336e-03
1.094661202362999942e-06
4.195672751903365316e-05
2.769791505606765403e-03
3.836720417482834822e-03
8.154655167418667776e-06
7.303711647162397025e-05
3.938605596455524481e-04
5.282590280117736717e-04
6.584551918947089549e-04
1.332763121372362511e-03
8.202578109945260281e-05
2.639809620680584265e-02
2.015670968681657560e-06
1.360452048240483672e-02
1.249426601838922449e-05
1.456951582523884937e-02
1.302343977419875901e-05
4.355156713919690337e-02
8.768696813464125356e-03
1.298274738406452466e-01
5.408996394645932369e-03
5.307477037594596835e-06
2.662012931865312404e-03
1.058893986776685095e-06
6.801872983111777460e-01
1.022006981298356911e-06
5.996714365683939590e-02
4.885126591502334251e-08
2.213734919551362331e-18
5.708464385962305852e-05
1.550486595732341044e-01
4.732283685202809398e-02
6.575085274058766827e-04
4.608713630895719306e-04
1.155770705730380446e-02
1.418849549839052674e-04
2.583687317701505821e-04
4.447736762692551868e-06
1.000000000000000072e-18
