2.493366181529071295e-04
2.493261816475396929e-04
2.492474067522553794e-04
2.487437902003209757e-04
2.479256854195931756e-04
2.406054870090447906e-04
1.201320356151094752e-04
2.251659841887664574e-05
3.079433865533889133e-06
4.007524591758875147e-07
2.244023579602798420e-03
2.243929649981679566e-03
2.243220667602739346e-03
2.238688146414496809e-03
2.231325245589452569e-03
2.165443707430796637e-03
1.081185514886998838e-03
2.026488610583129096e-04
2.771483305105896779e-05
3.606756205131428368e-06
